/*--------------------------------*- C++ -*----------------------------------*\
| =========                 |                                                 |
| \\      /  F ield         | foam-extend: Open Source CFD                    |
|  \\    /   O peration     | Version:     4.1                                |
|   \\  /    A nd           | Web:         http://www.foam-extend.org         |
|    \\/     M anipulation  |                                                 |
\*---------------------------------------------------------------------------*/
FoamFile
{
    version     2.0;
    format      ascii;
    class       volScalarField;
    location    "3.0031250184937e-06";
    object      electronMean;
}
// * * * * * * * * * * * * * * * * * * * * * * * * * * * * * * * * * * * * * //

dimensions      [0 -3 0 0 0 0 0];

internalField   nonuniform List<scalar> 
500
(
2.50297527017461e+17
2.83510537109599e+17
3.20114538716001e+17
3.60335564942138e+17
4.04402735493123e+17
4.52546152044304e+17
5.04995539572064e+17
5.61978804107477e+17
6.23720546719623e+17
6.90440588445724e+17
7.62352809684145e+17
8.39663973009799e+17
9.22572314825365e+17
1.01126609785599e+18
1.10592269245635e+18
1.2067079263507e+18
1.31377538793418e+18
1.42726568203583e+18
1.54730608054755e+18
1.6740105560514e+18
1.80747979942181e+18
1.94780103830781e+18
2.09504836888294e+18
2.24928362652883e+18
2.41055716584492e+18
2.57890848055847e+18
2.75436727937989e+18
2.93695472205236e+18
3.12668425243426e+18
3.32356253259196e+18
3.52759109526737e+18
3.73876800149907e+18
3.95708902218341e+18
4.18254889170049e+18
4.41514281884093e+18
4.65486762354887e+18
4.90172268615056e+18
5.15571146995129e+18
5.41684325559922e+18
5.68513431805762e+18
5.96060883370428e+18
6.24330000405309e+18
6.53325104339986e+18
6.83051609920292e+18
7.13516276262453e+18
7.44727479019479e+18
7.76695204369165e+18
8.09430925903887e+18
8.4294761625287e+18
8.77259836400202e+18
9.12383815853036e+18
9.48337504053249e+18
9.85140634028065e+18
1.02281484998812e+19
1.0613838341487e+19
1.10087337964158e+19
1.14131144941861e+19
1.18272824855053e+19
1.22515631276602e+19
1.26863062463169e+19
1.3131887509937e+19
1.35887101625352e+19
1.40572068976444e+19
1.4537841854517e+19
1.50311147669677e+19
1.55375693343793e+19
1.60577997336065e+19
1.65924479495626e+19
1.71421986761767e+19
1.77077793051008e+19
1.8289961752413e+19
1.88895633547425e+19
1.95074472404438e+19
2.01445221148684e+19
2.08017413439224e+19
2.14801010737728e+19
2.21806371144186e+19
2.29044220972946e+19
2.36525676490117e+19
2.44262289943526e+19
2.52265934819348e+19
2.60548473465939e+19
2.69121434460465e+19
2.77995791570127e+19
2.87181733818807e+19
2.96688406490351e+19
3.0652366361274e+19
3.16693904220733e+19
3.27204059630917e+19
3.38057465185993e+19
3.49255300114734e+19
3.60795960967344e+19
3.72674771843617e+19
3.84883893970002e+19
3.97412424188446e+19
4.10246816953895e+19
4.23371214108581e+19
4.36767134684818e+19
4.50413050497953e+19
4.64284577743365e+19
4.7835521603309e+19
4.92597357559871e+19
5.06982856412811e+19
5.21482749130032e+19
5.36067065550881e+19
5.50705553368236e+19
5.65368930556744e+19
5.80029534174646e+19
5.94660840665573e+19
6.09237008049376e+19
6.23733589598093e+19
6.3812865762335e+19
6.52402727711599e+19
6.66537707986688e+19
6.8051670302954e+19
6.94325065471351e+19
7.07951027305067e+19
7.21384846339615e+19
7.34617830103093e+19
7.47642780171089e+19
7.60454916877679e+19
7.73051412806774e+19
7.85430074375541e+19
7.97589184863736e+19
8.0952844181833e+19
8.21249115382269e+19
8.32752903363413e+19
8.44040969645734e+19
8.55114267878187e+19
8.65974406727522e+19
8.76623640847882e+19
8.87064182412494e+19
8.97298032701746e+19
9.07327668537277e+19
9.17156915304649e+19
9.26790746875293e+19
9.36234078836616e+19
9.45490929138342e+19
9.545644635775e+19
9.63457617936597e+19
9.72173588475231e+19
9.80715672685755e+19
9.89086863088373e+19
9.9728960938296e+19
1.00532579545251e+20
1.01319726690436e+20
1.02090685491139e+20
1.02845875421074e+20
1.03585764276492e+20
1.04310752671606e+20
1.05021139483428e+20
1.05717165244136e+20
1.06399057276779e+20
1.0706703406822e+20
1.07721292455291e+20
1.08362007583051e+20
1.08989360025002e+20
1.09603566134716e+20
1.10204869323186e+20
1.10793521174866e+20
1.11369788467481e+20
1.11933956797135e+20
1.12486316383164e+20
1.13027144568882e+20
1.13556688704008e+20
1.14075146743441e+20
1.14582656650554e+20
1.15079315752084e+20
1.15565226217992e+20
1.16040539296672e+20
1.16505470070265e+20
1.16960273801273e+20
1.17405208057424e+20
1.17840507475233e+20
1.1826637955832e+20
1.18683016645705e+20
1.19090607517881e+20
1.19489338473693e+20
1.19879388958026e+20
1.2026092747053e+20
1.20634108864492e+20
1.20999075197367e+20
1.21355966441106e+20
1.21704937296946e+20
1.22046161108238e+20
1.22379818809601e+20
1.22706090033823e+20
1.23025149797107e+20
1.23337163824771e+20
1.23642283671374e+20
1.23940645799463e+20
1.2423237339387e+20
1.24517578151512e+20
1.24796361256405e+20
1.25068813520704e+20
1.2533501518991e+20
1.25595038101429e+20
1.25848953388729e+20
1.26096839951456e+20
1.26338784709927e+20
1.2657487645198e+20
1.26805201208909e+20
1.27029840807948e+20
1.27248872711136e+20
1.27462370210816e+20
1.27670402677424e+20
1.27873035768528e+20
1.28070331559928e+20
1.28262348553557e+20
1.2844914150345e+20
1.28630761061644e+20
1.28807253790858e+20
1.28978664339643e+20
1.29145039579921e+20
1.29306430239808e+20
1.29462888629278e+20
1.29614466090147e+20
1.29761211747109e+20
1.29903171602172e+20
1.30040387654717e+20
1.3017289763439e+20
1.3030073553245e+20
1.30423932338301e+20
1.30542516609283e+20
1.30656514895471e+20
1.30765952071393e+20
1.30870851494383e+20
1.30971234867868e+20
1.31067122048522e+20
1.31158531186997e+20
1.31245479102697e+20
1.31327981570818e+20
1.31406053475626e+20
1.31479708920661e+20
1.31548961335148e+20
1.31613823605818e+20
1.3167430826906e+20
1.31730427794995e+20
1.31782194843902e+20
1.31829621720859e+20
1.31872718707538e+20
1.31911493004443e+20
1.31945949426802e+20
1.31976091562866e+20
1.3200192235241e+20
1.32023444262951e+20
1.3204065932978e+20
1.32053569139984e+20
1.32062174702475e+20
1.32066476467563e+20
1.32066476355928e+20
1.32062174367547e+20
1.32053568581708e+20
1.32040658548063e+20
1.32023443257562e+20
1.32001921123314e+20
1.31976090109688e+20
1.31945947749316e+20
1.31911491102221e+20
1.3187271658015e+20
1.31829619367692e+20
1.31782192264304e+20
1.31730424988375e+20
1.31674305235026e+20
1.31613820344015e+20
1.31548957845302e+20
1.3147970520267e+20
1.31406049529338e+20
1.31327977396125e+20
1.31245474699839e+20
1.31158526555772e+20
1.31067117189226e+20
1.30971229780468e+20
1.30870846179131e+20
1.30765946528411e+20
1.30656509125037e+20
1.30542510611789e+20
1.30423926114012e+20
1.3030072908198e+20
1.30172890958251e+20
1.3004038075345e+20
1.29903164476247e+20
1.29761204396999e+20
1.29614458516214e+20
1.29462880831846e+20
1.29306422219163e+20
1.29145031336688e+20
1.28978655874305e+20
1.2880724510405e+20
1.28630752153969e+20
1.28449132375133e+20
1.28262339204373e+20
1.2807032198952e+20
1.27873025976598e+20
1.27670392663389e+20
1.27462359974126e+20
1.27248862251412e+20
1.27029830124779e+20
1.26805190302262e+20
1.26574865321997e+20
1.26338773356786e+20
1.26096828376155e+20
1.25848941592524e+20
1.25595026086185e+20
1.25335002957394e+20
1.25068801072404e+20
1.2479634859325e+20
1.24517565273931e+20
1.24232360301977e+20
1.23940632493237e+20
1.23642270150805e+20
1.23337150089677e+20
1.23025135847656e+20
1.22706075870271e+20
1.22379804432401e+20
1.22046146518314e+20
1.21704922496188e+20
1.2135595143197e+20
1.20999059983569e+20
1.20634093449365e+20
1.20260911857108e+20
1.19879373148317e+20
1.19489322469746e+20
1.19090591321442e+20
1.18683000259207e+20
1.18266362984962e+20
1.17840490719171e+20
1.17405191124579e+20
1.16960256699303e+20
1.16505452809049e+20
1.1604052188833e+20
1.15565208676923e+20
1.15079298094607e+20
1.14582638893843e+20
1.1407512890544e+20
1.13556670804087e+20
1.13027126628342e+20
1.12486298425265e+20
1.11933938847568e+20
1.11369770555592e+20
1.10793503333568e+20
1.10204851590602e+20
1.09603548555369e+20
1.08989342650625e+20
1.08361990471829e+20
1.0772127567014e+20
1.0706701767547e+20
1.06399041347165e+20
1.05717149854135e+20
1.05021124717051e+20
1.04310738622428e+20
1.03585751048466e+20
1.02845863130201e+20
1.02090674265819e+20
1.01319716672638e+20
1.0053257089053e+20
9.97289538157274e+19
9.89086809004962e+19
9.80715637711174e+19
9.72173574743097e+19
9.63457627770898e+19
9.54564499512755e+19
9.4549099391943e+19
9.3623417542057e+19
9.26790878441807e+19
9.171570852745e+19
9.07327880591516e+19
8.97298290790852e+19
8.87064490770002e+19
8.76624003981894e+19
8.65974829434357e+19
8.55114755245349e+19
8.44041527051483e+19
8.3275353646792e+19
8.21249830118712e+19
8.09529244382071e+19
7.97590081705809e+19
7.85431072182839e+19
7.73052518474639e+19
7.60456137476051e+19
7.47644122903588e+19
7.34619302263088e+19
7.21386455253285e+19
7.07952780267089e+19
6.94326969675414e+19
6.80518765490387e+19
6.66539935456466e+19
6.52405126590839e+19
6.38131233864872e+19
6.23736348609069e+19
6.09239954590266e+19
5.94663978754946e+19
5.8003286699776e+19
5.65372460374567e+19
5.50709281433714e+19
5.36070992042039e+19
5.21486873098361e+19
5.06987175750065e+19
4.92601868970606e+19
4.78359915031019e+19
4.64289458667742e+19
4.50418106562451e+19
4.36772358042647e+19
4.23376595928006e+19
4.10252347506369e+19
3.97418092948871e+19
3.84889689745291e+19
3.72680682907569e+19
3.60801975198925e+19
3.49261405130361e+19
3.38063648463809e+19
3.27210308630586e+19
3.1670020649672e+19
3.06530006925794e+19
2.96694778912278e+19
2.87188123819561e+19
2.78002188087181e+19
2.69127826950825e+19
2.60554851943995e+19
2.52272289883257e+19
2.44268612788895e+19
2.36531958912053e+19
2.2905045536447e+19
2.21812550490423e+19
2.14807128603105e+19
2.08023463945999e+19
2.0145119894752e+19
1.95080372643597e+19
1.88901451838342e+19
1.82905349907216e+19
1.77083435959543e+19
1.71427536988945e+19
1.65929934160852e+19
1.60583353854076e+19
1.55380949396087e+19
1.50316301177921e+19
1.45383467650832e+19
1.40577012023721e+19
1.35891937146131e+19
1.3132360179909e+19
1.26867679206708e+19
1.22520137078255e+19
1.1827721886927e+19
1.14135426457009e+19
1.10091506396894e+19
1.06142438306857e+19
1.02285426014692e+19
9.85178903290328e+18
9.48374631500901e+18
9.12419801799089e+18
8.7729468239299e+18
8.42981325092225e+18
8.0946350165205e+18
7.76726652364058e+18
7.4475780588271e+18
7.13545489906779e+18
6.83079719553344e+18
6.53352120469384e+18
6.24355934846711e+18
5.96085749241361e+18
5.68537243506254e+18
5.4170709874587e+18
5.15592898548343e+18
4.90193016603513e+18
4.65506525991213e+18
4.41533081475046e+18
4.18272746063899e+18
3.95725838742337e+18
3.73892839545811e+18
3.52774275882866e+18
3.32370571439646e+18
3.12681920811621e+18
2.93708171348403e+18
2.75448657386055e+18
2.57902034997576e+18
2.41066188581056e+18
2.24938147554028e+18
2.09513962745053e+18
1.94788598807797e+18
1.80755872230886e+18
1.67408373337092e+18
1.54737379214945e+18
1.42732820543611e+18
1.313832997496e+18
1.20676089248869e+18
1.10597128086854e+18
1.01131056878254e+18
9.22612922364325e+17
8.39700964484836e+17
7.62386425052097e+17
6.9047105976011e+17
6.23748097661417e+17
5.62003649595679e+17
5.05017885435693e+17
4.52566194750028e+17
4.04420661945351e+17
3.60351552350414e+17
3.20128754535008e+17
2.83523139040412e+17
2.50308663170803e+17
)
;

boundaryField
{
    electrode
    {
        type            calculated;
        value           uniform 2.35274192953349e+17;
    }
    ground
    {
        type            calculated;
        value           uniform 2.35284665394322e+17;
    }
    otherfaces
    {
        type            empty;
    }
}


// ************************************************************************* //
