/*--------------------------------*- C++ -*----------------------------------*\
| =========                 |                                                 |
| \\      /  F ield         | foam-extend: Open Source CFD                    |
|  \\    /   O peration     | Version:     4.1                                |
|   \\  /    A nd           | Web:         http://www.foam-extend.org         |
|    \\/     M anipulation  |                                                 |
\*---------------------------------------------------------------------------*/
FoamFile
{
    version     2.0;
    format      ascii;
    class       volScalarField;
    location    "3.0031250184937e-06";
    object      EPotentialMean;
}
// * * * * * * * * * * * * * * * * * * * * * * * * * * * * * * * * * * * * * //

dimensions      [1 2 -3 0 0 -1 0];

internalField   nonuniform List<scalar> 
500
(
0.938586101271358
2.79936099800901
4.6435817798525
6.4712129331286
8.28217284669833
10.0764225546175
11.8538899981013
13.6145335289799
15.3582886450833
17.0851121480951
18.794946061488
20.4877488882093
22.163469150184
23.8220663526917
25.4634949704436
27.0877182052481
28.6946962388895
30.2843951441819
31.8567792008089
33.4118173189138
34.9494781139448
36.4697340131721
37.9725590145245
39.4579309851925
40.9258291518872
42.3762353781251
43.8091325996289
45.2245061669133
46.6223426534882
48.0026315404473
49.3653648207087
50.7105368282128
52.0381436332158
53.3481827967262
54.6406533282652
55.9155556582128
57.1728920313256
58.412667242726
59.6348881391162
60.8395632325362
62.0267024595688
63.1963170528052
64.3484197015171
65.4830245108337
66.6001486670762
67.6998138304935
68.7820444324596
69.8468655817571
70.8943028474292
71.9243823894112
72.9371308769715
73.9325755427262
74.9107445487434
75.8716676904422
76.8153761563172
77.7419022688522
78.6512794750397
79.5435422766937
80.4187263487059
81.2768686231107
82.1180074700345
82.9421829259474
83.7494370332074
84.5398142080278
85.3133620356366
86.070133014216
86.8101876415733
87.5335924592854
88.2404160051092
88.9307289309009
89.604604401242
90.2621183906805
90.9033500468347
91.528382131787
92.1373015580478
92.7302000462324
93.3071749248974
93.8683301561893
94.4137781285336
94.943644014006
95.4580689556491
95.9572035065356
96.4412033269426
96.9102311103901
97.36445687777
97.8040590723126
98.2292257232555
98.6401564302861
99.0370667899018
99.4201963559624
99.7898010979855
100.146142655182
100.489489645642
100.820118080967
101.13831329815
101.444375004827
101.738626790795
102.021406149828
102.293049494211
102.553893022105
102.804274883914
103.044543756375
103.275064579362
103.496203778195
103.708316525737
103.911749936828
104.106852555134
104.293981866633
104.473489950531
104.645710055548
104.810961366395
104.969563231746
105.121834490556
105.268075811258
105.408565535973
105.543571655826
105.673363651458
105.798202017339
105.918325786561
106.033958150073
106.145321563072
106.252635378347
106.356100724757
106.455900332729
106.552210570052
106.645207445478
106.735055938958
106.82190203751
106.905875992889
106.987103734115
107.065707981904
107.141800897759
107.215484024052
107.286852316413
107.356004405488
107.42304309868
107.48806499672
107.551155649311
107.612389682635
107.671835536746
107.729560992023
107.785631619221
107.840107628286
107.893043226184
107.944485909139
107.99447858081
108.043067287239
108.09030604133
108.136251043812
108.180952890816
108.224453892821
108.266791187761
108.308000047398
108.348113871348
108.38716360289
108.425177595857
108.462182755927
108.498207577642
108.533281380018
108.567432340661
108.600688793215
108.633079417247
108.664632473621
108.695375014067
108.725332135709
108.754526083424
108.782975177453
108.810694593653
108.837698740967
108.864003698624
108.889628639311
108.914594649382
108.938922709969
108.9626323834
108.985741356583
109.008266135817
109.030222766406
109.051626827063
109.072493249704
109.092836154012
109.112668729471
109.132003181859
109.150851051784
109.169224387879
109.187136129232
109.204599329125
109.221626767409
109.23823089652
109.254423606573
109.27021591294
109.285617934792
109.300638986011
109.315287661094
109.329571888685
109.343498951548
109.357075479348
109.370307465797
109.383200606578
109.395760905691
109.407994736615
109.419908457362
109.431508209124
109.442799852371
109.453788959742
109.464480826483
109.474880483794
109.484992712464
109.494822053143
109.504372810988
109.513649052627
109.522654590846
109.531392966809
109.539867499186
109.548081557847
109.556038698266
109.563742497651
109.571196439602
109.578403864137
109.585367932769
109.592091572293
109.598577450939
109.604828009064
109.610845498442
109.616632012709
109.622189509753
109.627519830734
109.632624713808
109.637505790122
109.642164566471
109.646602433682
109.650820691238
109.654820560417
109.658603191998
109.662169671898
109.665521026804
109.668658230488
109.671582212538
109.6742938722
109.676794096607
109.679083761873
109.681163623071
109.683034235371
109.684696017872
109.686149316619
109.687394425857
109.688431595178
109.6892610312
109.689882897335
109.690297310856
109.690504342478
109.69050407534
109.69029650944
109.689881561567
109.689259161082
109.688429190779
109.687391487063
109.686145843414
109.684692010101
109.683029692709
109.681158545502
109.679078148851
109.676787947852
109.674287187039
109.671574990276
109.668650470149
109.665512727369
109.662160831993
109.658593810057
109.654810634563
109.650810219281
109.646591413114
109.642152994435
109.637493663347
109.632612028606
109.62750658294
109.622175694755
109.616617625205
109.610830532494
109.60481245788
109.598561306911
109.592074826865
109.585350576238
109.578385886247
109.571177829047
109.563723242728
109.556018786531
109.548060976256
109.539846234132
109.531371004173
109.522631915938
109.513625650381
109.504348665871
109.49479714923
109.484967033751
109.47485401379
109.464453548745
109.453760857942
109.442770910066
109.431478410056
109.419877785279
109.407963175308
109.395728438926
109.383167218069
109.370273139399
109.357040198814
109.343462700798
109.329534651439
109.315249421257
109.300599727476
109.285577641838
109.270174569889
109.254381197789
109.238187406555
109.221582180904
109.204553631063
109.18708930488
109.169176422706
109.150801931743
109.131952893321
109.112617258845
109.092783487806
109.072439374204
109.051571728677
109.030166431474
109.00820855078
108.985682507913
108.962572258009
108.938861295181
108.914531933001
108.889564609435
108.863938343385
108.837632048275
108.810626551498
108.782905773759
108.754455306138
108.725259972612
108.695301453448
108.664557503677
108.633003026562
108.600610970603
108.567353075203
108.533200661192
108.498125395028
108.462099099216
108.42509245471
108.387076967155
108.348025731022
108.307910392823
108.266700009148
108.224361180313
108.180858634281
108.136155233577
108.090208668495
108.042968344106
107.994378060505
107.944383805097
107.892939531848
107.840002337497
107.78552472679
107.729452493912
107.671725430146
107.61227796576
107.55104232089
107.487950056198
107.422926546816
107.355886245315
107.286732553462
107.215362666269
107.141677954947
107.065583465365
106.986977657246
106.905748371647
106.821772890736
106.734925288343
106.645075315669
106.552076989389
106.455765333351
106.355964342849
106.252497654532
106.145182542803
106.033817883539
105.918184329548
105.798059431069
105.673220002888
105.543427018001
105.408419988645
105.267929441331
105.121687391823
104.969415505395
104.810813121889
104.645561410656
104.473341031585
104.293832808202
104.106703501213
103.91160104105
103.708167951425
103.496055698153
103.27491717577
103.044397221041
102.80412941874
102.553748838516
102.292906812709
102.021265199667
101.738487809721
101.444238238748
101.138179001248
100.819986515269
100.489361080429
100.146017366567
99.7896793682318
99.4200784730986
99.0369530472323
98.6400471258709
98.2291211594708
97.8039595549654
97.3643627157377
96.9101426146317
96.4411208101844
95.9571272828194
95.4579993398409
94.9435813216558
94.4137226753083
93.8682822575803
93.3071348957604
92.7301682003463
92.1372782077974
91.5283675876696
90.9033446173519
90.2621223819316
89.604618116854
88.9307526718471
88.2404500695363
87.5336371422233
86.8102432349683
86.0701998066001
85.3134403121718
84.5399042504019
83.7495391193382
82.9422973300128
82.1181344621416
81.2770084694735
80.418879311367
79.5437086135689
78.6514594398703
77.7420961109751
76.815584120718
75.8718900175375
74.9109814745542
73.9328272986078
72.9373976898262
71.9246644816121
70.8946004368196
69.8471788816993
68.7823736516829
67.7001591732542
66.6005103329762
65.4834026950808
64.3488145945226
63.1967288403494
62.02713132293
60.840009348434
59.6353516797008
58.413148375693
57.1733909200291
55.9160724615093
54.6411882006605
53.3487358884379
52.038715090262
50.7111267924477
49.3659734298406
48.0032589281098
46.6229889491864
45.2251714961202
43.8098170839968
42.3769391355342
40.9265522964514
39.4586736274944
37.9733212616949
36.4705159688385
34.9502798783691
33.4126389890552
31.8576208702619
30.285256903389
28.6955781751015
27.0886204026944
25.4644175102889
23.823009313102
22.1644326065745
20.4887329131701
18.7959507249959
17.086137517557
15.3593347854791
13.6156005028286
11.8549778657497
10.0775313739936
8.28330267364829
6.47236382104138
4.64475378021254
2.80055415979581
0.939800471970612
)
;

boundaryField
{
    electrode
    {
        type            calculated;
        value           uniform 1.00000000050107e-10;
    }
    ground
    {
        type            calculated;
        value           uniform 0.00122499752722531;
    }
    otherfaces
    {
        type            empty;
    }
}


// ************************************************************************* //
