/*--------------------------------*- C++ -*----------------------------------*\
| =========                 |                                                 |
| \\      /  F ield         | foam-extend: Open Source CFD                    |
|  \\    /   O peration     | Version:     4.1                                |
|   \\  /    A nd           | Web:         http://www.foam-extend.org         |
|    \\/     M anipulation  |                                                 |
\*---------------------------------------------------------------------------*/
FoamFile
{
    version     2.0;
    format      ascii;
    class       volVectorField;
    location    "1.50099999934947e-05";
    object      EFieldMean;
}
// * * * * * * * * * * * * * * * * * * * * * * * * * * * * * * * * * * * * * //

dimensions      [1 1 -3 0 0 -1 0];

internalField   nonuniform List<vector> 
500
(
(-910930.110936595 0 0)
(-890713.764719839 0 0)
(-870277.284327128 0 0)
(-849662.439582004 0 0)
(-828881.546912945 0 0)
(-807935.008189526 0 0)
(-786842.140078089 0 0)
(-765607.654619138 0 0)
(-744252.39115548 0 0)
(-722789.018819703 0 0)
(-701239.625581425 0 0)
(-679619.352768537 0 0)
(-657949.592581792 0 0)
(-636249.344052818 0 0)
(-614542.371955194 0 0)
(-592849.880423993 0 0)
(-571196.19549678 0 0)
(-549605.308179114 0 0)
(-528103.997245772 0 0)
(-506717.778499754 0 0)
(-485473.104724877 0 0)
(-464395.204403459 0 0)
(-443510.890306235 0 0)
(-422848.655009842 0 0)
(-402440.723886863 0 0)
(-382323.32276802 0 0)
(-362537.775816009 0 0)
(-343127.888740295 0 0)
(-324137.901389148 0 0)
(-305614.332459531 0 0)
(-287609.630885314 0 0)
(-270178.586170971 0 0)
(-253372.88748439 0 0)
(-237239.539281742 0 0)
(-221825.093876387 0 0)
(-207171.63351674 0 0)
(-193309.099007362 0 0)
(-180257.881463454 0 0)
(-168031.422036548 0 0)
(-156626.897242867 0 0)
(-146031.424054473 0 0)
(-136224.376072464 0 0)
(-127173.201114231 0 0)
(-118842.001413079 0 0)
(-111188.573991072 0 0)
(-104168.246220173 0 0)
(-97741.1996986124 0 0)
(-91863.1236985264 0 0)
(-86491.0139691643 0 0)
(-81580.7645632669 0 0)
(-77086.9697872061 0 0)
(-72973.4641032905 0 0)
(-69204.806904076 0 0)
(-65749.5819523596 0 0)
(-62587.2226592412 0 0)
(-59691.4697409688 0 0)
(-57024.2638572868 0 0)
(-54551.4275069666 0 0)
(-52254.6366487707 0 0)
(-50128.1375270264 0 0)
(-48166.4710184012 0 0)
(-46355.6862084361 0 0)
(-44678.5119627604 0 0)
(-43118.6587216214 0 0)
(-41661.1610879401 0 0)
(-40293.8689944995 0 0)
(-39009.3953423147 0 0)
(-37804.4135485761 0 0)
(-36675.3153660992 0 0)
(-35615.8196789366 0 0)
(-34619.3845525464 0 0)
(-33680.3009807973 0 0)
(-32793.34487215 0 0)
(-31953.4992400528 0 0)
(-31156.4584784765 0 0)
(-30399.2834646584 0 0)
(-29680.422328945 0 0)
(-28997.9142665997 0 0)
(-28348.4844531895 0 0)
(-27728.7683838033 0 0)
(-27136.2764360364 0 0)
(-26568.9463572941 0 0)
(-26025.0093017443 0 0)
(-25502.8502004022 0 0)
(-25001.0491574283 0 0)
(-24518.2636850917 0 0)
(-24053.3175725843 0 0)
(-23605.1482606254 0 0)
(-23172.8282789398 0 0)
(-22755.361307991 0 0)
(-22351.8597799336 0 0)
(-21961.8189740472 0 0)
(-21584.9838028515 0 0)
(-21220.4254650179 0 0)
(-20866.8507431277 0 0)
(-20523.3579362912 0 0)
(-20189.4151638108 0 0)
(-19864.5331648253 0 0)
(-19548.2912753235 0 0)
(-19240.2634790266 0 0)
(-18940.081608151 0 0)
(-18647.3677583671 0 0)
(-18361.7967937868 0 0)
(-18083.0320304406 0 0)
(-17810.7869108289 0 0)
(-17544.7625546594 0 0)
(-17284.7072497233 0 0)
(-17030.3552138714 0 0)
(-16781.4845484535 0 0)
(-16537.8579798385 0 0)
(-16299.2794660589 0 0)
(-16065.5363849391 0 0)
(-15836.4546700851 0 0)
(-15611.8426183032 0 0)
(-15391.545007393 0 0)
(-15175.388387779 0 0)
(-14963.2340339093 0 0)
(-14754.9245986609 0 0)
(-14550.3358833333 0 0)
(-14349.3246782992 0 0)
(-14151.7795183188 0 0)
(-13957.5696334083 0 0)
(-13766.5948014587 0 0)
(-13578.7353605267 0 0)
(-13393.9010872081 0 0)
(-13211.9820459137 0 0)
(-13032.8967278346 0 0)
(-12856.5438231322 0 0)
(-12682.8494912685 0 0)
(-12511.7198816978 0 0)
(-12343.0879542585 0 0)
(-12176.8667736676 0 0)
(-12012.9955630387 0 0)
(-11851.3935564566 0 0)
(-11692.0055097485 0 0)
(-11534.7561634243 0 0)
(-11379.5953557136 0 0)
(-11226.4528939765 0 0)
(-11075.2831850175 0 0)
(-10926.0205276018 0 0)
(-10778.623398601 0 0)
(-10633.0300954344 0 0)
(-10489.2027701963 0 0)
(-10347.0833721415 0 0)
(-10206.6374280461 0 0)
(-10067.8101930398 0 0)
(-9930.57026048191 0 0)
(-9794.86589785041 0 0)
(-9660.66851799324 0 0)
(-9527.92908972594 0 0)
(-9396.62158465624 0 0)
(-9266.69942916891 0 0)
(-9138.13894174011 0 0)
(-9010.89577739047 0 0)
(-8884.94840002138 0 0)
(-8760.2544724921 0 0)
(-8636.79454959941 0 0)
(-8514.52817736968 0 0)
(-8393.43769531732 0 0)
(-8273.48428698745 0 0)
(-8154.65204370229 0 0)
(-8036.90360894768 0 0)
(-7920.22483964344 0 0)
(-7804.57979867847 0 0)
(-7689.95572984974 0 0)
(-7576.31772778318 0 0)
(-7463.6547200036 0 0)
(-7351.93292177238 0 0)
(-7241.14252630978 0 0)
(-7131.25053950142 0 0)
(-7022.24882327306 0 0)
(-6914.10494177316 0 0)
(-6806.81223855331 0 0)
(-6700.33871746971 0 0)
(-6594.67929147528 0 0)
(-6489.80223857152 0 0)
(-6385.7040842907 0 0)
(-6282.35311091864 0 0)
(-6179.74764403778 0 0)
(-6077.85567827673 0 0)
(-5976.67755396678 0 0)
(-5876.18059622405 0 0)
(-5776.36737180703 0 0)
(-5677.20429433668 0 0)
(-5578.69633455489 0 0)
(-5480.80873709833 0 0)
(-5383.54909641635 0 0)
(-5286.88097185364 0 0)
(-5190.81495045399 0 0)
(-5095.31276234055 0 0)
(-5000.38812977834 0 0)
(-4906.00049196389 0 0)
(-4812.16696931069 0 0)
(-4718.84446705119 0 0)
(-4626.05396344446 0 0)
(-4533.74926936955 0 0)
(-4441.95525999059 0 0)
(-4350.62279521402 0 0)
(-4259.78080189901 0 0)
(-4169.37665076921 0 0)
(-4079.44371285126 0 0)
(-3989.92561853987 0 0)
(-3900.86026861334 0 0)
(-3812.18750874835 0 0)
(-3723.94967319411 0 0)
(-3636.08295201866 0 0)
(-3548.63409114483 0 0)
(-3461.53541351961 0 0)
(-3374.83809886309 0 0)
(-3288.47069492783 0 0)
(-3202.48878700281 0 0)
(-3116.81701825043 0 0)
(-3031.51528190837 0 0)
(-2946.50432906581 0 0)
(-2861.84829651486 0 0)
(-2777.46550121949 0 0)
(-2693.42537775623 0 0)
(-2609.64305692419 0 0)
(-2526.18868462116 0 0)
(-2442.9732508681 0 0)
(-2360.07176282912 0 0)
(-2277.39292458644 0 0)
(-2195.01290363366 0 0)
(-2112.83815634656 0 0)
(-2030.93865635787 0 0)
(-1949.12473833097 0 0)
(-1866.97406101985 0 0)
(-1785.75517306491 0 0)
(-1705.02264989828 0 0)
(-1624.37199589636 0 0)
(-1544.13377690601 0 0)
(-1463.99572875624 0 0)
(-1384.02444213579 0 0)
(-1304.17686402537 0 0)
(-1224.49892833 0 0)
(-1144.93342824284 0 0)
(-1065.52070801357 0 0)
(-986.202784638116 0 0)
(-907.01850932437 0 0)
(-827.910876539394 0 0)
(-748.917925504869 0 0)
(-669.984081423284 0 0)
(-591.146508683336 0 0)
(-512.351128811987 0 0)
(-433.634275414306 0 0)
(-354.943867623476 0 0)
(-276.316792338284 0 0)
(-197.706841956428 0 0)
(-119.12610615091 0 0)
(-40.3358686815077 0 0)
(37.8905993145819 0 0)
(116.676530636079 0 0)
(195.259878894668 0 0)
(273.869981447301 0 0)
(352.496709095263 0 0)
(431.187242241883 0 0)
(509.903795291935 0 0)
(588.699314657301 0 0)
(667.53656921842 0 0)
(746.470540904478 0 0)
(825.463140895725 0 0)
(904.570871144006 0 0)
(983.754772540453 0 0)
(1063.0727587663 0 0)
(1142.48507662527 0 0)
(1222.05062166874 0 0)
(1301.72815547682 0 0)
(1381.57581337074 0 0)
(1461.5468856397 0 0)
(1541.6857068499 0 0)
(1621.9229014247 0 0)
(1702.56935927473 0 0)
(1783.30191564016 0 0)
(1864.51597129082 0 0)
(1946.66905614087 0 0)
(2028.48381592236 0 0)
(2110.38247464376 0 0)
(2192.55717175198 0 0)
(2274.93621890335 0 0)
(2357.61495416814 0 0)
(2440.51558149725 0 0)
(2523.73086593864 0 0)
(2607.18429754803 0 0)
(2690.96645025209 0 0)
(2775.00552843201 0 0)
(2859.38801006395 0 0)
(2944.0431802949 0 0)
(3029.05416871794 0 0)
(3114.35534337656 0 0)
(3200.02713649193 0 0)
(3286.00851819812 0 0)
(3372.37592835426 0 0)
(3459.07277892446 0 0)
(3546.17153417823 0 0)
(3633.62006604283 0 0)
(3721.48699771015 0 0)
(3809.72462146669 0 0)
(3898.39749569633 0 0)
(3987.46274163906 0 0)
(4076.9810840092 0 0)
(4166.91399240085 0 0)
(4257.31842622794 0 0)
(4348.16049506208 0 0)
(4439.49331933765 0 0)
(4531.28748613871 0 0)
(4623.59264923012 0 0)
(4716.38344787102 0 0)
(4809.70644949575 0 0)
(4903.54035470427 0 0)
(4997.92856970737 0 0)
(5092.85366011062 0 0)
(5188.35648697984 0 0)
(5284.42306642163 0 0)
(5381.09186459728 0 0)
(5478.35217886322 0 0)
(5576.2405248454 0 0)
(5674.74920879005 0 0)
(5773.91309271274 0 0)
(5873.7271389255 0 0)
(5974.22495539657 0 0)
(6075.40391011165 0 0)
(6177.29674869446 0 0)
(6279.90308292981 0 0)
(6383.25495985346 0 0)
(6487.35401661636 0 0)
(6592.23198982903 0 0)
(6697.89233345279 0 0)
(6804.3667697884 0 0)
(6911.66040191219 0 0)
(7019.80520055663 0 0)
(7128.80783097886 0 0)
(7238.70069725487 0 0)
(7349.491959221 0 0)
(7461.21469263772 0 0)
(7573.87858082548 0 0)
(7687.51738738956 0 0)
(7802.14230681436 0 0)
(7917.78825054095 0 0)
(8034.46787421202 0 0)
(8152.21707310316 0 0)
(8271.05009492584 0 0)
(8391.00429951059 0 0)
(8512.09560265374 0 0)
(8634.36274937102 0 0)
(8757.82328863429 0 0)
(8882.51769078957 0 0)
(9008.46545794952 0 0)
(9135.70890706651 0 0)
(9264.26957556299 0 0)
(9394.19181576778 0 0)
(9525.49929811455 0 0)
(9658.23857079633 0 0)
(9792.43565620965 0 0)
(9928.13955747702 0 0)
(10065.3788472704 0 0)
(10204.2052499353 0 0)
(10344.6501520697 0 0)
(10486.7682742662 0 0)
(10630.5941000725 0 0)
(10776.1856665597 0 0)
(10923.5807770144 0 0)
(11072.8410914474 0 0)
(11224.0081412635 0 0)
(11377.1476503346 0 0)
(11532.3052009286 0 0)
(11689.5509551225 0 0)
(11848.9350549526 0 0)
(12010.5327161706 0 0)
(12174.3991587975 0 0)
(12340.6151697399 0 0)
(12509.2415583613 0 0)
(12680.3652823051 0 0)
(12854.053314358 0 0)
(13030.3993727473 0 0)
(13209.4772337533 0 0)
(13391.3882073364 0 0)
(13576.2137721498 0 0)
(13764.0638568173 0 0)
(13955.0287379636 0 0)
(14149.2281328479 0 0)
(14346.7622545097 0 0)
(14547.7617847503 0 0)
(14752.3381049739 0 0)
(14960.6343526642 0 0)
(15172.7746785156 0 0)
(15388.9164060179 0 0)
(15609.1981932236 0 0)
(15833.7934200021 0 0)
(16062.8572868807 0 0)
(16296.5815025407 0 0)
(16535.1401101621 0 0)
(16778.7456912242 0 0)
(17027.5942239511 0 0)
(17281.9229237916 0 0)
(17541.9536423844 0 0)
(17807.9521282191 0 0)
(18080.1700440202 0 0)
(18358.9062384366 0 0)
(18644.4472207496 0 0)
(18937.1296523588 0 0)
(19237.2787019776 0 0)
(19545.2723269591 0 0)
(19861.4787337406 0 0)
(20186.3239871039 0 0)
(20520.2287495802 0 0)
(20863.6822106321 0 0)
(21217.2158606508 0 0)
(21581.7306369794 0 0)
(21958.5196491736 0 0)
(22348.5129045123 0 0)
(22751.9660641563 0 0)
(23169.38315778 0 0)
(23601.6513835987 0 0)
(24049.7672352238 0 0)
(24514.65827047 0 0)
(24997.3869582645 0 0)
(25499.1293939742 0 0)
(26021.2280196801 0 0)
(26565.1026832289 0 0)
(27132.3683866469 0 0)
(27724.7938691367 0 0)
(28344.4411688413 0 0)
(28993.7993690061 0 0)
(29676.2325207107 0 0)
(30395.0167298139 0 0)
(31152.1142637874 0 0)
(31949.0763515058 0 0)
(32788.8409010536 0 0)
(33675.7130570632 0 0)
(34614.7100186021 0 0)
(35611.0561146078 0 0)
(36670.4602933833 0 0)
(37799.4644646595 0 0)
(39004.3521848493 0 0)
(40288.7347312352 0 0)
(41655.937224245 0 0)
(43113.3424564976 0 0)
(44673.0976855803 0 0)
(46350.1679779558 0 0)
(48160.843867128 0 0)
(50122.3975586266 0 0)
(52248.7867832428 0 0)
(54545.4785165522 0 0)
(57018.223137781 0 0)
(59685.3340027164 0 0)
(62580.9797608141 0 0)
(65743.2256733669 0 0)
(69198.3435539678 0 0)
(72966.8983854219 0 0)
(77080.3027073221 0 0)
(81574.0023747895 0 0)
(86484.1625747772 0 0)
(91856.1898604276 0 0)
(97734.1979596166 0 0)
(104161.191534149 0 0)
(111181.487001375 0 0)
(118834.910722874 0 0)
(127166.140167858 0 0)
(136217.389274713 0 0)
(146024.562287042 0 0)
(156620.221999882 0 0)
(168025.008300271 0 0)
(180251.811197884 0 0)
(193303.464224014 0 0)
(207166.534527127 0 0)
(221820.634227848 0 0)
(237235.82719716 0 0)
(253370.033529536 0 0)
(270176.697942916 0 0)
(287608.812683291 0 0)
(305614.684598645 0 0)
(324139.516611555 0 0)
(343130.85068224 0 0)
(362542.158614049 0 0)
(382329.192027454 0 0)
(402448.137002823 0 0)
(422857.661442433 0 0)
(443521.531774651 0 0)
(464407.515479566 0 0)
(485487.113225866 0 0)
(506733.506166932 0 0)
(528121.460192186 0 0)
(549624.51727384 0 0)
(571217.155962639 0 0)
(592872.592661438 0 0)
(614566.83225332 0 0)
(636275.545172697 0 0)
(657977.523116835 0 0)
(679648.997473891 0 0)
(701270.966381837 0 0)
(722822.035830623 0 0)
(744287.061206853 0 0)
(765643.952115731 0 0)
(786880.037923495 0 0)
(807974.479421939 0 0)
(828922.564038526 0 0)
(849704.974416812 0 0)
(870321.308017066 0 0)
(890759.250528121 0 0)
(910977.026210169 0 0)
)
;

boundaryField
{
    electrode
    {
        type            calculated;
        value           uniform (-920990.743271198 0 0);
    }
    ground
    {
        type            calculated;
        value           uniform (921038.362015823 0 0);
    }
    otherfaces
    {
        type            empty;
    }
}


// ************************************************************************* //
