/*--------------------------------*- C++ -*----------------------------------*\
| =========                 |                                                 |
| \\      /  F ield         | foam-extend: Open Source CFD                    |
|  \\    /   O peration     | Version:     4.1                                |
|   \\  /    A nd           | Web:         http://www.foam-extend.org         |
|    \\/     M anipulation  |                                                 |
\*---------------------------------------------------------------------------*/
FoamFile
{
    version     2.0;
    format      ascii;
    class       volVectorField;
    location    "1.50099999934947e-05";
    object      Flux_Arp1;
}
// * * * * * * * * * * * * * * * * * * * * * * * * * * * * * * * * * * * * * //

dimensions      [0 -2 -1 0 0 0 0];

internalField   nonuniform List<vector> 
500
(
(-2.33384992497716e+21 0 0)
(-2.33359863584611e+21 0 0)
(-2.33409377211786e+21 0 0)
(-2.33352077711954e+21 0 0)
(-2.33391738007232e+21 0 0)
(-2.33340467956275e+21 0 0)
(-2.33410044790317e+21 0 0)
(-2.33365546748521e+21 0 0)
(-2.33412189934147e+21 0 0)
(-2.33353922247882e+21 0 0)
(-2.33407916445125e+21 0 0)
(-2.33359302166304e+21 0 0)
(-2.33396402934328e+21 0 0)
(-2.33322181471309e+21 0 0)
(-2.33357029291379e+21 0 0)
(-2.33305065548092e+21 0 0)
(-2.3333292339329e+21 0 0)
(-2.33254625433526e+21 0 0)
(-2.33276798413777e+21 0 0)
(-2.33223162616577e+21 0 0)
(-2.33239191361041e+21 0 0)
(-2.33149274153659e+21 0 0)
(-2.33139569313049e+21 0 0)
(-2.33050575384373e+21 0 0)
(-2.33036312460462e+21 0 0)
(-2.32946151743178e+21 0 0)
(-2.3291904858364e+21 0 0)
(-2.32802911330323e+21 0 0)
(-2.32744738839227e+21 0 0)
(-2.32618826435778e+21 0 0)
(-2.32555941406853e+21 0 0)
(-2.32415899010224e+21 0 0)
(-2.32314979975429e+21 0 0)
(-2.32153579446012e+21 0 0)
(-2.32041461668902e+21 0 0)
(-2.3185605294346e+21 0 0)
(-2.31711799779272e+21 0 0)
(-2.31518782914509e+21 0 0)
(-2.31350188590668e+21 0 0)
(-2.31127891725296e+21 0 0)
(-2.30937219818246e+21 0 0)
(-2.30686516649307e+21 0 0)
(-2.3046814396088e+21 0 0)
(-2.30194098215939e+21 0 0)
(-2.2994180351493e+21 0 0)
(-2.29644170698422e+21 0 0)
(-2.29368701748968e+21 0 0)
(-2.290559294665e+21 0 0)
(-2.28758626840591e+21 0 0)
(-2.28413345320981e+21 0 0)
(-2.28087338332035e+21 0 0)
(-2.27714554882562e+21 0 0)
(-2.2735435282468e+21 0 0)
(-2.26962833124808e+21 0 0)
(-2.26587211269041e+21 0 0)
(-2.26174482325199e+21 0 0)
(-2.25773474392293e+21 0 0)
(-2.25336457261513e+21 0 0)
(-2.24909367858511e+21 0 0)
(-2.24443144294223e+21 0 0)
(-2.23988910651253e+21 0 0)
(-2.23504464559586e+21 0 0)
(-2.23031115883745e+21 0 0)
(-2.22527425392331e+21 0 0)
(-2.22032048184099e+21 0 0)
(-2.21505296593547e+21 0 0)
(-2.20985393695387e+21 0 0)
(-2.20433467324242e+21 0 0)
(-2.1988873929301e+21 0 0)
(-2.19315920632884e+21 0 0)
(-2.18750309945776e+21 0 0)
(-2.18157261760931e+21 0 0)
(-2.17570731471285e+21 0 0)
(-2.16957381121268e+21 0 0)
(-2.16350133653208e+21 0 0)
(-2.15716860472287e+21 0 0)
(-2.15089171420671e+21 0 0)
(-2.14435473564667e+21 0 0)
(-2.13786855355516e+21 0 0)
(-2.13113041660305e+21 0 0)
(-2.12443819206785e+21 0 0)
(-2.11749983300991e+21 0 0)
(-2.11060404827454e+21 0 0)
(-2.10346804032049e+21 0 0)
(-2.09637157105093e+21 0 0)
(-2.08904032493408e+21 0 0)
(-2.08174565487095e+21 0 0)
(-2.07422331465505e+21 0 0)
(-2.06673695680256e+21 0 0)
(-2.05902819469964e+21 0 0)
(-2.05135263135521e+21 0 0)
(-2.04345979292083e+21 0 0)
(-2.03559915630304e+21 0 0)
(-2.02752657740518e+21 0 0)
(-2.01948002972801e+21 0 0)
(-2.01122193795722e+21 0 0)
(-2.002987215746e+21 0 0)
(-1.99454517476577e+21 0 0)
(-1.98612409308431e+21 0 0)
(-1.97749975852541e+21 0 0)
(-1.96889437777211e+21 0 0)
(-1.96009000613851e+21 0 0)
(-1.95130288886612e+21 0 0)
(-1.94232090203023e+21 0 0)
(-1.93335440133576e+21 0 0)
(-1.92419681845421e+21 0 0)
(-1.91505291510518e+21 0 0)
(-1.90572165673229e+21 0 0)
(-1.89640253512616e+21 0 0)
(-1.88689990449795e+21 0 0)
(-1.87740809863345e+21 0 0)
(-1.86773656952144e+21 0 0)
(-1.85807455348955e+21 0 0)
(-1.84823639727035e+21 0 0)
(-1.8384064336653e+21 0 0)
(-1.82840383074288e+21 0 0)
(-1.81840823584288e+21 0 0)
(-1.80824352800427e+21 0 0)
(-1.79808479278683e+21 0 0)
(-1.78776044248183e+21 0 0)
(-1.77744108831229e+21 0 0)
(-1.76695952091308e+21 0 0)
(-1.75648200001517e+21 0 0)
(-1.7458455934276e+21 0 0)
(-1.73521235122578e+21 0 0)
(-1.72442352021534e+21 0 0)
(-1.7136370544801e+21 0 0)
(-1.70269826544705e+21 0 0)
(-1.69176110653972e+21 0 0)
(-1.68067484012854e+21 0 0)
(-1.66958951480882e+21 0 0)
(-1.65835824551327e+21 0 0)
(-1.64712727537427e+21 0 0)
(-1.63575348310376e+21 0 0)
(-1.62437939935843e+21 0 0)
(-1.61286557700606e+21 0 0)
(-1.60135092138582e+21 0 0)
(-1.58969957315337e+21 0 0)
(-1.57804689018006e+21 0 0)
(-1.56626052145202e+21 0 0)
(-1.55447235667905e+21 0 0)
(-1.54255347462009e+21 0 0)
(-1.53063237259857e+21 0 0)
(-1.51858348617886e+21 0 0)
(-1.50653199216525e+21 0 0)
(-1.49435561288891e+21 0 0)
(-1.48217627268667e+21 0 0)
(-1.46987491192326e+21 0 0)
(-1.45757026749161e+21 0 0)
(-1.4451464348439e+21 0 0)
(-1.43271902417439e+21 0 0)
(-1.42017522304182e+21 0 0)
(-1.40762757648552e+21 0 0)
(-1.39496630534746e+21 0 0)
(-1.3823009455092e+21 0 0)
(-1.36952469455226e+21 0 0)
(-1.35674413293026e+21 0 0)
(-1.34385537877583e+21 0 0)
(-1.33096212922053e+21 0 0)
(-1.31796337462297e+21 0 0)
(-1.30495996298224e+21 0 0)
(-1.29185371014961e+21 0 0)
(-1.27874266221062e+21 0 0)
(-1.26553140896383e+21 0 0)
(-1.25231524440776e+21 0 0)
(-1.23900148748787e+21 0 0)
(-1.22568272299545e+21 0 0)
(-1.21226895408625e+21 0 0)
(-1.19885010156364e+21 0 0)
(-1.18533880945726e+21 0 0)
(-1.17182237682801e+21 0 0)
(-1.15821604558896e+21 0 0)
(-1.14460453512685e+21 0 0)
(-1.13090564460556e+21 0 0)
(-1.11720155440474e+21 0 0)
(-1.10341257884269e+21 0 0)
(-1.08961840170399e+21 0 0)
(-1.07574181071071e+21 0 0)
(-1.0618600340793e+21 0 0)
(-1.04789829110249e+21 0 0)
(-1.03393139738123e+21 0 0)
(-1.01988696041935e+21 0 0)
(-1.00583742740046e+21 0 0)
(-9.91712748277962e+20 0 0)
(-9.77583048422764e+20 0 0)
(-9.63380573340297e+20 0 0)
(-9.49173175408851e+20 0 0)
(-9.3489534405806e+20 0 0)
(-9.2061271227089e+20 0 0)
(-9.06261958063005e+20 0 0)
(-8.91906551973871e+20 0 0)
(-8.77485301249286e+20 0 0)
(-8.63059576547943e+20 0 0)
(-8.48570248347532e+20 0 0)
(-8.34076656141727e+20 0 0)
(-8.19521662226109e+20 0 0)
(-8.04962650279602e+20 0 0)
(-7.90344395694236e+20 0 0)
(-7.75722408090606e+20 0 0)
(-7.61043291939827e+20 0 0)
(-7.46360770695507e+20 0 0)
(-7.31623185077232e+20 0 0)
(-7.16882570574707e+20 0 0)
(-7.02088901650141e+20 0 0)
(-6.87292633091463e+20 0 0)
(-6.72445267116789e+20 0 0)
(-6.57595773759809e+20 0 0)
(-6.42697082728745e+20 0 0)
(-6.27796808170267e+20 0 0)
(-6.12849146921841e+20 0 0)
(-5.97900511625399e+20 0 0)
(-5.82906234292929e+20 0 0)
(-5.67911675923793e+20 0 0)
(-5.5287311553723e+20 0 0)
(-5.37835041091931e+20 0 0)
(-5.22754641109516e+20 0 0)
(-5.07675380380288e+20 0 0)
(-4.92555527865214e+20 0 0)
(-4.77437472044533e+20 0 0)
(-4.62280210814556e+20 0 0)
(-4.47126017120003e+20 0 0)
(-4.31933551402328e+20 0 0)
(-4.16745675208149e+20 0 0)
(-4.01520253941645e+20 0 0)
(-3.86300647835832e+20 0 0)
(-3.71050076656482e+20 0 0)
(-3.55804594150635e+20 0 0)
(-3.40518970471642e+20 0 0)
(-3.25239583690043e+20 0 0)
(-3.09930853489354e+20 0 0)
(-2.94630457152018e+20 0 0)
(-2.79297536511259e+20 0 0)
(-2.63974294705815e+20 0 0)
(-2.48621688240013e+20 0 0)
(-2.33278514803889e+20 0 0)
(-2.17907948120258e+20 0 0)
(-2.02547059260808e+20 0 0)
(-1.87160956293077e+20 0 0)
(-1.71784773479484e+20 0 0)
(-1.56385508782398e+20 0 0)
(-1.40996669584779e+20 0 0)
(-1.25586209807932e+20 0 0)
(-1.10187123569667e+20 0 0)
(-9.47678927726269e+19 0 0)
(-7.93609999140582e+19 0 0)
(-6.39355068402606e+19 0 0)
(-4.85231444150515e+19 0 0)
(-3.30935101457863e+19 0 0)
(-1.76777929235633e+19 0 0)
(-2.24654515568668e+18 0 0)
(1.31692118181747e+19 0 0)
(2.85996811859417e+19 0 0)
(4.40145133784602e+19 0 0)
(5.94424465871628e+19 0 0)
(7.48526123547928e+19 0 0)
(9.02753567630376e+19 0 0)
(1.05678927509766e+20 0 0)
(1.21094192572804e+20 0 0)
(1.36487985681303e+20 0 0)
(1.51893128614856e+20 0 0)
(1.67276081500248e+20 0 0)
(1.82669849845398e+20 0 0)
(1.98039485658423e+20 0 0)
(2.13418799276066e+20 0 0)
(2.28772649586294e+20 0 0)
(2.44135807158857e+20 0 0)
(2.59471517940347e+20 0 0)
(2.74815912780297e+20 0 0)
(2.90131581631982e+20 0 0)
(3.05455324998617e+20 0 0)
(3.20747343340253e+20 0 0)
(3.36046644503317e+20 0 0)
(3.51315413267964e+20 0 0)
(3.66583749321056e+20 0 0)
(3.81839463025115e+20 0 0)
(3.97088046202465e+20 0 0)
(4.12302383073108e+20 0 0)
(4.27521067740525e+20 0 0)
(4.42703249815945e+20 0 0)
(4.57889497263084e+20 0 0)
(4.73037624487209e+20 0 0)
(4.88188794513566e+20 0 0)
(5.03300380727327e+20 0 0)
(5.18414216490175e+20 0 0)
(5.33487069259746e+20 0 0)
(5.4856116985267e+20 0 0)
(5.63592881968275e+20 0 0)
(5.7862506092185e+20 0 0)
(5.93613163990051e+20 0 0)
(6.08601053704725e+20 0 0)
(6.235431021543e+20 0 0)
(6.38484343113554e+20 0 0)
(6.53377951992853e+20 0 0)
(6.68270159852828e+20 0 0)
(6.8311291911007e+20 0 0)
(6.97953743273971e+20 0 0)
(7.12743233244931e+20 0 0)
(7.27530320836082e+20 0 0)
(7.42264103418963e+20 0 0)
(7.56995076131136e+20 0 0)
(7.71670706184152e+20 0 0)
(7.86343174139276e+20 0 0)
(8.00958222857623e+20 0 0)
(8.15569807004582e+20 0 0)
(8.30121854510802e+20 0 0)
(8.44670170729099e+20 0 0)
(8.59156777403067e+20 0 0)
(8.73639415265598e+20 0 0)
(8.88058127213596e+20 0 0)
(9.02472674515171e+20 0 0)
(9.16821052349286e+20 0 0)
(9.31165107888922e+20 0 0)
(9.45440714259217e+20 0 0)
(9.5971185754102e+20 0 0)
(9.73912227895402e+20 0 0)
(9.88108015283973e+20 0 0)
(1.00223068244192e+21 0 0)
(1.01634868311955e+21 0 0)
(1.03039119951078e+21 0 0)
(1.04442899000087e+21 0 0)
(1.05838889606439e+21 0 0)
(1.07234402225668e+21 0 0)
(1.08621883074403e+21 0 0)
(1.10008882877927e+21 0 0)
(1.11387606565826e+21 0 0)
(1.12765849444661e+21 0 0)
(1.14135569829209e+21 0 0)
(1.15504810393618e+21 0 0)
(1.16865278110407e+21 0 0)
(1.18225267662045e+21 0 0)
(1.19576232037705e+21 0 0)
(1.20926723335641e+21 0 0)
(1.22267936546817e+21 0 0)
(1.23608684030163e+21 0 0)
(1.2493989689145e+21 0 0)
(1.26270651227499e+21 0 0)
(1.27591610829824e+21 0 0)
(1.28912121865518e+21 0 0)
(1.30222577658448e+21 0 0)
(1.31532598627689e+21 0 0)
(1.32832301508264e+21 0 0)
(1.34131583601722e+21 0 0)
(1.35420279680873e+21 0 0)
(1.36708570613344e+21 0 0)
(1.37986006834394e+21 0 0)
(1.3926305848251e+21 0 0)
(1.40528987010644e+21 0 0)
(1.41794554055008e+21 0 0)
(1.43048723148703e+21 0 0)
(1.44302554044177e+21 0 0)
(1.45544709780367e+21 0 0)
(1.46786555972812e+21 0 0)
(1.48016448584447e+21 0 0)
(1.49246062428877e+21 0 0)
(1.50463438153541e+21 0 0)
(1.51680566162602e+21 0 0)
(1.52885168598181e+21 0 0)
(1.54089560449726e+21 0 0)
(1.55281138397358e+21 0 0)
(1.56472545921943e+21 0 0)
(1.57650844662102e+21 0 0)
(1.58829014093694e+21 0 0)
(1.59993776656111e+21 0 0)
(1.61158457785045e+21 0 0)
(1.62309432661928e+21 0 0)
(1.63460377127882e+21 0 0)
(1.64597308935536e+21 0 0)
(1.65734263584407e+21 0 0)
(1.66856896353863e+21 0 0)
(1.67979612872255e+21 0 0)
(1.69087695830689e+21 0 0)
(1.70195926653302e+21 0 0)
(1.71289204682193e+21 0 0)
(1.72382698625381e+21 0 0)
(1.73460918317591e+21 0 0)
(1.74539430356453e+21 0 0)
(1.75602342271147e+21 0 0)
(1.76665626092568e+21 0 0)
(1.77712976779035e+21 0 0)
(1.78760785676162e+21 0 0)
(1.797923261552e+21 0 0)
(1.80824419212236e+21 0 0)
(1.81839901927838e+21 0 0)
(1.82856035958281e+21 0 0)
(1.83855211680744e+21 0 0)
(1.84855147072029e+21 0 0)
(1.85837772581703e+21 0 0)
(1.86821273151207e+21 0 0)
(1.87787103667173e+21 0 0)
(1.88753931992172e+21 0 0)
(1.89702725509571e+21 0 0)
(1.90652650633771e+21 0 0)
(1.91584169286513e+21 0 0)
(1.925169606165e+21 0 0)
(1.93430965386525e+21 0 0)
(1.94346395536695e+21 0 0)
(1.95242653232525e+21 0 0)
(1.96140499575186e+21 0 0)
(1.9701877789744e+21 0 0)
(1.97898818359214e+21 0 0)
(1.98758887360267e+21 0 0)
(1.99620906785249e+21 0 0)
(2.00462540458493e+21 0 0)
(2.01306324389921e+21 0 0)
(2.02129298847325e+21 0 0)
(2.0295463937555e+21 0 0)
(2.03758726491569e+21 0 0)
(2.04565441961104e+21 0 0)
(2.05350140680934e+21 0 0)
(2.06137244529372e+21 0 0)
(2.06901954538899e+21 0 0)
(2.07669536931724e+21 0 0)
(2.08414297824828e+21 0 0)
(2.09162189335361e+21 0 0)
(2.09886741750928e+21 0 0)
(2.10614684107647e+21 0 0)
(2.11318738198838e+21 0 0)
(2.12026491150201e+21 0 0)
(2.12710075358986e+21 0 0)
(2.1339796732217e+21 0 0)
(2.14061202322665e+21 0 0)
(2.14729166007217e+21 0 0)
(2.15371979424873e+21 0 0)
(2.16019946400451e+21 0 0)
(2.16642506531543e+21 0 0)
(2.17270170043212e+21 0 0)
(2.17871008608103e+21 0 0)
(2.18477304506494e+21 0 0)
(2.19056006748396e+21 0 0)
(2.19640558452525e+21 0 0)
(2.2019678582679e+21 0 0)
(2.20759312105134e+21 0 0)
(2.21292571641684e+21 0 0)
(2.21832983291434e+21 0 0)
(2.22345921810059e+21 0 0)
(2.2286850094242e+21 0 0)
(2.23361989175141e+21 0 0)
(2.23863655805666e+21 0 0)
(2.2433141954675e+21 0 0)
(2.24805857561808e+21 0 0)
(2.25244034827377e+21 0 0)
(2.25691389811308e+21 0 0)
(2.26116012535761e+21 0 0)
(2.26548090873173e+21 0 0)
(2.2693987710158e+21 0 0)
(2.27340429419461e+21 0 0)
(2.27708536915547e+21 0 0)
(2.28087559497631e+21 0 0)
(2.28419861136162e+21 0 0)
(2.28769491592427e+21 0 0)
(2.29079669631297e+21 0 0)
(2.29401625869902e+21 0 0)
(2.29679435813763e+21 0 0)
(2.29974393338315e+21 0 0)
(2.30219284694637e+21 0 0)
(2.30480266110876e+21 0 0)
(2.30693615571045e+21 0 0)
(2.30929723954403e+21 0 0)
(2.31113733028624e+21 0 0)
(2.31323258165419e+21 0 0)
(2.3147706006106e+21 0 0)
(2.31660940964075e+21 0 0)
(2.3179303080173e+21 0 0)
(2.31954806601953e+21 0 0)
(2.32055230082086e+21 0 0)
(2.3220164629714e+21 0 0)
(2.32288312152047e+21 0 0)
(2.32414657162558e+21 0 0)
(2.32477674147611e+21 0 0)
(2.32599152915751e+21 0 0)
(2.32656661078299e+21 0 0)
(2.3276002506882e+21 0 0)
(2.32789315584071e+21 0 0)
(2.32890435859069e+21 0 0)
(2.32919286089533e+21 0 0)
(2.33015701858807e+21 0 0)
(2.33025511038157e+21 0 0)
(2.33108149093635e+21 0 0)
(2.33104051711538e+21 0 0)
(2.33177078448466e+21 0 0)
(2.331768855681e+21 0 0)
(2.33267464410375e+21 0 0)
(2.33251956080534e+21 0 0)
(2.33310763058401e+21 0 0)
(2.33283532656161e+21 0 0)
(2.33356232596394e+21 0 0)
(2.33326648703661e+21 0 0)
(2.33380278320467e+21 0 0)
(2.3333857677951e+21 0 0)
(2.33405812847544e+21 0 0)
(2.33375832917446e+21 0 0)
(2.33441482807747e+21 0 0)
(2.33390352563766e+21 0 0)
(2.33452415125992e+21 0 0)
(2.33413640875108e+21 0 0)
(2.33477076609947e+21 0 0)
(2.33414517419331e+21 0 0)
(2.3347044335408e+21 0 0)
(2.33406875884102e+21 0 0)
(2.33450283723778e+21 0 0)
)
;

boundaryField
{
    electrode
    {
        type            calculated;
        value           uniform (-2.33384992497716e+21 0 0);
    }
    ground
    {
        type            calculated;
        value           uniform (2.33450283723778e+21 0 0);
    }
    otherfaces
    {
        type            empty;
    }
}


// ************************************************************************* //
