/*--------------------------------*- C++ -*----------------------------------*\
| =========                 |                                                 |
| \\      /  F ield         | foam-extend: Open Source CFD                    |
|  \\    /   O peration     | Version:     4.1                                |
|   \\  /    A nd           | Web:         http://www.foam-extend.org         |
|    \\/     M anipulation  |                                                 |
\*---------------------------------------------------------------------------*/
FoamFile
{
    version     2.0;
    format      ascii;
    class       volScalarField;
    location    "1.50099999934947e-05";
    object      powerDissipatedIonMean;
}
// * * * * * * * * * * * * * * * * * * * * * * * * * * * * * * * * * * * * * //

dimensions      [1 -1 -3 0 0 0 0];

internalField   nonuniform List<scalar> 
500
(
326461651.317502
319112453.049114
311793700.854365
304273655.496456
296826772.364442
289185982.261016
281612339.254294
273871999.527175
266202370.045429
258382942.031912
250632510.481633
242760463.244019
234965744.745635
227072507.572617
219255451.221102
211363622.695471
203562206.338925
195715222.064725
187961819.237221
180185865.360434
172521872.39176
164868747.964954
157334641.925687
149834470.313057
142469130.109748
135169664.970871
128027113.063286
120992319.696292
114141856.773136
107435379.415702
100941955.843794
94639325.314888
88587195.7933379
82765787.5940241
77223389.8517492
71949271.5028461
66978003.5209516
62295045.1924882
57924411.6948362
53848056.2638376
50075583.7640028
46585739.6712548
43377856.7982619
40428007.9404311
37729032.8608806
35256723.6044708
33002285.0144963
30943599.5171807
29069688.2386073
27359449.1009077
25800479.9321064
24375345.5219109
23074547.5990942
21883472.8883806
20797232.6749719
19803669.0399809
18891311.1295533
18045623.8324789
17261974.9235532
16536491.0487792
15868918.1046526
15252674.7527293
14683067.6520732
14152841.0409996
13658030.0828745
13193051.7036914
12756578.0710231
12346301.5311426
11962122.3521947
11600764.6608171
11261001.1280042
10939838.1932895
10636453.070416
10348170.2922842
10074438.6216685
9813378.62799645
9565351.20147369
9328864.26083822
9103624.73628112
8887699.9483329
8681027.77872416
8482173.21559844
8291283.19133818
8107116.55410723
7929901.42547568
7758526.71013278
7593267.42313699
7433142.20046719
7278475.74452423
7128341.43458205
6983046.49956952
6841861.28729038
6705270.65689499
6572428.07652276
6443446.65297531
6317520.19523046
6194988.1164502
6075206.30249474
5958524.51271917
5844343.99229644
5733007.31655939
5623955.25081817
5517521.48361978
5413182.7585084
5311263.14373273
5211272.46944478
5113524.65117966
5017559.8507532
4923681.29959594
4831456.99327862
4741179.18521351
4652441.54707664
4565525.23302275
4480047.63948755
4396278.8272593
4313858.22813021
4233044.92117308
4153498.85678673
4075468.3219866
3998632.41254698
3923228.84378393
3848954.60065468
3776037.08453961
3704190.03857405
3633630.83539843
3564088.93123826
3495771.95280656
3428424.10103038
3362243.5506402
3296988.36126033
3232847.56979387
3169592.30783936
3107402.80985622
3046062.54503911
2985743.25975024
2926240.06888057
2867716.54202837
2809978.79873289
2753182.53513122
2697144.272176
2642012.12846844
2587612.46770622
2534086.12518155
2481268.79160609
2429294.30742712
2378007.20416273
2327534.60660568
2277729.43510182
2228712.36827303
2180344.28719363
2132739.68519096
2085767.00344502
2039534.8027092
1993918.70750704
1949021.58369892
1904725.88069851
1861129.01966827
1818119.9501588
1775790.87095177
1734036.90360573
1692945.24633792
1652416.88716241
1612534.24414522
1573203.88944893
1534503.65867556
1496345.42139423
1458802.64978214
1421792.25744727
1385383.53798205
1349498.18633719
1314201.53102202
1279419.79912871
1245214.53951485
1211516.27514553
1178382.96735888
1145749.20387246
1113669.5454877
1082082.41648686
1051039.1658001
1020481.83118862
990458.736102381
960915.312335265
931897.039587576
903352.537105395
875324.614936993
847764.881101671
820713.64627452
794125.306115057
768037.84042909
742408.256534512
717272.354628117
692589.575281618
668393.685867362
644646.400594571
621379.60002486
598557.112021117
576209.047162699
554301.227029275
532862.104376526
511859.35789592
491319.894090783
471213.135442497
451564.530504107
432345.152081643
413579.061653282
395238.906368303
377347.426167028
359878.760930416
342854.388238636
326249.880638122
310085.50343542
294338.198375451
279027.059516992
264130.345063096
249666.014985645
235613.664486163
221990.217340024
208776.539199139
195988.323139697
183607.598191268
171649.067642899
160095.985000866
148961.902528937
138231.250870066
127915.99408736
117996.058500971
108453.92433233
99357.6771716965
90684.0145598673
82403.3209821898
74539.3393644626
67068.2845335424
59997.8364912463
53321.504621138
47044.777475341
41161.3493225778
35675.6192892865
30582.1979795355
25884.6965357845
21578.6667197198
17667.0235590253
14146.210031662
11018.4980225926
8281.15751203496
5935.86855005135
3980.66969437468
2416.70426109656
1242.7225732595
459.250520909124
65.4663629982543
62.2460863814723
449.591802225542
1226.63021505246
2394.18462714953
3951.71643647256
5900.49844645267
8239.36336794265
10970.3029004628
14091.6049191491
17606.0379119972
21511.2894558056
25810.9633046762
30502.0960497401
35589.1901107154
41068.578475206
46945.7129088896
53216.131113167
59886.2103165025
66950.3976527107
74415.2847526077
82273.0060656555
90547.2719452405
99214.7671448056
108304.601699744
117840.750640113
127754.668771951
138063.810829868
148788.454949186
159916.477803414
171463.619157476
183416.165530569
195791.021004638
208573.324047954
221781.211729275
235398.822899548
249445.462362853
263904.055078228
278795.167212711
294100.677896876
309842.478477275
326001.331856647
342600.439219837
359619.40065129
377082.780152914
394968.971527863
413303.96432253
432064.893775063
451279.229576203
470922.80733816
491024.658750594
511559.234136689
532557.211328451
553991.592115108
575894.789059199
598238.264130086
621056.282911702
644318.654497339
668061.627771592
692253.253302014
716931.886586263
742063.695685747
767689.305448278
793772.856958962
820357.400796014
847404.907193096
874961.030842886
902985.414076924
931526.49898542
960541.430943234
990081.636299911
1020101.59157066
1050655.91251962
1081696.23222296
1113280.55920915
1145357.50158992
1177988.68121194
1211119.49400626
1244815.39884364
1279018.39106714
1313797.99489278
1349092.61588638
1384976.07606841
1421382.99951471
1458391.74715426
1495932.96991225
1534089.80828676
1572788.74224685
1612117.95967984
1651999.56492274
1692527.04499256
1733617.92769491
1775371.28858345
1817699.86747
1860708.60725053
1904305.23931829
1948600.88541957
1993498.05772417
2039114.37939303
2085346.91200611
2132320.108662
2179925.33195407
2228294.22026676
2277312.19995122
2327118.47364077
2377592.2783058
2428880.78154754
2480856.77014794
2533675.80411888
2587203.95126121
2641605.61734992
2696739.86824066
2752780.4399021
2809579.11260145
2867319.47296191
2925845.71777003
2985351.83782038
3045674.15093017
3107017.65683451
3169210.49253989
3232469.3103944
3296613.75587438
3361872.82481092
3428057.35060303
3495409.40046411
3563730.66347437
3633277.07529516
3703840.87143552
3775692.73986269
3848615.16752661
3922894.56561212
3998303.38286656
4075144.78759662
4153180.90095843
4232732.79066787
4313551.99938211
4395978.75033517
4479753.78435054
4565237.85268733
4652160.70912709
4740905.15043003
4831189.82758893
4923421.27462548
5017307.0341644
5113279.32370027
5211034.69523137
5311033.20940086
5412960.72552438
5517307.65282811
5623749.68610773
5732810.33493158
5844155.67090107
5958345.19817946
6075036.09843576
6194827.41183288
6317369.1242445
6443305.63114216
6572297.13885957
6705149.91570516
6841750.56517525
6982946.35853547
7128252.34782536
7278398.27918355
7433076.49993012
7593214.038488
7758485.93194264
7929873.87228869
8107102.51075966
8291283.31013185
8482187.81125073
8681057.5431419
8887745.21100483
9103686.17203941
9328942.04097188
9565445.78149777
9813490.5724276
10074569.4357653
10348320.9037307
10636624.4056545
10940030.6712892
11261215.7052723
11601002.0439291
11962383.6963721
12346587.6532459
12756891.1495244
13193394.624517
13658405.7252625
14153250.3547476
14683511.1410365
15253152.4606813
15869431.0855085
16537040.445841
17262565.046313
18046261.3465492
18892002.1609296
19804415.4445771
20798034.0484426
21884331.0025839
23075469.5006891
24376337.6147846
25801548.2792103
27360601.5130132
29070933.4382507
30944947.0489053
33003747.9524342
35258315.7056995
37730771.3296993
40429912.363693
43379950.986401
46588050.174564
50078141.9964953
53850896.8108433
57927575.605143
62298575.4113301
66981947.8047937
71953679.5638548
77228313.7794253
82771278.8212916
88593308.8727772
94646109.1352376
100949461.30248
107443651.73026
114150941.751144
121002252.381778
128037931.930439
135181397.495255
142481808.743256
149848112.507939
157349273.388067
164884378.86486
172538525.095795
180203545.339195
187980542.610163
195734983.988174
203583021.405738
211385485.319683
219278372.178288
227096469.525005
234990756.842121
242786511.481103
250659603.920141
258411054.502091
266231504.923476
273902133.332605
281643481.104886
289218099.060452
296859865.136301
304307687.420672
311828694.965932
319148375.28288
326498499.462734
)
;

boundaryField
{
    electrode
    {
        type            calculated;
        value           uniform 330102309.436375;
    }
    ground
    {
        type            calculated;
        value           uniform 330139610.598779;
    }
    otherfaces
    {
        type            empty;
    }
}


// ************************************************************************* //
