/*--------------------------------*- C++ -*----------------------------------*\
| =========                 |                                                 |
| \\      /  F ield         | foam-extend: Open Source CFD                    |
|  \\    /   O peration     | Version:     4.1                                |
|   \\  /    A nd           | Web:         http://www.foam-extend.org         |
|    \\/     M anipulation  |                                                 |
\*---------------------------------------------------------------------------*/
FoamFile
{
    version     2.0;
    format      ascii;
    class       volVectorField;
    location    "1.50099999934947e-05";
    object      term4;
}
// * * * * * * * * * * * * * * * * * * * * * * * * * * * * * * * * * * * * * //

dimensions      [0 -2 -2 0 0 0 0];

internalField   nonuniform List<vector> 
500
(
(8.53693596202089e+23 0 0)
(1.45834405885581e+24 0 0)
(1.2202187259631e+24 0 0)
(1.32493599850604e+24 0 0)
(1.37676997170821e+24 0 0)
(1.44845495479098e+24 0 0)
(1.52157445004572e+24 0 0)
(1.59827840273376e+24 0 0)
(1.67947945912834e+24 0 0)
(1.77043427470356e+24 0 0)
(1.87337288195178e+24 0 0)
(1.98411994240302e+24 0 0)
(2.09990316522806e+24 0 0)
(2.22425583868957e+24 0 0)
(2.36008741001246e+24 0 0)
(2.50535837253047e+24 0 0)
(2.65803741980587e+24 0 0)
(2.82219717034391e+24 0 0)
(3.00279446826238e+24 0 0)
(3.2004097701641e+24 0 0)
(3.41596578412693e+24 0 0)
(3.64917578215717e+24 0 0)
(3.8985617900388e+24 0 0)
(4.16360573188626e+24 0 0)
(4.441477863762e+24 0 0)
(4.73321066849635e+24 0 0)
(5.04272657063557e+24 0 0)
(5.37545330772724e+24 0 0)
(5.72117120378919e+24 0 0)
(6.06820202984998e+24 0 0)
(6.4177675795581e+24 0 0)
(6.77781649743345e+24 0 0)
(7.13738904264501e+24 0 0)
(7.47488292413369e+24 0 0)
(7.79181685266177e+24 0 0)
(8.09903143744105e+24 0 0)
(8.37695586039819e+24 0 0)
(8.61557704984903e+24 0 0)
(8.83590985439626e+24 0 0)
(9.01779764496978e+24 0 0)
(9.15876304354933e+24 0 0)
(9.27251853209631e+24 0 0)
(9.33735773542384e+24 0 0)
(9.37704966542223e+24 0 0)
(9.38150113917255e+24 0 0)
(9.34269459111858e+24 0 0)
(9.29460259584834e+24 0 0)
(9.22430327065105e+24 0 0)
(9.14999128806868e+24 0 0)
(9.06936063265333e+24 0 0)
(8.9545095434101e+24 0 0)
(8.84441622395606e+24 0 0)
(8.72382454580863e+24 0 0)
(8.58226065675573e+24 0 0)
(8.47588047739519e+24 0 0)
(8.40238177424284e+24 0 0)
(8.30858719464482e+24 0 0)
(8.17288135816601e+24 0 0)
(8.01341870490345e+24 0 0)
(7.8769765259311e+24 0 0)
(7.77731125128652e+24 0 0)
(7.68894751072463e+24 0 0)
(7.60360619304454e+24 0 0)
(7.51888682060646e+24 0 0)
(7.42850022630689e+24 0 0)
(7.32885557320942e+24 0 0)
(7.2252971522838e+24 0 0)
(7.13451148193034e+24 0 0)
(7.05660889525272e+24 0 0)
(6.9814125699821e+24 0 0)
(6.90866279835289e+24 0 0)
(6.83907377517358e+24 0 0)
(6.77150032963877e+24 0 0)
(6.70405648836716e+24 0 0)
(6.6352657010938e+24 0 0)
(6.56844676381423e+24 0 0)
(6.50903248564959e+24 0 0)
(6.45500212608819e+24 0 0)
(6.40049319984815e+24 0 0)
(6.34628056624282e+24 0 0)
(6.29305575969863e+24 0 0)
(6.24106206630046e+24 0 0)
(6.18999967813953e+24 0 0)
(6.14011122751087e+24 0 0)
(6.09105511337668e+24 0 0)
(6.04290273260511e+24 0 0)
(5.99534604162079e+24 0 0)
(5.94890672013396e+24 0 0)
(5.90339808596057e+24 0 0)
(5.85825205418596e+24 0 0)
(5.81292550841904e+24 0 0)
(5.77003925886998e+24 0 0)
(5.73027500807224e+24 0 0)
(5.69015610568491e+24 0 0)
(5.64870158407281e+24 0 0)
(5.60790199002147e+24 0 0)
(5.56731673039851e+24 0 0)
(5.52715810341058e+24 0 0)
(5.48717289809147e+24 0 0)
(5.44757881339666e+24 0 0)
(5.40812698429437e+24 0 0)
(5.3690356970238e+24 0 0)
(5.33005883861044e+24 0 0)
(5.29141461553914e+24 0 0)
(5.25286064150728e+24 0 0)
(5.21461380050307e+24 0 0)
(5.17643555822512e+24 0 0)
(5.13854166503967e+24 0 0)
(5.10069703197928e+24 0 0)
(5.06311592428403e+24 0 0)
(5.02556695334519e+24 0 0)
(4.98826270033432e+24 0 0)
(4.95097522695515e+24 0 0)
(4.91391528618606e+24 0 0)
(4.87685853378445e+24 0 0)
(4.8400136568314e+24 0 0)
(4.80315982146763e+24 0 0)
(4.76650356796987e+24 0 0)
(4.72982758199688e+24 0 0)
(4.69333609462708e+24 0 0)
(4.65681533414437e+24 0 0)
(4.62046706696171e+24 0 0)
(4.58408105515044e+24 0 0)
(4.54785659087665e+24 0 0)
(4.51158691039102e+24 0 0)
(4.47546864353968e+24 0 0)
(4.43929861594461e+24 0 0)
(4.40327076066809e+24 0 0)
(4.36718540780789e+24 0 0)
(4.33123367981076e+24 0 0)
(4.295219500087e+24 0 0)
(4.2593310865268e+24 0 0)
(4.22337599552665e+24 0 0)
(4.18753934076492e+24 0 0)
(4.15163246753491e+24 0 0)
(4.11583730863286e+24 0 0)
(4.0799690022729e+24 0 0)
(4.04420608137655e+24 0 0)
(4.00836767872445e+24 0 0)
(3.97262884842689e+24 0 0)
(3.93681274637586e+24 0 0)
(3.90109075637689e+24 0 0)
(3.86529015907273e+24 0 0)
(3.82957860391032e+24 0 0)
(3.79378769874446e+24 0 0)
(3.7580811618872e+24 0 0)
(3.72229489964942e+24 0 0)
(3.68658862778571e+24 0 0)
(3.65080273739725e+24 0 0)
(3.61509268798897e+24 0 0)
(3.57930341967338e+24 0 0)
(3.54358614767433e+24 0 0)
(3.50779066154834e+24 0 0)
(3.47206409301774e+24 0 0)
(3.43625945993502e+24 0 0)
(3.40051798331272e+24 0 0)
(3.36470422824386e+24 0 0)
(3.32895618176962e+24 0 0)
(3.29313741326443e+24 0 0)
(3.25737779946854e+24 0 0)
(3.22154729343831e+24 0 0)
(3.18577068891217e+24 0 0)
(3.14992475873447e+24 0 0)
(3.11412826359451e+24 0 0)
(3.07826517460951e+24 0 0)
(3.04244700965097e+24 0 0)
(3.00656591261232e+24 0 0)
(2.97072488126186e+24 0 0)
(2.93482556858566e+24 0 0)
(2.89896064043547e+24 0 0)
(2.86304337752107e+24 0 0)
(2.82715374410762e+24 0 0)
(2.7912192928815e+24 0 0)
(2.75530410508428e+24 0 0)
(2.71935371501661e+24 0 0)
(2.68341214305392e+24 0 0)
(2.64744750803499e+24 0 0)
(2.61147859094869e+24 0 0)
(2.57550198127964e+24 0 0)
(2.53950458627808e+24 0 0)
(2.5035188227929e+24 0 0)
(2.46749155285415e+24 0 0)
(2.43150004608666e+24 0 0)
(2.39544125941289e+24 0 0)
(2.35944800552043e+24 0 0)
(2.32335563208149e+24 0 0)
(2.287365331432e+24 0 0)
(2.25123692993127e+24 0 0)
(2.21525489684608e+24 0 0)
(2.17908753516724e+24 0 0)
(2.14311986385938e+24 0 0)
(2.106909998263e+24 0 0)
(2.07096358100501e+24 0 0)
(2.03470699292048e+24 0 0)
(1.99878963280877e+24 0 0)
(1.96248126040763e+24 0 0)
(1.92660180886527e+24 0 0)
(1.89023558672189e+24 0 0)
(1.85440425726767e+24 0 0)
(1.81797268427281e+24 0 0)
(1.78220138174289e+24 0 0)
(1.74569531364902e+24 0 0)
(1.70999774572801e+24 0 0)
(1.67340617845083e+24 0 0)
(1.63779784284411e+24 0 0)
(1.60110822646959e+24 0 0)
(1.5656069986951e+24 0 0)
(1.52880367825715e+24 0 0)
(1.4934294407032e+24 0 0)
(1.45649680796466e+24 0 0)
(1.4212689569215e+24 0 0)
(1.3841901612556e+24 0 0)
(1.34912896163826e+24 0 0)
(1.31189171603978e+24 0 0)
(1.27700783099974e+24 0 0)
(1.23960881356313e+24 0 0)
(1.20491034915927e+24 0 0)
(1.16734211412875e+24 0 0)
(1.13284291528401e+24 0 0)
(1.09508820683195e+24 0 0)
(1.06078489119029e+24 0 0)
(1.02286374839052e+24 0 0)
(9.88767784214013e+23 0 0)
(9.50911835762075e+23 0 0)
(9.1822483530053e+23 0 0)
(8.81142993725977e+23 0 0)
(8.37927227380847e+23 0 0)
(8.07847777950259e+23 0 0)
(7.72759755278236e+23 0 0)
(7.34950849124792e+23 0 0)
(7.00543675516205e+23 0 0)
(6.62737596464323e+23 0 0)
(6.28616925007855e+23 0 0)
(5.90797302257546e+23 0 0)
(5.56774921945934e+23 0 0)
(5.18938588915452e+23 0 0)
(4.84987260588904e+23 0 0)
(4.47136248619008e+23 0 0)
(4.13220835024709e+23 0 0)
(3.75404311210091e+23 0 0)
(3.41482637745348e+23 0 0)
(3.03717538796393e+23 0 0)
(2.69763198829675e+23 0 0)
(2.32086276107667e+23 0 0)
(1.98080382496741e+23 0 0)
(1.60588107779683e+23 0 0)
(1.26214801924943e+23 0 0)
(8.98498159484211e+22 0 0)
(5.81073229284396e+22 0 0)
(5.16287072538782e+21 0 0)
(-5.13968806584843e+21 0 0)
(-5.80663087230061e+22 0 0)
(-8.98206404657982e+22 0 0)
(-1.26185487798866e+23 0 0)
(-1.60558957446508e+23 0 0)
(-1.98048632691255e+23 0 0)
(-2.32057411513738e+23 0 0)
(-2.6972996508133e+23 0 0)
(-3.03689105123376e+23 0 0)
(-3.41459013332038e+23 0 0)
(-3.75362390198013e+23 0 0)
(-4.13191632216079e+23 0 0)
(-4.47119146623081e+23 0 0)
(-4.8495038825273e+23 0 0)
(-5.18907849152934e+23 0 0)
(-5.56748374311219e+23 0 0)
(-5.907793353526e+23 0 0)
(-6.28568415769708e+23 0 0)
(-6.62730308090331e+23 0 0)
(-7.00502464922248e+23 0 0)
(-7.34913912836967e+23 0 0)
(-7.72731150477773e+23 0 0)
(-8.07782965006355e+23 0 0)
(-8.38010675580291e+23 0 0)
(-8.81099853371963e+23 0 0)
(-9.18153668836012e+23 0 0)
(-9.50896938594217e+23 0 0)
(-9.88714901825156e+23 0 0)
(-1.0228513436139e+24 0 0)
(-1.06075588503559e+24 0 0)
(-1.09506710447371e+24 0 0)
(-1.13281405825858e+24 0 0)
(-1.16731010761183e+24 0 0)
(-1.20489096143617e+24 0 0)
(-1.23957800404744e+24 0 0)
(-1.276981601377e+24 0 0)
(-1.31186725137519e+24 0 0)
(-1.34910088923678e+24 0 0)
(-1.38416638520114e+24 0 0)
(-1.42124205502509e+24 0 0)
(-1.45647154025747e+24 0 0)
(-1.49340453636827e+24 0 0)
(-1.52877899073112e+24 0 0)
(-1.56558258570807e+24 0 0)
(-1.60108400110227e+24 0 0)
(-1.63777359651942e+24 0 0)
(-1.67338292624668e+24 0 0)
(-1.70997365015464e+24 0 0)
(-1.74567257739539e+24 0 0)
(-1.7821780037205e+24 0 0)
(-1.81795030390092e+24 0 0)
(-1.85438160956752e+24 0 0)
(-1.89021362111983e+24 0 0)
(-1.9265796554777e+24 0 0)
(-1.96245978355008e+24 0 0)
(-1.99876799644543e+24 0 0)
(-2.03468599019959e+24 0 0)
(-2.07094253405587e+24 0 0)
(-2.10688953878063e+24 0 0)
(-2.14309947867289e+24 0 0)
(-2.17906768681925e+24 0 0)
(-2.21523523434845e+24 0 0)
(-2.25121779090852e+24 0 0)
(-2.2873464132743e+24 0 0)
(-2.32333724954902e+24 0 0)
(-2.35942989282464e+24 0 0)
(-2.39542364135089e+24 0 0)
(-2.43148275831002e+24 0 0)
(-2.46747475558176e+24 0 0)
(-2.50350236134179e+24 0 0)
(-2.53948858881347e+24 0 0)
(-2.57548633767489e+24 0 0)
(-2.61146341604924e+24 0 0)
(-2.6474326954983e+24 0 0)
(-2.68339779123735e+24 0 0)
(-2.71933973832131e+24 0 0)
(-2.75529060042823e+24 0 0)
(-2.79120618403766e+24 0 0)
(-2.82714109456357e+24 0 0)
(-2.86303114731379e+24 0 0)
(-2.89894888531673e+24 0 0)
(-2.93481422556985e+24 0 0)
(-2.97071401104062e+24 0 0)
(-3.00655550402572e+24 0 0)
(-3.04243708028272e+24 0 0)
(-3.07825568889317e+24 0 0)
(-3.11411926875311e+24 0 0)
(-3.14991622631117e+24 0 0)
(-3.18576266755477e+24 0 0)
(-3.22153971812509e+24 0 0)
(-3.2573707340278e+24 0 0)
(-3.29313084632984e+24 0 0)
(-3.32895010511682e+24 0 0)
(-3.36469863889409e+24 0 0)
(-3.40051293540218e+24 0 0)
(-3.43625489324033e+24 0 0)
(-3.47206007482928e+24 0 0)
(-3.50778717228953e+24 0 0)
(-3.54358316593246e+24 0 0)
(-3.57930096457013e+24 0 0)
(-3.6150907833709e+24 0 0)
(-3.65080137349519e+24 0 0)
(-3.68658778999092e+24 0 0)
(-3.7222946203866e+24 0 0)
(-3.75808140683105e+24 0 0)
(-3.79378851496056e+24 0 0)
(-3.82957995980532e+24 0 0)
(-3.86529207551501e+24 0 0)
(-3.90109321032879e+24 0 0)
(-3.93681575782288e+24 0 0)
(-3.97263241240281e+24 0 0)
(-4.00837179685539e+24 0 0)
(-4.04421073239122e+24 0 0)
(-4.0799741846536e+24 0 0)
(-4.11584306933736e+24 0 0)
(-4.15163879563299e+24 0 0)
(-4.18754619317665e+24 0 0)
(-4.22338336720149e+24 0 0)
(-4.2593390299796e+24 0 0)
(-4.29522797440783e+24 0 0)
(-4.33124269603155e+24 0 0)
(-4.36719495770684e+24 0 0)
(-4.40328083830656e+24 0 0)
(-4.43930921702157e+24 0 0)
(-4.47547977828138e+24 0 0)
(-4.51159855221873e+24 0 0)
(-4.54786876708863e+24 0 0)
(-4.58409374202814e+24 0 0)
(-4.62048025114916e+24 0 0)
(-4.65682901341296e+24 0 0)
(-4.69335026066893e+24 0 0)
(-4.72984226000842e+24 0 0)
(-4.76651869088486e+24 0 0)
(-4.80317543346778e+24 0 0)
(-4.84002968711015e+24 0 0)
(-4.87687500184538e+24 0 0)
(-4.91393221587607e+24 0 0)
(-4.95099258255462e+24 0 0)
(-4.98828042868633e+24 0 0)
(-5.02558509789343e+24 0 0)
(-5.06313443713045e+24 0 0)
(-5.10071588239931e+24 0 0)
(-5.13856083849637e+24 0 0)
(-5.17645508457205e+24 0 0)
(-5.21463359644553e+24 0 0)
(-5.25288071113189e+24 0 0)
(-5.29143498029397e+24 0 0)
(-5.33007944604155e+24 0 0)
(-5.36905645596243e+24 0 0)
(-5.40814794766488e+24 0 0)
(-5.44759991438518e+24 0 0)
(-5.48719411516782e+24 0 0)
(-5.52717958201524e+24 0 0)
(-5.56733813011056e+24 0 0)
(-5.60792380011558e+24 0 0)
(-5.64872221564583e+24 0 0)
(-5.69017365832772e+24 0 0)
(-5.73028985039145e+24 0 0)
(-5.77005310748289e+24 0 0)
(-5.81293967038491e+24 0 0)
(-5.85826644331117e+24 0 0)
(-5.90341388130856e+24 0 0)
(-5.94891969065587e+24 0 0)
(-5.99535894048609e+24 0 0)
(-6.04291553904912e+24 0 0)
(-6.09106391862773e+24 0 0)
(-6.14012111135962e+24 0 0)
(-6.19000854350972e+24 0 0)
(-6.24106914031855e+24 0 0)
(-6.29306355705881e+24 0 0)
(-6.34628361723694e+24 0 0)
(-6.40048769562562e+24 0 0)
(-6.45499934093687e+24 0 0)
(-6.50902799103479e+24 0 0)
(-6.56841974322646e+24 0 0)
(-6.63522183829733e+24 0 0)
(-6.7040056142043e+24 0 0)
(-6.7714388359515e+24 0 0)
(-6.83899640188175e+24 0 0)
(-6.90856519754066e+24 0 0)
(-6.9812968362941e+24 0 0)
(-7.05647656297974e+24 0 0)
(-7.13435683212901e+24 0 0)
(-7.22509817166986e+24 0 0)
(-7.32858525807191e+24 0 0)
(-7.42815966960223e+24 0 0)
(-7.51848993832421e+24 0 0)
(-7.60315975762063e+24 0 0)
(-7.68847588086161e+24 0 0)
(-7.7768168983211e+24 0 0)
(-7.8762275001257e+24 0 0)
(-8.01228143341963e+24 0 0)
(-8.17171496294178e+24 0 0)
(-8.30768920727418e+24 0 0)
(-8.40140932468207e+24 0 0)
(-8.47418808987541e+24 0 0)
(-8.58020319744402e+24 0 0)
(-8.72224310025617e+24 0 0)
(-8.84246702941643e+24 0 0)
(-8.95171492288051e+24 0 0)
(-9.06697802293872e+24 0 0)
(-9.14750655195808e+24 0 0)
(-9.2213231008122e+24 0 0)
(-9.29212266599146e+24 0 0)
(-9.34002008564032e+24 0 0)
(-9.37886815597561e+24 0 0)
(-9.37466399063065e+24 0 0)
(-9.334767275173e+24 0 0)
(-9.27089995000956e+24 0 0)
(-9.15753374334603e+24 0 0)
(-9.01704648948714e+24 0 0)
(-8.83623781320543e+24 0 0)
(-8.61578039969058e+24 0 0)
(-8.37850573184577e+24 0 0)
(-8.10189218933183e+24 0 0)
(-7.79366002050617e+24 0 0)
(-7.47729467474833e+24 0 0)
(-7.14165646257516e+24 0 0)
(-6.78143094866704e+24 0 0)
(-6.41995381166989e+24 0 0)
(-6.07131478144175e+24 0 0)
(-5.72595365767129e+24 0 0)
(-5.37999173643609e+24 0 0)
(-5.04529551382492e+24 0 0)
(-4.73465886917239e+24 0 0)
(-4.44349171733416e+24 0 0)
(-4.1662702127087e+24 0 0)
(-3.90176685572932e+24 0 0)
(-3.65257296155426e+24 0 0)
(-3.41752830025476e+24 0 0)
(-3.19969579531398e+24 0 0)
(-3.00268183668823e+24 0 0)
(-2.82395507857573e+24 0 0)
(-2.65962272908347e+24 0 0)
(-2.50563532918463e+24 0 0)
(-2.3605465395475e+24 0 0)
(-2.22599636481672e+24 0 0)
(-2.10153038708441e+24 0 0)
(-1.98436599479916e+24 0 0)
(-1.87268781425378e+24 0 0)
(-1.7699779058449e+24 0 0)
(-1.67970352324096e+24 0 0)
(-1.59794974725245e+24 0 0)
(-1.52025009639983e+24 0 0)
(-1.44776576617701e+24 0 0)
(-1.37771568178253e+24 0 0)
(-1.32556323738255e+24 0 0)
(-1.22205289793107e+24 0 0)
(-1.45822576753956e+24 0 0)
(-8.51517031586427e+23 0 0)
)
;

boundaryField
{
    electrode
    {
        type            calculated;
        value           uniform (0 0 0);
    }
    ground
    {
        type            calculated;
        value           uniform (0 0 0);
    }
    otherfaces
    {
        type            empty;
    }
}


// ************************************************************************* //
