/*--------------------------------*- C++ -*----------------------------------*\
| =========                 |                                                 |
| \\      /  F ield         | foam-extend: Open Source CFD                    |
|  \\    /   O peration     | Version:     4.1                                |
|   \\  /    A nd           | Web:         http://www.foam-extend.org         |
|    \\/     M anipulation  |                                                 |
\*---------------------------------------------------------------------------*/
FoamFile
{
    version     2.0;
    format      ascii;
    class       volVectorField;
    location    "1.50099999934947e-05";
    object      velocityArp1;
}
// * * * * * * * * * * * * * * * * * * * * * * * * * * * * * * * * * * * * * //

dimensions      [0 1 -1 0 0 0 0];

internalField   nonuniform List<vector> 
500
(
(-3988.02118680373 0 0)
(-3918.14431902992 0 0)
(-3871.99725824614 0 0)
(-3821.18007532092 0 0)
(-3770.20900369992 0 0)
(-3718.40506346854 0 0)
(-3665.73191896498 0 0)
(-3612.02234739642 0 0)
(-3557.29719678839 0 0)
(-3501.72647986862 0 0)
(-3445.04173280168 0 0)
(-3386.8274626394 0 0)
(-3327.11103023087 0 0)
(-3266.02144785827 0 0)
(-3203.81738463009 0 0)
(-3140.30237889336 0 0)
(-3075.44568779142 0 0)
(-3009.36582048571 0 0)
(-2942.3410943308 0 0)
(-2874.15889052447 0 0)
(-2804.53883040844 0 0)
(-2733.25207958907 0 0)
(-2660.71987898802 0 0)
(-2586.99860447655 0 0)
(-2512.34589394311 0 0)
(-2437.04192768492 0 0)
(-2361.2514724769 0 0)
(-2284.93505913296 0 0)
(-2208.16633873171 0 0)
(-2131.54149044353 0 0)
(-2055.54708600175 0 0)
(-1980.34422953627 0 0)
(-1905.93192795516 0 0)
(-1832.96485770139 0 0)
(-1762.01893643866 0 0)
(-1693.18137178031 0 0)
(-1626.58007506974 0 0)
(-1562.78517225796 0 0)
(-1501.77742479046 0 0)
(-1443.4546483184 0 0)
(-1388.22505933208 0 0)
(-1335.81956383603 0 0)
(-1286.34388066127 0 0)
(-1239.84092304089 0 0)
(-1195.95490477128 0 0)
(-1154.91057834113 0 0)
(-1116.48799356813 0 0)
(-1080.4516257786 0 0)
(-1046.73548119937 0 0)
(-1014.91196400946 0 0)
(-985.047290212111 0 0)
(-957.042242472059 0 0)
(-930.589184439799 0 0)
(-905.824988452361 0 0)
(-882.568416669945 0 0)
(-860.436315554533 0 0)
(-839.29114364109 0 0)
(-819.214562431339 0 0)
(-800.272921663066 0 0)
(-782.421639482792 0 0)
(-765.442443231622 0 0)
(-749.213096579876 0 0)
(-733.674617261977 0 0)
(-718.770862155427 0 0)
(-704.462330407038 0 0)
(-690.734406744769 0 0)
(-677.584396362974 0 0)
(-664.976717724311 0 0)
(-652.835519797597 0 0)
(-641.128357488154 0 0)
(-629.830510971131 0 0)
(-618.914919772308 0 0)
(-608.356868974239 0 0)
(-598.135501950865 0 0)
(-588.239322945842 0 0)
(-578.658014572491 0 0)
(-569.371546942649 0 0)
(-560.345817357582 0 0)
(-551.56947776597 0 0)
(-543.033427441046 0 0)
(-534.727001482305 0 0)
(-526.638830813927 0 0)
(-518.759102355424 0 0)
(-511.077743924905 0 0)
(-503.585946614419 0 0)
(-496.274818826562 0 0)
(-489.137057801388 0 0)
(-482.165356778942 0 0)
(-475.352334128649 0 0)
(-468.690503710303 0 0)
(-462.175841719286 0 0)
(-455.803914815961 0 0)
(-449.565231587515 0 0)
(-443.450891004394 0 0)
(-437.459783803787 0 0)
(-431.587210456279 0 0)
(-425.829100306389 0 0)
(-420.181018654304 0 0)
(-414.639259122883 0 0)
(-409.199819578308 0 0)
(-403.859384046671 0 0)
(-398.614342219353 0 0)
(-393.461697140681 0 0)
(-388.398143795329 0 0)
(-383.420937336447 0 0)
(-378.527032812313 0 0)
(-373.713926465332 0 0)
(-368.978836761338 0 0)
(-364.319499572788 0 0)
(-359.733376060735 0 0)
(-355.218404077049 0 0)
(-350.772240232352 0 0)
(-346.392983791433 0 0)
(-342.078459162062 0 0)
(-337.826916738925 0 0)
(-333.636345574887 0 0)
(-329.505144519233 0 0)
(-325.431456977827 0 0)
(-321.41381305917 0 0)
(-317.450488434635 0 0)
(-313.540124320261 0 0)
(-309.681111491186 0 0)
(-305.872191536301 0 0)
(-302.111862950236 0 0)
(-298.398962403554 0 0)
(-294.732089199366 0 0)
(-291.110166886616 0 0)
(-287.531885678219 0 0)
(-283.99624657083 0 0)
(-280.502021192462 0 0)
(-277.048280453209 0 0)
(-273.633870352398 0 0)
(-270.257926323167 0 0)
(-266.919363266671 0 0)
(-263.617376103142 0 0)
(-260.350942757398 0 0)
(-257.119312842844 0 0)
(-253.921521979446 0 0)
(-250.756869389847 0 0)
(-247.624443887974 0 0)
(-244.523590499038 0 0)
(-241.45344678453 0 0)
(-238.413400177193 0 0)
(-235.402633286295 0 0)
(-232.420572708331 0 0)
(-229.466442626728 0 0)
(-226.539705855361 0 0)
(-223.639624797787 0 0)
(-220.765695696987 0 0)
(-217.917216532738 0 0)
(-215.09371432099 0 0)
(-212.294519744304 0 0)
(-209.519188578727 0 0)
(-206.767081954172 0 0)
(-204.037781998893 0 0)
(-201.330678212699 0 0)
(-198.645377090615 0 0)
(-195.981293742778 0 0)
(-193.338060883081 0 0)
(-190.715117311696 0 0)
(-188.112118312714 0 0)
(-185.52852466686 0 0)
(-182.964013142927 0 0)
(-180.418063785334 0 0)
(-177.890374711946 0 0)
(-175.380443003496 0 0)
(-172.887987805242 0 0)
(-170.412520353019 0 0)
(-167.953781645732 0 0)
(-165.511293761509 0 0)
(-163.084820970223 0 0)
(-160.67389196109 0 0)
(-158.278296810254 0 0)
(-155.897565892976 0 0)
(-153.531518749867 0 0)
(-151.179681000788 0 0)
(-148.841907070658 0 0)
(-146.517710022896 0 0)
(-144.206985986579 0 0)
(-141.909226074194 0 0)
(-139.624376980674 0 0)
(-137.351896563853 0 0)
(-135.09179295962 0 0)
(-132.843477375541 0 0)
(-130.607032421072 0 0)
(-128.381807427672 0 0)
(-126.167974538232 0 0)
(-123.964803718536 0 0)
(-121.772573977645 0 0)
(-119.590456549037 0 0)
(-117.41885635073 0 0)
(-115.256824952121 0 0)
(-113.104913914047 0 0)
(-110.962032644324 0 0)
(-108.828901403669 0 0)
(-106.704264048782 0 0)
(-104.589032397922 0 0)
(-102.481760864669 0 0)
(-100.383575781992 0 0)
(-98.2928186493856 0 0)
(-96.2108527225681 0 0)
(-94.135783626367 0 0)
(-92.0692333736102 0 0)
(-90.0090498236602 0 0)
(-87.957134077225 0 0)
(-85.9110570478805 0 0)
(-83.8730141836515 0 0)
(-81.8402848657971 0 0)
(-79.8153749561651 0 0)
(-77.7952531649989 0 0)
(-75.7827513560301 0 0)
(-73.7745167828106 0 0)
(-71.7737176080536 0 0)
(-69.7766656651151 0 0)
(-67.7868748726814 0 0)
(-65.8003341171871 0 0)
(-63.8208609601332 0 0)
(-61.8441693986061 0 0)
(-59.8743463580035 0 0)
(-57.9068110680698 0 0)
(-55.9460212992875 0 0)
(-53.9869850241087 0 0)
(-52.0345952494942 0 0)
(-50.083416920948 0 0)
(-48.1387146587201 0 0)
(-46.1953659772713 0 0)
(-44.25813096378 0 0)
(-42.3213771440197 0 0)
(-40.3891071474608 0 0)
(-38.4587559380543 0 0)
(-36.5328271538327 0 0)
(-34.6078422912606 0 0)
(-32.6871484333572 0 0)
(-30.7672076841296 0 0)
(-28.8512329523294 0 0)
(-26.9356947253445 0 0)
(-25.0238467251734 0 0)
(-23.1121610134933 0 0)
(-21.2038803279698 0 0)
(-19.2954974573784 0 0)
(-17.3902550872112 0 0)
(-15.4845794943602 0 0)
(-13.5818242399567 0 0)
(-11.6783198059589 0 0)
(-9.77750806056581 0 0)
(-7.87565192364842 0 0)
(-5.97623030381496 0 0)
(-4.07545434964816 0 0)
(-2.17684342808407 0 0)
(-0.276630492726376 0 0)
(1.62160349821201 0 0)
(3.52176438234377 0 0)
(5.42037111181398 0 0)
(7.32107667338709 0 0)
(9.22043104176788 0 0)
(11.1221846023127 0 0)
(13.0228888618194 0 0)
(14.9262373631554 0 0)
(16.8287406961166 0 0)
(18.7341904816203 0 0)
(20.639206609038 0 0)
(22.5474370421184 0 0)
(24.4555090296566 0 0)
(26.3669799386206 0 0)
(28.2786551233561 0 0)
(30.193999654876 0 0)
(32.1098479372871 0 0)
(34.0295931418266 0 0)
(35.9502418655988 0 0)
(37.8750128683204 0 0)
(39.800893350701 0 0)
(41.7310934878562 0 0)
(43.6631374756328 0 0)
(45.5988630291136 0 0)
(47.5385612985569 0 0)
(49.4828885948921 0 0)
(51.4282289566233 0 0)
(53.379896692178 0 0)
(55.3329691410377 0 0)
(57.2926666571486 0 0)
(59.2541933182916 0 0)
(61.2225096316597 0 0)
(63.193121753439 0 0)
(65.1707062414488 0 0)
(67.1510852901279 0 0)
(69.1385832441132 0 0)
(71.1293948752563 0 0)
(73.1274979082843 0 0)
(75.1294141779843 0 0)
(77.1388058282836 0 0)
(79.1525169684198 0 0)
(81.1738992984258 0 0)
(83.2001196605588 0 0)
(85.2342101172882 0 0)
(87.2736672830212 0 0)
(89.3212081643643 0 0)
(91.3746465342451 0 0)
(93.4364010985963 0 0)
(95.5045823708826 0 0)
(97.5813327235399 0 0)
(99.6650389530356 0 0)
(101.757588989675 0 0)
(103.857627045226 0 0)
(105.96680680723 0 0)
(108.084008917037 0 0)
(110.210674015821 0 0)
(112.345895853425 0 0)
(114.490926041186 0 0)
(116.645049257515 0 0)
(118.809353171971 0 0)
(120.983291087089 0 0)
(123.167809601811 0 0)
(125.362507619392 0 0)
(127.568211683206 0 0)
(129.784645505622 0 0)
(132.01253751034 0 0)
(134.251718593431 0 0)
(136.502839241645 0 0)
(138.765820140874 0 0)
(141.041250053468 0 0)
(143.329122693262 0 0)
(145.629979746282 0 0)
(147.94387586227 0 0)
(150.271320619363 0 0)
(152.612420074992 0 0)
(154.967663091888 0 0)
(157.337196816221 0 0)
(159.721496933985 0 0)
(162.120743934568 0 0)
(164.53540877248 0 0)
(166.96570204885 0 0)
(169.412098146626 0 0)
(171.874834174174 0 0)
(174.354391233445 0 0)
(176.851028073623 0 0)
(179.365235509932 0 0)
(181.897293609302 0 0)
(184.447709082635 0 0)
(187.016784447138 0 0)
(189.605044777477 0 0)
(192.212812778348 0 0)
(194.840631446864 0 0)
(197.488843244097 0 0)
(200.158013911795 0 0)
(202.848510226201 0 0)
(205.56092390862 0 0)
(208.295647891302 0 0)
(211.053298164342 0 0)
(213.83428947213 0 0)
(216.639265997126 0 0)
(219.468670470469 0 0)
(222.323180569807 0 0)
(225.203268016617 0 0)
(228.109642419809 0 0)
(231.042803379781 0 0)
(234.003495310081 0 0)
(236.992252791216 0 0)
(240.009861868102 0 0)
(243.056894264226 0 0)
(246.134176452058 0 0)
(249.242315970372 0 0)
(252.382183854194 0 0)
(255.55443138993 0 0)
(258.75998215173 0 0)
(261.999534002658 0 0)
(265.27406207365 0 0)
(268.584311007099 0 0)
(271.931313861452 0 0)
(275.315871724234 0 0)
(278.739084039525 0 0)
(282.201810878399 0 0)
(285.705218426437 0 0)
(289.250228435764 0 0)
(292.83808350102 0 0)
(296.469778920317 0 0)
(300.146642122978 0 0)
(303.869744184292 0 0)
(307.640500331661 0 0)
(311.460065512888 0 0)
(315.329956661299 0 0)
(319.251424956949 0 0)
(323.226096902161 0 0)
(327.255324465579 0 0)
(331.340852605844 0 0)
(335.484148555842 0 0)
(339.687093329101 0 0)
(343.951281653322 0 0)
(348.278739637551 0 0)
(352.671200025129 0 0)
(357.130852811494 0 0)
(361.659590037281 0 0)
(366.259784650071 0 0)
(370.93350176855 0 0)
(375.683314124384 0 0)
(380.511482546976 0 0)
(385.420808645965 0 0)
(390.413773681766 0 0)
(395.493431432529 0 0)
(400.66250836675 0 0)
(405.924342520119 0 0)
(411.281941795516 0 0)
(416.738967605887 0 0)
(422.298739596965 0 0)
(427.965283268722 0 0)
(433.742277764509 0 0)
(439.634162164115 0 0)
(445.644986595618 0 0)
(451.779486155317 0 0)
(458.037134088212 0 0)
(464.426575274867 0 0)
(470.957895419559 0 0)
(477.635724040457 0 0)
(484.464029969773 0 0)
(491.450255307382 0 0)
(498.601825176756 0 0)
(505.92644275586 0 0)
(513.431368245719 0 0)
(521.125568496255 0 0)
(529.018419146448 0 0)
(537.120200693523 0 0)
(545.440829321469 0 0)
(553.991826291282 0 0)
(562.783982108107 0 0)
(571.826196962172 0 0)
(581.131556066757 0 0)
(590.731022402462 0 0)
(600.644157201017 0 0)
(610.881255844382 0 0)
(621.453749652511 0 0)
(632.382350213663 0 0)
(643.691476215949 0 0)
(655.4076779916 0 0)
(667.55517705386 0 0)
(680.169339061802 0 0)
(693.340871250492 0 0)
(707.10004001978 0 0)
(721.448804333372 0 0)
(736.393781989041 0 0)
(751.963542780585 0 0)
(768.210406658509 0 0)
(785.187323319792 0 0)
(803.024844237007 0 0)
(822.011923282992 0 0)
(842.128537808101 0 0)
(863.301431596356 0 0)
(885.44868931472 0 0)
(908.735078696217 0 0)
(933.512097603498 0 0)
(959.919076851411 0 0)
(987.88747089976 0 0)
(1017.7445179382 0 0)
(1049.53251018181 0 0)
(1083.2195906836 0 0)
(1119.23421382704 0 0)
(1157.57439371196 0 0)
(1198.48833027888 0 0)
(1242.23079880311 0 0)
(1288.57570253579 0 0)
(1337.90123814334 0 0)
(1390.1189197739 0 0)
(1445.15834819584 0 0)
(1503.28501220051 0 0)
(1564.09401230901 0 0)
(1627.69800265308 0 0)
(1694.05161016862 0 0)
(1762.64585071034 0 0)
(1833.40477841726 0 0)
(1906.14311725206 0 0)
(1980.31521190621 0 0)
(2055.37335329436 0 0)
(2131.32026976949 0 0)
(2207.80024191738 0 0)
(2284.39641763281 0 0)
(2360.63018701121 0 0)
(2436.42996476385 0 0)
(2511.80058046946 0 0)
(2586.45241087927 0 0)
(2660.17177675583 0 0)
(2732.65888239525 0 0)
(2803.86229698931 0 0)
(2873.64772181057 0 0)
(2942.19056974678 0 0)
(3009.33747747481 0 0)
(3075.29874963158 0 0)
(3140.22064791021 0 0)
(3203.99684640194 0 0)
(3266.3366940703 0 0)
(3327.30089590404 0 0)
(3387.04547566486 0 0)
(3445.52277357831 0 0)
(3502.50899129756 0 0)
(3558.21165340652 0 0)
(3612.94548832656 0 0)
(3666.90073114602 0 0)
(3719.96452455569 0 0)
(3771.98531986681 0 0)
(3822.77469146346 0 0)
(3873.62056212127 0 0)
(3919.82154120273 0 0)
(3989.74502901093 0 0)
)
;

boundaryField
{
    electrode
    {
        type            zeroGradient;
    }
    ground
    {
        type            zeroGradient;
    }
    otherfaces
    {
        type            empty;
    }
}


// ************************************************************************* //
