/*--------------------------------*- C++ -*----------------------------------*\
| =========                 |                                                 |
| \\      /  F ield         | foam-extend: Open Source CFD                    |
|  \\    /   O peration     | Version:     4.1                                |
|   \\  /    A nd           | Web:         http://www.foam-extend.org         |
|    \\/     M anipulation  |                                                 |
\*---------------------------------------------------------------------------*/
FoamFile
{
    version     2.0;
    format      ascii;
    class       volScalarField;
    location    "1.50999999960559e-05";
    object      EPotentialMean;
}
// * * * * * * * * * * * * * * * * * * * * * * * * * * * * * * * * * * * * * //

dimensions      [1 2 -3 0 0 -1 0];

internalField   nonuniform List<scalar> 
500
(
0.0325557925911154
0.0960354506984441
0.159073464772261
0.221812500192055
0.284253124541345
0.346395901206417
0.40824142193865
0.469790268501146
0.531043037853251
0.592000362875395
0.652662900975617
0.713031352028588
0.773106474698795
0.832889105772678
0.892380147538396
0.951580400814494
1.01049039021885
1.06911045830595
1.12744081985573
1.18548161904921
1.24323296499729
1.3006949520482
1.35786767088994
1.41475121346566
1.47134567539791
1.52765115706597
1.58366776389316
1.6393956069006
1.69483480265299
1.74998547320319
1.80484774625103
1.85942175557785
1.91370764172065
1.96770555168799
2.02141563880829
2.07483806268422
2.12797298938254
2.18082059174038
2.2333810491515
2.28565454760689
2.3376412798509
2.389341445356
2.44075524999471
2.49188290519289
2.54272462796001
2.59328064115607
2.6435511733828
2.69353645844535
2.7432367354135
2.79265224872314
2.84178324795758
2.8906299875479
2.93919272670408
2.9874717294223
3.03546726455672
3.08317960591676
3.13060903263179
3.17775582936901
3.22462028634558
3.27120269881186
3.31750336681872
3.36352259553818
3.40926069528139
3.45471798123287
3.49989477298963
3.54479139325567
3.5894081666906
3.63374541994844
3.67780348183533
3.7215826833499
3.76508335779517
3.80830584063548
3.85125046923693
3.89391758270569
3.9363075219953
3.97842063001574
4.02025725175287
4.06181773432595
4.10310242715825
4.14411168221631
4.18484585431301
4.22530530174161
4.26549038675551
4.30540147599783
4.34503894052167
4.38440315511229
4.42349449798213
4.4623133506168
4.50086009755338
4.53913512613498
4.57713882637485
4.61487159092404
4.65233381515386
4.68952589759575
4.72644824063739
4.76310125047352
4.7994853364944
4.8356009114585
4.87144839162553
4.90702819670669
4.94234074994309
4.97738647787388
5.01216581040613
5.0466791809753
5.08092702680276
5.11490978922746
5.14862791397848
5.18208185057554
5.21527205198307
5.24819897508918
5.28086308054634
5.31326483257536
5.34540469897123
5.37728315109343
5.40890066408928
5.44025771722138
5.47135479408301
5.50219238199633
5.532770971783
5.56309105801766
5.59315313886375
5.62295771594276
5.65250529429133
5.68179638227383
5.7108314920565
5.73961113974571
5.76813584509445
5.79640613143796
5.82442252572404
5.85218555792029
5.87969576041262
5.90695366782329
5.93395981711058
5.96071474773337
5.98721900136375
6.01347312164765
6.03947765421524
6.06523314648917
6.09074014743501
6.11599920755231
6.14101087868492
6.16577571408045
6.19029426807353
6.21456709582619
6.23859475326156
6.26237779682943
6.28591678341629
6.30921227014189
6.33226481411384
6.35507497227387
6.37764330119079
6.39997035687052
6.42205669461108
6.44390286875993
6.46550943255507
6.48687693783389
6.50800593475134
6.52889697156302
6.54955059444836
6.56996734739153
6.59014777203596
6.6100924075175
6.62980179018649
6.64927645352174
6.66851692795574
6.68752374068253
6.70629741548429
6.72483847252388
6.74314742823497
6.76122479498441
6.77907108089209
6.79668678979031
6.81407242102409
6.83122846930115
6.84815542453115
6.86485377149965
6.8813239895916
6.89756655255413
6.91358192815262
6.92937057820089
6.9449329584092
6.96026951832733
6.97538070135582
6.99026694444755
7.00492867814189
7.01936632645418
7.03358030678649
7.04757102978553
7.06133889931928
7.07488431244797
7.08820765925694
7.10130932298623
7.11418968004724
7.12684909977789
7.13928794459793
7.15150657006578
7.16350532467352
7.17528454990531
7.18684458033236
7.19818574352145
7.20930836006581
7.22021274351588
7.23089920055589
7.2413680310601
7.25161952794482
7.26165397713737
7.27147165785741
7.28107284257996
7.29045779680101
7.29962677925844
7.30858004212081
7.31731783075162
7.32584038380556
7.33414793335463
7.34224070494741
7.35011891768408
7.35778278418154
7.36523251062097
7.37246829689604
7.37949033668201
7.38629881735703
7.39289392012808
7.39927582014261
7.40544468645065
7.41140068204111
7.41714396389911
7.4226746830042
7.42799298435829
7.43309900693527
7.43799288372976
7.44267474182843
7.44714470238199
7.45140288053812
7.45544938552517
7.45928432072458
7.4629077835521
7.46631986546597
7.46952065206014
7.4725102229832
7.47528865184965
7.47785600631503
7.48021234801951
7.48235773260558
7.48429220975726
7.4860158231585
7.48752861046782
7.48883060338101
7.48992182764538
7.49080230313873
7.49147204386943
7.49193105792053
7.4921793474499
7.49221690872268
7.49204373219664
7.49165980245162
7.4910650981391
7.49025959202992
7.48924325094912
7.48801603582453
7.48657790169141
7.48492879764297
7.48306866677596
7.48099744618837
7.47871506699471
7.47622145423291
7.47351652697443
7.47060019834296
7.46747237544781
7.46413295942052
7.46058184540181
7.45681892251001
7.45284407392868
7.44865717699098
7.44425810307852
7.4396467176267
7.43482288021154
7.42978644456977
7.42453725851852
7.4190751639192
7.41339999665641
7.40751158662234
7.40140975762964
7.39509432733905
7.38856510734875
7.38182190308723
7.37486451361961
7.36769273173604
7.36030634390347
7.35270513016752
7.34488886410727
7.33685731279422
7.32861023673227
7.32014738986468
7.3114685194968
7.3025733661488
7.29346166357975
7.28413313883927
7.27458751216786
7.26482449683823
7.25484379913067
7.24464511857612
7.23422814772802
7.22359257198227
7.21273806979238
7.20166431268177
7.19037096499948
7.17885768399401
7.16712411992139
7.15516991588798
7.14299470775217
7.13059812416261
7.11797978674015
7.1051393100124
7.09207630122027
7.07879036060252
7.06528108147009
7.05154804997251
7.03759084541587
7.02340904029674
7.00900220016997
6.99436988386124
6.97951164348668
6.96442702444261
6.94911556553819
6.93357679915965
6.91781025135146
6.90181544187675
6.88559188465371
6.86913908795183
6.85245655456869
6.83554378186827
6.8184002618877
6.80102548159173
6.78341892291794
6.76558006310389
6.74750837476322
6.72920332612075
6.7106643812065
6.69189099989993
6.67288263807123
6.65363874780928
6.63415877751231
6.61444217205047
6.59448837300675
6.57429681880524
6.55386694490072
6.53319818397393
6.51228996600016
6.4911417183956
6.46975286611079
6.44812283175856
6.42625103575707
6.40413689654104
6.38177983078086
6.35917925365904
6.33633457908954
6.31324521993661
6.28991058813616
6.2663300947388
6.24250315023254
6.21842916458602
6.19410754763861
6.1695377093507
6.14471905991696
6.11965101010426
6.09433297140847
6.06876435611713
6.04294457743396
6.01687304975993
5.99054918877585
5.96397241158854
5.93714213672474
5.91005778453906
5.88271877708823
5.85512453843422
5.82727449576734
5.79916807983143
5.77080472501913
5.7421838688022
5.71330495186882
5.68416741813835
5.65477071453376
5.62511429092583
5.59519760085884
5.56502010195572
5.53458125588433
5.50388052816305
5.47291738785964
5.44169130803956
5.41020176557318
5.37844824073309
5.3464302172536
5.31414718314531
5.28159863110128
5.24878405795727
5.21570296456532
5.18235485570201
5.14873924037505
5.1148556320917
5.0807035481614
5.0462825093666
5.01159204046949
4.97663167086759
4.94140093454199
4.90589936976605
4.87012651890929
4.83408192853363
4.79776514940493
4.76117573661201
4.72431324947679
4.68717725088086
4.64976730693234
4.61208298759192
4.57412386718779
4.5358895240266
4.49737954014104
4.45859350135355
4.4195309972878
4.38019162159982
4.34057497240123
4.3006806525982
4.26050826998403
4.22005743669679
4.17932776832668
4.13831888367569
4.09703040508755
4.05546195862203
4.01361317372712
3.97148368293468
3.92907312147084
3.88638112709503
3.84340734004513
3.80015140307159
3.75661296149865
3.71279166338851
3.66868715964537
3.62429910373743
3.57962715188852
3.53467096444506
3.48943020714705
3.44390455206022
3.39809367815109
3.35199727153534
3.3056150256351
3.25894664059042
3.21199182253078
3.1647502831843
3.11722174004073
3.06940591629537
3.02130254057475
2.9729113471464
2.92423207599933
2.87526447302504
2.82600829013539
2.77646328544973
2.72662922365661
2.67650587612202
2.62609302050035
2.57539044080292
2.52439792731942
2.47311527683956
2.42154229351323
2.36967878917937
2.31752458348698
2.26507950430933
2.21234338732855
2.15931607508719
2.10599741691478
2.05238726887167
1.99848549388287
1.94429196195304
1.88980654991303
1.83502914124883
1.77995962600003
1.72459790094386
1.66894386903955
1.61299743847426
1.55675852261074
1.50022703999106
1.4434029139229
1.38628607234833
1.32887644716922
1.27117397246305
1.21317858151373
1.15489020156644
1.09630874446958
1.03743409590046
0.97826609867004
0.918804563078929
0.859049308802233
0.799000173356795
0.738657007834293
0.678019671119262
0.617088017750794
0.555861865268844
0.494340999451629
0.432524935792159
0.370412496969616
0.307999670080676
0.245129557042911
)
;

boundaryField
{
    electrode
    {
        type            calculated;
        value           uniform 1.00000000026144e-10;
    }
    ground
    {
        type            calculated;
        value           uniform 0.212994511564779;
    }
    otherfaces
    {
        type            empty;
    }
}


// ************************************************************************* //
