/*--------------------------------*- C++ -*----------------------------------*\
| =========                 |                                                 |
| \\      /  F ield         | foam-extend: Open Source CFD                    |
|  \\    /   O peration     | Version:     4.1                                |
|   \\  /    A nd           | Web:         http://www.foam-extend.org         |
|    \\/     M anipulation  |                                                 |
\*---------------------------------------------------------------------------*/
FoamFile
{
    version     2.0;
    format      ascii;
    class       volVectorField;
    location    "1.50999999960559e-05";
    object      Flux_electronMean;
}
// * * * * * * * * * * * * * * * * * * * * * * * * * * * * * * * * * * * * * //

dimensions      [0 -2 -1 0 0 0 0];

internalField   nonuniform List<vector> 
500
(
(-1.67321321286217e+22 0 0)
(2.14489774561752e+20 0 0)
(-1.02877986298588e+20 0 0)
(-7.80472404074592e+18 0 0)
(-3.3593458762358e+19 0 0)
(-3.119189968532e+18 0 0)
(-3.04016965305508e+18 0 0)
(-2.98777780999167e+18 0 0)
(-2.97837180957777e+18 0 0)
(-2.96536406779267e+18 0 0)
(-2.95236326264857e+18 0 0)
(-2.939954833837e+18 0 0)
(-2.92744437291307e+18 0 0)
(-2.91487944178776e+18 0 0)
(-2.90224278811847e+18 0 0)
(-2.88953231513883e+18 0 0)
(-2.87674263542732e+18 0 0)
(-2.86387052341838e+18 0 0)
(-2.85091058424572e+18 0 0)
(-2.83786446792238e+18 0 0)
(-2.82473862389878e+18 0 0)
(-2.8115376186842e+18 0 0)
(-2.7982602928263e+18 0 0)
(-2.7849064372145e+18 0 0)
(-2.77147737499781e+18 0 0)
(-2.75798458197781e+18 0 0)
(-2.74443160516693e+18 0 0)
(-2.73080656554473e+18 0 0)
(-2.71712834257339e+18 0 0)
(-2.70339052896664e+18 0 0)
(-2.68961837842399e+18 0 0)
(-2.67581608582506e+18 0 0)
(-2.66197060750585e+18 0 0)
(-2.64809850726535e+18 0 0)
(-2.63421831116497e+18 0 0)
(-2.62032144121191e+18 0 0)
(-2.60644087918192e+18 0 0)
(-2.59255078754707e+18 0 0)
(-2.57866380106799e+18 0 0)
(-2.56478782038535e+18 0 0)
(-2.55093437453338e+18 0 0)
(-2.5370742159966e+18 0 0)
(-2.52324036410223e+18 0 0)
(-2.50944423173795e+18 0 0)
(-2.49567077606784e+18 0 0)
(-2.48193443738165e+18 0 0)
(-2.46822968140995e+18 0 0)
(-2.45457664896341e+18 0 0)
(-2.44097389528113e+18 0 0)
(-2.42738509645951e+18 0 0)
(-2.41384467452907e+18 0 0)
(-2.40033402836431e+18 0 0)
(-2.38688379342144e+18 0 0)
(-2.37348433956287e+18 0 0)
(-2.36014186702338e+18 0 0)
(-2.34686433992086e+18 0 0)
(-2.33359898397228e+18 0 0)
(-2.32037052367137e+18 0 0)
(-2.30719292893917e+18 0 0)
(-2.29405222902451e+18 0 0)
(-2.28101323696194e+18 0 0)
(-2.2679748688177e+18 0 0)
(-2.25492287632644e+18 0 0)
(-2.24184348596847e+18 0 0)
(-2.22877046907773e+18 0 0)
(-2.2156905592643e+18 0 0)
(-2.2026491975697e+18 0 0)
(-2.18958549093519e+18 0 0)
(-2.17656456081047e+18 0 0)
(-2.16353153891279e+18 0 0)
(-2.15049657347496e+18 0 0)
(-2.13744676151439e+18 0 0)
(-2.12440137708435e+18 0 0)
(-2.11133894804227e+18 0 0)
(-2.09831570374838e+18 0 0)
(-2.08523778602062e+18 0 0)
(-2.07220346531437e+18 0 0)
(-2.05912445150859e+18 0 0)
(-2.04611685782974e+18 0 0)
(-2.03307869063902e+18 0 0)
(-2.02009986094964e+18 0 0)
(-2.00710441434875e+18 0 0)
(-1.99411941370189e+18 0 0)
(-1.98106828865487e+18 0 0)
(-1.96797230014714e+18 0 0)
(-1.95482407721921e+18 0 0)
(-1.94162777990027e+18 0 0)
(-1.92838631754025e+18 0 0)
(-1.91509856758721e+18 0 0)
(-1.90177356511818e+18 0 0)
(-1.888420175025e+18 0 0)
(-1.87505663532658e+18 0 0)
(-1.86168588418721e+18 0 0)
(-1.84828906227834e+18 0 0)
(-1.83482743561758e+18 0 0)
(-1.82132587399296e+18 0 0)
(-1.80778289270412e+18 0 0)
(-1.79420403516555e+18 0 0)
(-1.7805668468039e+18 0 0)
(-1.76687770837443e+18 0 0)
(-1.7531411330543e+18 0 0)
(-1.73936657415207e+18 0 0)
(-1.72556231143187e+18 0 0)
(-1.71173737221771e+18 0 0)
(-1.69788900811832e+18 0 0)
(-1.68397194193303e+18 0 0)
(-1.66999641223596e+18 0 0)
(-1.65597130594878e+18 0 0)
(-1.6419114511418e+18 0 0)
(-1.62778681904668e+18 0 0)
(-1.61362183761337e+18 0 0)
(-1.59940050380748e+18 0 0)
(-1.58514998146716e+18 0 0)
(-1.57088104433181e+18 0 0)
(-1.55658247301014e+18 0 0)
(-1.54222507074106e+18 0 0)
(-1.52777507977832e+18 0 0)
(-1.51329481357081e+18 0 0)
(-1.49876586333427e+18 0 0)
(-1.48418309437309e+18 0 0)
(-1.46953953496159e+18 0 0)
(-1.45483621394539e+18 0 0)
(-1.4401172502429e+18 0 0)
(-1.42535739201442e+18 0 0)
(-1.4105460690307e+18 0 0)
(-1.39567415873776e+18 0 0)
(-1.38073558896896e+18 0 0)
(-1.36573753938033e+18 0 0)
(-1.35067326168203e+18 0 0)
(-1.33555185524064e+18 0 0)
(-1.32037865038498e+18 0 0)
(-1.30516064589326e+18 0 0)
(-1.28988315689612e+18 0 0)
(-1.27452799850681e+18 0 0)
(-1.25911157341599e+18 0 0)
(-1.24363384966183e+18 0 0)
(-1.22808170224676e+18 0 0)
(-1.21246396538962e+18 0 0)
(-1.1967859919961e+18 0 0)
(-1.18105171511539e+18 0 0)
(-1.16525370240081e+18 0 0)
(-1.14938177227528e+18 0 0)
(-1.13344598053397e+18 0 0)
(-1.11745158591023e+18 0 0)
(-1.10139501397023e+18 0 0)
(-1.0852815110754e+18 0 0)
(-1.06910961641544e+18 0 0)
(-1.05287948323662e+18 0 0)
(-1.03659641017184e+18 0 0)
(-1.02026301482309e+18 0 0)
(-1.00388485570103e+18 0 0)
(-9.8747241883497e+17 0 0)
(-9.71017432188027e+17 0 0)
(-9.54525031759312e+17 0 0)
(-9.37989019861843e+17 0 0)
(-9.21421887042577e+17 0 0)
(-9.04831850250483e+17 0 0)
(-8.88230197874276e+17 0 0)
(-8.71626648870652e+17 0 0)
(-8.55021975164249e+17 0 0)
(-8.38419560000876e+17 0 0)
(-8.2183618411234e+17 0 0)
(-8.05261007227677e+17 0 0)
(-7.88701121819235e+17 0 0)
(-7.72153012068019e+17 0 0)
(-7.55623515999873e+17 0 0)
(-7.39116191271619e+17 0 0)
(-7.22630909404645e+17 0 0)
(-7.06183723285272e+17 0 0)
(-6.89779271316556e+17 0 0)
(-6.7341885311047e+17 0 0)
(-6.57106610533041e+17 0 0)
(-6.40834386164077e+17 0 0)
(-6.24600764076907e+17 0 0)
(-6.08400891678035e+17 0 0)
(-5.9224080739585e+17 0 0)
(-5.76122526541428e+17 0 0)
(-5.60041582865527e+17 0 0)
(-5.44011605513119e+17 0 0)
(-5.28026786003685e+17 0 0)
(-5.12088065159704e+17 0 0)
(-4.96187958500503e+17 0 0)
(-4.8032157338271e+17 0 0)
(-4.64492817330694e+17 0 0)
(-4.48696262224499e+17 0 0)
(-4.32926407708127e+17 0 0)
(-4.17184300730325e+17 0 0)
(-4.0146795185537e+17 0 0)
(-3.85780834962477e+17 0 0)
(-3.70116546841341e+17 0 0)
(-3.54475987302937e+17 0 0)
(-3.38848488144565e+17 0 0)
(-3.23236335769701e+17 0 0)
(-3.07638579096913e+17 0 0)
(-2.92055990387196e+17 0 0)
(-2.764755894143e+17 0 0)
(-2.6090062713035e+17 0 0)
(-2.45326251075481e+17 0 0)
(-2.29757573196877e+17 0 0)
(-2.14187414062149e+17 0 0)
(-1.9861401708047e+17 0 0)
(-1.83037282126768e+17 0 0)
(-1.67455519896122e+17 0 0)
(-1.51859584402363e+17 0 0)
(-1.36254866609902e+17 0 0)
(-1.20649346843797e+17 0 0)
(-1.05022802068789e+17 0 0)
(-8.9381223250524e+16 0 0)
(-7.37374039585718e+16 0 0)
(-5.80794462730913e+16 0 0)
(-4.24026989232145e+16 0 0)
(-2.67130689962891e+16 0 0)
(-1.1007230418924e+16 0 0)
(4.71367337615682e+15 0 0)
(2.04504932855492e+16 0 0)
(3.62029025096016e+16 0 0)
(5.19692956149826e+16 0 0)
(6.77547209815812e+16 0 0)
(8.35625191541753e+16 0 0)
(9.93788801534203e+16 0 0)
(1.1520615056439e+17 0 0)
(1.31057187023278e+17 0 0)
(1.4692251658765e+17 0 0)
(1.62807164824793e+17 0 0)
(1.78706593287941e+17 0 0)
(1.94623973615604e+17 0 0)
(2.10559538883064e+17 0 0)
(2.26508668371512e+17 0 0)
(2.42473911537845e+17 0 0)
(2.58461219102629e+17 0 0)
(2.74465316909558e+17 0 0)
(2.90477377263681e+17 0 0)
(3.06511723338678e+17 0 0)
(3.22562423637903e+17 0 0)
(3.38638003763822e+17 0 0)
(3.54728863380649e+17 0 0)
(3.70839745046408e+17 0 0)
(3.86972484131747e+17 0 0)
(4.03127031412608e+17 0 0)
(4.19301625561395e+17 0 0)
(4.35499876629476e+17 0 0)
(4.51713688140411e+17 0 0)
(4.67936254476952e+17 0 0)
(4.84166600201894e+17 0 0)
(5.00403691247611e+17 0 0)
(5.1664970756996e+17 0 0)
(5.3290060848892e+17 0 0)
(5.49154121794297e+17 0 0)
(5.65420790389995e+17 0 0)
(5.81702731741114e+17 0 0)
(5.97984662098826e+17 0 0)
(6.14266584008495e+17 0 0)
(6.30556034964235e+17 0 0)
(6.46849822685861e+17 0 0)
(6.63152401486721e+17 0 0)
(6.79458632468035e+17 0 0)
(6.95773284211889e+17 0 0)
(7.1208629746633e+17 0 0)
(7.28410434340614e+17 0 0)
(7.44750581665057e+17 0 0)
(7.61102903674183e+17 0 0)
(7.77457002326386e+17 0 0)
(7.93818274758143e+17 0 0)
(8.10178981948448e+17 0 0)
(8.26544952340738e+17 0 0)
(8.42916736490105e+17 0 0)
(8.5927966193542e+17 0 0)
(8.75636384410422e+17 0 0)
(8.91987231213345e+17 0 0)
(9.08326879673838e+17 0 0)
(9.24661148425172e+17 0 0)
(9.40988548732582e+17 0 0)
(9.57309640612237e+17 0 0)
(9.73624085102897e+17 0 0)
(9.89932466239411e+17 0 0)
(1.00623756149384e+18 0 0)
(1.02253835009562e+18 0 0)
(1.03883395609775e+18 0 0)
(1.05512737538879e+18 0 0)
(1.07141940975639e+18 0 0)
(1.08770425628197e+18 0 0)
(1.10398415829817e+18 0 0)
(1.12026105769727e+18 0 0)
(1.13653707505708e+18 0 0)
(1.15280454236496e+18 0 0)
(1.16906781487491e+18 0 0)
(1.18533109929603e+18 0 0)
(1.20159165792686e+18 0 0)
(1.21784256823012e+18 0 0)
(1.23408767629513e+18 0 0)
(1.25032974011315e+18 0 0)
(1.26657225889977e+18 0 0)
(1.28281126241912e+18 0 0)
(1.29904831238386e+18 0 0)
(1.31528144799008e+18 0 0)
(1.33151279107075e+18 0 0)
(1.34774369122408e+18 0 0)
(1.36398163825676e+18 0 0)
(1.38021591498397e+18 0 0)
(1.39644348440924e+18 0 0)
(1.41268739845299e+18 0 0)
(1.42892702553233e+18 0 0)
(1.44516459017423e+18 0 0)
(1.46141820984766e+18 0 0)
(1.47767949883293e+18 0 0)
(1.49394849219762e+18 0 0)
(1.5102331024001e+18 0 0)
(1.52653228762358e+18 0 0)
(1.54285042298752e+18 0 0)
(1.55918854106228e+18 0 0)
(1.57554019026576e+18 0 0)
(1.59191889579242e+18 0 0)
(1.60832108870629e+18 0 0)
(1.62474799909818e+18 0 0)
(1.64121130685108e+18 0 0)
(1.65770233756273e+18 0 0)
(1.67422431718602e+18 0 0)
(1.69079171332514e+18 0 0)
(1.70740039560852e+18 0 0)
(1.72405237339777e+18 0 0)
(1.74074619437752e+18 0 0)
(1.75748553961103e+18 0 0)
(1.7742719444078e+18 0 0)
(1.79110597765791e+18 0 0)
(1.80799527384651e+18 0 0)
(1.82493276496125e+18 0 0)
(1.84192327833431e+18 0 0)
(1.85896783495438e+18 0 0)
(1.87606125457637e+18 0 0)
(1.8932138674612e+18 0 0)
(1.91042136429781e+18 0 0)
(1.92768546164786e+18 0 0)
(1.94499881431937e+18 0 0)
(1.96235889528135e+18 0 0)
(1.97976681598794e+18 0 0)
(1.99722063101731e+18 0 0)
(2.01471976406106e+18 0 0)
(2.03225575048324e+18 0 0)
(2.04983021201799e+18 0 0)
(2.06744268489109e+18 0 0)
(2.08508214895719e+18 0 0)
(2.10274617565481e+18 0 0)
(2.12042179298199e+18 0 0)
(2.13810914315226e+18 0 0)
(2.15579712006777e+18 0 0)
(2.1734900955025e+18 0 0)
(2.19118534047284e+18 0 0)
(2.20888000455201e+18 0 0)
(2.22656440575836e+18 0 0)
(2.24423293697304e+18 0 0)
(2.26187014358347e+18 0 0)
(2.27946654465904e+18 0 0)
(2.29701361338846e+18 0 0)
(2.31451027373867e+18 0 0)
(2.33195741128393e+18 0 0)
(2.34935714011904e+18 0 0)
(2.36671653524419e+18 0 0)
(2.38401803662179e+18 0 0)
(2.40125546818621e+18 0 0)
(2.41842724943776e+18 0 0)
(2.43551764842348e+18 0 0)
(2.45253952582688e+18 0 0)
(2.46949573296988e+18 0 0)
(2.48637852284601e+18 0 0)
(2.50319841594858e+18 0 0)
(2.51996072354437e+18 0 0)
(2.5366534718707e+18 0 0)
(2.5532801675066e+18 0 0)
(2.56984090704221e+18 0 0)
(2.58634407884596e+18 0 0)
(2.60277264071539e+18 0 0)
(2.61913830238494e+18 0 0)
(2.63546431742657e+18 0 0)
(2.65171534466146e+18 0 0)
(2.66788044770835e+18 0 0)
(2.68397968629295e+18 0 0)
(2.70004542716674e+18 0 0)
(2.71607750471257e+18 0 0)
(2.73205273149822e+18 0 0)
(2.7479983396486e+18 0 0)
(2.76391805839237e+18 0 0)
(2.77976246223886e+18 0 0)
(2.79550657071752e+18 0 0)
(2.81118425254802e+18 0 0)
(2.82682626976102e+18 0 0)
(2.84244551576594e+18 0 0)
(2.85801988538133e+18 0 0)
(2.87354489516796e+18 0 0)
(2.88904450627838e+18 0 0)
(2.90451561359126e+18 0 0)
(2.91991314194006e+18 0 0)
(2.93521729968977e+18 0 0)
(2.95046665504425e+18 0 0)
(2.96569505938987e+18 0 0)
(2.9808903185751e+18 0 0)
(2.99603520423463e+18 0 0)
(3.01111241170615e+18 0 0)
(3.02615130969674e+18 0 0)
(3.04117530397349e+18 0 0)
(3.05614833596846e+18 0 0)
(3.07103174787625e+18 0 0)
(3.08582911521219e+18 0 0)
(3.10057279583916e+18 0 0)
(3.11527557707774e+18 0 0)
(3.12993017966389e+18 0 0)
(3.14453242481022e+18 0 0)
(3.15907752844156e+18 0 0)
(3.17356957740106e+18 0 0)
(3.18802908929367e+18 0 0)
(3.20246873828595e+18 0 0)
(3.21686112420703e+18 0 0)
(3.23117841394531e+18 0 0)
(3.24542798649419e+18 0 0)
(3.25963597093247e+18 0 0)
(3.27381326170349e+18 0 0)
(3.28795132336886e+18 0 0)
(3.30203356158476e+18 0 0)
(3.31604986404032e+18 0 0)
(3.33000016098762e+18 0 0)
(3.34389714407999e+18 0 0)
(3.35776454171724e+18 0 0)
(3.37163663107901e+18 0 0)
(3.38553116484376e+18 0 0)
(3.3994291244357e+18 0 0)
(3.41329599203392e+18 0 0)
(3.42712179841122e+18 0 0)
(3.44092413616911e+18 0 0)
(3.4547253936855e+18 0 0)
(3.46853092339253e+18 0 0)
(3.48233270998935e+18 0 0)
(3.49612518577806e+18 0 0)
(3.50990436788651e+18 0 0)
(3.52367087012784e+18 0 0)
(3.53742974404341e+18 0 0)
(3.55118838890906e+18 0 0)
(3.56495432258514e+18 0 0)
(3.57871688486882e+18 0 0)
(3.59245234817698e+18 0 0)
(3.60615898554845e+18 0 0)
(3.61985548851029e+18 0 0)
(3.63357333150068e+18 0 0)
(3.64732513302004e+18 0 0)
(3.66112418754241e+18 0 0)
(3.67498228956845e+18 0 0)
(3.68890828137015e+18 0 0)
(3.70289024216387e+18 0 0)
(3.7169201532364e+18 0 0)
(3.73100587055742e+18 0 0)
(3.7451279151622e+18 0 0)
(3.75927305374254e+18 0 0)
(3.77344410346218e+18 0 0)
(3.78764710449456e+18 0 0)
(3.8018851563625e+18 0 0)
(3.81615399804015e+18 0 0)
(3.83045831476952e+18 0 0)
(3.84481675943181e+18 0 0)
(3.85921032879932e+18 0 0)
(3.87361994643599e+18 0 0)
(3.88803990746657e+18 0 0)
(3.90245349342554e+18 0 0)
(3.91685312322189e+18 0 0)
(3.93123937140051e+18 0 0)
(3.94561778873838e+18 0 0)
(3.9599956539495e+18 0 0)
(3.97438567913115e+18 0 0)
(3.9887639415876e+18 0 0)
(4.0031020981216e+18 0 0)
(4.01739244156972e+18 0 0)
(4.03162131648338e+18 0 0)
(4.04578582789417e+18 0 0)
(4.05988490126715e+18 0 0)
(4.07391181834525e+18 0 0)
(4.0878619626492e+18 0 0)
(4.10173941971844e+18 0 0)
(4.11554441674057e+18 0 0)
(4.12925995765725e+18 0 0)
(4.14287351645618e+18 0 0)
(4.15638737669852e+18 0 0)
(4.16979748351732e+18 0 0)
(4.18310037863324e+18 0 0)
(4.19630354299342e+18 0 0)
(4.20940593671169e+18 0 0)
(4.22240751001079e+18 0 0)
(4.23551613756194e+18 0 0)
(4.2481328535786e+18 0 0)
(4.26433607109269e+18 0 0)
(4.27349113904104e+18 0 0)
(4.31512894120162e+18 0 0)
(4.2988417114697e+18 0 0)
(4.55929864599062e+18 0 0)
(4.33394043064181e+18 0 0)
(7.0658615698246e+18 0 0)
(4.39686668819925e+18 0 0)
(3.01218655249684e+19 0 0)
(4.87231909795839e+18 0 0)
(7.90034733381375e+19 0 0)
(5.39358607082903e+18 0 0)
(2.57983919216071e+20 0 0)
(-4.23943432733842e+19 0 0)
(1.61020167726788e+22 0 0)
)
;

boundaryField
{
    electrode
    {
        type            calculated;
        value           uniform (-2.42821824795426e+21 0 0);
    }
    ground
    {
        type            calculated;
        value           uniform (6.95840260678113e+20 0 0);
    }
    otherfaces
    {
        type            empty;
    }
}


// ************************************************************************* //
