/*--------------------------------*- C++ -*----------------------------------*\
| =========                 |                                                 |
| \\      /  F ield         | foam-extend: Open Source CFD                    |
|  \\    /   O peration     | Version:     4.1                                |
|   \\  /    A nd           | Web:         http://www.foam-extend.org         |
|    \\/     M anipulation  |                                                 |
\*---------------------------------------------------------------------------*/
FoamFile
{
    version     2.0;
    format      ascii;
    class       volScalarField;
    location    "1.50999999960559e-05";
    object      powerDissipatedMean;
}
// * * * * * * * * * * * * * * * * * * * * * * * * * * * * * * * * * * * * * //

dimensions      [1 2 -3 0 0 0 0];

internalField   nonuniform List<scalar> 
500
(
0.0519296029313981
-0.000723239555785725
0.00038875005760767
5.32950276990731e-05
0.000144144887054974
3.62152674876504e-05
3.56684445263773e-05
3.52299076562222e-05
3.49619374123313e-05
3.47034137937358e-05
3.44710146095777e-05
3.42715252987648e-05
3.41081961201785e-05
3.39876814021509e-05
3.391282087409e-05
3.38732956140371e-05
3.38519793212085e-05
3.38422435319249e-05
3.3838110141454e-05
3.38366412110423e-05
3.38363634973227e-05
3.38365909094842e-05
3.38370112389367e-05
3.383749435e-05
3.38379819583771e-05
3.38384498024087e-05
3.38388820667107e-05
3.38392674690941e-05
3.38395939588898e-05
3.38398531298764e-05
3.38400415695235e-05
3.3840164276777e-05
3.38402278415568e-05
3.38402395819511e-05
3.38402061903923e-05
3.38401344876306e-05
3.38400284422401e-05
3.38398948290891e-05
3.38397364091679e-05
3.38395552569201e-05
3.38393543799744e-05
3.38391349641864e-05
3.38388984044799e-05
3.38386455154004e-05
3.38383794248164e-05
3.38380995971661e-05
3.38378087478041e-05
3.3837506444181e-05
3.38371944011197e-05
3.38368732363466e-05
3.38365437323307e-05
3.38362056134443e-05
3.38358605799816e-05
3.38355080855357e-05
3.38351504192613e-05
3.38347869927431e-05
3.38344201590931e-05
3.38340489499737e-05
3.38336739970623e-05
3.38332965158631e-05
3.38329162981493e-05
3.38325354505972e-05
3.38321540597913e-05
3.38317722454776e-05
3.38313883818561e-05
3.38310034225248e-05
3.38306171658406e-05
3.38302311410387e-05
3.38298447504853e-05
3.38294592160962e-05
3.38290745064243e-05
3.38286910550958e-05
3.38283090309549e-05
3.38279291822637e-05
3.38275510526634e-05
3.38271764514245e-05
3.3826804223029e-05
3.38264361090177e-05
3.38260708084347e-05
3.38257103410432e-05
3.38253542979143e-05
3.3825003583458e-05
3.38246582595054e-05
3.38243187592718e-05
3.38239848971377e-05
3.38236568371876e-05
3.38233346774396e-05
3.38230186693172e-05
3.38227090778857e-05
3.38224061227087e-05
3.3822110234486e-05
3.38218216467777e-05
3.38215406265409e-05
3.38212675209358e-05
3.38210027273676e-05
3.38207460867537e-05
3.38204981654485e-05
3.38202586040029e-05
3.38200280773674e-05
3.38198063245974e-05
3.38195934481568e-05
3.38193896338174e-05
3.38191950099063e-05
3.38190097403577e-05
3.38188337157553e-05
3.38186675103088e-05
3.38185109022054e-05
3.3818364144626e-05
3.38182270083778e-05
3.38180997091285e-05
3.38179822916469e-05
3.38178749484406e-05
3.38177777977172e-05
3.38176905998127e-05
3.38176135978387e-05
3.38175467852262e-05
3.38174906219466e-05
3.38174444916796e-05
3.38174086329895e-05
3.38173830630232e-05
3.38173680528734e-05
3.38173636265567e-05
3.38173694850141e-05
3.38173860082174e-05
3.38174131360717e-05
3.3817451013119e-05
3.38174995644103e-05
3.38175586178427e-05
3.38176279384975e-05
3.38177075274552e-05
3.38177973266957e-05
3.3817897233464e-05
3.38180071538903e-05
3.38181271609888e-05
3.3818256920837e-05
3.38183964464539e-05
3.38185455809868e-05
3.38187042666493e-05
3.38188722924446e-05
3.38190494497502e-05
3.38192357158796e-05
3.38194308088689e-05
3.38196346564502e-05
3.38198468950174e-05
3.38200674969499e-05
3.38202961136066e-05
3.38205325870481e-05
3.38207766601141e-05
3.38210281410606e-05
3.38212866979747e-05
3.38215521371906e-05
3.38218240586633e-05
3.38221022734251e-05
3.38223864881836e-05
3.38226764454727e-05
3.38229718936201e-05
3.38232724939851e-05
3.38235780085041e-05
3.38238880668052e-05
3.3824202422932e-05
3.38245207870052e-05
3.38248427297263e-05
3.38251681717658e-05
3.38254966405325e-05
3.38258280521244e-05
3.38261619360657e-05
3.3826498134756e-05
3.38268363807401e-05
3.38271763271169e-05
3.38275178178663e-05
3.38278606102211e-05
3.38282044656828e-05
3.38285492542496e-05
3.38288947990065e-05
3.38292408728999e-05
3.38295873688135e-05
3.3829934039909e-05
3.38302808707086e-05
3.38306276374893e-05
3.38309741719349e-05
3.38313204636288e-05
3.38316662970073e-05
3.38320115956135e-05
3.38323562112115e-05
3.38326999812276e-05
3.38330428480359e-05
3.38333846148794e-05
3.38337252202254e-05
3.38340644804561e-05
3.38344023301425e-05
3.38347386326694e-05
3.3835073243155e-05
3.38354060287165e-05
3.38357368616061e-05
3.38360655055947e-05
3.38363919533485e-05
3.38367159290347e-05
3.38370372713044e-05
3.38373558587513e-05
3.38376715084663e-05
3.38379840622228e-05
3.3838293318894e-05
3.38385991262827e-05
3.38389013578101e-05
3.38391997811679e-05
3.38394942202883e-05
3.38397845818042e-05
3.3840070688474e-05
3.38403523039873e-05
3.38406292749973e-05
3.38409014839318e-05
3.3841168813989e-05
3.38414309756372e-05
3.38416879005692e-05
3.38419393970782e-05
3.38421853337142e-05
3.38424255474488e-05
3.38426599081578e-05
3.38428883434466e-05
3.3843110583677e-05
3.3843326630414e-05
3.38435364092791e-05
3.38437397704578e-05
3.38439366201035e-05
3.38441269087439e-05
3.38443105309152e-05
3.38444874268164e-05
3.38446574962664e-05
3.38448206253797e-05
3.3844976832019e-05
3.38451259433049e-05
3.38452678992663e-05
3.38454026724093e-05
3.38455301583377e-05
3.38456502950777e-05
3.38457630197982e-05
3.38458682482795e-05
3.38459659686467e-05
3.3846056103861e-05
3.38461385742907e-05
3.38462133409673e-05
3.38462803284442e-05
3.38463394857198e-05
3.38463907701774e-05
3.3846434176838e-05
3.38464696324293e-05
3.38464971639305e-05
3.38465167237367e-05
3.38465282865902e-05
3.38465318384832e-05
3.38465273979213e-05
3.38465149618051e-05
3.38464945733354e-05
3.38464662295817e-05
3.38464299244776e-05
3.38463857237767e-05
3.38463336195904e-05
3.38462736864977e-05
3.38462059945366e-05
3.38461305040737e-05
3.38460473309316e-05
3.38459565378294e-05
3.38458581746592e-05
3.38457522964438e-05
3.38456389432123e-05
3.38455182714664e-05
3.38453903010958e-05
3.38452551084712e-05
3.3845112824811e-05
3.38449635932916e-05
3.38448073650481e-05
3.38446443055717e-05
3.38444745154017e-05
3.38442980321573e-05
3.38441149835016e-05
3.38439254367633e-05
3.38437294918633e-05
3.38435273412251e-05
3.3843318998776e-05
3.3843104581721e-05
3.38428842751137e-05
3.38426581268037e-05
3.38424262707418e-05
3.38421888546363e-05
3.38419460274049e-05
3.38416979251156e-05
3.38414446551773e-05
3.38411864255886e-05
3.38409233647161e-05
3.38406556339971e-05
3.38403834134336e-05
3.38401067957443e-05
3.38398260981574e-05
3.38395413676119e-05
3.38392528710357e-05
3.38389607414709e-05
3.38386651898154e-05
3.3838366366016e-05
3.38380645365891e-05
3.38377597771065e-05
3.38374522874132e-05
3.3837142265395e-05
3.38368299430047e-05
3.38365154021025e-05
3.38361988594303e-05
3.38358805517473e-05
3.38355605308554e-05
3.38352390240098e-05
3.38349161973328e-05
3.38345922232554e-05
3.3834267244901e-05
3.38339413961822e-05
3.38336148809045e-05
3.38332878154143e-05
3.38329603610751e-05
3.38326327321577e-05
3.38323049787733e-05
3.38319773337188e-05
3.38316498888094e-05
3.38313227881405e-05
3.38309962477401e-05
3.38306704022785e-05
3.38303453660797e-05
3.38300212819113e-05
3.38296983199744e-05
3.3829376654758e-05
3.38290563774435e-05
3.3828737785521e-05
3.38284210010574e-05
3.38281063389642e-05
3.38277938022623e-05
3.3827483723391e-05
3.38271762796403e-05
3.38268716604497e-05
3.38265701967954e-05
3.38262719535781e-05
3.38259773342148e-05
3.38256865465258e-05
3.38253998951609e-05
3.38251175212223e-05
3.38248399062071e-05
3.38245671809161e-05
3.38242998594241e-05
3.38240380577606e-05
3.38237822623892e-05
3.38235326044447e-05
3.38232895673649e-05
3.38230532419971e-05
3.38228242007099e-05
3.38226025171437e-05
3.3822388756478e-05
3.38221830181368e-05
3.38219858254644e-05
3.38217972606321e-05
3.38216178130864e-05
3.38214475752602e-05
3.38212869860373e-05
3.38211362052337e-05
3.38209956933583e-05
3.38208654620415e-05
3.38207459431202e-05
3.38206372479874e-05
3.38205395407727e-05
3.38204531288518e-05
3.38203781054822e-05
3.38203145845688e-05
3.38202628075448e-05
3.38202228529069e-05
3.38201949948139e-05
3.38201790475182e-05
3.38201755126389e-05
3.38201840281458e-05
3.38202049314542e-05
3.38202379793955e-05
3.38202837798649e-05
3.38203422957654e-05
3.382041359757e-05
3.38204978269146e-05
3.38205949556921e-05
3.38207047585599e-05
3.38208267406092e-05
3.38209616467663e-05
3.38211091746692e-05
3.38212696222684e-05
3.38214422943024e-05
3.38216276801249e-05
3.38218255745934e-05
3.38220360697765e-05
3.38222586648326e-05
3.38224933875066e-05
3.38227406072458e-05
3.38230002837633e-05
3.38232721320237e-05
3.38235558614801e-05
3.38238515182981e-05
3.38241593643786e-05
3.38244789799003e-05
3.38248101702951e-05
3.38251524472398e-05
3.38255061899032e-05
3.38258712917946e-05
3.38262477146917e-05
3.38266350464555e-05
3.3827033244867e-05
3.38274425132044e-05
3.38278623690094e-05
3.38282928675186e-05
3.38287333897392e-05
3.38291837566701e-05
3.38296433999751e-05
3.38301125196807e-05
3.38305905772077e-05
3.38310775965445e-05
3.38315728421609e-05
3.38320759283388e-05
3.38325865279675e-05
3.38331043615025e-05
3.38336291768733e-05
3.38341609309707e-05
3.38346995292101e-05
3.38352445399042e-05
3.38357955533721e-05
3.38363516278088e-05
3.38369123870095e-05
3.38374776231369e-05
3.383804742335e-05
3.38386210220583e-05
3.38391976686698e-05
3.38397765809577e-05
3.38403570674336e-05
3.38409385743477e-05
3.38415205965501e-05
3.3842102695332e-05
3.38426842530575e-05
3.38432644989093e-05
3.38438428955951e-05
3.38444185751743e-05
3.38449917086147e-05
3.38455627610755e-05
3.38461310499294e-05
3.38466964717831e-05
3.38472583372165e-05
3.38478161175104e-05
3.38483694675662e-05
3.38489164805032e-05
3.38494568154589e-05
3.38499877575269e-05
3.38505092430612e-05
3.38510180749626e-05
3.38515155134235e-05
3.38519978245909e-05
3.38524656892537e-05
3.38529152337473e-05
3.38533464519756e-05
3.3853755496816e-05
3.38541418140572e-05
3.38545011988128e-05
3.38548350227452e-05
3.38551389891167e-05
3.38554142263773e-05
3.38556577799974e-05
3.38558704496245e-05
3.38560466308994e-05
3.38561842091251e-05
3.38562762423024e-05
3.38563172351412e-05
3.3856300487433e-05
3.38562184692774e-05
3.38560628515101e-05
3.38558244319292e-05
3.38554960767343e-05
3.38550723726193e-05
3.38545570220609e-05
3.38539599721911e-05
3.38532935464784e-05
3.38525688168796e-05
3.38517970226625e-05
3.38509885878888e-05
3.38501609405321e-05
3.38493386958869e-05
3.38485746164237e-05
3.38479671743612e-05
3.38477271710368e-05
3.38489836637761e-05
3.38504867378423e-05
3.38678111676727e-05
3.38656986141491e-05
3.39867932761142e-05
3.39112639467737e-05
3.48226808384101e-05
3.40202428312228e-05
4.36925289731373e-05
3.42483910323126e-05
0.000125307373567768
3.59472931368016e-05
0.000298079268938324
3.78133041475683e-05
0.00092032413468631
-0.000125196960070433
0.0433302057699581
)
;

boundaryField
{
    electrode
    {
        type            calculated;
        value           uniform 0.0519296029313981;
    }
    ground
    {
        type            calculated;
        value           uniform 0.0433302057699581;
    }
    otherfaces
    {
        type            empty;
    }
}


// ************************************************************************* //
