/*--------------------------------*- C++ -*----------------------------------*\
| =========                 |                                                 |
| \\      /  F ield         | foam-extend: Open Source CFD                    |
|  \\    /   O peration     | Version:     4.1                                |
|   \\  /    A nd           | Web:         http://www.foam-extend.org         |
|    \\/     M anipulation  |                                                 |
\*---------------------------------------------------------------------------*/
FoamFile
{
    version     2.0;
    format      ascii;
    class       volVectorField;
    location    "1.50999999960559e-05";
    object      totalIonFlux;
}
// * * * * * * * * * * * * * * * * * * * * * * * * * * * * * * * * * * * * * //

dimensions      [0 -2 0 0 0 1 0];

internalField   nonuniform List<vector> 
500
(
(-3.34597471188733 0 0)
(-3.34597628910675 0 0)
(-3.34596793594344 0 0)
(-3.34596231735276 0 0)
(-3.34595360937301 0 0)
(-3.34594740895424 0 0)
(-3.34593826912708 0 0)
(-3.34593170683958 0 0)
(-3.34592357229235 0 0)
(-3.34591884292013 0 0)
(-3.34591313826588 0 0)
(-3.3459074742502 0 0)
(-3.34590012314063 0 0)
(-3.34589228193218 0 0)
(-3.34588645722411 0 0)
(-3.34588580538783 0 0)
(-3.34589574000426 0 0)
(-3.34592202102293 0 0)
(-3.34597115934135 0 0)
(-3.34604918103695 0 0)
(-3.34615630049165 0 0)
(-3.34628489297339 0 0)
(-3.34642062011353 0 0)
(-3.34654736197229 0 0)
(-3.34665634134848 0 0)
(-3.34674974750432 0 0)
(-3.34683300025059 0 0)
(-3.34690910913691 0 0)
(-3.34697480382792 0 0)
(-3.34702743633035 0 0)
(-3.34706858310202 0 0)
(-3.34710606327936 0 0)
(-3.34714045956512 0 0)
(-3.34716548640129 0 0)
(-3.34718752555052 0 0)
(-3.34720976402114 0 0)
(-3.34722306891813 0 0)
(-3.34723907773831 0 0)
(-3.34724962792531 0 0)
(-3.34725964835647 0 0)
(-3.34726741896832 0 0)
(-3.34727403880149 0 0)
(-3.34727913291451 0 0)
(-3.34728362564949 0 0)
(-3.34728703566085 0 0)
(-3.34729000212207 0 0)
(-3.34729243339075 0 0)
(-3.34729423106383 0 0)
(-3.34729605867297 0 0)
(-3.34729725747742 0 0)
(-3.34729834499129 0 0)
(-3.34729872228391 0 0)
(-3.34729889083721 0 0)
(-3.34729834140249 0 0)
(-3.34729669761033 0 0)
(-3.34729449124864 0 0)
(-3.34729136177837 0 0)
(-3.34728731629667 0 0)
(-3.34728355806736 0 0)
(-3.34728045199461 0 0)
(-3.34727776498206 0 0)
(-3.34727552377579 0 0)
(-3.34727241336418 0 0)
(-3.34726773319887 0 0)
(-3.347263065046 0 0)
(-3.34725905731795 0 0)
(-3.347255836963 0 0)
(-3.347251287318 0 0)
(-3.34724632848574 0 0)
(-3.34724215190381 0 0)
(-3.34723782619799 0 0)
(-3.34723283192095 0 0)
(-3.34722803950642 0 0)
(-3.34722376867874 0 0)
(-3.34721894585278 0 0)
(-3.34721426186826 0 0)
(-3.3472094635529 0 0)
(-3.34720441562517 0 0)
(-3.34719904429215 0 0)
(-3.34719383464925 0 0)
(-3.34718875455386 0 0)
(-3.34718337472308 0 0)
(-3.34717822925202 0 0)
(-3.34717289651878 0 0)
(-3.34716734235216 0 0)
(-3.34716231782072 0 0)
(-3.34715701546139 0 0)
(-3.34715200650192 0 0)
(-3.34714661403869 0 0)
(-3.34714157587481 0 0)
(-3.34713654071587 0 0)
(-3.34713108564773 0 0)
(-3.34712598736604 0 0)
(-3.34712052762085 0 0)
(-3.34711532774844 0 0)
(-3.34711000838694 0 0)
(-3.34710440960421 0 0)
(-3.34709913134463 0 0)
(-3.34709371930065 0 0)
(-3.34708813969058 0 0)
(-3.34708268484609 0 0)
(-3.34707715095064 0 0)
(-3.3470715154897 0 0)
(-3.34706592445758 0 0)
(-3.34705984173011 0 0)
(-3.34705433508775 0 0)
(-3.34704883660885 0 0)
(-3.34704260349064 0 0)
(-3.34703669886159 0 0)
(-3.34703075579452 0 0)
(-3.34702477438974 0 0)
(-3.34701849993412 0 0)
(-3.3470122500135 0 0)
(-3.34700659826905 0 0)
(-3.34700031293579 0 0)
(-3.34699383499214 0 0)
(-3.34698737465869 0 0)
(-3.34698095535566 0 0)
(-3.34697488862358 0 0)
(-3.34696830349802 0 0)
(-3.34696186298001 0 0)
(-3.34695521551183 0 0)
(-3.34694825018948 0 0)
(-3.34694161892902 0 0)
(-3.34693510864164 0 0)
(-3.34692845334648 0 0)
(-3.34692199434698 0 0)
(-3.34691548081372 0 0)
(-3.34690853290703 0 0)
(-3.34690177461602 0 0)
(-3.34689495677156 0 0)
(-3.34688779098384 0 0)
(-3.34688081843616 0 0)
(-3.34687341612727 0 0)
(-3.3468662249613 0 0)
(-3.34685865735341 0 0)
(-3.34685133085788 0 0)
(-3.34684392909883 0 0)
(-3.34683611430512 0 0)
(-3.34682847238055 0 0)
(-3.3468204277629 0 0)
(-3.34681263872281 0 0)
(-3.3468048025935 0 0)
(-3.34679664320179 0 0)
(-3.34678876762577 0 0)
(-3.34678084044963 0 0)
(-3.34677262828177 0 0)
(-3.34676474896912 0 0)
(-3.34675689989513 0 0)
(-3.34674879855245 0 0)
(-3.34674106772609 0 0)
(-3.34673349152634 0 0)
(-3.34672559047358 0 0)
(-3.34671792220451 0 0)
(-3.34670990202444 0 0)
(-3.34670213335521 0 0)
(-3.34669426244631 0 0)
(-3.34668571947484 0 0)
(-3.34667708497426 0 0)
(-3.34666814025824 0 0)
(-3.34665963443913 0 0)
(-3.34665112263897 0 0)
(-3.34664234803125 0 0)
(-3.34663392338244 0 0)
(-3.34662519278001 0 0)
(-3.34661670804819 0 0)
(-3.34660821672802 0 0)
(-3.34659956858152 0 0)
(-3.34659137918417 0 0)
(-3.34658351896531 0 0)
(-3.34657532596137 0 0)
(-3.34656633780272 0 0)
(-3.34655660712913 0 0)
(-3.34654694684853 0 0)
(-3.34653851688706 0 0)
(-3.34652981730559 0 0)
(-3.34651988361061 0 0)
(-3.34651044129663 0 0)
(-3.34650138975271 0 0)
(-3.34649207957987 0 0)
(-3.34648264306341 0 0)
(-3.3464734441479 0 0)
(-3.346464265623 0 0)
(-3.34645470744046 0 0)
(-3.34644573574776 0 0)
(-3.34643605536377 0 0)
(-3.34642697307877 0 0)
(-3.34641761785281 0 0)
(-3.34640803609058 0 0)
(-3.34639858604915 0 0)
(-3.34638893207371 0 0)
(-3.3463788850781 0 0)
(-3.34636895989261 0 0)
(-3.34635881079358 0 0)
(-3.3463491569343 0 0)
(-3.3463394169983 0 0)
(-3.34632940077502 0 0)
(-3.34631968426494 0 0)
(-3.34631007976347 0 0)
(-3.34630009287751 0 0)
(-3.34629046714245 0 0)
(-3.34628090503284 0 0)
(-3.34627111822587 0 0)
(-3.34626148367165 0 0)
(-3.34625139317595 0 0)
(-3.34624201930051 0 0)
(-3.34623209109155 0 0)
(-3.34622224485491 0 0)
(-3.3462128500337 0 0)
(-3.34620212851214 0 0)
(-3.34619260201913 0 0)
(-3.34618274243339 0 0)
(-3.3461721578478 0 0)
(-3.34616247488916 0 0)
(-3.34615267919449 0 0)
(-3.34614196333936 0 0)
(-3.34613154955538 0 0)
(-3.34612167533046 0 0)
(-3.34611132413517 0 0)
(-3.34610027795784 0 0)
(-3.34608956386085 0 0)
(-3.34607970701562 0 0)
(-3.3460694514289 0 0)
(-3.34605819912306 0 0)
(-3.34604714803965 0 0)
(-3.34603644911619 0 0)
(-3.34602565681751 0 0)
(-3.3460150925841 0 0)
(-3.34600396270727 0 0)
(-3.34599285133372 0 0)
(-3.34598166129705 0 0)
(-3.34597022407929 0 0)
(-3.34595913772898 0 0)
(-3.3459476988402 0 0)
(-3.3459364880257 0 0)
(-3.34592503429961 0 0)
(-3.34591381896876 0 0)
(-3.3459025076277 0 0)
(-3.34589082051314 0 0)
(-3.3458794259965 0 0)
(-3.34586795497673 0 0)
(-3.34585610299153 0 0)
(-3.34584448165175 0 0)
(-3.34583274134449 0 0)
(-3.34582060682807 0 0)
(-3.34580860920939 0 0)
(-3.3457966668152 0 0)
(-3.34578449566504 0 0)
(-3.34577268589362 0 0)
(-3.34576096254525 0 0)
(-3.34574875565229 0 0)
(-3.3457366944223 0 0)
(-3.3457243742939 0 0)
(-3.34571229442955 0 0)
(-3.34569987620472 0 0)
(-3.34568777272443 0 0)
(-3.34567567855774 0 0)
(-3.34566313189529 0 0)
(-3.34565078597863 0 0)
(-3.34563821331771 0 0)
(-3.34562595776643 0 0)
(-3.3456136521055 0 0)
(-3.34560090614817 0 0)
(-3.3455883487462 0 0)
(-3.34557576614932 0 0)
(-3.34556298566808 0 0)
(-3.34555033999494 0 0)
(-3.3455376129661 0 0)
(-3.34552474912071 0 0)
(-3.34551198313098 0 0)
(-3.34549881918501 0 0)
(-3.34548599873735 0 0)
(-3.34547321786213 0 0)
(-3.34546006113524 0 0)
(-3.34544699893098 0 0)
(-3.34543384118253 0 0)
(-3.34542035963448 0 0)
(-3.34540746811088 0 0)
(-3.34539457697469 0 0)
(-3.34538188411912 0 0)
(-3.34536845079439 0 0)
(-3.34535389654366 0 0)
(-3.34534037553439 0 0)
(-3.34532796470944 0 0)
(-3.3453147805251 0 0)
(-3.34529987656207 0 0)
(-3.3452870562595 0 0)
(-3.34527414627183 0 0)
(-3.34525926604824 0 0)
(-3.34524640162845 0 0)
(-3.34523305524841 0 0)
(-3.34521906397231 0 0)
(-3.3452059025513 0 0)
(-3.34519205140862 0 0)
(-3.34517811245147 0 0)
(-3.34516423767301 0 0)
(-3.3451504757916 0 0)
(-3.34513630182484 0 0)
(-3.345122405613 0 0)
(-3.34510850926658 0 0)
(-3.3450941459501 0 0)
(-3.34507999743453 0 0)
(-3.34506567110576 0 0)
(-3.34505176470558 0 0)
(-3.34503744709529 0 0)
(-3.34502342095573 0 0)
(-3.3450095121038 0 0)
(-3.34499514262486 0 0)
(-3.34498120329882 0 0)
(-3.34496702896662 0 0)
(-3.3449531144478 0 0)
(-3.34493929137121 0 0)
(-3.34492499028725 0 0)
(-3.34491126208256 0 0)
(-3.34489744689816 0 0)
(-3.3448834249693 0 0)
(-3.34486997539076 0 0)
(-3.34485601835973 0 0)
(-3.34484184864618 0 0)
(-3.34482820111592 0 0)
(-3.34481416904639 0 0)
(-3.34479998718678 0 0)
(-3.34478646297168 0 0)
(-3.34477219314311 0 0)
(-3.34475786867765 0 0)
(-3.34474385051936 0 0)
(-3.34472953337421 0 0)
(-3.34471512035254 0 0)
(-3.3447001576835 0 0)
(-3.3446857668597 0 0)
(-3.34467167929157 0 0)
(-3.34465700946315 0 0)
(-3.34464224236919 0 0)
(-3.344627139313 0 0)
(-3.34461267293385 0 0)
(-3.34459831740534 0 0)
(-3.34458355688082 0 0)
(-3.34456886400293 0 0)
(-3.34455372754284 0 0)
(-3.34453819848991 0 0)
(-3.34452296645552 0 0)
(-3.3445077639048 0 0)
(-3.34449237626933 0 0)
(-3.34447741185093 0 0)
(-3.3444626188034 0 0)
(-3.34444742902946 0 0)
(-3.34443252356467 0 0)
(-3.34441737364418 0 0)
(-3.34440247638621 0 0)
(-3.34438756477722 0 0)
(-3.34437226276379 0 0)
(-3.34435713462248 0 0)
(-3.34434154634198 0 0)
(-3.34432608686879 0 0)
(-3.34431021551743 0 0)
(-3.34429460294352 0 0)
(-3.34427903502294 0 0)
(-3.34426320275688 0 0)
(-3.34424774477509 0 0)
(-3.34423237723376 0 0)
(-3.34421678952039 0 0)
(-3.34420150575224 0 0)
(-3.34418592413339 0 0)
(-3.34417065285841 0 0)
(-3.34415537708864 0 0)
(-3.34413967157799 0 0)
(-3.34412424539402 0 0)
(-3.34410890577913 0 0)
(-3.34409320535679 0 0)
(-3.34407783758769 0 0)
(-3.34406238129259 0 0)
(-3.34404648593421 0 0)
(-3.34403090527784 0 0)
(-3.34401494931049 0 0)
(-3.34399920047993 0 0)
(-3.34398311517301 0 0)
(-3.34396718596598 0 0)
(-3.34395123417176 0 0)
(-3.34393505863136 0 0)
(-3.34391927267805 0 0)
(-3.34390312770353 0 0)
(-3.34388692159581 0 0)
(-3.34387061682231 0 0)
(-3.34385444338453 0 0)
(-3.34383855026887 0 0)
(-3.34382213370456 0 0)
(-3.34380588947146 0 0)
(-3.34379097183826 0 0)
(-3.34377555754855 0 0)
(-3.34375815859235 0 0)
(-3.34374153682361 0 0)
(-3.34372663689605 0 0)
(-3.34371066453646 0 0)
(-3.3436934867858 0 0)
(-3.34367690440288 0 0)
(-3.34366128490981 0 0)
(-3.34364455312253 0 0)
(-3.34362790769833 0 0)
(-3.34361216720215 0 0)
(-3.34359537250391 0 0)
(-3.34357918059521 0 0)
(-3.34356261667443 0 0)
(-3.34354608405407 0 0)
(-3.34352976865778 0 0)
(-3.34351304603074 0 0)
(-3.34349668462811 0 0)
(-3.34348027260185 0 0)
(-3.3434637016916 0 0)
(-3.34344719135107 0 0)
(-3.34343048960079 0 0)
(-3.34341362685808 0 0)
(-3.34339705169033 0 0)
(-3.34338040149504 0 0)
(-3.34336336624079 0 0)
(-3.34334664558201 0 0)
(-3.3433296759187 0 0)
(-3.34331276042971 0 0)
(-3.3432961262538 0 0)
(-3.34327915904715 0 0)
(-3.34326266941744 0 0)
(-3.34324577669925 0 0)
(-3.34322903772057 0 0)
(-3.343212410731 0 0)
(-3.34319567663391 0 0)
(-3.34317940761959 0 0)
(-3.34316284244137 0 0)
(-3.34314583082437 0 0)
(-3.34312954353738 0 0)
(-3.34311290801842 0 0)
(-3.34309611911093 0 0)
(-3.34307971756316 0 0)
(-3.34306322770442 0 0)
(-3.34304633549145 0 0)
(-3.34302916054287 0 0)
(-3.34301234346393 0 0)
(-3.34299584453033 0 0)
(-3.34297799306912 0 0)
(-3.3429604323985 0 0)
(-3.34294400100389 0 0)
(-3.34292715249244 0 0)
(-3.34290964636421 0 0)
(-3.3428915082955 0 0)
(-3.34287385495871 0 0)
(-3.34285616270725 0 0)
(-3.34283906992581 0 0)
(-3.34282205024242 0 0)
(-3.34280388964518 0 0)
(-3.3427848383516 0 0)
(-3.34276530163557 0 0)
(-3.34274596322316 0 0)
(-3.34272772117176 0 0)
(-3.34270913362603 0 0)
(-3.34269040575989 0 0)
(-3.34267044109725 0 0)
(-3.34265112676693 0 0)
(-3.34263172590547 0 0)
(-3.34261416821838 0 0)
(-3.34259437846792 0 0)
(-3.34257380752116 0 0)
(-3.34255025177766 0 0)
(-3.34252234707628 0 0)
(-3.34249258369113 0 0)
(-3.3424591700634 0 0)
(-3.34242288099269 0 0)
(-3.34238585053736 0 0)
(-3.34234704310204 0 0)
(-3.34230530485316 0 0)
(-3.34226448399863 0 0)
(-3.3422232508375 0 0)
(-3.34217815783978 0 0)
(-3.3421316747499 0 0)
(-3.34208549911684 0 0)
(-3.3420356666891 0 0)
(-3.34197909095485 0 0)
(-3.34191710256614 0 0)
(-3.3418511960249 0 0)
(-3.34177813565316 0 0)
(-3.3416915434133 0 0)
(-3.34158963041972 0 0)
(-3.34147650571615 0 0)
(-3.34135436452263 0 0)
(-3.34122005230404 0 0)
(-3.34106395553855 0 0)
(-3.34087792588242 0 0)
(-3.34066453080755 0 0)
(-3.34043985009581 0 0)
(-3.34022517891821 0 0)
(-3.34003385059028 0 0)
(-3.33987323429575 0 0)
(-3.33974173791941 0 0)
(-3.33966078594853 0 0)
(-3.33962252409294 0 0)
(-3.33959953417839 0 0)
(-3.33958217946513 0 0)
(-3.33956695522067 0 0)
(-3.33955040180479 0 0)
(-3.33953265290049 0 0)
(-3.33951487019413 0 0)
(-3.33949826280265 0 0)
(-3.33948402797344 0 0)
)
;

boundaryField
{
    electrode
    {
        type            calculated;
        value           uniform (-3.34598453670107 0 0);
    }
    ground
    {
        type            calculated;
        value           uniform (-3.33947417657777 0 0);
    }
    otherfaces
    {
        type            empty;
    }
}


// ************************************************************************* //
