/*--------------------------------*- C++ -*----------------------------------*\
| =========                 |                                                 |
| \\      /  F ield         | foam-extend: Open Source CFD                    |
|  \\    /   O peration     | Version:     4.1                                |
|   \\  /    A nd           | Web:         http://www.foam-extend.org         |
|    \\/     M anipulation  |                                                 |
\*---------------------------------------------------------------------------*/
FoamFile
{
    version     2.0;
    format      ascii;
    class       volScalarField;
    location    "2.50010000204314e-05";
    object      eCollisionFrequencyMean;
}
// * * * * * * * * * * * * * * * * * * * * * * * * * * * * * * * * * * * * * //

dimensions      [0 0 -1 0 0 0 0];

internalField   nonuniform List<scalar> 
500
(
11441838914.8339
11784759850.345
12002590084.1155
12104241395.6755
12154165606.1551
12180229106.1547
12194196623.4053
12202247049.9247
12206598402.3974
12208661359.2783
12209477173.6297
12209773772.8555
12210026064.5308
12210140174.7799
12209764127.4709
12208767164.5819
12207220588.2745
12205272733.9929
12203024456.5841
12200537429.2503
12197894237.7222
12195114991.9294
12192241248.3638
12189297351.2734
12186292096.4494
12183235951.5514
12180147760.3613
12177031924.5919
12173891800.7576
12170726060.7568
12167548177.9667
12164363556.8867
12161179584.1974
12157998181.0413
12154822451.4965
12151650236.1916
12148484699.4875
12145326907.9268
12142188387.4069
12139073356.9481
12135984647.5672
12132910305.07
12129846778.8933
12126790153.101
12123754636.0612
12120748888.2217
12117778922.1877
12114841626.8816
12111932575.3549
12109046451.4488
12106183316.2395
12103347081.723
12100542075.8429
12097769271.7975
12095030693.1799
12092324265.4597
12089648957.2972
12087001427.6873
12084379680.4325
12081779611.8119
12079202159.2235
12076645962.2677
12074111340.095
12071596551.1426
12069102489.5351
12066627125.0423
12064170995.2925
12061733551.2631
12059314368.7683
12056910090.7741
12054520878.0797
12052149539.9672
12049798496.0795
12047467267.273
12045156753.1083
12042866043.3687
12040596564.0489
12038347661.3558
12036119929.5095
12033913613.927
12031729141.9025
12029564833.5881
12027421757.7982
12025299035.8789
12023197375.2381
12021115781.5496
12019055018.964
12017014625.8197
12014995217.8738
12012995740.9936
12011015998.53
12009055446.6078
12007114593.3138
12005192882.2846
12003290947.245
12001408216.386
11999544797.7033
11997699622.2386
11995873418.005
11994065349.5462
11992273601.6954
11990497161.4768
11988738524.374
11986997777.745
11985275089.0249
11983569582.4164
11981881800.4961
11980211169.5667
11978557969.2555
11976921428.9303
11975302293.1097
11973700749.2348
11972116847.8846
11970549150.1076
11968997814.1504
11967462401.6252
11965943346.7554
11964440191.4424
11962952821.6191
11961480445.0022
11960022973.3346
11958580111.8102
11957152444.5935
11955739587.0798
11954341560.9611
11952957706.8684
11951588573.239
11950233912.7818
11948893579.6559
11947567143.6158
11946255128.5371
11944957006.653
11943673078.9837
11942402957.6617
11941146870.5278
11939904272.2772
11938675409.5471
11937459860.4594
11936257944.1482
11935069246.4666
11933894061.4216
11932732121.1094
11931583662.0973
11930448180.5592
11929325875.9432
11928216437.3554
11927119981.9574
11926036013.3489
11924964697.494
11923905753.954
11922859445.0945
11921825428.9771
11920803855.7203
11919794372.2953
11918797111.8737
11917811863.2057
11916838953.4195
11915878073.9329
11914929290.446
11913991958.9106
11913066188.7465
11912151654.1518
11911248786.667
11910357560.6762
11909478207.0195
11908610419.9467
11907754427.7784
11906909962.314
11906077161.05
11905255752.1102
11904445911.0781
11903647426.8288
11902860441.5319
11902084715.3755
11901320390.6304
11900567237.6497
11899825389.4017
11899094629.7007
11898375093.9607
11897666562.6001
11896969176.5813
11896282726.0374
11895607332.0441
11894942787.9613
11894289211.94
11893646412.4161
11893014611.6671
11892393720.083
11891783810.6085
11891184726.3571
11890596538.4408
11890019011.8671
11889452189.4305
11888895814.5343
11888349975.4486
11887814503.0564
11887289482.7359
11886774752.0417
11886270397.5387
11885776260.7826
11885292430.5138
11884818754.3385
11884355314.8204
11883901968.3787
11883458794.5811
11883025656.0201
11882602627.342
11882189577.9237
11881786578.7065
11881393504.869
11881010424.1167
11880637218.8385
11880273951.0261
11879920509.9535
11879576953.1481
11879243178.6957
11878919239.6953
11878605040.8194
11878300630.7365
11878005917.3612
11877720952.1438
11877445645.0901
11877180044.5791
11876924069.494
11876677758.232
11876441036.955
11876213943.6496
11875996407.3148
11875788465.947
11875590055.046
11875401205.6791
11875221860.9074
11875052051.2591
11874891724.6671
11874740906.0383
11874599550.0301
11874467680.0448
11874345256.2926
11874232299.0014
11874128773.1246
11874034695.0821
11873950036.5553
11873874811.7992
11873808997.5669
11873752605.439
11873705617.1602
11873668040.9574
11873639865.0664
11873621095.5957
11873611775.3717
11873611804.4733
11873621183.5585
11873640012.0269
11873668246.65
11873705881.7296
11873752928.852
11873809380.0797
11873875253.0811
11873950537.0931
11874035255.0836
11874129392.5552
11874232978.3153
11874345995.2945
11874468479.4257
11874600409.7263
11874741826.1624
11874892705.3922
11875053092.872
11875222963.851
11875402369.7243
11875591280.6027
11875789753.3196
11875997756.724
11876215354.5432
11876442509.0378
11876679291.7808
11876925664.1117
11877181700.5652
11877447361.2422
11877722728.1493
11878007753.3458
11878302527.2808
11878606997.67
11878921255.6364
11879245253.3302
11879579087.1532
11879922702.2509
11880276201.5315
11880639525.8389
11881012788.267
11881395925.2175
11881789055.1808
11882192108.8353
11882605214.3359
11883028297.0465
11883461489.7361
11883904716.4585
11884358115.1602
11884821606.8765
11885295334.6832
11885779217.0938
11886273404.3147
11886777809.6948
11887292590.5548
11887817661.1699
11888353183.9103
11888899073.075
11889455499.3727
11890022364.5103
11890599855.4655
11891187958.938
11891786938.2974
11892396770.9053
11893017602.6816
11893649351.2697
11894292129.4877
11894945691.7526
11895610233.9033
11896285629.9237
11896972081.499
11897669464.4596
11898377989.8525
11899097531.0314
11899828305.8773
11900570171.5046
11901323349.7132
11902087698.6892
11902863451.5297
11903650470.654
11904448989.9092
11905258864.1791
11906080302.9103
11906913137.6359
11907757641.9676
11908613682.9112
11909481510.5037
11910360896.8138
11911252158.8631
11912155123.4182
11913069947.0746
11913996122.9061
11914933752.9284
11915882762.1678
11916843811.5941
11917816844.4395
11918802193.4101
11919799556.5889
11920809127.5344
11921830759.8724
11922864818.8791
11923911161.4109
11924970134.6512
11926041486.3316
11927125473.5239
11928221941.1519
11929331414.9643
11930453738.7848
11931589241.4667
11932737716.9815
11933899668.2378
11935074866.7382
11936263559.4825
11937465482.4593
11938681043.7532
11939909897.5232
11941152510.0733
11942408603.4866
11943678752.2301
11944962689.0147
11946260793.6141
11947572783.3533
11948899190.0493
11950239510.844
11951594195.6503
11952963404.5178
11954347502.7485
11955745917.5058
11957158958.5407
11958586735.2128
11960029651.6622
11961487194.6678
11962959598.6021
11964446961.4772
11965950143.2534
11967469206.3905
11969004598.3167
11970555856.7417
11972123540.3539
11973707289.0872
11975308318.4966
11976927056.3148
11978563373.778
11980216457.2185
11981886944.462
11983574676.1452
11985280143.4658
11987002797.2066
11988743569.352
11990502214.3354
11992279087.7951
11994072156.9486
11995881059.8048
11997707563.3786
11999553056.0466
12001416553.775
12003299269.8705
12005201115.4144
12007122749.4099
12009063352.527
12011023735.3676
12013003257.8661
12015002708.452
12017022030.1029
12019062307.7923
12021122986.9164
12023204446.9704
12025306039.0007
12027428660.8659
12029571719.8401
12031735768.5999
12033920248.2353
12036126603.4298
12038354166.1103
12040602754.916
12042872214.9032
12045162763.483
12047473149.509
12049803994.4762
12052154842.8773
12054525868.7237
12056915438.5057
12059321802.6985
12061741903.5877
12064179648.5545
12066635153.8079
12069109919.882
12071603113.8814
12074117037.6473
12076650844.6683
12079206114.4999
12081782857.6017
12084383243.9779
12087005149.7182
12089653046.7064
12092328542.1411
12095034615.317
12097771943.0349
12100543727.1439
12103347910.8179
12106184406.7645
12109048929.9174
12111937430.6289
12114848518.7815
12117785827.9809
12120752905.6993
12123754942.563
12126787966.7059
12129847586.2363
12132917051.1044
12135994999.489
12139082980.564
12142194014.8563
12145330164.6646
12148487949.7106
12151655389.5431
12154828169.203
12158004325.4627
12161185892.3736
12164370235.2575
12167554770.8811
12170731362.1742
12173897773.8247
12177039791.3549
12180156284.6205
12183243505.3833
12186298156.2597
12189304152.8169
12192249451.8025
12195122996.4829
12197901917.8464
12200548826.8555
12203034319.0801
12205282704.2783
12207232016.5851
12208777574.0745
12209777503.0274
12210160137.2512
12210055101.2119
12209799644.7385
12209490032.849
12208663853.1965
12206594488.6012
12202238233.0476
12194179505.3271
12180219322.289
12154070181.4759
12104181772.7896
12003152748.6736
11787307476.8051
11444610458.459
)
;

boundaryField
{
    electrode
    {
        type            calculated;
        value           uniform 11441838914.8339;
    }
    ground
    {
        type            calculated;
        value           uniform 11444610458.459;
    }
    otherfaces
    {
        type            empty;
    }
}


// ************************************************************************* //
