/*--------------------------------*- C++ -*----------------------------------*\
| =========                 |                                                 |
| \\      /  F ield         | foam-extend: Open Source CFD                    |
|  \\    /   O peration     | Version:     4.1                                |
|   \\  /    A nd           | Web:         http://www.foam-extend.org         |
|    \\/     M anipulation  |                                                 |
\*---------------------------------------------------------------------------*/
FoamFile
{
    version     2.0;
    format      ascii;
    class       volScalarField;
    location    "2.50010000204314e-05";
    object      EPotential;
}
// * * * * * * * * * * * * * * * * * * * * * * * * * * * * * * * * * * * * * //

dimensions      [1 2 -3 0 0 -1 0];

internalField   nonuniform List<scalar> 
500
(
4.18484466229074
11.1958620861913
16.7472220299854
20.8142464421081
23.5658505924853
25.3972117512056
26.6612792922168
27.5689581300734
28.2830639536862
28.8524614032545
29.3463849481794
29.7753763642936
30.163995379761
30.5093567576028
30.8288948600026
31.1156973210621
31.3923818418586
31.6389606167827
31.8814375757368
32.0999669218518
32.3162985365677
32.5131528710943
32.7078774580479
32.8874577271823
33.0656954151273
33.2291667003428
33.3947579848722
33.5447688130778
33.6989913823781
33.8381109858553
33.9822594055026
34.1122839974986
34.2470740403134
34.3696786093047
34.4960696224882
34.611725390534
34.7313623542387
34.840171465662
34.9540860416784
35.0567610750925
35.1654217986678
35.2626817923328
35.3664674368544
35.4590030410045
35.5580524168672
35.6466274822828
35.7411032108427
35.8260717651492
35.9165300199491
35.9978885587468
36.0849096263497
36.1627538488595
36.2466643912246
36.3212405076559
36.4022603029236
36.4738218529774
36.552108982739
36.6209935729817
36.696574541444
36.7631445520056
36.8360656914262
36.9005047933642
36.9709653330142
37.0332794215957
37.1015382600554
37.1617410955269
37.2279891611866
37.286164599126
37.3505415301181
37.4067902762598
37.4694023573873
37.5238513270426
37.5847380582907
37.6375607318841
37.6967176477341
37.7480761935633
37.8055416517865
37.8555156747397
37.9113984972901
37.9600043924291
38.0144308800499
38.0616864167584
38.1147565607771
38.1606972334793
38.2124887875887
38.257157873236
38.307733134225
38.351189557532
38.400580247006
38.4429096893029
38.4911210771695
38.5324178735541
38.5794619947808
38.6197913635062
38.6657132371687
38.7051059683232
38.7499728360436
38.7884446792707
38.8323199003875
38.8698882276988
38.9128215095151
38.9495040755357
38.9915346239319
39.027350105988
39.0685069459058
39.1034861784368
39.1437839264227
39.1779737582007
39.2174170002432
39.250867953868
39.2894663984956
39.3222157849389
39.3599936378831
39.3920615078233
39.4290532060883
39.4604507687861
39.4966902280605
39.5274285908599
39.5629466346935
39.5930387969277
39.6278628039028
39.6573222200389
39.6914753258388
39.7203198498624
39.7538176983644
39.7820723838505
39.8149222871944
39.8426159650024
39.8748226042701
39.9019806839826
39.9335541678224
39.9601942124577
39.9911513698986
40.0172839405245
40.0476444140701
40.0732775382303
40.1030605946573
40.1282026154998
40.1574261199454
40.182085312938
40.2107654693184
40.2349505882973
40.2631012505898
40.286823751276
40.3144544787512
40.337729458652
40.3648457858758
40.3876904546933
40.4142974171243
40.4367276871461
40.4628330135921
40.4848610440506
40.5104758877407
40.5321106590843
40.557248011952
40.5784968495046
40.603169393741
40.6240388906599
40.648258308598
40.6687545808292
40.6925316182469
40.7126604849223
40.7360044434297
40.7557725356592
40.7786904230603
40.7981060833855
40.8206019519723
40.8396731899701
40.8617473693777
40.8804822359892
40.9021372434075
40.9205421534487
40.9417762338031
40.9598603520031
40.9806946755318
40.9984655776545
41.0189076198546
41.0363704536863
41.0564285852013
41.0735878649618
41.0932682074198
41.1101269898866
41.1294356947298
41.1459981642176
41.1649410227825
41.1812122787443
41.1997939339655
41.2157800346454
41.23400390761
41.2497113536975
41.2675805013861
41.2830153984678
41.3005332549522
41.315700793953
41.3328715048427
41.3477757837146
41.364604062104
41.3792485138949
41.3957391811663
41.4101269711034
41.4262848932529
41.4404189707426
41.456248882375
41.4701322386931
41.4856384879251
41.4992741606803
41.5144606445499
41.5278520300133
41.5427218293486
41.5558728330752
41.57042849327
41.5833430830042
41.5975869346758
41.6102690328235
41.6242034223688
41.6366564634499
41.6502842145214
41.6625109866964
41.6758350860892
41.6878380889349
41.7008617125709
41.7126429870546
41.7253694449096
41.7369309692606
41.7493631760855
41.7607069807043
41.7728478211184
41.7839758729822
41.7958278627448
41.8067424971203
41.8183076263347
41.8290111118469
41.8402914220908
41.8507861549474
41.8617832022325
41.8720717425831
41.8827870217184
41.8928713948325
41.9033066720583
41.9131890105912
41.9233459186317
41.9330278171541
41.9429084724266
41.9523908707527
41.9619973816402
41.9712817720132
41.9806160159437
41.9897033657521
41.9987671271405
42.0076585913471
42.0164528365399
42.0251509110245
42.0336764081071
42.0421822681031
42.0504403316358
42.0587550305598
42.0667470291951
42.0748715952402
42.0825989559097
42.0905338370638
42.0979977371511
42.1057440926983
42.1129454438207
42.1205041314536
42.1274439493702
42.1348157257755
42.1414944722813
42.1486806213295
42.1550987077486
42.1621002370466
42.1682579086278
42.1750759880128
42.1809731846395
42.1876088433501
42.1932459792127
42.199699700155
42.2050772525207
42.211349338166
42.2164679856297
42.2225582411083
42.227419019438
42.2333271324576
42.2379307464815
42.2436565404539
42.2480035354113
42.2535469275083
42.2576374393731
42.2629988234251
42.2668324276113
42.2720123360769
42.275588465095
42.2805874795096
42.283905289747
42.2887240625058
42.2917826809196
42.2964215426761
42.2992202554677
42.3036792834038
42.3062176312961
42.310496324152
42.3127745057158
42.3168716227851
42.3188902790764
42.3228042166382
42.3245640103387
42.3282931446041
42.3297942471353
42.3333375335035
42.3345791728678
42.3379363268428
42.3389170743706
42.3420882501261
42.3428062533185
42.3457918039646
42.3462450438351
42.3490452392714
42.3492317439705
42.3518467909184
42.3517648129361
42.3541945404446
42.3538431194934
42.3560863150667
42.3554658991086
42.3575206932925
42.3566329160172
42.3584951886847
42.3573398674255
42.3590055691168
42.3575825557326
42.3590469390044
42.3573399791557
42.358598986038
42.3566115343772
42.357665700882
42.3553943170444
42.3562440641465
42.3536866904639
42.3543328284749
42.3514849824604
42.3519266711672
42.348784040686
42.3490192958591
42.3455793259554
42.345603970987
42.3418668400495
42.3416745669372
42.3376423477861
42.3372265145449
42.3329008140203
42.3322569574334
42.3276368623091
42.3267634612499
42.3218450300585
42.3207422569055
42.3155198017618
42.314188164553
42.3086550137603
42.307094802512
42.3012431629703
42.2994545064155
42.2932765818187
42.2912581358052
42.2847485062691
42.2824944136969
42.2756523713964
42.2731514736971
42.2659806185089
42.263219605124
42.2557227315735
42.2526908864756
42.244865428538
42.2415576826763
42.2333958445577
42.229811243106
42.2213022914343
42.2174407931406
42.2085720949055
42.2044347591996
42.1951922809989
42.1907813623992
42.1811511418119
42.1764654610624
42.1664391401294
42.1614673099822
42.1510474373608
42.1457679219915
42.1349639327307
42.1293526606186
42.1181687379291
42.1122103450526
42.1006402472135
42.0943304081422
42.0823594875828
42.0756990987034
42.06330892026
42.0563006686281
42.043467018993
42.0361158042737
42.0228077983034
42.0151146760292
42.001305581055
41.9932535515269
41.9789386727477
41.9704879957964
41.9556846790728
41.9467902941614
41.9315146174419
41.9221480439473
41.9063954422429
41.8965495895154
41.8802979394757
41.8699726401677
41.8531905096034
41.8423929544145
41.8250351879155
41.8137835761192
41.7957919500469
41.7840996627726
41.7654380067169
41.753273670493
41.7339569601441
41.7212382691247
41.7013080262401
41.6879533631956
41.6674215734442
41.653388141682
41.6322244117284
41.6174970317611
41.5956524384341
41.5802296405893
41.5576253182112
41.5415405683878
41.5180554468219
41.501359086929
41.4769028583071
41.4595597263206
41.4341579676625
41.416014300184
41.3897475395199
41.3706361150603
41.3435117492137
41.3233337790328
41.2952855369647
41.2739847965774
41.2449292246399
41.2225158473201
41.1922681151572
41.1688769016326
41.1371714963363
41.112867827418
41.0796132274157
41.0541702797541
41.01950644481
40.992571992826
40.9565685640059
40.9279244827652
40.8905231038264
40.8599730315147
40.8210622159138
40.7885583216304
40.7476897683553
40.7135334353132
40.6700458732606
40.6342876350497
40.588112186602
40.5501357970862
40.5014816667364
40.4606782921107
40.4094666519722
40.3652173918269
40.3114656985268
40.2631455705375
40.2060250013157
40.1541737063115
40.0919142842798
40.036605733978
39.9687901083474
39.9085138445989
39.8346330581243
39.7679966484353
39.6875989143964
39.6111489816855
39.5235504315671
39.435778208311
39.3344126958995
39.2329843744036
39.1127513658841
38.9898811158189
38.8384938108064
38.6843202335626
38.5000382252652
38.2915568428476
38.0195387630198
37.6247235191581
36.9268035065282
35.5068773265625
32.6877290570166
28.1501759075802
21.9082238947742
14.1269265730983
)
;

boundaryField
{
    electrode
    {
        type            fixedValue;
        value           uniform 1e-10;
    }
    ground
    {
        type            plasmaPower;
        frequency       10000000000;
        nCycles         1;
        power           0.049;
        dampingFactor   0.01;
        amplitude       9.80019530358448;
        bias            0;
        value           uniform 9.55233935441654;
    }
    otherfaces
    {
        type            empty;
    }
}


// ************************************************************************* //
