/*--------------------------------*- C++ -*----------------------------------*\
| =========                 |                                                 |
| \\      /  F ield         | foam-extend: Open Source CFD                    |
|  \\    /   O peration     | Version:     4.1                                |
|   \\  /    A nd           | Web:         http://www.foam-extend.org         |
|    \\/     M anipulation  |                                                 |
\*---------------------------------------------------------------------------*/
FoamFile
{
    version     2.0;
    format      ascii;
    class       volScalarField;
    location    "2.50010000204314e-05";
    object      ionDensity;
}
// * * * * * * * * * * * * * * * * * * * * * * * * * * * * * * * * * * * * * //

dimensions      [0 -3 0 0 0 0 0];

internalField   nonuniform List<scalar> 
500
(
7.58735648513595e+17
8.67085786599448e+17
1.02075348583758e+18
1.23821385464226e+18
1.58481313254071e+18
2.01961502681502e+18
2.51971984250803e+18
2.99147870294319e+18
3.46531933910663e+18
3.89338764105908e+18
4.32442686385601e+18
4.71847928140641e+18
5.12312807638746e+18
5.49604379093341e+18
5.88444023340387e+18
6.2440005213899e+18
6.62190267162971e+18
6.97261164934626e+18
7.34266748128176e+18
7.68720206095748e+18
8.05154293532271e+18
8.39123451953836e+18
8.75094937098e+18
9.08648175386585e+18
9.44234527395781e+18
9.77429050274128e+18
1.01267353551033e+19
1.04556037598917e+19
1.08049034377239e+19
1.11310661261817e+19
1.14774569336753e+19
1.18011431849395e+19
1.21448539697548e+19
1.24661950283215e+19
1.28074290428532e+19
1.31265142169432e+19
1.34654070759511e+19
1.37823370107261e+19
1.41189551993196e+19
1.44338313481996e+19
1.47682112686344e+19
1.50811133214906e+19
1.54132857010067e+19
1.5724261084794e+19
1.6054261217068e+19
1.63633263907564e+19
1.66911943832396e+19
1.6998347220731e+19
1.73241121736428e+19
1.76293509360983e+19
1.79530200107149e+19
1.82563502412218e+19
1.85779139131641e+19
1.88793417375868e+19
1.91987838114847e+19
1.94983107221129e+19
1.98156145469551e+19
2.01132323247315e+19
2.04283843711688e+19
2.07240741851739e+19
2.10370644676342e+19
2.13308006706626e+19
2.16416179353246e+19
2.19333740003853e+19
2.22419996749171e+19
2.25317526020883e+19
2.2838161711363e+19
2.31258904447966e+19
2.34300541774869e+19
2.3715737921529e+19
2.40176264001195e+19
2.43012425444887e+19
2.46008269095335e+19
2.48823489808295e+19
2.51796023227691e+19
2.54590001971124e+19
2.57538972207441e+19
2.60311387723089e+19
2.63236538040983e+19
2.65987069832381e+19
2.68888116497221e+19
2.71616461826987e+19
2.74493098231102e+19
2.77198966560008e+19
2.80050872428176e+19
2.82733979225986e+19
2.85560829318089e+19
2.88220889200827e+19
2.91022364404276e+19
2.93659079733974e+19
2.96434871707879e+19
2.99047930551624e+19
3.01797742583476e+19
3.04386823119225e+19
3.07110363330696e+19
3.09675143000582e+19
3.12372113936384e+19
3.1491227841326e+19
3.17582375221823e+19
3.20097618449905e+19
3.22740529443589e+19
3.252305535621e+19
3.27845967355244e+19
3.30310476788679e+19
3.32898084496505e+19
3.35336783771331e+19
3.37896280204875e+19
3.40308872702535e+19
3.42839960584964e+19
3.45226145639978e+19
3.47728533379088e+19
3.50088010495894e+19
3.5256141003024e+19
3.54893881954467e+19
3.57338006332161e+19
3.59643180991038e+19
3.62057744360207e+19
3.64335334245858e+19
3.6672005221145e+19
3.68969774172272e+19
3.71324364468582e+19
3.73545939476707e+19
3.75870122425599e+19
3.78063275201765e+19
3.80356774628261e+19
3.8252123260399e+19
3.8478377724605e+19
3.8691926950555e+19
3.89150593832556e+19
3.91256851096513e+19
3.93456694835477e+19
3.95533450637242e+19
3.97701557547472e+19
3.99748549524879e+19
4.01884666551534e+19
4.03901637033766e+19
4.06005514268317e+19
4.0799221018712e+19
4.10063601157695e+19
4.12019773919359e+19
4.1405843578883e+19
4.15983841220092e+19
4.17989534983191e+19
4.19883933113056e+19
4.21856424086522e+19
4.23719578622367e+19
4.25658637111894e+19
4.27490314950991e+19
4.2939571658921e+19
4.31195687864502e+19
4.33067213369818e+19
4.34835251973602e+19
4.36672686600428e+19
4.38408570776373e+19
4.40211703913666e+19
4.41915216557735e+19
4.4368384166663e+19
4.4535477031124e+19
4.4708868503088e+19
4.48726821832665e+19
4.50425828031959e+19
4.52030969752299e+19
4.53694873636016e+19
4.55266821553233e+19
4.56895433470536e+19
4.58433995136912e+19
4.60027073574347e+19
4.61531832721961e+19
4.63088777921356e+19
4.64559369712527e+19
4.6607982972476e+19
4.67515904926779e+19
4.68998550911639e+19
4.70400351990234e+19
4.71847210035467e+19
4.73214898714076e+19
4.74625768927939e+19
4.75959275707966e+19
4.77334156317436e+19
4.78633365839374e+19
4.79971950493288e+19
4.81236543260465e+19
4.82538583468333e+19
4.83768360070007e+19
4.85033670877487e+19
4.86228458820945e+19
4.87456877731634e+19
4.88616517674985e+19
4.8980789529838e+19
4.90932235129902e+19
4.92086432121683e+19
4.93175327515832e+19
4.94292211389679e+19
4.95345521953163e+19
4.96424968892396e+19
4.97442559813461e+19
4.98484449607705e+19
4.99466191342591e+19
5.00470409904462e+19
5.01416177227608e+19
5.0238261582814e+19
5.03292287819933e+19
5.04220843226055e+19
5.05094304381139e+19
5.05984875954448e+19
5.06822014805731e+19
5.07674508010109e+19
5.08475218423948e+19
5.09289542627392e+19
5.10053722910671e+19
5.10829792046365e+19
5.11557344525614e+19
5.1229507712425e+19
5.12985908495727e+19
5.13685228408977e+19
5.14339249353483e+19
5.15000084666785e+19
5.15617210508868e+19
5.16239493773594e+19
5.16819644027052e+19
5.17403312616011e+19
5.17946410827198e+19
5.18491406684658e+19
5.18997381009612e+19
5.19503650419269e+19
5.19972433458863e+19
5.20439927263702e+19
5.20871455816158e+19
5.21300128894743e+19
5.21694344488264e+19
5.22084156607226e+19
5.22441004946714e+19
5.22791920295909e+19
5.23111351241042e+19
5.23423338292863e+19
5.23705306253921e+19
5.23978338299878e+19
5.24222801633194e+19
5.24456856563821e+19
5.24663778092963e+19
5.24858838110951e+19
5.25028184945775e+19
5.25184236885566e+19
5.25315980412525e+19
5.25433015479572e+19
5.25527131520251e+19
5.25605145503371e+19
5.25661614124103e+19
5.25700607456415e+19
5.25719413127388e+19
5.25719376436228e+19
5.25700536887291e+19
5.25661470160491e+19
5.25604967698853e+19
5.25526880346402e+19
5.25432730588253e+19
5.25315622217302e+19
5.25183845016321e+19
5.25027719920887e+19
5.24858339604082e+19
5.24663206546157e+19
5.24456251634392e+19
5.24222123947396e+19
5.23977627362009e+19
5.23704522733937e+19
5.23422521776917e+19
5.23110462476474e+19
5.22790998633068e+19
5.22440011480002e+19
5.22083130645138e+19
5.21693246932545e+19
5.21298998949833e+19
5.20870254726653e+19
5.2043869396983e+19
5.19971129661039e+19
5.19502314929522e+19
5.18995975302262e+19
5.18489969540679e+19
5.17944904151606e+19
5.1740177472932e+19
5.16818037116798e+19
5.162378562296e+19
5.15615504562105e+19
5.14998348301925e+19
5.14337445383443e+19
5.13683394325304e+19
5.12984007479498e+19
5.12293146577856e+19
5.11555347577536e+19
5.10827765966338e+19
5.10051631475629e+19
5.09287422569772e+19
5.08473033645382e+19
5.07672294973212e+19
5.06819738112204e+19
5.0598257119272e+19
5.05091936645882e+19
5.04218448594525e+19
5.03289831840387e+19
5.02380133215213e+19
5.01413633109419e+19
5.00467840003177e+19
4.99463561215618e+19
4.98481793565697e+19
4.97439845407989e+19
4.96422229453911e+19
4.95342724746393e+19
4.94289390556313e+19
4.93172448516897e+19
4.92083530086144e+19
4.90929277799617e+19
4.89804914549762e+19
4.88613483020882e+19
4.87453820487724e+19
4.86225348981433e+19
4.8503053929e+19
4.83765175884285e+19
4.82535378823544e+19
4.81233287423274e+19
4.79968675042551e+19
4.78630040974402e+19
4.77330811083477e+19
4.75955883621784e+19
4.74622358077466e+19
4.73211441406652e+19
4.71843734734371e+19
4.70396831084658e+19
4.6899501257318e+19
4.67512323724902e+19
4.66076229536662e+19
4.64555726987359e+19
4.63085117979341e+19
4.61528132131709e+19
4.60023356713528e+19
4.58430239317755e+19
4.56891662335011e+19
4.55263013324392e+19
4.53691050986557e+19
4.52027111394903e+19
4.50421956158466e+19
4.48722915724025e+19
4.47084766288299e+19
4.45350818878517e+19
4.43679878475526e+19
4.41911222238679e+19
4.4020769872749e+19
4.38404536041399e+19
4.36668641886473e+19
4.34831179310834e+19
4.33063131620535e+19
4.3119157979073e+19
4.29391600320531e+19
4.274861740008e+19
4.25654488864253e+19
4.23715407348719e+19
4.21852246420877e+19
4.19879734094305e+19
4.17985330481286e+19
4.1597961704489e+19
4.14054207048282e+19
4.12015527195425e+19
4.10059350789441e+19
4.07987943538002e+19
4.06001244895118e+19
4.03897353094691e+19
4.01880380812808e+19
3.99744250944991e+19
3.97697258086751e+19
3.9552914007284e+19
3.9345238431347e+19
3.91252531212402e+19
3.89146274910336e+19
3.86914942969097e+19
3.84779452598189e+19
3.82516902090109e+19
3.80352446932173e+19
3.7805894337714e+19
3.75865794362087e+19
3.73541609017734e+19
3.71320038718013e+19
3.68965447755114e+19
3.66715731452751e+19
3.6433101454149e+19
3.62053431270087e+19
3.59638870675638e+19
3.57333703575336e+19
3.54889583695756e+19
3.52557120270237e+19
3.5008372695458e+19
3.47724259270324e+19
3.45221879466673e+19
3.42835704780321e+19
3.40304626536824e+19
3.37892045341829e+19
3.35332560236681e+19
3.32893873211229e+19
3.30306278493225e+19
3.27841782266947e+19
3.25226383099991e+19
3.22736373155271e+19
3.20093478404305e+19
3.17578250310242e+19
3.14908171353649e+19
3.12368022962202e+19
3.09671071480154e+19
3.07106308826548e+19
3.04382789668271e+19
3.01793727065898e+19
2.99043937679173e+19
2.96430897677757e+19
2.93655129916144e+19
2.91018434339214e+19
2.88216984883878e+19
2.85556945677827e+19
2.8273012282513e+19
2.80047037655287e+19
2.77195160475849e+19
2.74489314722408e+19
2.71612708420517e+19
2.68884386617029e+19
2.65983371459047e+19
2.63232864109899e+19
2.60307746695873e+19
2.57535356510118e+19
2.54586420589304e+19
2.51792468019866e+19
2.48819970314556e+19
2.46004776616211e+19
2.43008970031131e+19
2.4017283647034e+19
2.37153990040067e+19
2.34297181371649e+19
2.31255583616021e+19
2.28378325985069e+19
2.25314275623594e+19
2.22416776970419e+19
2.19330562102068e+19
2.16413032944181e+19
2.13304903339548e+19
2.10367573610208e+19
2.07237715017459e+19
2.0428084991559e+19
2.01129374876351e+19
1.98153230864934e+19
1.94980239166232e+19
1.91985004604393e+19
1.8879063142379e+19
1.85776388583282e+19
1.82560800318073e+19
1.79527534310674e+19
1.76290892851013e+19
1.7323854239201e+19
1.69980943008934e+19
1.66909452533595e+19
1.63630823700113e+19
1.60540210461666e+19
1.57240261240392e+19
1.54130546437265e+19
1.50808875672072e+19
1.47679894801357e+19
1.44336149362203e+19
1.41187428288456e+19
1.37821300706882e+19
1.3465204263573e+19
1.31263168775835e+19
1.2807235910071e+19
1.24660074214922e+19
1.21446706201172e+19
1.18009654376798e+19
1.14772834679163e+19
1.11308983451345e+19
1.08047399651553e+19
1.04554460295979e+19
1.01265819843819e+19
9.77414289072364e+18
9.44220210535353e+18
9.08634433413995e+18
8.75081647700045e+18
8.39110738990695e+18
8.05142035756377e+18
7.68708531455207e+18
7.34255527472896e+18
6.97250537617774e+18
6.62180091956752e+18
6.24390470947756e+18
5.88434905684094e+18
5.49595849551609e+18
5.12304756089235e+18
4.71840460404896e+18
4.32435707727083e+18
3.89332397875096e+18
3.46526104016599e+18
2.99142743434178e+18
2.51967622273584e+18
2.01958154841206e+18
1.58478960907437e+18
1.2381970630551e+18
1.02074026013223e+18
8.67075326440165e+17
7.5872721040697e+17
)
;

boundaryField
{
    electrode
    {
        type            calculated;
        value           uniform 7.58735648513595e+17;
    }
    ground
    {
        type            calculated;
        value           uniform 7.5872721040697e+17;
    }
    otherfaces
    {
        type            empty;
    }
}


// ************************************************************************* //
