/*--------------------------------*- C++ -*----------------------------------*\
| =========                 |                                                 |
| \\      /  F ield         | foam-extend: Open Source CFD                    |
|  \\    /   O peration     | Version:     4.1                                |
|   \\  /    A nd           | Web:         http://www.foam-extend.org         |
|    \\/     M anipulation  |                                                 |
\*---------------------------------------------------------------------------*/
FoamFile
{
    version     2.0;
    format      ascii;
    class       volScalarField;
    location    "2.50010000204314e-05";
    object      powerDissipatedIon;
}
// * * * * * * * * * * * * * * * * * * * * * * * * * * * * * * * * * * * * * //

dimensions      [1 -1 -3 0 0 0 0];

internalField   nonuniform List<scalar> 
500
(
337858358.840595
273324869.370946
210596275.801743
147280195.974365
99323701.8057832
66845092.6759956
47335309.4748424
35294705.4788557
28069633.8918293
23194711.765426
20187709.9465753
17834020.1840892
16038932.6428424
14488623.7892009
13228979.1974895
12260181.1889864
11394695.3344305
10621134.6242475
10017367.8844652
9424319.20807428
8957183.61888721
8466671.4526647
8093801.64063185
7717284.76603521
7369100.41310353
7077980.74728566
6786712.52693899
6525180.74130971
6289056.80598567
6057113.57572863
5859473.68337841
5644446.0041472
5482605.05308693
5289457.42286249
5137739.24446226
4980755.45537576
4831409.14958174
4697290.83346679
4563259.99434424
4439932.51807996
4321296.22071303
4206762.14942871
4102852.33194541
3992012.85255993
3904267.82137663
3797572.78078159
3717390.88195555
3622928.2574243
3542906.05987709
3461040.94328242
3383255.99979552
3308657.88349192
3236196.28768103
3166607.60316268
3099589.5082315
3033705.74613498
2973794.12916479
2908922.6367835
2856553.99501008
2793084.31319859
2744615.36543721
2685584.05937414
2637454.19124293
2583994.28657593
2536375.59787449
2487081.56191852
2441362.66741008
2395179.89094702
2351680.46832212
2307923.38255608
2267135.5194275
2224486.50527306
2187281.59051551
2144888.26035585
2111010.11154855
2069691.62646354
2037534.95274161
1998614.84619262
1966973.85848196
1930749.81449458
1899653.77913797
1865598.99757641
1835379.29242946
1803053.64620623
1773849.656914
1742947.44655482
1715037.55247908
1684985.20721804
1658840.6580002
1629153.12370008
1604906.42970316
1575704.69683536
1552811.15046373
1524677.25343484
1502512.12627548
1475822.33906515
1454116.45946574
1428781.46813944
1407561.59939871
1383325.73219834
1362596.57190135
1339265.39619204
1319040.60187122
1296430.96198502
1276912.07870652
1254775.2594131
1236220.82349547
1214387.66023338
1196843.89842183
1175398.12235502
1158633.99418381
1137808.00693782
1121534.34258039
1101484.12525875
1085555.20479915
1066260.84164922
1050673.31446224
1032074.80795765
1016856.14434702
998889.609640941
984043.951173795
966635.344714176
952226.107651351
935254.851502086
921384.469987991
904721.818572997
891437.730260158
875043.482859596
862285.876614755
846237.920771062
833885.296512448
818276.520317481
806224.020001598
791088.181372202
779297.600748548
764622.407519605
753096.212999534
738855.441166318
727590.60648427
713755.388902906
702756.132516726
689289.522303369
678588.795427518
665429.948257412
655070.963822392
642165.193962594
632169.25446735
619508.751549662
609853.053261149
597469.673088372
588102.000605083
576034.582658452
566912.005842672
555178.059015031
546277.705570111
534868.281128444
526179.092461018
515077.535945389
506591.861528491
495782.942007504
487495.465859846
476959.043906089
468876.747074659
458584.515280297
450723.396339513
440641.324556108
432994.63943284
423084.032642544
415650.066703047
405934.105258572
398692.881058149
389129.622073094
382110.320694994
372921.365041244
366097.294840557
357143.54922646
350491.481686729
341777.396293603
335289.255239288
326791.177926642
320452.58842413
312168.587902117
305988.511975157
297913.075273644
291897.543930851
284018.85899684
278173.41101523
270479.816149646
264805.450729456
257292.910649171
251783.604857146
244453.79984374
239100.124746113
231956.775794485
226748.787967049
219794.161659928
214725.515153777
207958.433316707
203025.928968481
196444.330501371
191645.295806516
185246.297882431
180579.690648933
174358.948915374
169823.73608667
163776.642728396
159373.519289039
153493.826172418
149223.985225704
143507.541713435
139369.520648351
133814.173888052
129805.895409003
124410.698188362
120528.052522989
115294.128848559
111532.666692323
106459.405135541
102816.663248019
97903.4221509907
94376.4505869025
89622.2283201241
86209.8119459345
81611.6689594566
78313.0584268685
73869.4817636227
70683.5192933156
66392.0165750196
63318.7820722324
59176.696442923
56214.8781254143
52221.3875281122
49370.1386041382
45523.1638294734
42781.6009181857
39080.2417422669
36446.113161337
32890.0989288813
30362.5164697496
26950.7147755789
24527.8974410391
21260.0182523514
18940.455103308
15815.4248705457
13599.0229856639
10615.5192611048
8501.21008307624
5658.21498381936
3645.5050697419
941.923112563445
-969.663602817369
-3534.41326427465
-5346.18839731501
-7772.68385560138
-9485.08075363931
-11774.1835194703
-13387.8212095859
-15540.4106744793
-17055.3007973895
-19071.8819003584
-20489.2541777534
-22370.2096276082
-23690.2932991461
-25436.4040929411
-26659.564121215
-28270.4032401092
-29398.2104258538
-30874.0866691798
-31906.6822609538
-33247.5561426514
-34186.0029639772
-35391.3490576306
-36235.9621813692
-37307.3600885945
-38057.1305537413
-38995.1826239407
-39649.8973320982
-40455.7662875144
-41013.9240020765
-41689.5128631879
-42150.7346570362
-42695.4778238544
-43060.3366415406
-43474.1558135913
-43743.158182349
-44024.7436436979
-44200.2430215113
-44347.2729940923
-44430.3308191329
-44442.1693296667
-44433.499463576
-44308.7038326963
-44209.1906777836
-43947.4849169766
-43755.8568616595
-43358.0269362281
-43073.1805320797
-42540.7300686996
-42159.3906070226
-41496.5336396724
-41013.9938328699
-40224.0815063726
-39637.5695623744
-38721.4666063106
-38030.3346585821
-36985.2464340745
-36193.1018692281
-35012.6599295618
-34124.86884163
-32804.2164330225
-31824.2702365159
-30359.836721198
-29289.6977964751
-27679.7192738319
-26519.204338443
-24763.5723493559
-23512.6374671357
-21612.8125687429
-20268.7034905306
-18231.2680630907
-16785.1270194874
-14622.8415993138
-13068.6406910698
-10793.3257819336
-9109.74975605362
-6705.52538597101
-4891.55896456114
-2359.03324964447
-406.204173513341
2414.70646171607
4503.00148007082
7420.84326687198
9598.51802574397
12681.8939456022
14949.379125837
18184.4355780086
20536.6330415453
23949.6582642816
26403.779683524
29994.4336180069
32563.2397704485
36313.1312253025
39022.0347745921
42900.292565122
45775.3744482314
49759.0327438269
52806.4273455144
56899.3317303075
60095.0163667924
64326.1653595303
67635.241519833
72041.5210740485
75442.7509646398
80046.9201211274
83535.22344483
88351.4669882234
91928.7335987816
96973.7388729155
100641.320310998
105917.691992293
109694.558322041
115172.844408835
119120.087659551
124737.46267901
128929.804653487
134626.104497152
139097.446990889
144881.734992835
149599.989585698
155546.825392184
160434.423431622
166619.633600418
171617.825644821
178086.671250607
183181.446569094
189965.563672398
195139.55772673
202264.109618417
207497.81776427
214966.132600815
220310.419625062
228040.213157986
233653.225735529
241476.137959839
247520.756157717
255325.846891443
261849.310373966
269716.184054613
276586.069378219
284680.857994772
291721.784282061
300183.035300993
307309.178309657
316203.514631524
323383.209353877
332812.680859202
340006.357284149
350091.336642082
357361.507469942
368041.286500623
375696.545846307
386600.074779709
395039.104773522
405783.822236882
415111.328907568
425712.486276274
435648.583358742
446465.037654435
456635.703842309
467980.930214714
478261.60895539
490309.030153081
500563.882716014
513571.710275984
523594.786226338
537815.409083876
547687.655864039
562729.242960314
573275.501770777
588193.973301497
600374.221361271
614665.678031299
628487.991649883
642698.564078078
657445.851933139
672378.905372386
687531.599398566
703550.255408074
718844.556073862
736540.469309092
751294.953454346
771509.894851911
785382.116097745
807543.347347997
822196.129830785
844040.750454378
861823.078364662
882254.643854621
903467.328617783
923926.121431128
947235.912138545
969199.636589162
993768.003930206
1017600.04826681
1042089.33669986
1069865.79843147
1091728.65210644
1125134.42771795
1145751.29402263
1181277.21665824
1206627.96341528
1239528.9780663
1272238.78237295
1303945.75987698
1341293.35374637
1374455.84554477
1416017.11735524
1451762.50707279
1494450.12553866
1539869.87649506
1576336.77661808
1636002.21740158
1671461.20366433
1732982.27573775
1781511.07068903
1839021.31572434
1900534.39700214
1960148.26590304
2034920.29712099
2094621.21341119
2182828.56597346
2260789.76165656
2337472.24439301
2454081.33138487
2529090.27351505
2655509.85665617
2762905.72995332
2901273.98368764
3038543.21759835
3187795.51879097
3399566.72877731
3565018.56982384
3809068.38795556
4119101.37544411
4412810.40832827
4836665.48483465
5297938.62055189
5993784.8377131
6665727.30744716
7404349.3823242
8568951.71658503
10510464.1952395
14516219.0376087
23824766.0467704
45750227.5913782
91895602.4653024
158929107.385435
236039726.454216
305129114.910327
371922633.139672
)
;

boundaryField
{
    electrode
    {
        type            calculated;
        value           uniform 367703454.128598;
    }
    ground
    {
        type            calculated;
        value           uniform 401971675.240836;
    }
    otherfaces
    {
        type            empty;
    }
}


// ************************************************************************* //
