/*--------------------------------*- C++ -*----------------------------------*\
| =========                 |                                                 |
| \\      /  F ield         | foam-extend: Open Source CFD                    |
|  \\    /   O peration     | Version:     4.1                                |
|   \\  /    A nd           | Web:         http://www.foam-extend.org         |
|    \\/     M anipulation  |                                                 |
\*---------------------------------------------------------------------------*/
FoamFile
{
    version     2.0;
    format      ascii;
    class       volVectorField;
    location    "2.50010000204314e-05";
    object      term4;
}
// * * * * * * * * * * * * * * * * * * * * * * * * * * * * * * * * * * * * * //

dimensions      [0 -2 -2 0 0 0 0];

internalField   nonuniform List<vector> 
500
(
(4.17648897293957e+24 0 0)
(9.91380755410684e+24 0 0)
(1.33214534655559e+25 0 0)
(1.9677352373003e+25 0 0)
(2.61968846941254e+25 0 0)
(3.0200966350261e+25 0 0)
(3.03331285686514e+25 0 0)
(2.86946028424381e+25 0 0)
(2.67152013184526e+25 0 0)
(2.49827603190034e+25 0 0)
(2.35747405576906e+25 0 0)
(2.24490617551069e+25 0 0)
(2.14835753172888e+25 0 0)
(2.0678092375267e+25 0 0)
(1.99489903815507e+25 0 0)
(1.93121342164482e+25 0 0)
(1.87118819314118e+25 0 0)
(1.81518382799485e+25 0 0)
(1.76290321171087e+25 0 0)
(1.71278077687746e+25 0 0)
(1.66471869125644e+25 0 0)
(1.61783367059545e+25 0 0)
(1.57233371052481e+25 0 0)
(1.52802628231345e+25 0 0)
(1.48490462247556e+25 0 0)
(1.44251949250012e+25 0 0)
(1.4017910433378e+25 0 0)
(1.36105146539709e+25 0 0)
(1.32254166396235e+25 0 0)
(1.28345114010503e+25 0 0)
(1.24694513426244e+25 0 0)
(1.20956830530916e+25 0 0)
(1.17491742728425e+25 0 0)
(1.13926550605608e+25 0 0)
(1.10641241830786e+25 0 0)
(1.07238925621285e+25 0 0)
(1.04138345978099e+25 0 0)
(1.0088597608279e+25 0 0)
(9.7971766088892e+24 0 0)
(9.48634872662042e+24 0 0)
(9.21304188150571e+24 0 0)
(8.91646490505684e+24 0 0)
(8.66036278824648e+24 0 0)
(8.37801379033388e+24 0 0)
(8.13810864856924e+24 0 0)
(7.86992111737649e+24 0 0)
(7.64533140504648e+24 0 0)
(7.39086649226386e+24 0 0)
(7.18102843113258e+24 0 0)
(6.93956869906042e+24 0 0)
(6.74401719569625e+24 0 0)
(6.51491498881654e+24 0 0)
(6.33299845245458e+24 0 0)
(6.11579652458295e+24 0 0)
(5.94672478888109e+24 0 0)
(5.74106856616353e+24 0 0)
(5.58393592939069e+24 0 0)
(5.38952612589596e+24 0 0)
(5.24341020840976e+24 0 0)
(5.05994855810656e+24 0 0)
(4.92400534681678e+24 0 0)
(4.75109753961702e+24 0 0)
(4.62460714198998e+24 0 0)
(4.46174180425759e+24 0 0)
(4.3440919787912e+24 0 0)
(4.19077539928125e+24 0 0)
(4.08134740314287e+24 0 0)
(3.93713481837537e+24 0 0)
(3.83531145489075e+24 0 0)
(3.69980551086637e+24 0 0)
(3.60497199166135e+24 0 0)
(3.47780616339404e+24 0 0)
(3.38935550644289e+24 0 0)
(3.27017430186686e+24 0 0)
(3.18754910233135e+24 0 0)
(3.0759886311764e+24 0 0)
(2.99870198922838e+24 0 0)
(2.8943659039951e+24 0 0)
(2.82200377732553e+24 0 0)
(2.72446213062681e+24 0 0)
(2.65667459635045e+24 0 0)
(2.56551244095997e+24 0 0)
(2.501972478922e+24 0 0)
(2.41679860168043e+24 0 0)
(2.35720094587095e+24 0 0)
(2.27764606302487e+24 0 0)
(2.22170620361155e+24 0 0)
(2.14742617854818e+24 0 0)
(2.09487149274031e+24 0 0)
(2.02553793339063e+24 0 0)
(1.97612005249771e+24 0 0)
(1.91141666595448e+24 0 0)
(1.86491671540421e+24 0 0)
(1.80453069614687e+24 0 0)
(1.76076148824775e+24 0 0)
(1.70438088693744e+24 0 0)
(1.66318283779532e+24 0 0)
(1.61051094213086e+24 0 0)
(1.57173603148488e+24 0 0)
(1.52249477024749e+24 0 0)
(1.48600574337332e+24 0 0)
(1.43994416702834e+24 0 0)
(1.40560540807577e+24 0 0)
(1.36249147361927e+24 0 0)
(1.33017406366408e+24 0 0)
(1.28979225357225e+24 0 0)
(1.25937467689801e+24 0 0)
(1.22152965662641e+24 0 0)
(1.19289410263266e+24 0 0)
(1.15740166269615e+24 0 0)
(1.1304424963421e+24 0 0)
(1.09712975082387e+24 0 0)
(1.0717504392387e+24 0 0)
(1.04045518289249e+24 0 0)
(1.01656612700341e+24 0 0)
(9.87139303366647e+23 0 0)
(9.64654173880304e+23 0 0)
(9.36959273141958e+23 0 0)
(9.15795595673233e+23 0 0)
(8.89707934615803e+23 0 0)
(8.69787078934133e+23 0 0)
(8.45192365219483e+23 0 0)
(8.26439500528017e+23 0 0)
(8.03233311411411e+23 0 0)
(7.85576675897809e+23 0 0)
(7.63664108268274e+23 0 0)
(7.47034928108905e+23 0 0)
(7.26329194308331e+23 0 0)
(7.10662669111919e+23 0 0)
(6.91083123652015e+23 0 0)
(6.76319382189428e+23 0 0)
(6.5779035011004e+23 0 0)
(6.43874191284201e+23 0 0)
(6.26325032048259e+23 0 0)
(6.13204865558098e+23 0 0)
(5.96570410269377e+23 0 0)
(5.84197431218521e+23 0 0)
(5.68417785164814e+23 0 0)
(5.56745890060219e+23 0 0)
(5.41765782155408e+23 0 0)
(5.30751666799251e+23 0 0)
(5.16519965048082e+23 0 0)
(5.06122904218138e+23 0 0)
(4.9259249340553e+23 0 0)
(4.82773980279876e+23 0 0)
(4.69901619283682e+23 0 0)
(4.60625281691297e+23 0 0)
(4.48371029073344e+23 0 0)
(4.3960302014704e+23 0 0)
(4.2792953378719e+23 0 0)
(4.19638801449507e+23 0 0)
(4.08510981051344e+23 0 0)
(4.00669183230071e+23 0 0)
(3.90054274593951e+23 0 0)
(3.82635438251073e+23 0 0)
(3.72503314958646e+23 0 0)
(3.65483642128268e+23 0 0)
(3.55806912462794e+23 0 0)
(3.49165090704624e+23 0 0)
(3.39919025961918e+23 0 0)
(3.33636813185175e+23 0 0)
(3.24799414015852e+23 0 0)
(3.18862635942856e+23 0 0)
(3.10414547954688e+23 0 0)
(3.04817024037863e+23 0 0)
(2.96744697897943e+23 0 0)
(2.9145729835291e+23 0 0)
(2.83627170001512e+23 0 0)
(2.78559058193168e+23 0 0)
(2.70944330212319e+23 0 0)
(2.66104904122333e+23 0 0)
(2.5851153610228e+23 0 0)
(2.53539175396103e+23 0 0)
(2.46518027941519e+23 0 0)
(2.41944392233457e+23 0 0)
(2.352409414519e+23 0 0)
(2.3098553203712e+23 0 0)
(2.24598000618924e+23 0 0)
(2.20634325971797e+23 0 0)
(2.14508570696502e+23 0 0)
(2.10743986049031e+23 0 0)
(2.04829366185444e+23 0 0)
(2.01235985032424e+23 0 0)
(1.95517700969821e+23 0 0)
(1.92082601609561e+23 0 0)
(1.86551249018086e+23 0 0)
(1.83265521592318e+23 0 0)
(1.77912315533348e+23 0 0)
(1.74767627234909e+23 0 0)
(1.69583948133428e+23 0 0)
(1.66573657476077e+23 0 0)
(1.61550550130518e+23 0 0)
(1.58666709914244e+23 0 0)
(1.53795698045997e+23 0 0)
(1.51033048484039e+23 0 0)
(1.46302628920167e+23 0 0)
(1.43657296188484e+23 0 0)
(1.39055635836757e+23 0 0)
(1.36528589977858e+23 0 0)
(1.32035624491249e+23 0 0)
(1.29633619909401e+23 0 0)
(1.25228872108168e+23 0 0)
(1.22938456961596e+23 0 0)
(1.18643622821335e+23 0 0)
(1.16438233892957e+23 0 0)
(1.12257521765965e+23 0 0)
(1.10124846514543e+23 0 0)
(1.06055007312214e+23 0 0)
(1.03987427259615e+23 0 0)
(1.00023030422561e+23 0 0)
(9.8015068409795e+22 0 0)
(9.41498235957473e+22 0 0)
(9.21972153201851e+22 0 0)
(8.84248584649278e+22 0 0)
(8.65238151658867e+22 0 0)
(8.28376529840068e+22 0 0)
(8.098500440575e+22 0 0)
(7.73784810898892e+22 0 0)
(7.55711394266947e+22 0 0)
(7.20381705538775e+22 0 0)
(7.02730432398641e+22 0 0)
(6.68075684466363e+22 0 0)
(6.50820445610052e+22 0 0)
(6.16781532210903e+22 0 0)
(5.99896415250703e+22 0 0)
(5.66415841097288e+22 0 0)
(5.49875678786919e+22 0 0)
(5.16895273399435e+22 0 0)
(5.0067856264421e+22 0 0)
(4.68144943210349e+22 0 0)
(4.52229366667173e+22 0 0)
(4.20087675541921e+22 0 0)
(4.04451713422313e+22 0 0)
(3.72648049620945e+22 0 0)
(3.57271403014274e+22 0 0)
(3.25758099475021e+22 0 0)
(3.10613411429479e+22 0 0)
(2.79351250005939e+22 0 0)
(2.64390423989005e+22 0 0)
(2.33379959915152e+22 0 0)
(2.18479734270374e+22 0 0)
(1.87836181275598e+22 0 0)
(1.72788764678477e+22 0 0)
(1.42690778864884e+22 0 0)
(1.27194083615038e+22 0 0)
(9.79694712805431e+21 0 0)
(8.15042672746367e+21 0 0)
(5.39050408434543e+21 0 0)
(3.60534475741e+21 0 0)
(8.46541046190186e+20 0 0)
(-8.45880741851507e+20 0 0)
(-3.60529766260015e+21 0 0)
(-5.38992371332225e+21 0 0)
(-8.15009157743592e+21 0 0)
(-9.79651311912495e+21 0 0)
(-1.27189869518108e+22 0 0)
(-1.42686481383026e+22 0 0)
(-1.72785046930441e+22 0 0)
(-1.87831107114917e+22 0 0)
(-2.18476525945715e+22 0 0)
(-2.33374750575045e+22 0 0)
(-2.64387705419876e+22 0 0)
(-2.79344692963301e+22 0 0)
(-3.10612561090552e+22 0 0)
(-3.25753080692309e+22 0 0)
(-3.57268942215804e+22 0 0)
(-3.72643932109708e+22 0 0)
(-4.04448828462073e+22 0 0)
(-4.20082541158795e+22 0 0)
(-4.52226478679936e+22 0 0)
(-4.68141774726408e+22 0 0)
(-5.0067627011353e+22 0 0)
(-5.16892636823313e+22 0 0)
(-5.49873099992286e+22 0 0)
(-5.66411506114357e+22 0 0)
(-5.99894007071276e+22 0 0)
(-6.16778794410342e+22 0 0)
(-6.50817918645763e+22 0 0)
(-6.68073290843778e+22 0 0)
(-7.02729183312773e+22 0 0)
(-7.20378565052425e+22 0 0)
(-7.55709171215915e+22 0 0)
(-7.73783275039381e+22 0 0)
(-8.09848271973443e+22 0 0)
(-8.28374689225571e+22 0 0)
(-8.65237648292673e+22 0 0)
(-8.84247005237743e+22 0 0)
(-9.21971993234216e+22 0 0)
(-9.4149805827506e+22 0 0)
(-9.80150123297849e+22 0 0)
(-1.00022938372899e+23 0 0)
(-1.03987445013206e+23 0 0)
(-1.06055092889005e+23 0 0)
(-1.1012485812789e+23 0 0)
(-1.12257787769596e+23 0 0)
(-1.16438486313338e+23 0 0)
(-1.18643743356486e+23 0 0)
(-1.22938042654336e+23 0 0)
(-1.2522897614714e+23 0 0)
(-1.29633835290544e+23 0 0)
(-1.32036485636744e+23 0 0)
(-1.36528386197747e+23 0 0)
(-1.39056360468263e+23 0 0)
(-1.43657395358658e+23 0 0)
(-1.46302901004499e+23 0 0)
(-1.51033300517238e+23 0 0)
(-1.5379573421516e+23 0 0)
(-1.58667602547456e+23 0 0)
(-1.61551325278834e+23 0 0)
(-1.66573710377406e+23 0 0)
(-1.69584661299814e+23 0 0)
(-1.7476794830181e+23 0 0)
(-1.77912702126216e+23 0 0)
(-1.83265903497041e+23 0 0)
(-1.86551594165074e+23 0 0)
(-1.92083746302473e+23 0 0)
(-1.95518577016454e+23 0 0)
(-2.0123681736401e+23 0 0)
(-2.04830112582508e+23 0 0)
(-2.1074435242944e+23 0 0)
(-2.14510085722876e+23 0 0)
(-2.20635276203678e+23 0 0)
(-2.24598703100031e+23 0 0)
(-2.30986635061405e+23 0 0)
(-2.35242245351949e+23 0 0)
(-2.41945969803049e+23 0 0)
(-2.46519897407466e+23 0 0)
(-2.53540433656713e+23 0 0)
(-2.58513392688731e+23 0 0)
(-2.66106688957937e+23 0 0)
(-2.70946212622442e+23 0 0)
(-2.78560559964236e+23 0 0)
(-2.83628761430088e+23 0 0)
(-2.91458839104597e+23 0 0)
(-2.96746319467526e+23 0 0)
(-3.04818667304258e+23 0 0)
(-3.10416267347241e+23 0 0)
(-3.18864515010637e+23 0 0)
(-3.24801353693892e+23 0 0)
(-3.33638870214843e+23 0 0)
(-3.39921160454176e+23 0 0)
(-3.49167312873741e+23 0 0)
(-3.55809219427469e+23 0 0)
(-3.65486042758682e+23 0 0)
(-3.72505800135386e+23 0 0)
(-3.82638016872523e+23 0 0)
(-3.90056951943384e+23 0 0)
(-4.00671950698365e+23 0 0)
(-4.0851385703056e+23 0 0)
(-4.19641760149345e+23 0 0)
(-4.27932618791133e+23 0 0)
(-4.39606177715628e+23 0 0)
(-4.48374329338413e+23 0 0)
(-4.60628655332161e+23 0 0)
(-4.69905142732022e+23 0 0)
(-4.82777571207579e+23 0 0)
(-4.92596250651371e+23 0 0)
(-5.06126737212606e+23 0 0)
(-5.16523964453131e+23 0 0)
(-5.30755749793734e+23 0 0)
(-5.41770038970918e+23 0 0)
(-5.56750233928768e+23 0 0)
(-5.68422309087182e+23 0 0)
(-5.84202047904483e+23 0 0)
(-5.96575217365084e+23 0 0)
(-6.13209763951695e+23 0 0)
(-6.26330139120384e+23 0 0)
(-6.43879386121264e+23 0 0)
(-6.57795771923958e+23 0 0)
(-6.76324885052545e+23 0 0)
(-6.91088880209922e+23 0 0)
(-7.10668497537261e+23 0 0)
(-7.26335296183623e+23 0 0)
(-7.47041096659221e+23 0 0)
(-7.63670570880004e+23 0 0)
(-7.85583213682549e+23 0 0)
(-8.03240147857923e+23 0 0)
(-8.26446420903318e+23 0 0)
(-8.45199591442882e+23 0 0)
(-8.69794402571794e+23 0 0)
(-8.89715566487318e+23 0 0)
(-9.15803344661786e+23 0 0)
(-9.36967329929497e+23 0 0)
(-9.6466235861544e+23 0 0)
(-9.87147815778574e+23 0 0)
(-1.01657476368067e+24 0 0)
(-1.04046417153344e+24 0 0)
(-1.07175954585364e+24 0 0)
(-1.0971392432435e+24 0 0)
(-1.13045208576217e+24 0 0)
(-1.15741167942633e+24 0 0)
(-1.19290419912295e+24 0 0)
(-1.22154021758886e+24 0 0)
(-1.25938531034016e+24 0 0)
(-1.28980336557895e+24 0 0)
(-1.33018526347888e+24 0 0)
(-1.36250315478919e+24 0 0)
(-1.40561719825411e+24 0 0)
(-1.43995644105119e+24 0 0)
(-1.48601814774829e+24 0 0)
(-1.52250766025978e+24 0 0)
(-1.57174906364224e+24 0 0)
(-1.61052447313289e+24 0 0)
(-1.66319650774872e+24 0 0)
(-1.70439509937515e+24 0 0)
(-1.76077580351862e+24 0 0)
(-1.80454561462234e+24 0 0)
(-1.86493168634988e+24 0 0)
(-1.91143231660867e+24 0 0)
(-1.97613570383821e+24 0 0)
(-2.02555431780068e+24 0 0)
(-2.09488784916359e+24 0 0)
(-2.14744330546521e+24 0 0)
(-2.22172329479507e+24 0 0)
(-2.27766391852431e+24 0 0)
(-2.35721879007619e+24 0 0)
(-2.41681719986945e+24 0 0)
(-2.50199110201052e+24 0 0)
(-2.56553180159533e+24 0 0)
(-2.6566939688377e+24 0 0)
(-2.7244822760194e+24 0 0)
(-2.82202389731377e+24 0 0)
(-2.8943868615972e+24 0 0)
(-2.99872281257783e+24 0 0)
(-3.07601041318947e+24 0 0)
(-3.18757062349039e+24 0 0)
(-3.27019687876555e+24 0 0)
(-3.38937774225803e+24 0 0)
(-3.47782947911139e+24 0 0)
(-3.6049949406274e+24 0 0)
(-3.69982951389487e+24 0 0)
(-3.83533513551288e+24 0 0)
(-3.93715944064579e+24 0 0)
(-4.08137177478328e+24 0 0)
(-4.19080062138621e+24 0 0)
(-4.34411698449504e+24 0 0)
(-4.46176760292125e+24 0 0)
(-4.62463266463976e+24 0 0)
(-4.75112390585392e+24 0 0)
(-4.92403127853232e+24 0 0)
(-5.05997545091172e+24 0 0)
(-5.24343647179407e+24 0 0)
(-5.38955341902836e+24 0 0)
(-5.5839624966441e+24 0 0)
(-5.74109607627345e+24 0 0)
(-5.94675163526862e+24 0 0)
(-6.11582407543897e+24 0 0)
(-6.33302551095202e+24 0 0)
(-6.51494243101404e+24 0 0)
(-6.74404435358898e+24 0 0)
(-6.93959595997625e+24 0 0)
(-7.18105544836479e+24 0 0)
(-7.39089358482608e+24 0 0)
(-7.645358032524e+24 0 0)
(-7.86994797312886e+24 0 0)
(-8.13813469316079e+24 0 0)
(-8.37804020343519e+24 0 0)
(-8.66038819825785e+24 0 0)
(-8.91649055607526e+24 0 0)
(-9.21306665335902e+24 0 0)
(-9.48637330350489e+24 0 0)
(-9.79720068196204e+24 0 0)
(-1.00886208213272e+25 0 0)
(-1.04138577281159e+25 0 0)
(-1.07239143898943e+25 0 0)
(-1.10641458547174e+25 0 0)
(-1.13926755787329e+25 0 0)
(-1.17491939481535e+25 0 0)
(-1.20957020249127e+25 0 0)
(-1.24694687604434e+25 0 0)
(-1.28345281627672e+25 0 0)
(-1.32254316489043e+25 0 0)
(-1.36105283788265e+25 0 0)
(-1.40179228933256e+25 0 0)
(-1.4425204687156e+25 0 0)
(-1.4849055350115e+25 0 0)
(-1.52802681670667e+25 0 0)
(-1.57233412882153e+25 0 0)
(-1.61783373674619e+25 0 0)
(-1.66471846751945e+25 0 0)
(-1.71278025903381e+25 0 0)
(-1.76290221233832e+25 0 0)
(-1.81518258836895e+25 0 0)
(-1.87118656907996e+25 0 0)
(-1.93121123158118e+25 0 0)
(-1.99489660573929e+25 0 0)
(-2.06780610649167e+25 0 0)
(-2.14835423117432e+25 0 0)
(-2.24490216518981e+25 0 0)
(-2.35746931766584e+25 0 0)
(-2.49827005960224e+25 0 0)
(-2.67151199471922e+25 0 0)
(-2.86944666763526e+25 0 0)
(-3.03329040826308e+25 0 0)
(-3.02006409825247e+25 0 0)
(-2.61965635696277e+25 0 0)
(-1.96771286220305e+25 0 0)
(-1.33213151564688e+25 0 0)
(-9.91370681511144e+24 0 0)
(-4.17644878338678e+24 0 0)
)
;

boundaryField
{
    electrode
    {
        type            calculated;
        value           uniform (0 0 0);
    }
    ground
    {
        type            calculated;
        value           uniform (0 0 0);
    }
    otherfaces
    {
        type            empty;
    }
}


// ************************************************************************* //
