/*--------------------------------*- C++ -*----------------------------------*\
| =========                 |                                                 |
| \\      /  F ield         | foam-extend: Open Source CFD                    |
|  \\    /   O peration     | Version:     4.1                                |
|   \\  /    A nd           | Web:         http://www.foam-extend.org         |
|    \\/     M anipulation  |                                                 |
\*---------------------------------------------------------------------------*/
FoamFile
{
    version     2.0;
    format      ascii;
    class       volScalarField;
    location    "1.50100000171593e-05";
    object      eDensity;
}
// * * * * * * * * * * * * * * * * * * * * * * * * * * * * * * * * * * * * * //

dimensions      [1 -1 -2 0 0 0 0];

internalField   nonuniform List<scalar> 
500
(
1.37801279027966e-10
3.64883790859606e-10
8.96898102206518e-10
2.12780024865619e-09
4.97305657978341e-09
1.15760183406262e-08
2.69855120914921e-08
6.30840456079456e-08
1.47808449195882e-07
3.47067871318356e-07
8.16725159048916e-07
1.92568411358743e-06
4.54672778432899e-06
1.0740266170988e-05
2.53508552579591e-05
5.96966899229965e-05
0.000139973287892069
0.000326047695332475
0.000752440338175217
0.00171490480987079
0.00384578392570809
0.00845008033289826
0.0181051929689984
0.0376924996934582
0.0753500364500064
0.141947569362546
0.250077253040142
0.41078958870366
0.629797007123138
0.904839655861209
1.22573899619199
1.57719188058207
1.94279658511959
2.30854015451853
2.66470464828913
3.00604986237978
3.33092055605892
3.64001890784158
3.93527368352602
4.21903648723442
4.49356250843149
4.76076723993824
5.02221381025178
5.27913759941513
5.53247892678571
5.78293471990864
6.03101073699512
6.27706870111688
6.52136503097664
6.76408071344935
7.00534369661624
7.24524506858674
7.48385054332901
7.72120838354388
7.95735485015152
8.1923178417625
8.42611937481067
8.65877720700708
8.89030596627048
9.12071788031679
9.35002332543706
9.57823117340252
9.80534908508276
10.0313836994953
10.2563408103625
10.4802255250747
10.7030422299312
10.9247948022447
11.1454867406888
11.3651210951781
11.5837005856216
11.8012276226953
12.0177043696502
12.2331327554036
12.4475145234288
12.6608512332353
12.8731443035392
13.0843950091149
13.294604512241
13.5037738581744
13.7119040002427
13.9189957928063
14.1250500126673
14.3300673469566
14.5340484150018
14.7369937523646
14.938903828127
15.1397790326835
15.3396196901959
15.5384260426346
15.7361982658574
15.9329364533023
16.1286406253468
16.3233107192573
16.5169465940719
16.7095480217312
16.9011147012619
17.091646245954
17.2811421933272
17.4696019943794
17.6570250210139
17.8434105585656
18.0287577914844
18.2130658373812
18.3963338449838
18.5785608351929
18.7597456280387
18.9398869824222
19.1189835798115
19.29703401402
19.4740367886192
19.6499903218492
19.8248929478512
19.9987429188062
20.1715384081932
20.3432775097664
20.5139582376917
20.6835785320797
20.8521362574196
21.0196292062357
21.1860550961734
21.3514115751703
21.5156962221077
21.6789065465868
21.8410399909636
22.0020939327918
22.1620656841369
22.320952493546
22.4787515493041
22.6354599777862
22.7910748460564
22.9455931647814
23.099011888706
23.25132791371
23.4025380807404
23.5526391500832
23.701627927477
23.8495011893673
23.9962555575033
24.1418876145132
24.2863939137404
24.4297709649979
24.5720152432966
24.7131231788172
24.8530911697556
24.9919155741654
25.1295927231383
25.2661189091765
25.40149040264
25.5357034373794
25.6687542292885
25.8006389612502
25.9313538021868
26.0608948914386
26.1892583573853
26.3164403006663
26.4424368192316
26.5672439842576
26.6908578652755
26.8132745118146
26.9344899766287
27.0545002903535
27.1733014943524
27.2908896122081
27.4072606791379
27.5224107163448
27.6363357602624
27.7490318365442
27.860494990858
27.9707212586271
28.0797066998577
28.1874473665275
28.293939339456
28.3991786952428
28.5031615403008
28.6058839805483
28.7073421557684
28.8075322051889
28.9064503066757
29.0040926402016
29.1004554276545
29.1955348940264
29.2893273089963
29.381828950009
29.4730361409219
29.5629452135356
29.651552549385
29.7388545418435
29.8248476352631
29.9095282864603
29.9928930087394
30.0749383281495
30.1556608272594
30.2350571054896
30.3131238211198
30.3898576505449
30.4652553308738
30.5393136199568
30.6120293370481
30.6833993240967
30.7534204876523
30.8220897561342
30.8894041233295
30.9553606079027
31.0199562927054
31.08318828556
31.1450537608834
31.2055499215134
31.2646740371005
31.3224234087595
31.3787954072504
31.4337874425737
31.4873969977925
31.5396215847874
31.5904588079926
31.6399062926394
31.6879617083803
31.7346228088987
31.7798873482851
31.8237530726754
31.8662182848376
31.9072787332036
31.9469263083966
31.9851547808789
32.0219611200435
32.0573363569421
32.0912696254092
32.1237812775533
32.154889796193
32.1845903919927
32.2128829101779
32.2397666969271
32.2652385075471
32.2892936693212
32.3119292944979
32.3331432675488
32.3529337757025
32.3712991987675
32.3882380449293
32.4037488803189
32.4178303915048
32.4304813432959
32.4417005719164
32.4514869832822
32.4598395491241
32.4667573391666
32.4722394876435
32.4762850844247
32.478893353377
32.480063604119
32.4797952147549
32.4780879086588
32.474940626459
32.470353166507
32.4643250721048
32.4568560246661
32.4479457180378
32.4375939294474
32.4258005179066
32.4125654082874
32.3978885846622
32.3817701043405
32.3642101061596
32.3452088206729
32.3247665763407
32.3028838608176
32.2795613334151
32.2547999164983
32.2286012937774
32.2009689558197
32.1719049885511
32.141408777337
32.1094790400622
32.0761195198853
32.0413111686538
32.0050326514491
31.9672932644404
31.9281006546801
31.8874568193449
31.8453667850449
31.8018374398122
31.7568719289868
31.7104708712418
31.6626354010691
31.6133666226082
31.5626656642227
31.510533744877
31.4569721277274
31.4019821034832
31.345565061464
31.2877224286878
31.2284557098756
31.1677664606689
31.1056563141247
31.042126946995
30.9771801152512
30.910817612654
30.843041310659
30.7738531216288
30.7032550357311
30.6312490810018
30.5578373657738
30.4830220388826
30.4068053300388
30.3291895092073
30.2501769265394
30.1697699753099
30.0879711291334
30.0047829027022
29.9202078922685
29.8342487354359
29.7469081530598
29.6581889061544
29.5680938385046
29.4766258384271
29.3837878736282
29.2895829568627
29.1940141841424
29.0970846941447
28.9987977091799
28.8991564973512
28.7981644083862
28.6958248383524
28.5921412677078
28.4871172219103
28.3807563093799
28.2730621890214
28.1640386000135
28.0536893312491
27.942018255524
27.8290292954105
27.7147264565437
27.5991137949835
27.4821954510956
27.363975616013
27.2444585635553
27.1236486235488
27.0015502063805
26.8781677776164
26.7535058861747
26.6275691350088
26.5003622113652
26.3718898577119
26.242156899783
26.1111682220986
25.9789287898226
25.8454436276565
25.7107178402046
25.5747565960773
25.4375651431926
25.299148790111
25.1595129264924
25.0186630060076
24.8766045603274
24.7333431855571
24.5888845578725
24.4432344170402
24.2963985822043
24.148382939423
23.9991934496636
23.8488361427232
23.6973171231381
23.544642564219
23.3908187134676
23.2358518852627
23.0797484663002
22.9225149124784
22.7641577528985
22.6046835837737
22.4440990746158
22.2824109644986
22.1196260608905
21.955751239171
21.7907934421515
21.6247596750514
21.4576569787402
21.2894925622064
21.1202737176861
20.9500076872978
20.7787017964288
20.6063634403641
20.4330000747991
20.2586192162017
20.0832284361739
19.9068353622666
19.729447671244
19.5510730946486
19.3717194076105
19.1913944321606
19.0101060304513
18.827862103433
18.6446705880457
18.4605394520826
18.2754766850576
18.0894903015886
17.902588336716
17.7147788412143
17.5260698792237
17.3364695294793
17.1459858800021
16.9546270243351
16.7624010622967
16.5693160913632
16.3753802057118
16.1806014893346
15.9849880122001
15.7885478238553
15.5912889513435
15.3932193826889
15.1943470687635
14.994679911277
14.7942257639778
14.5929924212002
14.3909876155146
14.1882190060877
13.9846941753214
13.7804206134692
13.575405718834
13.3696567711012
13.1631809351169
12.9559852349415
12.748076545978
12.5394615704175
12.3301468284725
12.1201386245887
11.9094430373138
11.6980658791351
11.4860126827375
11.2732886541786
11.0598986476654
10.845847115303
10.6311380748482
10.4157750441246
10.1997609975005
9.98309829258558
9.76578861313449
9.54783287423118
9.32923114989435
9.10998256441349
8.89008520067765
8.66953596996518
8.44833051067962
8.22646305153257
8.00392631610697
7.78071142957548
7.55680790762524
7.33220372729972
7.10688558661466
6.88083965083098
6.65405261424384
6.42651317278419
6.19821514109757
5.96916203515256
5.7393738544042
5.50889685533517
5.27781725746806
5.04627964679162
4.81451078250301
4.58284874945493
4.35177692835686
4.12196218150421
3.89425355058225
3.6696204577348
3.44914712583894
3.2340411505967
3.02559215765951
2.82513071729666
2.63394904242005
2.45323822510291
2.28399403772068
2.12684283987086
1.98197499696103
1.84916768909008
1.72780151551578
1.61692283197526
1.51534669628801
1.42175082988773
1.33473995573128
1.2529213459381
1.1749654586031
1.09962424350424
1.02575677724724
0.952382239747198
0.87873370858594
0.804300507134384
0.728870924298567
0.652576101685292
0.575920975740796
0.499787542099749
0.425394830718055
0.354197272795286
0.287729457059691
0.227420602067569
0.17440638509072
0.129388628264517
0.09255459699619
0.0635858453246727
0.0417429134066698
0.0260014806101872
0.0152122658342926
)
;

boundaryField
{
    electrode
    {
        type            energyDensity_wilsonBC5;
        seec            0;
        Tse             22000;
        value           uniform 1.37801279027966e-10;
    }
    ground
    {
        type            energyDensity_wilsonBC5;
        seec            0;
        Tse             22000;
        value           uniform 0.0152122658342926;
    }
    otherfaces
    {
        type            empty;
    }
}


// ************************************************************************* //
