/*--------------------------------*- C++ -*----------------------------------*\
| =========                 |                                                 |
| \\      /  F ield         | foam-extend: Open Source CFD                    |
|  \\    /   O peration     | Version:     4.1                                |
|   \\  /    A nd           | Web:         http://www.foam-extend.org         |
|    \\/     M anipulation  |                                                 |
\*---------------------------------------------------------------------------*/
FoamFile
{
    version     2.0;
    format      ascii;
    class       volScalarField;
    location    "1.50100000171593e-05";
    object      electronMean;
}
// * * * * * * * * * * * * * * * * * * * * * * * * * * * * * * * * * * * * * //

dimensions      [0 -3 0 0 0 0 0];

internalField   nonuniform List<scalar> 
500
(
6.43056739552905e+15
1.12762122454482e+16
1.84596703849108e+16
2.86253981629169e+16
4.2421497625278e+16
6.04449814302316e+16
8.31923822617009e+16
1.11026894354392e+17
1.44169688089397e+17
1.82717046422576e+17
2.26679778211005e+17
2.76036700890715e+17
3.30794100442786e+17
3.91043594532579e+17
4.57013291658148e+17
5.29111213757476e+17
6.07965058369195e+17
6.94465452289685e+17
7.89822334536015e+17
8.95643350195555e+17
1.01403574766905e+18
1.14772822590394e+18
1.3002165436967e+18
1.47591258634877e+18
1.68015838806396e+18
1.91874890610697e+18
2.19710201353938e+18
2.51900290744667e+18
2.88526115122904e+18
3.2929307529449e+18
3.73555965695818e+18
4.2044591060158e+18
4.69040343544737e+18
5.18518052051669e+18
5.68260247961441e+18
6.17870384900092e+18
6.67137358988758e+18
7.15979615578835e+18
7.64389724424991e+18
8.12393800076588e+18
8.6002200431816e+18
9.07296406529773e+18
9.54236500673282e+18
1.00086207741192e+19
1.04719204790824e+19
1.09324375046127e+19
1.13903273475191e+19
1.1845727762829e+19
1.22987599417996e+19
1.27495300381042e+19
1.31981307681117e+19
1.36446429258386e+19
1.40891367821608e+19
1.4531673334357e+19
1.49723054236769e+19
1.54110787244085e+19
1.58480326065962e+19
1.62832008901986e+19
1.67166125076679e+19
1.71482920813821e+19
1.75782604294924e+19
1.80065350089931e+19
1.84331303048511e+19
1.88580581706879e+19
1.92813281280836e+19
1.97029476292484e+19
2.01229222888267e+19
2.05412560876607e+19
2.09579515532256e+19
2.1373009918355e+19
2.17864312623143e+19
2.21982146349637e+19
2.26083581677749e+19
2.30168591712175e+19
2.34237142221888e+19
2.3828919240867e+19
2.42324695598592e+19
2.46343599854818e+19
2.5034584850727e+19
2.54331380634055e+19
2.58300131490187e+19
2.62252032905517e+19
2.6618701360882e+19
2.70104999550709e+19
2.7400591414838e+19
2.77889678553155e+19
2.81756211829779e+19
2.85605431183149e+19
2.89437252082543e+19
2.93251588458956e+19
2.97048352781036e+19
3.0082745623679e+19
3.04588808774785e+19
3.08332319281161e+19
3.1205789557612e+19
3.1576544460664e+19
3.19454872464084e+19
3.23126084590417e+19
3.26778985747607e+19
3.30413480214078e+19
3.34029471719299e+19
3.37626863637786e+19
3.41205558902057e+19
3.4476546021193e+19
3.48306469914347e+19
3.51828490178886e+19
3.55331422856713e+19
3.58815169718346e+19
3.62279632307315e+19
3.65724712169341e+19
3.6915031069553e+19
3.72556329395065e+19
3.75942669738355e+19
3.79309233422596e+19
3.8265592219129e+19
3.85982638102979e+19
3.89289283345802e+19
3.92575760501699e+19
3.95841972350194e+19
3.9908782213498e+19
4.02313213353223e+19
4.05518050022188e+19
4.08702236464015e+19
4.11865677566032e+19
4.15008278564643e+19
4.18129945302095e+19
4.21230584005885e+19
4.24310101542587e+19
4.27368405199745e+19
4.3040540293025e+19
4.33421003139491e+19
4.36415114921727e+19
4.39387647853272e+19
4.42338512222374e+19
4.45267618829047e+19
4.48174879198517e+19
4.51060205386644e+19
4.53923510172567e+19
4.56764706858052e+19
4.59583709493124e+19
4.62380432692427e+19
4.6515479182622e+19
4.67906702845772e+19
4.70636082467064e+19
4.73342848017146e+19
4.76026917593662e+19
4.7868820992152e+19
4.81326644506056e+19
4.83942141491962e+19
4.86534621813612e+19
4.89104007062649e+19
4.91650219624919e+19
4.94173182561602e+19
4.96672819727973e+19
4.99149055674268e+19
5.01601815746834e+19
5.04031025997043e+19
5.06436613280353e+19
5.0881850516514e+19
5.11176630025842e+19
5.13510916963976e+19
5.15821295886931e+19
5.18107697441609e+19
5.203700530808e+19
5.2260829500575e+19
5.248223562257e+19
5.27012170508557e+19
5.29177672428911e+19
5.3131879732899e+19
5.33435481360159e+19
5.35527661448346e+19
5.3759527532519e+19
5.39638261511875e+19
5.41656559333118e+19
5.43650108908143e+19
5.45618851160898e+19
5.47562727815322e+19
5.49481681401038e+19
5.51375655253876e+19
5.53244593515608e+19
5.55088441138019e+19
5.5690714388025e+19
5.58700648318876e+19
5.60468901836431e+19
5.62211852635797e+19
5.63929449726972e+19
5.65621642948473e+19
5.67288382941931e+19
5.68929621184174e+19
5.7054530995376e+19
5.72135402368894e+19
5.73699852349843e+19
5.75238614660867e+19
5.76751644867894e+19
5.78238899384304e+19
5.79700335423945e+19
5.81135911054033e+19
5.82545585139321e+19
5.83929317404279e+19
5.85287068369201e+19
5.86618799417788e+19
5.87924472727751e+19
5.89204051344728e+19
5.90457499107444e+19
5.91684780724936e+19
5.92885861699792e+19
5.94060708410538e+19
5.95209288023037e+19
5.96331568585423e+19
5.97427518932832e+19
5.98497108781983e+19
5.995403086358e+19
6.00557089888808e+19
6.01547424679549e+19
6.02511284611461e+19
6.03448639738221e+19
6.04359459801537e+19
6.05243715086428e+19
6.06101376732718e+19
6.06932412054407e+19
6.07736785786462e+19
6.08514436187403e+19
6.09265269042939e+19
6.09989209146445e+19
6.10686212152809e+19
6.11356161650448e+19
6.11999011738422e+19
6.12615059569838e+19
6.13204527950293e+19
6.13767396284324e+19
6.14303668027732e+19
6.14813338149064e+19
6.15296362331474e+19
6.15752681788646e+19
6.16182260829391e+19
6.16585074462872e+19
6.16961102803292e+19
6.17310329255067e+19
6.17632739528202e+19
6.17928321188143e+19
6.18197063298771e+19
6.1843895626423e+19
6.18653991637649e+19
6.18842162076536e+19
6.19003461244611e+19
6.19137883812841e+19
6.19245425436169e+19
6.19326082260198e+19
6.19379851731619e+19
6.19406727487246e+19
6.19406718315341e+19
6.19379824216498e+19
6.19326036405633e+19
6.19245361255737e+19
6.19137801322696e+19
6.19003360466894e+19
6.1884204303595e+19
6.18653854363616e+19
6.18438800793295e+19
6.18196889670362e+19
6.1792812944537e+19
6.17632529720809e+19
6.17310101436441e+19
6.16960857032133e+19
6.16584810802611e+19
6.16181979348919e+19
6.15752382561885e+19
6.15296045440688e+19
6.148130036837e+19
6.14303316084737e+19
6.13767026962411e+19
6.13204141351184e+19
6.12614655792337e+19
6.11998590890507e+19
6.11355723821286e+19
6.10685757386312e+19
6.09988737495709e+19
6.09264780583559e+19
6.08513931010054e+19
6.0773626399554e+19
6.06931873758184e+19
6.06100822088209e+19
6.05243144277512e+19
6.04358872992052e+19
6.03448037095693e+19
6.02510666309475e+19
6.01546790890058e+19
6.00556440780721e+19
5.99539644375589e+19
5.98496429538476e+19
5.97426824880092e+19
5.96330859901531e+19
5.95208564888825e+19
5.94059971010538e+19
5.92885110224264e+19
5.91684015366873e+19
5.9045672006234e+19
5.89203258815029e+19
5.87923666916437e+19
5.86617980534158e+19
5.85286236624182e+19
5.83928473013737e+19
5.82544728321963e+19
5.81135042031703e+19
5.79699454422961e+19
5.78238006633158e+19
5.76750740599466e+19
5.75237699110999e+19
5.73698925757397e+19
5.72134464976324e+19
5.7054436200519e+19
5.68928662928851e+19
5.67287414630966e+19
5.6562066483599e+19
5.63928462068951e+19
5.62210855691561e+19
5.60467895869022e+19
5.58699633592684e+19
5.56906120661569e+19
5.55087409697699e+19
5.53243554125078e+19
5.51374608188247e+19
5.49480626935422e+19
5.47561666229161e+19
5.45617782734826e+19
5.43649033923925e+19
5.41655478075129e+19
5.39637174266018e+19
5.37594182378857e+19
5.3552656309006e+19
5.33434377881177e+19
5.31317689021326e+19
5.2917655958475e+19
5.27011053421987e+19
5.24821235192055e+19
5.22607170320643e+19
5.2036892504185e+19
5.18106566345623e+19
5.15820162032027e+19
5.13509780648266e+19
5.11175491548421e+19
5.08817364825325e+19
5.06435471376482e+19
5.0402988282864e+19
5.01600671611403e+19
4.99147910871188e+19
4.96671674555944e+19
4.94172037316612e+19
4.91649074605616e+19
4.8910286256419e+19
4.86533478131467e+19
4.83940998920638e+19
4.81325503337803e+19
4.78687070448524e+19
4.76025780106086e+19
4.73341712803132e+19
4.70634949813973e+19
4.6790557303776e+19
4.65153665146772e+19
4.62379309423066e+19
4.59582589911164e+19
4.56763591240082e+19
4.53922398792231e+19
4.51059098515007e+19
4.48173777103226e+19
4.45266521774729e+19
4.42337420472128e+19
4.39386561664523e+19
4.36414034550286e+19
4.3341992883696e+19
4.3040433494474e+19
4.27367343775359e+19
4.24309046919814e+19
4.21229536420703e+19
4.18128904986656e+19
4.15007245746932e+19
4.11864652468373e+19
4.08701219306097e+19
4.05517041017793e+19
4.02312212711038e+19
3.99086830058759e+19
3.95840989039771e+19
3.92574786150859e+19
3.89288318142604e+19
3.85981682231234e+19
3.82654975828371e+19
3.79308296739757e+19
3.75941742903503e+19
3.7255541256663e+19
3.69149404028974e+19
3.65723815812585e+19
3.62278746402783e+19
3.58814294402187e+19
3.55330558259062e+19
3.51827636422827e+19
3.48305627117024e+19
3.44764628483974e+19
3.41204738347643e+19
3.37626054354226e+19
3.34028673797436e+19
3.3041269373828e+19
3.26778210795391e+19
3.23125321232173e+19
3.19454120764062e+19
3.15764704621975e+19
3.12057167357113e+19
3.08331602871462e+19
3.04588104211375e+19
3.00826763549712e+19
2.97047671993721e+19
2.93250919587724e+19
2.89436595137038e+19
2.85604786166971e+19
2.81755578738867e+19
2.77889057378031e+19
2.74005304872144e+19
2.70104402150071e+19
2.66186428054216e+19
2.62251459161085e+19
2.58299569514078e+19
2.54330830377339e+19
2.50345309915606e+19
2.4634307286743e+19
2.42324180149434e+19
2.38288688425783e+19
2.3423664962684e+19
2.30168110421556e+19
2.26083111603169e+19
2.2198168739663e+19
2.17863864692053e+19
2.13729662170542e+19
2.09579089327753e+19
2.05412145366696e+19
2.01228817954496e+19
1.97029081811913e+19
1.92812897126069e+19
1.88580207746699e+19
1.84330939147256e+19
1.80064996108257e+19
1.75782260089391e+19
1.71482586237707e+19
1.67165799979145e+19
1.62831693128783e+19
1.58480019459307e+19
1.54110489642739e+19
1.4972276547591e+19
1.45316453255092e+19
1.40891096233956e+19
1.36446165997818e+19
1.31981052571618e+19
1.27495053245765e+19
1.2298736008144e+19
1.18457045920166e+19
1.13903049235235e+19
1.09324158132499e+19
1.04718995092266e+19
1.00086005193855e+19
9.54234546783708e+18
9.07294525337778e+18
8.600201983761e+18
8.12392073637837e+18
7.64388084044385e+18
7.15978071319412e+18
6.67135925627314e+18
6.17869083101475e+18
5.68259104281002e+18
5.18517096217742e+18
4.69039603100426e+18
4.20445403635794e+18
3.73555693466785e+18
3.29293018602424e+18
2.88526237330246e+18
2.5190054604039e+18
2.19710544681206e+18
1.91875285134754e+18
1.68016258571261e+18
1.47591687412644e+18
1.30022082920998e+18
1.14773245540778e+18
1.01403988517282e+18
8.95647366761312e+17
7.89826203153634e+17
6.94469145882448e+17
6.0796854968431e+17
5.29114476002277e+17
4.57016299529947e+17
3.91046325604822e+17
3.30796536868944e+17
2.76038831193591e+17
2.2668159884043e+17
1.82718562800219e+17
1.44170914942828e+17
1.11027855140371e+17
8.31931076562036e+16
6.0445507021716e+16
4.24218611322202e+16
2.86256365841027e+16
1.84598174836384e+16
1.12762967388423e+16
6.43061222164593e+15
)
;

boundaryField
{
    electrode
    {
        type            calculated;
        value           uniform 4.86940896373515e+15;
    }
    ground
    {
        type            calculated;
        value           uniform 4.86944197763728e+15;
    }
    otherfaces
    {
        type            empty;
    }
}


// ************************************************************************* //
