/*--------------------------------*- C++ -*----------------------------------*\
| =========                 |                                                 |
| \\      /  F ield         | foam-extend: Open Source CFD                    |
|  \\    /   O peration     | Version:     4.1                                |
|   \\  /    A nd           | Web:         http://www.foam-extend.org         |
|    \\/     M anipulation  |                                                 |
\*---------------------------------------------------------------------------*/
FoamFile
{
    version     2.0;
    format      ascii;
    class       volVectorField;
    location    "1.50100000171593e-05";
    object      Flux_Arp1;
}
// * * * * * * * * * * * * * * * * * * * * * * * * * * * * * * * * * * * * * //

dimensions      [0 -2 -1 0 0 0 0];

internalField   nonuniform List<vector> 
500
(
(-3.31310857608497e+21 0 0)
(-3.31366569108153e+21 0 0)
(-3.31458134660125e+21 0 0)
(-3.31497009876991e+21 0 0)
(-3.31638721242493e+21 0 0)
(-3.31660804646241e+21 0 0)
(-3.31819347603217e+21 0 0)
(-3.31869683672229e+21 0 0)
(-3.320402866381e+21 0 0)
(-3.32120420842363e+21 0 0)
(-3.32307003978159e+21 0 0)
(-3.32422552304702e+21 0 0)
(-3.32642232298826e+21 0 0)
(-3.32759603831887e+21 0 0)
(-3.32923507450098e+21 0 0)
(-3.32995964475472e+21 0 0)
(-3.33120709610859e+21 0 0)
(-3.33147758674727e+21 0 0)
(-3.33241945817553e+21 0 0)
(-3.33243914214634e+21 0 0)
(-3.33254255232637e+21 0 0)
(-3.33172303349774e+21 0 0)
(-3.33156549855213e+21 0 0)
(-3.330651454509e+21 0 0)
(-3.32972513512194e+21 0 0)
(-3.32816939052644e+21 0 0)
(-3.32711042289665e+21 0 0)
(-3.3252242025949e+21 0 0)
(-3.32399347481703e+21 0 0)
(-3.32209082454062e+21 0 0)
(-3.32098143884986e+21 0 0)
(-3.31882005632515e+21 0 0)
(-3.31761413316462e+21 0 0)
(-3.31540139309787e+21 0 0)
(-3.31366758449589e+21 0 0)
(-3.31117536440812e+21 0 0)
(-3.3091951020123e+21 0 0)
(-3.30649772684339e+21 0 0)
(-3.30441296520371e+21 0 0)
(-3.30166855372304e+21 0 0)
(-3.29948125681232e+21 0 0)
(-3.29655802161542e+21 0 0)
(-3.29400889897454e+21 0 0)
(-3.29075705040324e+21 0 0)
(-3.28782286354097e+21 0 0)
(-3.28422669421625e+21 0 0)
(-3.2809005790058e+21 0 0)
(-3.27694775717158e+21 0 0)
(-3.27322710602544e+21 0 0)
(-3.26891187874304e+21 0 0)
(-3.26479805435542e+21 0 0)
(-3.26011924002357e+21 0 0)
(-3.25561650174586e+21 0 0)
(-3.25057576439656e+21 0 0)
(-3.24568983718107e+21 0 0)
(-3.24029045030318e+21 0 0)
(-3.23502769685725e+21 0 0)
(-3.22927381184469e+21 0 0)
(-3.22364084101216e+21 0 0)
(-3.21753715847599e+21 0 0)
(-3.21154069098802e+21 0 0)
(-3.20509227948059e+21 0 0)
(-3.19873907734579e+21 0 0)
(-3.19195126825754e+21 0 0)
(-3.1852480937316e+21 0 0)
(-3.17812639486811e+21 0 0)
(-3.1710799608382e+21 0 0)
(-3.16362996846961e+21 0 0)
(-3.15624687885281e+21 0 0)
(-3.14847418297632e+21 0 0)
(-3.14076087721796e+21 0 0)
(-3.13267099069039e+21 0 0)
(-3.1246336949496e+21 0 0)
(-3.11623198070893e+21 0 0)
(-3.10787664955229e+21 0 0)
(-3.09916826875579e+21 0 0)
(-3.09050056134275e+21 0 0)
(-3.08149043024243e+21 0 0)
(-3.07251566481469e+21 0 0)
(-3.06320841646055e+21 0 0)
(-3.05393157110774e+21 0 0)
(-3.0443315268299e+21 0 0)
(-3.03475720433414e+21 0 0)
(-3.02486835556547e+21 0 0)
(-3.01500078108758e+21 0 0)
(-3.0048267805031e+21 0 0)
(-2.99466979375234e+21 0 0)
(-2.9842139446218e+21 0 0)
(-2.97377100246522e+21 0 0)
(-2.96303625402083e+21 0 0)
(-2.95231044097327e+21 0 0)
(-2.94129939993478e+21 0 0)
(-2.93029343671409e+21 0 0)
(-2.91900841052818e+21 0 0)
(-2.90772469690537e+21 0 0)
(-2.89616768731065e+21 0 0)
(-2.88460850830932e+21 0 0)
(-2.87278168325329e+21 0 0)
(-2.86094943969654e+21 0 0)
(-2.84885496816803e+21 0 0)
(-2.83675201243653e+21 0 0)
(-2.82439202936249e+21 0 0)
(-2.81202066208329e+21 0 0)
(-2.79939725203549e+21 0 0)
(-2.7867597003452e+21 0 0)
(-2.77387489620203e+21 0 0)
(-2.76097331986557e+21 0 0)
(-2.74782909750289e+21 0 0)
(-2.73466559779978e+21 0 0)
(-2.72126388334069e+21 0 0)
(-2.70784056273333e+21 0 0)
(-2.694183485902e+21 0 0)
(-2.68050277112232e+21 0 0)
(-2.66659273443937e+21 0 0)
(-2.65265724952661e+21 0 0)
(-2.638496853547e+21 0 0)
(-2.62430940446823e+21 0 0)
(-2.60990141900572e+21 0 0)
(-2.59546494483357e+21 0 0)
(-2.58081227064098e+21 0 0)
(-2.56612982953644e+21 0 0)
(-2.55123547475224e+21 0 0)
(-2.53631021745521e+21 0 0)
(-2.52117728276798e+21 0 0)
(-2.50601243674222e+21 0 0)
(-2.49064409804053e+21 0 0)
(-2.47524295270501e+21 0 0)
(-2.45964244469107e+21 0 0)
(-2.44400834189484e+21 0 0)
(-2.42817895188643e+21 0 0)
(-2.41231527500155e+21 0 0)
(-2.39626033238451e+21 0 0)
(-2.38017050144854e+21 0 0)
(-2.36389337838515e+21 0 0)
(-2.34758085161089e+21 0 0)
(-2.33108495434868e+21 0 0)
(-2.31455321226154e+21 0 0)
(-2.29784196292293e+21 0 0)
(-2.28109450030303e+21 0 0)
(-2.26417134342743e+21 0 0)
(-2.24721167336992e+21 0 0)
(-2.2300800806556e+21 0 0)
(-2.21291174732186e+21 0 0)
(-2.19557521217038e+21 0 0)
(-2.17820176998561e+21 0 0)
(-2.16066380471703e+21 0 0)
(-2.14308882627883e+21 0 0)
(-2.12535295962385e+21 0 0)
(-2.10758003352467e+21 0 0)
(-2.08964980401899e+21 0 0)
(-2.07168253264274e+21 0 0)
(-2.05356150355833e+21 0 0)
(-2.03540349636078e+21 0 0)
(-2.01709524125157e+21 0 0)
(-1.99875012868986e+21 0 0)
(-1.98025823358386e+21 0 0)
(-1.96172965832404e+21 0 0)
(-1.94305772642425e+21 0 0)
(-1.92434933918093e+21 0 0)
(-1.90550098485567e+21 0 0)
(-1.88661645280618e+21 0 0)
(-1.86759530240643e+21 0 0)
(-1.84853830495188e+21 0 0)
(-1.82934800284004e+21 0 0)
(-1.81012222754777e+21 0 0)
(-1.7907664238594e+21 0 0)
(-1.77137557576107e+21 0 0)
(-1.75185793665817e+21 0 0)
(-1.73230572861591e+21 0 0)
(-1.71262993301029e+21 0 0)
(-1.69292009136082e+21 0 0)
(-1.67308983013008e+21 0 0)
(-1.65322609178188e+21 0 0)
(-1.63324506419727e+21 0 0)
(-1.61323117880732e+21 0 0)
(-1.59310310069284e+21 0 0)
(-1.57294282686209e+21 0 0)
(-1.55267142142908e+21 0 0)
(-1.5323685336949e+21 0 0)
(-1.51195753702602e+21 0 0)
(-1.4915158162305e+21 0 0)
(-1.47096897525502e+21 0 0)
(-1.45039221337052e+21 0 0)
(-1.42971328729481e+21 0 0)
(-1.40900528950111e+21 0 0)
(-1.38819804490047e+21 0 0)
(-1.36736262888546e+21 0 0)
(-1.34643084727862e+21 0 0)
(-1.32547183795139e+21 0 0)
(-1.30441930977513e+21 0 0)
(-1.28334054367612e+21 0 0)
(-1.26217106866113e+21 0 0)
(-1.24097638839261e+21 0 0)
(-1.21969376948184e+21 0 0)
(-1.19838702316254e+21 0 0)
(-1.17699507423903e+21 0 0)
(-1.15558012382626e+21 0 0)
(-1.13408266754585e+21 0 0)
(-1.11256338647584e+21 0 0)
(-1.09096426701634e+21 0 0)
(-1.06934455312418e+21 0 0)
(-1.04764763643475e+21 0 0)
(-1.02593140206192e+21 0 0)
(-1.00414055857978e+21 0 0)
(-9.82331714269405e+20 0 0)
(-9.60450795819339e+20 0 0)
(-9.385532009736e+20 0 0)
(-9.16586015459186e+20 0 0)
(-8.94603496161538e+20 0 0)
(-8.7255378867486e+20 0 0)
(-8.50490206009918e+20 0 0)
(-8.28361828361764e+20 0 0)
(-8.06221101913039e+20 0 0)
(-7.8401821935698e+20 0 0)
(-7.6180458343546e+20 0 0)
(-7.39531434172467e+20 0 0)
(-7.17249295588079e+20 0 0)
(-6.94909931211271e+20 0 0)
(-6.72563019502752e+20 0 0)
(-6.50162341319378e+20 0 0)
(-6.27752313098712e+20 0 0)
(-6.05299727303337e+20 0 0)
(-5.82858813905014e+20 0 0)
(-5.60361783910603e+20 0 0)
(-5.37875326809702e+20 0 0)
(-5.15355342653387e+20 0 0)
(-4.92843995236791e+20 0 0)
(-4.701993486914e+20 0 0)
(-4.47575661522302e+20 0 0)
(-4.2488410218617e+20 0 0)
(-4.02216524471837e+20 0 0)
(-3.79488012440146e+20 0 0)
(-3.56781707181294e+20 0 0)
(-3.34037088066237e+20 0 0)
(-3.11302528642878e+20 0 0)
(-2.88530338442578e+20 0 0)
(-2.65768691874745e+20 0 0)
(-2.42971837512166e+20 0 0)
(-2.20185653940451e+20 0 0)
(-1.97366615298907e+20 0 0)
(-1.74559890544344e+20 0 0)
(-1.51722383452927e+20 0 0)
(-1.28898822718731e+20 0 0)
(-1.06045984521627e+20 0 0)
(-8.32090258397455e+19 0 0)
(-6.03459453508353e+19 0 0)
(-3.75014397412434e+19 0 0)
(-1.46336962107049e+19 0 0)
(8.21214672944413e+18 0 0)
(3.10799620567497e+19 0 0)
(5.39219773189464e+19 0 0)
(7.67877531924474e+19 0 0)
(9.96290384003062e+19 0 0)
(1.22489182869679e+20 0 0)
(1.45323525707238e+20 0 0)
(1.68174523931956e+20 0 0)
(1.90998306164399e+20 0 0)
(2.13836184301005e+20 0 0)
(2.36644263474824e+20 0 0)
(2.59465243161915e+20 0 0)
(2.82253834941269e+20 0 0)
(3.05053402594341e+20 0 0)
(3.27817974555302e+20 0 0)
(3.50591818073747e+20 0 0)
(3.73327980386065e+20 0 0)
(3.96072654883054e+20 0 0)
(4.18774890185501e+20 0 0)
(4.41484345172581e+20 0 0)
(4.64147934994419e+20 0 0)
(4.86817596113004e+20 0 0)
(5.09426475904179e+20 0 0)
(5.32065539378486e+20 0 0)
(5.54641558586739e+20 0 0)
(5.77225869710075e+20 0 0)
(5.99821933412986e+20 0 0)
(6.22426674244822e+20 0 0)
(6.44954796292742e+20 0 0)
(6.67485965974984e+20 0 0)
(6.89950806408874e+20 0 0)
(7.12403859539269e+20 0 0)
(7.34796256222837e+20 0 0)
(7.57178986393727e+20 0 0)
(7.79507475949767e+20 0 0)
(8.01828665901718e+20 0 0)
(8.24091924805176e+20 0 0)
(8.46346205237112e+20 0 0)
(8.68540159000436e+20 0 0)
(8.90723445818292e+20 0 0)
(9.12843726468584e+20 0 0)
(9.34951771577132e+20 0 0)
(9.56994146198972e+20 0 0)
(9.79022846116289e+20 0 0)
(1.00098343756702e+21 0 0)
(1.02292895840444e+21 0 0)
(1.04480391845258e+21 0 0)
(1.06666252140933e+21 0 0)
(1.08844803380409e+21 0 0)
(1.11021591457764e+21 0 0)
(1.13190812635236e+21 0 0)
(1.15358144225731e+21 0 0)
(1.17517645123249e+21 0 0)
(1.19675134161664e+21 0 0)
(1.21824524462844e+21 0 0)
(1.23971785405013e+21 0 0)
(1.26110676504279e+21 0 0)
(1.28247326243103e+21 0 0)
(1.30375332151847e+21 0 0)
(1.32500989742132e+21 0 0)
(1.34617726416183e+21 0 0)
(1.36732012638191e+21 0 0)
(1.38837097328842e+21 0 0)
(1.40939634073176e+21 0 0)
(1.43032684847448e+21 0 0)
(1.45123095021479e+21 0 0)
(1.47203731324479e+21 0 0)
(1.4928163856332e+21 0 0)
(1.51349480894096e+21 0 0)
(1.53414510695737e+21 0 0)
(1.55469180896296e+21 0 0)
(1.57520960088534e+21 0 0)
(1.5956208164716e+21 0 0)
(1.61600238399319e+21 0 0)
(1.63627436273439e+21 0 0)
(1.65651600453645e+21 0 0)
(1.67664501099987e+21 0 0)
(1.69674304044548e+21 0 0)
(1.71672535661914e+21 0 0)
(1.73667609994274e+21 0 0)
(1.75650802069438e+21 0 0)
(1.77630782620164e+21 0 0)
(1.79598566206916e+21 0 0)
(1.81563088897722e+21 0 0)
(1.8351509691305e+21 0 0)
(1.85463799732474e+21 0 0)
(1.87399666821358e+21 0 0)
(1.89332189306042e+21 0 0)
(1.91251551581786e+21 0 0)
(1.93167535120375e+21 0 0)
(1.95070030589731e+21 0 0)
(1.96969118351472e+21 0 0)
(1.98854387069285e+21 0 0)
(2.00736223916896e+21 0 0)
(2.02603907187844e+21 0 0)
(2.04468140387201e+21 0 0)
(2.06317881664919e+21 0 0)
(2.08164159886153e+21 0 0)
(2.09995604625486e+21 0 0)
(2.11823578601465e+21 0 0)
(2.13636374019846e+21 0 0)
(2.15445696925878e+21 0 0)
(2.17239492098695e+21 0 0)
(2.19029818481121e+21 0 0)
(2.20804264879505e+21 0 0)
(2.22575251913364e+21 0 0)
(2.24330002585306e+21 0 0)
(2.26081309637598e+21 0 0)
(2.27816019483205e+21 0 0)
(2.29547308005689e+21 0 0)
(2.31261633861699e+21 0 0)
(2.32972567081079e+21 0 0)
(2.34666168150165e+21 0 0)
(2.36356411822195e+21 0 0)
(2.38028949910991e+21 0 0)
(2.39698173121775e+21 0 0)
(2.41349312762015e+21 0 0)
(2.42997187354329e+21 0 0)
(2.44626595137658e+21 0 0)
(2.46252795424184e+21 0 0)
(2.47860141065229e+21 0 0)
(2.49464345131122e+21 0 0)
(2.51049301537994e+21 0 0)
(2.52631190977905e+21 0 0)
(2.54193434685976e+21 0 0)
(2.55752695730741e+21 0 0)
(2.5729190810784e+21 0 0)
(2.5882823178436e+21 0 0)
(2.60344097564266e+21 0 0)
(2.61857180233384e+21 0 0)
(2.63349391218268e+21 0 0)
(2.6483893560284e+21 0 0)
(2.66307188931941e+21 0 0)
(2.67772905707723e+21 0 0)
(2.69216907315406e+21 0 0)
(2.70658516252077e+21 0 0)
(2.72077980568186e+21 0 0)
(2.73495212727024e+21 0 0)
(2.74889866497263e+21 0 0)
(2.76282465766293e+21 0 0)
(2.77652048944568e+21 0 0)
(2.79019776049018e+21 0 0)
(2.8036404614073e+21 0 0)
(2.81706680806393e+21 0 0)
(2.83025414894372e+21 0 0)
(2.84342764294126e+21 0 0)
(2.85635771257627e+21 0 0)
(2.86927660998038e+21 0 0)
(2.88194747639107e+21 0 0)
(2.89460996129019e+21 0 0)
(2.9070196143673e+21 0 0)
(2.91942381662893e+21 0 0)
(2.93157018832672e+21 0 0)
(2.94371417994748e+21 0 0)
(2.95559511099816e+21 0 0)
(2.96747689191956e+21 0 0)
(2.97909014875685e+21 0 0)
(2.99070765846112e+21 0 0)
(3.00205092827389e+21 0 0)
(3.01340208933964e+21 0 0)
(3.02447314572812e+21 0 0)
(3.03555599619486e+21 0 0)
(3.0463524628669e+21 0 0)
(3.05716470441608e+21 0 0)
(3.06768383201851e+21 0 0)
(3.07822281658519e+21 0 0)
(3.08846145270601e+21 0 0)
(3.09872413447223e+21 0 0)
(3.10867868849014e+21 0 0)
(3.11866160776402e+21 0 0)
(3.12832802814762e+21 0 0)
(3.13802730149861e+21 0 0)
(3.14740107046825e+21 0 0)
(3.15681237306709e+21 0 0)
(3.16588849808197e+21 0 0)
(3.17500707317932e+21 0 0)
(3.1837800738697e+21 0 0)
(3.19260073242234e+21 0 0)
(3.20106464475661e+21 0 0)
(3.2095817826419e+21 0 0)
(3.21773016878848e+21 0 0)
(3.22593776571371e+21 0 0)
(3.23376369966966e+21 0 0)
(3.24165535429393e+21 0 0)
(3.24915145586605e+21 0 0)
(3.25672040529065e+21 0 0)
(3.26387884935318e+21 0 0)
(3.27111802136187e+21 0 0)
(3.27793056595943e+21 0 0)
(3.28483263186912e+21 0 0)
(3.29129065973852e+21 0 0)
(3.29784808532402e+21 0 0)
(3.30394261639776e+21 0 0)
(3.31014772246544e+21 0 0)
(3.31586942452125e+21 0 0)
(3.32171439616332e+21 0 0)
(3.32705350834244e+21 0 0)
(3.33253033483627e+21 0 0)
(3.33747641893391e+21 0 0)
(3.34257654040667e+21 0 0)
(3.34711785175221e+21 0 0)
(3.35183128543511e+21 0 0)
(3.35595322404031e+21 0 0)
(3.36026641135482e+21 0 0)
(3.36394822671082e+21 0 0)
(3.36783947236695e+21 0 0)
(3.37104793383078e+21 0 0)
(3.3744792050163e+21 0 0)
(3.37715761988306e+21 0 0)
(3.38006328788366e+21 0 0)
(3.38211817845576e+21 0 0)
(3.38439154431725e+21 0 0)
(3.3856811129496e+21 0 0)
(3.38692516447166e+21 0 0)
(3.38690107566735e+21 0 0)
(3.38709731529997e+21 0 0)
(3.38620267303896e+21 0 0)
(3.38575105418719e+21 0 0)
(3.38450607211743e+21 0 0)
(3.38414298959663e+21 0 0)
(3.38308792353094e+21 0 0)
(3.38325229239015e+21 0 0)
(3.38312719074394e+21 0 0)
(3.38439356997639e+21 0 0)
(3.38511962082605e+21 0 0)
(3.38726713583991e+21 0 0)
(3.38864383471054e+21 0 0)
(3.39100460801564e+21 0 0)
(3.39276923028692e+21 0 0)
(3.39493632295481e+21 0 0)
(3.39647093012389e+21 0 0)
(3.39839540812123e+21 0 0)
(3.39972738053974e+21 0 0)
(3.40160922395791e+21 0 0)
(3.4027629248218e+21 0 0)
(3.40442925835934e+21 0 0)
(3.40529759924941e+21 0 0)
(3.40692001654812e+21 0 0)
(3.40771206607106e+21 0 0)
(3.40939021757499e+21 0 0)
(3.41030899693386e+21 0 0)
(3.41175291942876e+21 0 0)
(3.41217978517065e+21 0 0)
(3.41333190458961e+21 0 0)
(3.41349253148986e+21 0 0)
(3.41438896952817e+21 0 0)
(3.4142718862103e+21 0 0)
(3.41491176353304e+21 0 0)
(3.41452411191925e+21 0 0)
(3.41529908820812e+21 0 0)
(3.41459017680169e+21 0 0)
(3.41484503536391e+21 0 0)
)
;

boundaryField
{
    electrode
    {
        type            calculated;
        value           uniform (-3.31310857608497e+21 0 0);
    }
    ground
    {
        type            calculated;
        value           uniform (3.41484503536391e+21 0 0);
    }
    otherfaces
    {
        type            empty;
    }
}


// ************************************************************************* //
