/*--------------------------------*- C++ -*----------------------------------*\
| =========                 |                                                 |
| \\      /  F ield         | foam-extend: Open Source CFD                    |
|  \\    /   O peration     | Version:     4.1                                |
|   \\  /    A nd           | Web:         http://www.foam-extend.org         |
|    \\/     M anipulation  |                                                 |
\*---------------------------------------------------------------------------*/
FoamFile
{
    version     2.0;
    format      ascii;
    class       volVectorField;
    location    "1.50100000171593e-05";
    object      term4;
}
// * * * * * * * * * * * * * * * * * * * * * * * * * * * * * * * * * * * * * //

dimensions      [0 -2 -2 0 0 0 0];

internalField   nonuniform List<vector> 
500
(
(4.7970527396567e+25 0 0)
(8.80166767546315e+25 0 0)
(7.8307189966406e+25 0 0)
(8.47623992757606e+25 0 0)
(9.00171345646451e+25 0 0)
(9.5814484328972e+25 0 0)
(1.02297989320618e+26 0 0)
(1.09342950033136e+26 0 0)
(1.17229030648097e+26 0 0)
(1.26046249270056e+26 0 0)
(1.35982908862728e+26 0 0)
(1.47406760930466e+26 0 0)
(1.6080613629217e+26 0 0)
(1.77405576683439e+26 0 0)
(1.97114444499799e+26 0 0)
(2.1935049473671e+26 0 0)
(2.44136855978344e+26 0 0)
(2.71805265544174e+26 0 0)
(3.03361663655098e+26 0 0)
(3.40980656084018e+26 0 0)
(3.8664911347362e+26 0 0)
(4.39622318139056e+26 0 0)
(4.99223447964224e+26 0 0)
(5.68055820714127e+26 0 0)
(6.48439401551978e+26 0 0)
(7.36738914064913e+26 0 0)
(8.31626241416932e+26 0 0)
(9.31156457917726e+26 0 0)
(1.02953858229948e+27 0 0)
(1.1212719951911e+27 0 0)
(1.20270397195132e+27 0 0)
(1.27306785639866e+27 0 0)
(1.32497638026719e+27 0 0)
(1.36271115038789e+27 0 0)
(1.39178553260561e+27 0 0)
(1.41112102004706e+27 0 0)
(1.42338031414675e+27 0 0)
(1.42961915580297e+27 0 0)
(1.4304655375783e+27 0 0)
(1.42806432137995e+27 0 0)
(1.41964433390128e+27 0 0)
(1.40751999908652e+27 0 0)
(1.39400661856601e+27 0 0)
(1.37950204279564e+27 0 0)
(1.36423825375593e+27 0 0)
(1.34847226334258e+27 0 0)
(1.33230971577925e+27 0 0)
(1.31589819391209e+27 0 0)
(1.29928789458669e+27 0 0)
(1.28256458369637e+27 0 0)
(1.26575669192071e+27 0 0)
(1.24891293083951e+27 0 0)
(1.232054917094e+27 0 0)
(1.21520649661056e+27 0 0)
(1.19839045005066e+27 0 0)
(1.18161179576445e+27 0 0)
(1.16489885685519e+27 0 0)
(1.14824092615848e+27 0 0)
(1.13167430644537e+27 0 0)
(1.1151741543596e+27 0 0)
(1.09878631142735e+27 0 0)
(1.08247254003484e+27 0 0)
(1.0662892449156e+27 0 0)
(1.05018507167494e+27 0 0)
(1.03422770590665e+27 0 0)
(1.01835268280662e+27 0 0)
(1.00263953830915e+27 0 0)
(9.87010571051405e+26 0 0)
(9.7155762091074e+26 0 0)
(9.5618958887033e+26 0 0)
(9.41010938021096e+26 0 0)
(9.25917019637439e+26 0 0)
(9.11025187184547e+26 0 0)
(8.96217090932801e+26 0 0)
(8.81623171818153e+26 0 0)
(8.67111272429787e+26 0 0)
(8.52825049775448e+26 0 0)
(8.38618502122182e+26 0 0)
(8.24648521458059e+26 0 0)
(8.10755306815918e+26 0 0)
(7.97108939103315e+26 0 0)
(7.83535955889596e+26 0 0)
(7.70219503368281e+26 0 0)
(7.56972643047302e+26 0 0)
(7.43991391903086e+26 0 0)
(7.31075611320287e+26 0 0)
(7.18433886009617e+26 0 0)
(7.05853279776261e+26 0 0)
(6.9355454991285e+26 0 0)
(6.81312406942835e+26 0 0)
(6.69359293061232e+26 0 0)
(6.57458184380388e+26 0 0)
(6.45852449520895e+26 0 0)
(6.3429412396743e+26 0 0)
(6.23037176220593e+26 0 0)
(6.11821951877113e+26 0 0)
(6.00911202933564e+26 0 0)
(5.90035553974182e+26 0 0)
(5.79466868875898e+26 0 0)
(5.68927017867365e+26 0 0)
(5.58696047060097e+26 0 0)
(5.48487969807176e+26 0 0)
(5.385900950708e+26 0 0)
(5.28709535328257e+26 0 0)
(5.19139901827005e+26 0 0)
(5.09582377241936e+26 0 0)
(5.00335825355155e+26 0 0)
(4.91096627613565e+26 0 0)
(4.82167777000442e+26 0 0)
(4.73242132499107e+26 0 0)
(4.64625261869925e+26 0 0)
(4.56006032757944e+26 0 0)
(4.47691976460539e+26 0 0)
(4.39370239050245e+26 0 0)
(4.31349442264257e+26 0 0)
(4.23316174348188e+26 0 0)
(4.15579146928718e+26 0 0)
(4.0782545241322e+26 0 0)
(4.00362868026504e+26 0 0)
(3.92880014606883e+26 0 0)
(3.85682739894172e+26 0 0)
(3.78462166204949e+26 0 0)
(3.71521258992091e+26 0 0)
(3.64554577773605e+26 0 0)
(3.57861294916794e+26 0 0)
(3.5114027952143e+26 0 0)
(3.44686070370188e+26 0 0)
(3.38202659056059e+26 0 0)
(3.31979165759268e+26 0 0)
(3.25725451170239e+26 0 0)
(3.19724509805298e+26 0 0)
(3.13692739856356e+26 0 0)
(3.07906381742755e+26 0 0)
(3.02088962738672e+26 0 0)
(2.96509422853061e+26 0 0)
(2.90898923144698e+26 0 0)
(2.85518616827113e+26 0 0)
(2.80107723762245e+26 0 0)
(2.74919251336897e+26 0 0)
(2.69700816037391e+26 0 0)
(2.64696980421444e+26 0 0)
(2.59664021965186e+26 0 0)
(2.54837832726137e+26 0 0)
(2.49983523022713e+26 0 0)
(2.45328191066943e+26 0 0)
(2.40645871497894e+26 0 0)
(2.3615481167668e+26 0 0)
(2.31637991005054e+26 0 0)
(2.27304812416637e+26 0 0)
(2.22947148138025e+26 0 0)
(2.18765660853567e+26 0 0)
(2.14560982037052e+26 0 0)
(2.10525180563887e+26 0 0)
(2.06467484618962e+26 0 0)
(2.02571560360584e+26 0 0)
(1.98655003084205e+26 0 0)
(1.94893339060601e+26 0 0)
(1.91112245491225e+26 0 0)
(1.87479406808173e+26 0 0)
(1.8382826603063e+26 0 0)
(1.80319000114083e+26 0 0)
(1.76792466117555e+26 0 0)
(1.73401699203703e+26 0 0)
(1.69994590639831e+26 0 0)
(1.667174192341e+26 0 0)
(1.63424715258107e+26 0 0)
(1.6025640565596e+26 0 0)
(1.57073249278929e+26 0 0)
(1.54009229722117e+26 0 0)
(1.50930916227588e+26 0 0)
(1.47966775551495e+26 0 0)
(1.44988759731775e+26 0 0)
(1.42120238720386e+26 0 0)
(1.39238128825003e+26 0 0)
(1.36461114233712e+26 0 0)
(1.33670667327079e+26 0 0)
(1.30981189948723e+26 0 0)
(1.28278310748176e+26 0 0)
(1.25672538813716e+26 0 0)
(1.23053271658184e+26 0 0)
(1.20527508575768e+26 0 0)
(1.17988036321551e+26 0 0)
(1.15538712467598e+26 0 0)
(1.13075357271505e+26 0 0)
(1.10699023082768e+26 0 0)
(1.08308235230087e+26 0 0)
(1.06001562960243e+26 0 0)
(1.03679920444468e+26 0 0)
(1.01439694738955e+26 0 0)
(9.9183897018077e+25 0 0)
(9.70070114932519e+25 0 0)
(9.48138755785784e+25 0 0)
(9.26973288486287e+25 0 0)
(9.05637862070484e+25 0 0)
(8.8504674794823e+25 0 0)
(8.64277664489038e+25 0 0)
(8.44232877723046e+25 0 0)
(8.24001604715781e+25 0 0)
(8.04476041383222e+25 0 0)
(7.84755128509755e+25 0 0)
(7.65722585953282e+25 0 0)
(7.46485582028488e+25 0 0)
(7.2792072141355e+25 0 0)
(7.0914207204385e+25 0 0)
(6.91020319178068e+25 0 0)
(6.72675414953903e+25 0 0)
(6.54972754923728e+25 0 0)
(6.37037771209086e+25 0 0)
(6.19731125743304e+25 0 0)
(6.02182937131214e+25 0 0)
(5.85250002077336e+25 0 0)
(5.68067395398117e+25 0 0)
(5.51486123497242e+25 0 0)
(5.34649548543378e+25 0 0)
(5.18399792446598e+25 0 0)
(5.0188991212657e+25 0 0)
(4.85952359201203e+25 0 0)
(4.6975303024711e+25 0 0)
(4.54093488687187e+25 0 0)
(4.38155075375734e+25 0 0)
(4.22931507136358e+25 0 0)
(4.07242928724585e+25 0 0)
(3.91870973242424e+25 0 0)
(3.76126502728164e+25 0 0)
(3.61499664885934e+25 0 0)
(3.45727789484516e+25 0 0)
(3.28919674627862e+25 0 0)
(3.15842373687643e+25 0 0)
(3.00958155695407e+25 0 0)
(2.86107429934645e+25 0 0)
(2.71979463772191e+25 0 0)
(2.57553038386454e+25 0 0)
(2.43382233112948e+25 0 0)
(2.28919090190822e+25 0 0)
(2.14916174241054e+25 0 0)
(2.00582295997781e+25 0 0)
(1.86696293940542e+25 0 0)
(1.7246519229173e+25 0 0)
(1.58682496419668e+25 0 0)
(1.44537464003814e+25 0 0)
(1.30848445315711e+25 0 0)
(1.16771336877929e+25 0 0)
(1.03164232848124e+25 0 0)
(8.91383555234303e+24 0 0)
(7.55987593867512e+24 0 0)
(6.16058049808373e+24 0 0)
(4.81156071879032e+24 0 0)
(3.42564410714881e+24 0 0)
(2.05577811154787e+24 0 0)
(6.80161133670503e+23 0 0)
(-6.80139962178111e+23 0 0)
(-2.05558854938238e+24 0 0)
(-3.42556210461012e+24 0 0)
(-4.81174078080996e+24 0 0)
(-6.16060970208727e+24 0 0)
(-7.55990264444812e+24 0 0)
(-8.91370198843909e+24 0 0)
(-1.03162743325672e+25 0 0)
(-1.16770004930916e+25 0 0)
(-1.3084677436152e+25 0 0)
(-1.44538242582633e+25 0 0)
(-1.58682760838303e+25 0 0)
(-1.72464758243435e+25 0 0)
(-1.86696826251626e+25 0 0)
(-2.00579463280902e+25 0 0)
(-2.14918931527931e+25 0 0)
(-2.28916803467286e+25 0 0)
(-2.4337412363107e+25 0 0)
(-2.57558273230529e+25 0 0)
(-2.71983031221673e+25 0 0)
(-2.86106712742197e+25 0 0)
(-3.00953473341892e+25 0 0)
(-3.15850431658649e+25 0 0)
(-3.28921958472403e+25 0 0)
(-3.45712893205021e+25 0 0)
(-3.61503434757924e+25 0 0)
(-3.76127852863725e+25 0 0)
(-3.91866009254369e+25 0 0)
(-4.07242236522659e+25 0 0)
(-4.22930464832967e+25 0 0)
(-4.38155307193809e+25 0 0)
(-4.54091927646461e+25 0 0)
(-4.69751688655815e+25 0 0)
(-4.85951698178525e+25 0 0)
(-5.01889130661032e+25 0 0)
(-5.18399064814984e+25 0 0)
(-5.34648965178589e+25 0 0)
(-5.51485718678412e+25 0 0)
(-5.68067041492891e+25 0 0)
(-5.85249539239945e+25 0 0)
(-6.02182455163059e+25 0 0)
(-6.19730546453381e+25 0 0)
(-6.3703710617815e+25 0 0)
(-6.54972021381763e+25 0 0)
(-6.72674586998264e+25 0 0)
(-6.9101944823067e+25 0 0)
(-7.09141144221556e+25 0 0)
(-7.27919748770443e+25 0 0)
(-7.46484564022542e+25 0 0)
(-7.65721532732676e+25 0 0)
(-7.84754051079171e+25 0 0)
(-8.04474931620704e+25 0 0)
(-8.24000480126305e+25 0 0)
(-8.44231732501272e+25 0 0)
(-8.64276497093428e+25 0 0)
(-8.85045577870332e+25 0 0)
(-9.05636666654704e+25 0 0)
(-9.2697207833424e+25 0 0)
(-9.48137527070036e+25 0 0)
(-9.7006886450917e+25 0 0)
(-9.91837696558314e+25 0 0)
(-1.01439564985511e+26 0 0)
(-1.03679787561958e+26 0 0)
(-1.06001428208588e+26 0 0)
(-1.08308097371138e+26 0 0)
(-1.10698881598123e+26 0 0)
(-1.13075212532672e+26 0 0)
(-1.15538564000288e+26 0 0)
(-1.17987884864377e+26 0 0)
(-1.20527353548479e+26 0 0)
(-1.23053112396067e+26 0 0)
(-1.25672376630971e+26 0 0)
(-1.28278143723069e+26 0 0)
(-1.30981021159108e+26 0 0)
(-1.336704939091e+26 0 0)
(-1.36460936107334e+26 0 0)
(-1.39237948447195e+26 0 0)
(-1.42120052626825e+26 0 0)
(-1.44988571280449e+26 0 0)
(-1.479665823746e+26 0 0)
(-1.50930718811911e+26 0 0)
(-1.54009027285209e+26 0 0)
(-1.57073041946141e+26 0 0)
(-1.6025619583796e+26 0 0)
(-1.63424500172165e+26 0 0)
(-1.66717199922384e+26 0 0)
(-1.69994365767329e+26 0 0)
(-1.73401469675787e+26 0 0)
(-1.76792232392527e+26 0 0)
(-1.80318761896495e+26 0 0)
(-1.8382802185312e+26 0 0)
(-1.87479157407053e+26 0 0)
(-1.91111991427133e+26 0 0)
(-1.94893080152573e+26 0 0)
(-1.98654737981791e+26 0 0)
(-2.02571291330196e+26 0 0)
(-2.06467208624896e+26 0 0)
(-2.10524899493261e+26 0 0)
(-2.14560696855656e+26 0 0)
(-2.18765368133696e+26 0 0)
(-2.22946851278564e+26 0 0)
(-2.27304510491589e+26 0 0)
(-2.31637680501121e+26 0 0)
(-2.36154498329577e+26 0 0)
(-2.40645551961132e+26 0 0)
(-2.45327863049166e+26 0 0)
(-2.49983190578845e+26 0 0)
(-2.54837495102993e+26 0 0)
(-2.59663678231747e+26 0 0)
(-2.6469662955112e+26 0 0)
(-2.69700459145303e+26 0 0)
(-2.74918888494081e+26 0 0)
(-2.80107356635112e+26 0 0)
(-2.85518243578608e+26 0 0)
(-2.90898541713432e+26 0 0)
(-2.96509035824659e+26 0 0)
(-3.02088569165663e+26 0 0)
(-3.07905983454946e+26 0 0)
(-3.13692335088821e+26 0 0)
(-3.19724100504375e+26 0 0)
(-3.25725037033511e+26 0 0)
(-3.31978745133109e+26 0 0)
(-3.38202231160086e+26 0 0)
(-3.44685638032321e+26 0 0)
(-3.51139843637758e+26 0 0)
(-3.57860850030599e+26 0 0)
(-3.6455412809431e+26 0 0)
(-3.715208060284e+26 0 0)
(-3.78461706863597e+26 0 0)
(-3.85682274907961e+26 0 0)
(-3.9287954636569e+26 0 0)
(-4.00362395734423e+26 0 0)
(-4.07824975910575e+26 0 0)
(-4.15578665597173e+26 0 0)
(-4.23315689094596e+26 0 0)
(-4.31348954518084e+26 0 0)
(-4.39369747112205e+26 0 0)
(-4.47691483073271e+26 0 0)
(-4.56005535357408e+26 0 0)
(-4.64624762570959e+26 0 0)
(-4.73241632409395e+26 0 0)
(-4.82167275308733e+26 0 0)
(-4.91096124534701e+26 0 0)
(-5.0033532382325e+26 0 0)
(-5.09581874471037e+26 0 0)
(-5.19139400002848e+26 0 0)
(-5.28709038832411e+26 0 0)
(-5.38589598068684e+26 0 0)
(-5.48487473257648e+26 0 0)
(-5.58695557072971e+26 0 0)
(-5.689265300451e+26 0 0)
(-5.79466385322977e+26 0 0)
(-5.90035075991763e+26 0 0)
(-6.00910729706048e+26 0 0)
(-6.11821488575358e+26 0 0)
(-6.2303671949779e+26 0 0)
(-6.34293675325988e+26 0 0)
(-6.45852009668472e+26 0 0)
(-6.57457755587077e+26 0 0)
(-6.69358878218952e+26 0 0)
(-6.81312004784942e+26 0 0)
(-6.93554162959713e+26 0 0)
(-7.05852912054642e+26 0 0)
(-7.18433533934157e+26 0 0)
(-7.3107527821483e+26 0 0)
(-7.43991080480351e+26 0 0)
(-7.569723570721e+26 0 0)
(-7.70219241742234e+26 0 0)
(-7.835357208853e+26 0 0)
(-7.97108736251986e+26 0 0)
(-8.1075513255304e+26 0 0)
(-8.24648381681201e+26 0 0)
(-8.38618402166708e+26 0 0)
(-8.52824984009723e+26 0 0)
(-8.67111245654051e+26 0 0)
(-8.81623187345085e+26 0 0)
(-8.96217146698789e+26 0 0)
(-9.11025285232193e+26 0 0)
(-9.25917163674555e+26 0 0)
(-9.41011129258221e+26 0 0)
(-9.561898219728e+26 0 0)
(-9.71557900999719e+26 0 0)
(-9.870109107725e+26 0 0)
(-1.00263992253436e+27 0 0)
(-1.01835312490828e+27 0 0)
(-1.03422822100795e+27 0 0)
(-1.05018566028007e+27 0 0)
(-1.06628992935183e+27 0 0)
(-1.08247332929798e+27 0 0)
(-1.09878722514352e+27 0 0)
(-1.11517521043682e+27 0 0)
(-1.13167550116848e+27 0 0)
(-1.14824225330835e+27 0 0)
(-1.16490025554136e+27 0 0)
(-1.18161313254682e+27 0 0)
(-1.19839149631977e+27 0 0)
(-1.21520683018775e+27 0 0)
(-1.23205380489879e+27 0 0)
(-1.2489092066836e+27 0 0)
(-1.26574856363183e+27 0 0)
(-1.28254927663007e+27 0 0)
(-1.2992613415082e+27 0 0)
(-1.31585458283946e+27 0 0)
(-1.33224073041972e+27 0 0)
(-1.3483669981577e+27 0 0)
(-1.364081970514e+27 0 0)
(-1.37927653468186e+27 0 0)
(-1.3936908221084e+27 0 0)
(-1.4070885277535e+27 0 0)
(-1.41909443255073e+27 0 0)
(-1.42741946489639e+27 0 0)
(-1.42972081025173e+27 0 0)
(-1.42878614229773e+27 0 0)
(-1.4224805314572e+27 0 0)
(-1.41016922118345e+27 0 0)
(-1.39085295175628e+27 0 0)
(-1.36185752990742e+27 0 0)
(-1.32432703556139e+27 0 0)
(-1.27281434706127e+27 0 0)
(-1.202858107952e+27 0 0)
(-1.12181474209826e+27 0 0)
(-1.03046777475858e+27 0 0)
(-9.32348397072507e+26 0 0)
(-8.32875842329459e+26 0 0)
(-7.37969524608507e+26 0 0)
(-6.49617057081037e+26 0 0)
(-5.68961715711038e+26 0 0)
(-4.99916420435194e+26 0 0)
(-4.403113205704e+26 0 0)
(-3.87205125573169e+26 0 0)
(-3.41228561102319e+26 0 0)
(-3.03439029201108e+26 0 0)
(-2.71904354989319e+26 0 0)
(-2.44231688611383e+26 0 0)
(-2.1939443935254e+26 0 0)
(-1.97104283798008e+26 0 0)
(-1.77264655884994e+26 0 0)
(-1.60558113186943e+26 0 0)
(-1.47238163178261e+26 0 0)
(-1.35948498063693e+26 0 0)
(-1.26075932659857e+26 0 0)
(-1.172860051186e+26 0 0)
(-1.09422589990254e+26 0 0)
(-1.02378460178448e+26 0 0)
(-9.59184648564704e+25 0 0)
(-9.00962638743195e+25 0 0)
(-8.4727411691035e+25 0 0)
(-7.84684386576418e+25 0 0)
(-8.79722951566634e+25 0 0)
(-4.77205050166389e+25 0 0)
)
;

boundaryField
{
    electrode
    {
        type            calculated;
        value           uniform (0 0 0);
    }
    ground
    {
        type            calculated;
        value           uniform (0 0 0);
    }
    otherfaces
    {
        type            empty;
    }
}


// ************************************************************************* //
