/*--------------------------------*- C++ -*----------------------------------*\
| =========                 |                                                 |
| \\      /  F ield         | foam-extend: Open Source CFD                    |
|  \\    /   O peration     | Version:     4.1                                |
|   \\  /    A nd           | Web:         http://www.foam-extend.org         |
|    \\/     M anipulation  |                                                 |
\*---------------------------------------------------------------------------*/
FoamFile
{
    version     2.0;
    format      ascii;
    class       volVectorField;
    location    "1.50100000171593e-05";
    object      velocityArp1;
}
// * * * * * * * * * * * * * * * * * * * * * * * * * * * * * * * * * * * * * //

dimensions      [0 1 -1 0 0 0 0];

internalField   nonuniform List<vector> 
500
(
(-2473.0424094222 0 0)
(-2429.02001763425 0 0)
(-2393.88700991333 0 0)
(-2357.82431066384 0 0)
(-2320.55324314913 0 0)
(-2282.17575884541 0 0)
(-2243.03207609198 0 0)
(-2202.58888437025 0 0)
(-2161.32287439079 0 0)
(-2118.69519772743 0 0)
(-2075.04763762871 0 0)
(-2030.04904428665 0 0)
(-1983.84976198233 0 0)
(-1935.77160175515 0 0)
(-1884.92687711903 0 0)
(-1831.29543504993 0 0)
(-1774.86996306388 0 0)
(-1715.90686452651 0 0)
(-1654.78668884112 0 0)
(-1591.54684247624 0 0)
(-1525.51659937661 0 0)
(-1456.35942387215 0 0)
(-1384.85699261961 0 0)
(-1311.5932823869 0 0)
(-1236.50378666584 0 0)
(-1159.92417424734 0 0)
(-1083.56479107593 0 0)
(-1007.88834305926 0 0)
(-934.562899329138 0 0)
(-864.522617726762 0 0)
(-799.257722544999 0 0)
(-738.935492675999 0 0)
(-684.069043017314 0 0)
(-634.879392820127 0 0)
(-590.840755499584 0 0)
(-551.462671779277 0 0)
(-516.345864274219 0 0)
(-484.887186254162 0 0)
(-456.760511064192 0 0)
(-431.467371615445 0 0)
(-408.679377875738 0 0)
(-388.121102548684 0 0)
(-369.496618354086 0 0)
(-352.553461549804 0 0)
(-337.078466153934 0 0)
(-322.890107432691 0 0)
(-309.83480676383 0 0)
(-297.781191417876 0 0)
(-286.617378354458 0 0)
(-276.246799793372 0 0)
(-266.586626245008 0 0)
(-257.564626825308 0 0)
(-249.118423700762 0 0)
(-241.193033068633 0 0)
(-233.740707556983 0 0)
(-226.71888954091 0 0)
(-220.090478707456 0 0)
(-213.822022942658 0 0)
(-207.884302326564 0 0)
(-202.250647562637 0 0)
(-196.897763288398 0 0)
(-191.804109085629 0 0)
(-186.950909607539 0 0)
(-182.320556962003 0 0)
(-177.89777076109 0 0)
(-173.667997027134 0 0)
(-169.61869106153 0 0)
(-165.737698618851 0 0)
(-162.014640322475 0 0)
(-158.439268134131 0 0)
(-155.0029347654 0 0)
(-151.696921558772 0 0)
(-148.513980095803 0 0)
(-145.446629639847 0 0)
(-142.488761775088 0 0)
(-139.63390687489 0 0)
(-136.876893127176 0 0)
(-134.212082975825 0 0)
(-131.635079522809 0 0)
(-129.140936102071 0 0)
(-126.725901422798 0 0)
(-124.385605579085 0 0)
(-122.116838900393 0 0)
(-119.915716507453 0 0)
(-117.779485728826 0 0)
(-115.704672126566 0 0)
(-113.688910480544 0 0)
(-111.72907609207 0 0)
(-109.823133679854 0 0)
(-107.96825821282 0 0)
(-106.162697159518 0 0)
(-104.403883276121 0 0)
(-102.69030740643 0 0)
(-101.019626518359 0 0)
(-99.3905402707945 0 0)
(-97.8009015329632 0 0)
(-96.2495970590751 0 0)
(-94.734652480505 0 0)
(-93.2551138761192 0 0)
(-91.8091576636856 0 0)
(-90.3959686628661 0 0)
(-89.0138562111913 0 0)
(-87.6621262882473 0 0)
(-86.339205542901 0 0)
(-85.0445061619684 0 0)
(-83.7765591795458 0 0)
(-82.5348698748502 0 0)
(-81.3180625705798 0 0)
(-80.1257245504886 0 0)
(-78.9565634343084 0 0)
(-77.8102408063298 0 0)
(-76.6855424469589 0 0)
(-75.5821955680716 0 0)
(-74.4990545501943 0 0)
(-73.43590475731 0 0)
(-72.391662274938 0 0)
(-71.3661641910957 0 0)
(-70.3583818379489 0 0)
(-69.3681982397827 0 0)
(-68.3946347455895 0 0)
(-67.437615381784 0 0)
(-66.4962064970173 0 0)
(-65.5703690902631 0 0)
(-64.6592100588702 0 0)
(-63.7627237681679 0 0)
(-62.8800537257037 0 0)
(-62.0112245197337 0 0)
(-61.1554126785362 0 0)
(-60.3126704459818 0 0)
(-59.4822040445756 0 0)
(-58.6640910942875 0 0)
(-57.8575645346663 0 0)
(-57.0627254573976 0 0)
(-56.2788308697968 0 0)
(-55.5060036148164 0 0)
(-54.7435221720231 0 0)
(-53.9915296390658 0 0)
(-53.2493235677844 0 0)
(-52.5170662755617 0 0)
(-51.7940722165379 0 0)
(-51.080521912402 0 0)
(-50.3757448866094 0 0)
(-49.6799389888929 0 0)
(-48.9924467201584 0 0)
(-48.3134825736571 0 0)
(-47.6424004164275 0 0)
(-46.9794306991131 0 0)
(-46.3239370457657 0 0)
(-45.6761653838513 0 0)
(-45.0354874141759 0 0)
(-44.4021644257254 0 0)
(-43.7755746876843 0 0)
(-43.1559942625676 0 0)
(-42.5428069657436 0 0)
(-41.936303307185 0 0)
(-41.3358712653739 0 0)
(-40.7418157383194 0 0)
(-40.1535276317244 0 0)
(-39.571325963389 0 0)
(-38.994603624517 0 0)
(-38.4236935973282 0 0)
(-37.8579896575815 0 0)
(-37.2978387445839 0 0)
(-36.7426345760405 0 0)
(-36.192737773318 0 0)
(-35.6475412454596 0 0)
(-35.1074193396052 0 0)
(-34.5717631868172 0 0)
(-34.0409607949243 0 0)
(-33.5144008581951 0 0)
(-32.9924849178578 0 0)
(-32.4745985650337 0 0)
(-31.9611567732163 0 0)
(-31.4515413915271 0 0)
(-30.9461808600737 0 0)
(-30.4444526829967 0 0)
(-29.9467985844625 0 0)
(-29.4525912809678 0 0)
(-28.9622857937721 0 0)
(-28.4752494319163 0 0)
(-27.9919504578637 0 0)
(-27.5117504045823 0 0)
(-27.035130640064 0 0)
(-26.5614466041589 0 0)
(-26.0911926259402 0 0)
(-25.623717652709 0 0)
(-25.1595290219597 0 0)
(-24.6979687795246 0 0)
(-24.2395571203183 0 0)
(-23.7836289940252 0 0)
(-23.3307173086481 0 0)
(-22.88014966653 0 0)
(-22.4324715164734 0 0)
(-21.987002908376 0 0)
(-21.5443017371031 0 0)
(-21.103680387231 0 0)
(-20.6657090430116 0 0)
(-20.229692202467 0 0)
(-19.7962123050331 0 0)
(-19.3645659070167 0 0)
(-18.9353475216065 0 0)
(-18.507845645206 0 0)
(-18.082666583551 0 0)
(-17.6590906433755 0 0)
(-17.2377356926727 0 0)
(-16.8178735662281 0 0)
(-16.4001331718654 0 0)
(-15.9837783306789 0 0)
(-15.5694485006403 0 0)
(-15.1563992627271 0 0)
(-14.7452823559233 0 0)
(-14.3353444394065 0 0)
(-13.9272491217039 0 0)
(-13.5202388059808 0 0)
(-13.114984075239 0 0)
(-12.7107235661596 0 0)
(-12.3081359285887 0 0)
(-11.9064485995678 0 0)
(-11.5063471028016 0 0)
(-11.1070753756062 0 0)
(-10.7092482941623 0 0)
(-10.3123113318436 0 0)
(-9.91707352270108 0 0)
(-9.52237361651212 0 0)
(-9.12924627062134 0 0)
(-8.7369078865324 0 0)
(-8.34601505391768 0 0)
(-7.9541214804379 0 0)
(-7.56370748703476 0 0)
(-7.17331714074654 0 0)
(-6.78434929510781 0 0)
(-6.39540050422741 0 0)
(-6.00774313279873 0 0)
(-5.62037154045822 0 0)
(-5.23398528391325 0 0)
(-4.84778086181943 0 0)
(-4.46246819595557 0 0)
(-4.07726455790664 0 0)
(-3.69285288608001 0 0)
(-3.30847783548697 0 0)
(-2.92482007884366 0 0)
(-2.54112326499891 0 0)
(-2.15806856086088 0 0)
(-1.77489090693166 0 0)
(-1.39228478993825 0 0)
(-1.00950064808307 0 0)
(-0.62722968312785 0 0)
(-0.244722127872682 0 0)
(0.137320694235435 0 0)
(0.51968472584337 0 0)
(0.90162362665052 0 0)
(1.28401842808808 0 0)
(1.66611568892095 0 0)
(2.04869078285217 0 0)
(2.43105313495197 0 0)
(2.81395969020024 0 0)
(3.19673753674921 0 0)
(3.58011942756151 0 0)
(3.96343821259249 0 0)
(4.34744327057939 0 0)
(4.73145191700717 0 0)
(5.11621642924325 0 0)
(5.50105223518615 0 0)
(5.88671686521761 0 0)
(6.27252059855324 0 0)
(6.65924158087613 0 0)
(7.04613634100975 0 0)
(7.43402732592114 0 0)
(7.82215070861785 0 0)
(8.21135143566693 0 0)
(8.60064746545789 0 0)
(8.99152765162862 0 0)
(9.38258902338686 0 0)
(9.77497343480593 0 0)
(10.1688869213657 0 0)
(10.564321295159 0 0)
(10.9598875720115 0 0)
(11.3569683917532 0 0)
(11.7544897982232 0 0)
(12.153379250083 0 0)
(12.5529260251651 0 0)
(12.9539784197743 0 0)
(13.3559302067702 0 0)
(13.7595385500622 0 0)
(14.1641147016362 0 0)
(14.5704304728699 0 0)
(14.9778080530288 0 0)
(15.3870094474759 0 0)
(15.7973648052222 0 0)
(16.2096317006855 0 0)
(16.6231481830007 0 0)
(17.0386677847246 0 0)
(17.4555399577832 0 0)
(17.8745094450628 0 0)
(18.2949378410922 0 0)
(18.7175617699183 0 0)
(19.1417534009299 0 0)
(19.5682413098228 0 0)
(19.9964088764698 0 0)
(20.4269761852678 0 0)
(20.8593382761198 0 0)
(21.2942070804515 0 0)
(21.7309894779751 0 0)
(22.170389430463 0 0)
(22.6118259254185 0 0)
(23.0559950913679 0 0)
(23.5023281777255 0 0)
(23.9515135391024 0 0)
(24.4029948652438 0 0)
(24.857452829326 0 0)
(25.3143436860024 0 0)
(25.7743405999169 0 0)
(26.2369124767739 0 0)
(26.7027252725798 0 0)
(27.1712606469218 0 0)
(27.6431774982461 0 0)
(28.1179705080529 0 0)
(28.5962917976143 0 0)
(29.077649082801 0 0)
(29.5626881202595 0 0)
(30.0509297245223 0 0)
(30.5430136239548 0 0)
(31.0384738681228 0 0)
(31.5379445549995 0 0)
(32.0409730201181 0 0)
(32.5481881994779 0 0)
(33.0591508209228 0 0)
(33.5744850330939 0 0)
(34.0937651474966 0 0)
(34.6176111169255 0 0)
(35.1456107356405 0 0)
(35.6783804240495 0 0)
(36.2155216074763 0 0)
(36.7576477757668 0 0)
(37.3043740373326 0 0)
(37.8563116225375 0 0)
(38.4130894197034 0 0)
(38.9753172069643 0 0)
(39.5426376991189 0 0)
(40.1156600478461 0 0)
(40.6940409495696 0 0)
(41.2783896663742 0 0)
(41.8683770578556 0 0)
(42.4646136054002 0 0)
(43.0667842679594 0 0)
(43.675501796833 0 0)
(44.2904655284626 0 0)
(44.9122914605613 0 0)
(45.5406935801688 0 0)
(46.176292361152 0 0)
(46.8188165261928 0 0)
(47.4688923128442 0 0)
(48.1262636951716 0 0)
(48.7915638231936 0 0)
(49.4645522831948 0 0)
(50.1458706859991 0 0)
(50.8352945095851 0 0)
(51.5334755416844 0 0)
(52.2402055031049 0 0)
(52.9561481013088 0 0)
(53.6811120049384 0 0)
(54.4157745358264 0 0)
(55.1599622119966 0 0)
(55.9143678188271 0 0)
(56.6788365701337 0 0)
(57.4540787553335 0 0)
(58.2399592349091 0 0)
(59.0372081329053 0 0)
(59.8457112760297 0 0)
(60.6662209655579 0 0)
(61.4986453827257 0 0)
(62.343761621164 0 0)
(63.2015019683576 0 0)
(64.072671187123 0 0)
(64.957227705373 0 0)
(65.8560068089196 0 0)
(66.7689952568015 0 0)
(67.6970626559238 0 0)
(68.6402268444241 0 0)
(69.5993949730243 0 0)
(70.5746193204901 0 0)
(71.5668488613632 0 0)
(72.5761739778717 0 0)
(73.6035897367233 0 0)
(74.6492289388772 0 0)
(75.7141380878519 0 0)
(76.7984972525122 0 0)
(77.9034097919026 0 0)
(79.0291090068796 0 0)
(80.176761728653 0 0)
(81.3466609657347 0 0)
(82.5400442029793 0 0)
(83.7572719223348 0 0)
(84.9996620160636 0 0)
(86.2676512130535 0 0)
(87.5626430261156 0 0)
(88.885158468675 0 0)
(90.2366967922373 0 0)
(91.6178749153104 0 0)
(93.0302997197354 0 0)
(94.4746973248909 0 0)
(95.9527952490365 0 0)
(97.4654440967465 0 0)
(99.0145080306236 0 0)
(100.600980233941 0 0)
(102.226879716813 0 0)
(103.893363399568 0 0)
(105.6026280249 0 0)
(107.356021988589 0 0)
(109.155943691473 0 0)
(111.003956010642 0 0)
(112.902687608074 0 0)
(114.853951026638 0 0)
(116.860640071937 0 0)
(118.924857447631 0 0)
(121.04980441932 0 0)
(123.237922680608 0 0)
(125.492772176668 0 0)
(127.817192090555 0 0)
(130.215163988934 0 0)
(132.689995054504 0 0)
(135.24616490977 0 0)
(137.887535864613 0 0)
(140.619179147015 0 0)
(143.445618948352 0 0)
(146.372634526471 0 0)
(149.405544233303 0 0)
(152.550980825572 0 0)
(155.815221782774 0 0)
(159.205935778647 0 0)
(162.73056793928 0 0)
(166.398055560685 0 0)
(170.21727626491 0 0)
(174.19873343958 0 0)
(178.353078509606 0 0)
(182.692766547218 0 0)
(187.230666150075 0 0)
(191.981689524326 0 0)
(196.961505482487 0 0)
(202.18815240022 0 0)
(207.680876290513 0 0)
(213.46174055052 0 0)
(219.554616090902 0 0)
(225.98681324654 0 0)
(232.788262213129 0 0)
(239.993205694123 0 0)
(247.639620860454 0 0)
(255.77103991305 0 0)
(264.436284057466 0 0)
(273.691513567306 0 0)
(283.600376884849 0 0)
(294.236448141281 0 0)
(305.683936492419 0 0)
(318.040747135417 0 0)
(331.419972127178 0 0)
(345.953878103131 0 0)
(361.796461003094 0 0)
(379.128880721399 0 0)
(398.16286112023 0 0)
(419.148154508328 0 0)
(442.374614384197 0 0)
(468.063449998025 0 0)
(496.533817676579 0 0)
(528.303570931149 0 0)
(563.691404764438 0 0)
(603.339776540188 0 0)
(647.654958176769 0 0)
(697.205989224579 0 0)
(752.53563254392 0 0)
(813.423303663524 0 0)
(879.490049719765 0 0)
(950.577942975322 0 0)
(1025.08385685113 0 0)
(1102.26504674772 0 0)
(1180.21006187372 0 0)
(1258.62902633949 0 0)
(1335.61123150581 0 0)
(1410.89273018664 0 0)
(1484.52743927538 0 0)
(1555.74594678471 0 0)
(1623.92739254254 0 0)
(1689.44637663909 0 0)
(1752.98585345961 0 0)
(1814.33277438179 0 0)
(1873.2393219759 0 0)
(1929.46281873382 0 0)
(1982.94453235628 0 0)
(2033.80141501625 0 0)
(2082.97764127962 0 0)
(2130.76195984949 0 0)
(2177.11276948879 0 0)
(2222.25678733358 0 0)
(2266.03323802111 0 0)
(2308.68948176798 0 0)
(2350.09918522145 0 0)
(2390.36041254086 0 0)
(2429.5581981846 0 0)
(2467.5528365088 0 0)
(2504.17679402604 0 0)
(2549.68706741757 0 0)
)
;

boundaryField
{
    electrode
    {
        type            zeroGradient;
    }
    ground
    {
        type            zeroGradient;
    }
    otherfaces
    {
        type            empty;
    }
}


// ************************************************************************* //
