/*--------------------------------*- C++ -*----------------------------------*\
| =========                 |                                                 |
| \\      /  F ield         | foam-extend: Open Source CFD                    |
|  \\    /   O peration     | Version:     4.1                                |
|   \\  /    A nd           | Web:         http://www.foam-extend.org         |
|    \\/     M anipulation  |                                                 |
\*---------------------------------------------------------------------------*/
FoamFile
{
    version     2.0;
    format      ascii;
    class       volScalarField;
    location    "9.0062500225431e-06";
    object      electronMean;
}
// * * * * * * * * * * * * * * * * * * * * * * * * * * * * * * * * * * * * * //

dimensions      [0 -3 0 0 0 0 0];

internalField   nonuniform List<scalar> 
500
(
1.60236031975952e+17
1.76298304352398e+17
1.93561219259237e+17
2.12079477646545e+17
2.31907758783037e+17
2.53100134941143e+17
2.75709799050635e+17
2.99788827854512e+17
3.25388019182524e+17
3.52556740240929e+17
3.8134274886358e+17
4.1179203809923e+17
4.43948631979151e+17
4.77854313092994e+17
5.13548334929635e+17
5.51067137946419e+17
5.9044412789766e+17
6.31709492915358e+17
6.74890200830497e+17
7.20010129692843e+17
7.67090179697518e+17
8.16148320042022e+17
8.67199539675306e+17
9.20255707052328e+17
9.75325391354097e+17
1.03241371491686e+18
1.09152230691924e+18
1.15264941791036e+18
1.21579034286253e+18
1.28093794928254e+18
1.34808299798035e+18
1.41721428775655e+18
1.48831871655094e+18
1.5613812656303e+18
1.63638488849271e+18
1.71331037021116e+18
1.7921363894263e+18
1.87284000140936e+18
1.95539731068774e+18
2.03978397623149e+18
2.12597553948474e+18
2.21394754547763e+18
2.30367545602328e+18
2.39513446087477e+18
2.48829924771566e+18
2.58314404246781e+18
2.67964312932581e+18
2.77777143539112e+18
2.87750489829149e+18
2.97882073150643e+18
3.08169751929031e+18
3.18611510639335e+18
3.29205432998371e+18
3.39949670844064e+18
3.50842449932916e+18
3.61882112016283e+18
3.73067142920855e+18
3.84396184583349e+18
3.95868052303994e+18
4.07481748338578e+18
4.19236461973696e+18
4.31131552504568e+18
4.43166517126667e+18
4.55340978364787e+18
4.67654705337693e+18
4.80107618882272e+18
4.92699771502905e+18
5.05431355477738e+18
5.18302743905646e+18
5.31314534783153e+18
5.44467568876687e+18
5.57762892455366e+18
5.71201667814412e+18
5.84785093368813e+18
5.98514416337331e+18
6.12391025743757e+18
6.26416558544394e+18
6.40592981762403e+18
6.54922586878428e+18
6.69407874420574e+18
6.8405145645322e+18
6.98856068003332e+18
7.13824608416741e+18
7.28960148087382e+18
7.442659235573e+18
7.59745319747144e+18
7.75401836755428e+18
7.91239084847855e+18
8.07260817536199e+18
8.2347095506303e+18
8.39873578506673e+18
8.56472919567114e+18
8.73273358016038e+18
8.90279422895643e+18
9.07495795540476e+18
9.24927311168343e+18
9.42578959023188e+18
9.60455876639664e+18
9.78563345480211e+18
9.96906800788379e+18
1.01549186001315e+19
1.03432435733906e+19
1.05341035567633e+19
1.07275611171264e+19
1.09236801027421e+19
1.11225255006055e+19
1.13241647931021e+19
1.15286707060176e+19
1.1736123199539e+19
1.19466083628852e+19
1.21602155952474e+19
1.23770365806317e+19
1.25971659062288e+19
1.28207013559547e+19
1.30477439679432e+19
1.32783982282806e+19
1.35127722409369e+19
1.37509778707262e+19
1.39931308998357e+19
1.42393512618759e+19
1.44897634111269e+19
1.47444967741454e+19
1.50036860763474e+19
1.52674712696302e+19
1.55359970664519e+19
1.58094129385921e+19
1.60878751230044e+19
1.63715510210444e+19
1.6660622847842e+19
1.6955285601457e+19
1.72557408702855e+19
1.75621932834727e+19
1.78748501423336e+19
1.81939206628825e+19
1.8519614712429e+19
1.88521415577936e+19
1.9191708223301e+19
1.95385172316513e+19
1.98927638734704e+19
2.0254634269558e+19
2.06243064102765e+19
2.10019543537193e+19
2.13877496101894e+19
2.17818528715224e+19
2.21844007805693e+19
2.25954974244975e+19
2.30152102011345e+19
2.3443565582225e+19
2.3880544599158e+19
2.43260797310361e+19
2.47800557306817e+19
2.52423161893684e+19
2.57126698331584e+19
2.61908849470924e+19
2.66766739698315e+19
2.71696831873247e+19
2.76694913757485e+19
2.81756122104806e+19
2.86875012957885e+19
2.92045711258147e+19
2.97262074120245e+19
3.02517706158543e+19
3.07805828411726e+19
3.13119199468084e+19
3.18450169640455e+19
3.23790823171427e+19
3.29133206548646e+19
3.34469541087825e+19
3.39792214259164e+19
3.45093619876366e+19
3.50366105995456e+19
3.55602087073198e+19
3.60794274876059e+19
3.65935899791795e+19
3.71020685259487e+19
3.7604263829217e+19
3.80995952968736e+19
3.8587511617478e+19
3.90675133318176e+19
3.95391665541406e+19
4.00020904506811e+19
4.0455937069783e+19
4.09003901263982e+19
4.1335182938201e+19
4.17601126145721e+19
4.21750269690704e+19
4.25797983041996e+19
4.29743154188451e+19
4.33584972977054e+19
4.37323066470677e+19
4.40957423276505e+19
4.44488215101971e+19
4.47915768279905e+19
4.51240703648439e+19
4.54464024285823e+19
4.57586969509953e+19
4.60610787650691e+19
4.63536715230158e+19
4.6636617030988e+19
4.69100866916065e+19
4.71742684556549e+19
4.74293486908788e+19
4.76755113138365e+19
4.79129511603646e+19
4.81418793922564e+19
4.83625125166721e+19
4.85750617381652e+19
4.87797366378249e+19
4.89767562890028e+19
4.91663492058264e+19
4.93487410194294e+19
4.95241463505221e+19
4.96927723875671e+19
4.98548265834072e+19
5.00105152889575e+19
5.01600337832449e+19
5.0303560418332e+19
5.04412608756977e+19
5.05732970469731e+19
5.06998290198678e+19
5.08210092350283e+19
5.09369785593517e+19
5.10478690581693e+19
5.11538113305121e+19
5.12549384237942e+19
5.13513814218551e+19
5.14432621910331e+19
5.15306885231742e+19
5.16137520104955e+19
5.16925300625098e+19
5.17670930783926e+19
5.18375113094986e+19
5.19038552679639e+19
5.19661920968597e+19
5.20245831181037e+19
5.20790832885565e+19
5.21297414036797e+19
5.21766005064045e+19
5.22196984383112e+19
5.2259069097397e+19
5.22947444669397e+19
5.23267557642326e+19
5.23551328383243e+19
5.2379903115299e+19
5.24010910319501e+19
5.24187177518089e+19
5.24328007983935e+19
5.24433534529034e+19
5.24503844594464e+19
5.24538987639828e+19
5.24538988576765e+19
5.24503847410769e+19
5.244335392391e+19
5.24328014612688e+19
5.24187186103237e+19
5.24010920906034e+19
5.23799043799065e+19
5.23551343154544e+19
5.23267574619619e+19
5.22947463943155e+19
5.22590712644851e+19
5.22197008564252e+19
5.21766031880779e+19
5.21297443625704e+19
5.20790865397783e+19
5.20245866780571e+19
5.19661959836963e+19
5.19038595011957e+19
5.18375159103398e+19
5.17670980698486e+19
5.16925354692861e+19
5.16137578590148e+19
5.15306948414409e+19
5.14432690091668e+19
5.13513887719728e+19
5.12549463402725e+19
5.11538198501511e+19
5.1047878220341e+19
5.09369884055867e+19
5.08210198092768e+19
5.06998403682852e+19
5.05733092184246e+19
5.04412739221185e+19
5.03035743945249e+19
5.0160048747106e+19
5.00105313015164e+19
4.98548437091454e+19
4.96927906945528e+19
4.95241659109038e+19
4.93487619084774e+19
4.91663715022496e+19
4.8976780075886e+19
4.87797620017138e+19
4.85750887698694e+19
4.83625413112647e+19
4.81419100486173e+19
4.79129837816353e+19
4.76755460080237e+19
4.74293855705494e+19
4.71743076378429e+19
4.69101282979094e+19
4.66366611873096e+19
4.63537183602513e+19
4.60611284182611e+19
4.57587495595112e+19
4.54464581357835e+19
4.51241293182761e+19
4.47916391788522e+19
4.44488874126623e+19
4.40958119380091e+19
4.37323801239199e+19
4.33585748015192e+19
4.29743971118292e+19
4.25798843489353e+19
4.21751175273373e+19
4.17602078466382e+19
4.1335283002484e+19
4.09004951779644e+19
4.04560472592263e+19
4.00022059226387e+19
3.95392874463245e+19
3.90676397744738e+19
3.85876437322439e+19
3.80997331950248e+19
3.76044076103122e+19
3.7102218276425e+19
3.65937457720236e+19
3.60795893807518e+19
3.55603767427075e+19
3.50367848016831e+19
3.45095423629554e+19
3.39794079621375e+19
3.34471467750409e+19
3.29135194009737e+19
3.2379287073413e+19
3.18452276408295e+19
3.13121364348323e+19
3.07808050122182e+19
3.02519983237551e+19
2.97264404932314e+19
2.92048094003952e+19
2.86877445680398e+19
2.81758602702749e+19
2.76697439998617e+19
2.71699401414624e+19
2.66769350100974e+19
2.61911498218495e+19
2.57129382843221e+19
2.52425879540283e+19
2.47803305425138e+19
2.43263573216752e+19
2.38808247001658e+19
2.34438479265586e+19
2.30154945248541e+19
2.25957834679712e+19
2.21846882895828e+19
2.17821415979188e+19
2.13880393132436e+19
2.10022448003033e+19
2.06245973756651e+19
2.02549255380265e+19
1.98930552385988e+19
1.95388084971486e+19
1.91919992031683e+19
1.88524320766245e+19
1.85199046052432e+19
1.81942097749786e+19
1.78751383292971e+19
1.75624804108232e+19
1.725602681316e+19
1.69555702443048e+19
1.666090608404e+19
1.63718327523516e+19
1.60881552592359e+19
1.58096913970945e+19
1.55362737719446e+19
1.52677461537641e+19
1.50039590773368e+19
1.47447678361863e+19
1.44900324840649e+19
1.42396183005819e+19
1.39933958638782e+19
1.37512407237817e+19
1.3513032950454e+19
1.3278656765025e+19
1.30480003056454e+19
1.28209554708632e+19
1.25974177767635e+19
1.23772861871538e+19
1.21604629196215e+19
1.19468533882399e+19
1.1736365910127e+19
1.15289110867337e+19
1.13244028294854e+19
1.11227611786508e+19
1.09239134087288e+19
1.07277920376542e+19
1.05343320786918e+19
1.03434696835916e+19
1.01551422854631e+19
9.96928925511157e+18
9.78585225045736e+18
9.60477509682448e+18
9.42600344148561e+18
9.24948446960998e+18
9.07516680545135e+18
8.90300055629866e+18
8.73293736966034e+18
8.56493043186232e+18
8.39893445218817e+18
8.23490563266686e+18
8.07280165606932e+18
7.91258171140657e+18
7.75420659610581e+18
7.59763877492392e+18
7.44284214518485e+18
7.28978170584449e+18
7.13842360779889e+18
6.98873548569476e+18
6.84068663577714e+18
6.69424806485111e+18
6.54939242295282e+18
6.40609358984931e+18
6.26432656068009e+18
6.12406842123347e+18
5.98529950190542e+18
5.84800343396323e+18
5.71216632803238e+18
5.57777571290391e+18
5.44481960543692e+18
5.31328638372003e+18
5.18316558618239e+18
5.05444880635762e+18
4.92713006556917e+18
4.80120563420959e+18
4.67667359093369e+18
4.55353341218914e+18
4.43178589116064e+18
4.31143333825129e+18
4.19247952984003e+18
4.07492949565556e+18
3.95878964446105e+18
3.84406808513058e+18
3.73077479692112e+18
3.61892162866219e+18
3.50852216284757e+18
3.39959154312715e+18
3.29214635386558e+18
3.18620433941177e+18
3.08178398328471e+18
2.97890445018691e+18
2.87758589726224e+18
2.77784974213588e+18
2.67971877322078e+18
2.58321705476441e+18
2.48836966152145e+18
2.39520231111639e+18
2.3037407794193e+18
2.21401038045791e+18
2.12603592613899e+18
2.03984195626461e+18
1.95545292736708e+18
1.87289329952796e+18
1.79218741524593e+18
1.71335917140136e+18
1.63643151404787e+18
1.5614257657809e+18
1.48836114264242e+18
1.41725469216538e+18
1.34812143401276e+18
1.28097447107997e+18
1.21582500531923e+18
1.15268227657229e+18
1.09155341789276e+18
1.03244313475112e+18
9.7535317692969e+17
9.20281915438322e+17
8.6722422801103e+17
8.16171545408321e+17
7.67111999002643e+17
7.20030599560502e+17
6.74909377497583e+17
6.31727432119655e+17
5.9046088477717e+17
5.51082766928569e+17
5.13562889618021e+17
4.77867846162759e+17
4.43961195078068e+17
4.11803681758023e+17
3.81353522416369e+17
3.52566691753755e+17
3.2539719539004e+17
2.99797274104026e+17
2.75717559247425e+17
2.53107251504746e+17
2.31914272605567e+17
2.12085428057244e+17
1.9356664399874e+17
1.76303239556339e+17
1.60240512102379e+17
)
;

boundaryField
{
    electrode
    {
        type            calculated;
        value           uniform 1.52777728807928e+17;
    }
    ground
    {
        type            calculated;
        value           uniform 1.52781997891584e+17;
    }
    otherfaces
    {
        type            empty;
    }
}


// ************************************************************************* //
