/*--------------------------------*- C++ -*----------------------------------*\
| =========                 |                                                 |
| \\      /  F ield         | foam-extend: Open Source CFD                    |
|  \\    /   O peration     | Version:     4.1                                |
|   \\  /    A nd           | Web:         http://www.foam-extend.org         |
|    \\/     M anipulation  |                                                 |
\*---------------------------------------------------------------------------*/
FoamFile
{
    version     2.0;
    format      ascii;
    class       volScalarField;
    location    "1.50199999961044e-05";
    object      Arp1;
}
// * * * * * * * * * * * * * * * * * * * * * * * * * * * * * * * * * * * * * //

dimensions      [0 -3 0 0 0 0 0];

internalField   nonuniform List<scalar> 
500
(
5.59238218491489e+17
5.64980242051936e+17
5.68780106148611e+17
5.7291569829279e+17
5.77136456673322e+17
5.81394368475797e+17
5.85808015471059e+17
5.90211976886402e+17
5.94800826784985e+17
5.99370654997468e+17
6.04126351826993e+17
6.08892160146653e+17
6.13902209632259e+17
6.18962746887719e+17
6.24272639448338e+17
6.29656225300192e+17
6.35325231024946e+17
6.41083253408741e+17
6.47134691095613e+17
6.53304719552903e+17
6.59804189014283e+17
6.66442693515157e+17
6.73431411909538e+17
6.8060091813912e+17
6.88174302183431e+17
6.95979193781554e+17
7.04231783735618e+17
7.12759793788219e+17
7.21779149947337e+17
7.31132954265763e+17
7.41068716558801e+17
7.51472792631438e+17
7.62574835745175e+17
7.74209623563564e+17
7.86608398107898e+17
7.99637340048888e+17
8.13547245788984e+17
8.2823171458437e+17
8.4394983028113e+17
8.6058254829057e+17
8.78356389183832e+17
8.97145077759654e+17
9.17241132922397e+17
9.38665453124644e+17
9.61750272072199e+17
9.86439628841227e+17
1.01305730245838e+18
1.04154481480645e+18
1.07214427719145e+18
1.10476672789555e+18
1.13981953509088e+18
1.17751764369545e+18
1.21813686892972e+18
1.26150716966861e+18
1.30780576448521e+18
1.35699743745196e+18
1.4096258816128e+18
1.4653497467108e+18
1.52411982179206e+18
1.58587696959403e+18
1.65072666685183e+18
1.71801653033341e+18
1.78784376409073e+18
1.85973876544675e+18
1.93326328884779e+18
2.00825908312716e+18
2.08416554037964e+18
2.16071003398588e+18
2.23765472356329e+18
2.31450480880619e+18
2.39143855531805e+18
2.46776091673507e+18
2.54400552714258e+18
2.61937962580831e+18
2.69423542852934e+18
2.76794535720309e+18
2.84031755580787e+18
2.91191421624771e+18
2.98262286454029e+18
3.05239950565976e+18
3.12208877526711e+18
3.1910418463544e+18
3.25870292399948e+18
3.32459991629025e+18
3.38970906075577e+18
3.45415033939963e+18
3.51807783171265e+18
3.58140147119335e+18
3.64416179642495e+18
3.70607347997503e+18
3.76710179362026e+18
3.82727058844134e+18
3.88693059464915e+18
3.94596018099335e+18
4.00447475083737e+18
4.06238128423192e+18
4.11982108348283e+18
4.17671019983739e+18
4.23314166256867e+18
4.28895878117583e+18
4.34427348858876e+18
4.39910222411413e+18
4.45357881935441e+18
4.50757492306948e+18
4.56119872217538e+18
4.61434917854632e+18
4.66713830255101e+18
4.71946792475421e+18
4.77144569530555e+18
4.82297102998655e+18
4.87415607923344e+18
4.92491041581933e+18
4.97532693928423e+18
5.02528621464966e+18
5.07492946375542e+18
5.12421736357536e+18
5.1731969001401e+18
5.22176738222317e+18
5.27002939783217e+18
5.31788578968576e+18
5.36543593226266e+18
5.41258346774961e+18
5.45942648391828e+18
5.50586941047708e+18
5.55200906944789e+18
5.59775074485583e+18
5.64318997508059e+18
5.68823297305949e+18
5.73297397726557e+18
5.77732017654345e+18
5.82136451490122e+18
5.86501519231849e+18
5.9083638596063e+18
5.95131976155535e+18
5.99397326095901e+18
6.03623467248024e+18
6.07819307873808e+18
6.11975988262354e+18
6.16102289633194e+18
6.20189462715431e+18
6.24246162284989e+18
6.28263750943723e+18
6.32250758218949e+18
6.36198659494768e+18
6.40115859632195e+18
6.43993948174599e+18
6.47841205519338e+18
6.5164933680328e+18
6.55426497930378e+18
6.5916451127037e+18
6.62871407853464e+18
6.66539129020438e+18
6.70175580780581e+18
6.73772824052952e+18
6.77338639162968e+18
6.8086521072895e+18
6.84360192124355e+18
6.87815889495452e+18
6.91239830158393e+18
6.94624445469582e+18
6.97977134846718e+18
7.01290456642822e+18
7.04571681187887e+18
7.07813495214774e+18
7.11023039232319e+18
7.1419312918957e+18
7.17330776110713e+18
7.20428925676126e+18
7.23494459184322e+18
7.26520452639157e+18
7.29513657857648e+18
7.32467281448071e+18
7.35387945672604e+18
7.38268988222361e+18
7.41116901750354e+18
7.43925155535729e+18
7.46700112177535e+18
7.49435373532385e+18
7.52137171641484e+18
7.54799241730442e+18
7.57427684729229e+18
7.60016369756035e+18
7.62571266598736e+18
7.65086378644725e+18
7.67567544326099e+18
7.70008901704162e+18
7.72416157902811e+18
7.74783585300973e+18
7.77116760955077e+18
7.79410089956546e+18
7.81669021323526e+18
7.83888090264111e+18
7.860726217786e+18
7.88217276285533e+18
7.90327260374853e+18
7.9239735392426e+18
7.94432653934727e+18
7.96428045021569e+18
7.9838853500226e+18
8.00309093585562e+18
8.02194651599806e+18
8.04040255734323e+18
8.05850778876513e+18
8.0762131138862e+18
8.0935669858805e+18
8.11052048956861e+18
8.12712211230373e+18
8.1433227744871e+18
8.15917137610913e+18
8.17461826936791e+18
8.18971316250106e+18
8.20440543163501e+18
8.21874606066945e+18
8.23268295194202e+18
8.24626881910545e+18
8.25944970874186e+18
8.27228048262621e+18
8.28470469708407e+18
8.29678022429429e+18
8.30844733210583e+18
8.31976733874734e+18
8.33067707461631e+18
8.34124162862504e+18
8.35139328957526e+18
8.36120308637613e+18
8.37059646352054e+18
8.37965048821345e+18
8.38828720474586e+18
8.39658525731274e+18
8.40446484918181e+18
8.41200691842229e+18
8.41913085091925e+18
8.4259224552342e+18
8.43232095480483e+18
8.43829001032071e+18
8.44390139995132e+18
8.44918931635562e+18
8.45403950877591e+18
8.45857588868562e+18
8.46267380493939e+18
8.46645940881219e+18
8.46980616365808e+18
8.47284182463375e+18
8.47543701128203e+18
8.47772332229508e+18
8.47956706920884e+18
8.48110362844209e+18
8.48219560781515e+18
8.48298651170884e+18
8.4833333366681e+18
8.48333502618712e+18
8.48299185294531e+18
8.48220453939107e+18
8.48111646854898e+18
8.47958313020717e+18
8.47774290358331e+18
8.4754604467224e+18
8.47286878549381e+18
8.46983715509678e+18
8.46649332556801e+18
8.46271145447594e+18
8.45861669449053e+18
8.45408514932796e+18
8.44923684619311e+18
8.4439561509652e+18
8.43834480715611e+18
8.4323753345838e+18
8.425984050393e+18
8.41919543369151e+18
8.41207566081251e+18
8.40453638130099e+18
8.39666075979766e+18
8.3883654493964e+18
8.37973293656605e+18
8.37068176546755e+18
8.36129203685425e+18
8.35148545707532e+18
8.34133747856177e+18
8.33077591399532e+18
8.31987002511588e+18
8.30855285500148e+18
8.29688966732245e+18
8.28481696360875e+18
8.27239655839915e+18
8.25956864218503e+18
8.24639150329778e+18
8.23280850396817e+18
8.21887527312492e+18
8.20453753953267e+18
8.18984885327243e+18
8.17475686176255e+18
8.15931348948377e+18
8.14346778144695e+18
8.12727058485458e+18
8.11067183445191e+18
8.09372173708746e+18
8.07637071244213e+18
8.05866872939049e+18
8.04056631253418e+18
8.02211354348319e+18
8.00326072009529e+18
7.98405832721978e+18
7.96445614403471e+18
7.94450538330988e+18
7.92415506539247e+18
7.90345723992909e+18
7.88236004262382e+18
7.86091656748993e+18
7.83907385276515e+18
7.81688619523186e+18
7.79429943438325e+18
7.77136913688052e+18
7.74803988183789e+18
7.72436856031224e+18
7.7002984442102e+18
7.67588778026561e+18
7.65107851121252e+18
7.62593025513143e+18
7.600383615327e+18
7.57449958078981e+18
7.54821741799181e+18
7.52159948168293e+18
7.49458370478929e+18
7.46723380024414e+18
7.43948637487908e+18
7.41140648681938e+18
7.38292943053999e+18
7.35412159097737e+18
7.32491696300368e+18
7.29538324564508e+18
7.26545314304845e+18
7.23519565377053e+18
7.20454220429667e+18
7.17356307681611e+18
7.1421884290798e+18
7.11048981394768e+18
7.07839612966683e+18
7.04598018757531e+18
7.01316962998072e+18
6.98003851911044e+18
6.94651324610205e+18
6.91266910641307e+18
6.87843124905223e+18
6.84387619130867e+18
6.80892785429941e+18
6.77366395539755e+18
6.738007219826e+18
6.70203652267161e+18
6.66567335339577e+18
6.62899778227089e+18
6.5919300870735e+18
6.55455149479179e+18
6.5167810714159e+18
6.47870119752604e+18
6.44022972398247e+18
6.4014501729217e+18
6.36227917784201e+18
6.32280139203132e+18
6.28293222524208e+18
6.24275745717844e+18
6.2021912618276e+18
6.16132053816287e+18
6.12005821427455e+18
6.07849230251861e+18
6.03653446809069e+18
5.99427383325471e+18
5.95162078098423e+18
5.90866553747906e+18
5.86531718693833e+18
5.8216670475777e+18
5.77762288704318e+18
5.73327710114427e+18
5.68853612874103e+18
5.64349341583394e+18
5.59805406962827e+18
5.55231254148383e+18
5.50617261925228e+18
5.4597296897752e+18
5.4128862652913e+18
5.36573855684999e+18
5.31818787677246e+18
5.27033111515533e+18
5.22206845376887e+18
5.17349738156074e+18
5.1245172638318e+18
5.07522928557695e+18
5.02558542402594e+18
4.97562562043404e+18
4.92520880089411e+18
4.87445420148336e+18
4.82326844925966e+18
4.77174244616056e+18
4.71976377173252e+18
4.66743315694811e+18
4.61464274729112e+18
4.5614910686668e+18
4.50786580263784e+18
4.45386808022297e+18
4.39938936668358e+18
4.34455847527238e+18
4.28924357118395e+18
4.233427124909e+18
4.17699621708434e+18
4.12010826956311e+18
4.06267010337577e+18
4.00476627152245e+18
3.94625500115866e+18
3.88723038427679e+18
3.82757467883387e+18
3.767410056751e+18
3.70639072790154e+18
3.64449514573123e+18
3.5817542263745e+18
3.51845218739024e+18
3.4545493419213e+18
3.39013387172939e+18
3.3250529102083e+18
3.25921318717858e+18
3.19163125508327e+18
3.12273629636489e+18
3.05308747729885e+18
2.98340686214055e+18
2.91283907134875e+18
2.84133704696916e+18
2.76910332393159e+18
2.69556893913957e+18
2.62084713520653e+18
2.54566661073471e+18
2.46960715739903e+18
2.39348532496085e+18
2.31676547909008e+18
2.24009826628753e+18
2.16335475597875e+18
2.0869544490915e+18
2.01119192541196e+18
1.93626651424759e+18
1.86279157993134e+18
1.79094262308993e+18
1.72101887580333e+18
1.65365671783108e+18
1.58870052432291e+18
1.52668688430169e+18
1.46772116135696e+18
1.41188774315541e+18
1.35897009047609e+18
1.3093887759662e+18
1.26287002543521e+18
1.21939852127974e+18
1.17864467286371e+18
1.14065478598063e+18
1.10525177295723e+18
1.07244301896713e+18
1.04183784723835e+18
1.0133885720906e+18
9.86732365632975e+17
9.61907003477897e+17
9.38647123782661e+17
9.17055823030199e+17
8.9686620534502e+17
8.7810314719748e+17
8.60440681920097e+17
8.43926974152624e+17
8.28274154631812e+17
8.13579118739094e+17
7.99603872918563e+17
7.8649347018793e+17
7.74033472795562e+17
7.62377520270525e+17
7.51297540201963e+17
7.40936557206723e+17
7.31052360884322e+17
7.21766189470797e+17
7.12822549370538e+17
7.04354425621384e+17
6.96135457359365e+17
6.88341595459013e+17
6.80766361991393e+17
6.73580881355784e+17
6.66558750893153e+17
6.59890117428249e+17
6.53382006680245e+17
6.47210686335111e+17
6.41146984520202e+17
6.35381123091854e+17
6.29717299802761e+17
6.24321407976351e+17
6.18977342736104e+17
6.13889168278251e+17
6.08853481039142e+17
6.04044973510285e+17
5.99254313708823e+17
5.94677633996347e+17
5.90104476230648e+17
5.8570978611894e+17
5.81288734672214e+17
5.77063357574974e+17
5.72814622687747e+17
5.68707733009205e+17
5.64839036660105e+17
5.5909964243442e+17
)
;

boundaryField
{
    electrode
    {
        type            zeroGradient;
    }
    ground
    {
        type            zeroGradient;
    }
    otherfaces
    {
        type            empty;
    }
}


// ************************************************************************* //
