/*--------------------------------*- C++ -*----------------------------------*\
| =========                 |                                                 |
| \\      /  F ield         | foam-extend: Open Source CFD                    |
|  \\    /   O peration     | Version:     4.1                                |
|   \\  /    A nd           | Web:         http://www.foam-extend.org         |
|    \\/     M anipulation  |                                                 |
\*---------------------------------------------------------------------------*/
FoamFile
{
    version     2.0;
    format      ascii;
    class       volVectorField;
    location    "1.50199999961044e-05";
    object      EField;
}
// * * * * * * * * * * * * * * * * * * * * * * * * * * * * * * * * * * * * * //

dimensions      [1 1 -3 0 0 -1 0];

internalField   nonuniform List<vector> 
500
(
(-385336.507548757 -0 -0)
(-366443.005345882 -0 -0)
(-347876.43834882 -0 -0)
(-329573.614578386 -0 -0)
(-311657.690886425 -0 -0)
(-294141.048195113 -0 -0)
(-277119.667393643 -0 -0)
(-260606.670817643 -0 -0)
(-244682.854776791 -0 -0)
(-229362.736579769 -0 -0)
(-214708.474945469 -0 -0)
(-200731.856231543 -0 -0)
(-187474.339885301 -0 -0)
(-174938.789447315 -0 -0)
(-163147.802375502 -0 -0)
(-152094.364373335 -0 -0)
(-141783.998444313 -0 -0)
(-132199.875820489 -0 -0)
(-123334.684162746 -0 -0)
(-115163.907498348 -0 -0)
(-107669.724474392 -0 -0)
(-100821.836849334 -0 -0)
(-94596.7680393499 -0 -0)
(-88962.1582226346 -0 -0)
(-83890.8022519505 -0 -0)
(-79348.3262913461 -0 -0)
(-75305.9988056924 -0 -0)
(-71731.673616671 -0 -0)
(-68599.4777968584 -0 -0)
(-65879.9078555732 -0 -0)
(-63546.8449268553 -0 -0)
(-61569.9006527101 -0 -0)
(-59924.6164044415 -0 -0)
(-58588.2617242873 -0 -0)
(-57543.1462000536 -0 -0)
(-56765.2400034941 -0 -0)
(-56232.3419641124 -0 -0)
(-55923.3891795882 -0 -0)
(-55825.7896767446 -0 -0)
(-55927.5080507219 -0 -0)
(-56216.7762992511 -0 -0)
(-56673.1323059292 -0 -0)
(-57279.3645193408 -0 -0)
(-58021.8299051626 -0 -0)
(-58892.9411924357 -0 -0)
(-59882.7218411695 -0 -0)
(-60976.7211138479 -0 -0)
(-62147.0262750296 -0 -0)
(-63368.5598175303 -0 -0)
(-64625.1832088914 -0 -0)
(-65910.4393896302 -0 -0)
(-67212.5809114139 -0 -0)
(-68509.7333245976 -0 -0)
(-69765.1071294367 -0 -0)
(-70942.6666497079 -0 -0)
(-72012.9768385035 -0 -0)
(-72955.7409601015 -0 -0)
(-73757.476021223 -0 -0)
(-74408.707437364 -0 -0)
(-74883.223931644 -0 -0)
(-75143.2652303323 -0 -0)
(-75158.8719638322 -0 -0)
(-74922.8567640314 -0 -0)
(-74445.3374254283 -0 -0)
(-73750.56050494 -0 -0)
(-72853.1692383036 -0 -0)
(-71759.3794948581 -0 -0)
(-70473.6105683892 -0 -0)
(-69008.980480946 -0 -0)
(-67397.622539332 -0 -0)
(-65679.5876648522 -0 -0)
(-63894.0222289061 -0 -0)
(-62066.1247602579 -0 -0)
(-60206.1880238367 -0 -0)
(-58323.2612511498 -0 -0)
(-56430.0106914902 -0 -0)
(-54558.2737591306 -0 -0)
(-52735.435536157 -0 -0)
(-50977.9643574668 -0 -0)
(-49296.1671582118 -0 -0)
(-47677.8371204325 -0 -0)
(-46101.1892639086 -0 -0)
(-44566.3237446612 -0 -0)
(-43095.6272368905 -0 -0)
(-41708.1957513723 -0 -0)
(-40405.8256418223 -0 -0)
(-39183.8247480066 -0 -0)
(-38030.8895009995 -0 -0)
(-36932.6528067924 -0 -0)
(-35878.6168993421 -0 -0)
(-34868.5371721926 -0 -0)
(-33908.7093296136 -0 -0)
(-33003.6841114601 -0 -0)
(-32153.8364733765 -0 -0)
(-31356.2949806286 -0 -0)
(-30603.3372646631 -0 -0)
(-29885.3088424209 -0 -0)
(-29194.362345384 -0 -0)
(-28527.945193763 -0 -0)
(-27889.0389337439 -0 -0)
(-27282.9580768098 -0 -0)
(-26710.7788110536 -0 -0)
(-26168.2190388483 -0 -0)
(-25649.1536487571 -0 -0)
(-25148.648926576 -0 -0)
(-24663.9986533309 -0 -0)
(-24194.8171950844 -0 -0)
(-23741.595409735 -0 -0)
(-23304.6241343969 -0 -0)
(-22883.3712008843 -0 -0)
(-22476.9481987826 -0 -0)
(-22084.3431132202 -0 -0)
(-21704.9537816326 -0 -0)
(-21338.5921061656 -0 -0)
(-20984.3983512484 -0 -0)
(-20639.5869628729 -0 -0)
(-20301.9346377941 -0 -0)
(-19971.427200571 -0 -0)
(-19649.2747429912 -0 -0)
(-19336.7832412749 -0 -0)
(-19034.2391494823 -0 -0)
(-18740.2881053565 -0 -0)
(-18452.6196858909 -0 -0)
(-18169.2760580218 -0 -0)
(-17889.8481333483 -0 -0)
(-17615.5173710893 -0 -0)
(-17348.0686561254 -0 -0)
(-17088.4044264607 -0 -0)
(-16835.8312924735 -0 -0)
(-16588.4288657557 -0 -0)
(-16344.3817549373 -0 -0)
(-16103.1353545855 -0 -0)
(-15865.6423957574 -0 -0)
(-15633.4216003519 -0 -0)
(-15407.3126208645 -0 -0)
(-15186.7050782241 -0 -0)
(-14969.9557544517 -0 -0)
(-14755.5162016365 -0 -0)
(-14543.0237011803 -0 -0)
(-14333.4379937839 -0 -0)
(-14128.2475611726 -0 -0)
(-13928.2224970001 -0 -0)
(-13732.7792860871 -0 -0)
(-13540.2957274085 -0 -0)
(-13349.2685104566 -0 -0)
(-13159.3397977815 -0 -0)
(-12971.5203055313 -0 -0)
(-12787.3288670323 -0 -0)
(-12607.6148861696 -0 -0)
(-12431.8222585362 -0 -0)
(-12258.3793163053 -0 -0)
(-12085.8097629505 -0 -0)
(-11913.8287407655 -0 -0)
(-11743.4875465837 -0 -0)
(-11576.3667139455 -0 -0)
(-11413.3050659973 -0 -0)
(-11253.7468256555 -0 -0)
(-11096.071856012 -0 -0)
(-10938.7769432824 -0 -0)
(-10781.5229862965 -0 -0)
(-10625.3682000667 -0 -0)
(-10471.9072251244 -0 -0)
(-10322.0836106094 -0 -0)
(-10175.4343934764 -0 -0)
(-10030.4456568243 -0 -0)
(-9885.62680814046 -0 -0)
(-9740.60805756356 -0 -0)
(-9596.33392380459 -0 -0)
(-9454.33367828198 -0 -0)
(-9315.51407708847 -0 -0)
(-9179.50275310658 -0 -0)
(-9044.89211066323 -0 -0)
(-8910.30689207643 -0 -0)
(-8775.36687988221 -0 -0)
(-8640.94383149096 -0 -0)
(-8508.42934657947 -0 -0)
(-8378.70434083807 -0 -0)
(-8251.45893380686 -0 -0)
(-8125.4745642839 -0 -0)
(-7999.4989730274 -0 -0)
(-7873.17053497605 -0 -0)
(-7747.19200658411 -0 -0)
(-7622.77018848005 -0 -0)
(-7500.65710355031 -0 -0)
(-7380.64113498541 -0 -0)
(-7261.70401750302 -0 -0)
(-7142.82534963587 -0 -0)
(-7023.68108113385 -0 -0)
(-6904.8436466254 -0 -0)
(-6787.25698958694 -0 -0)
(-6671.5366921017 -0 -0)
(-6557.49810744684 -0 -0)
(-6444.3700766831 -0 -0)
(-6331.36198926074 -0 -0)
(-6218.25541908644 -0 -0)
(-6105.47636820756 -0 -0)
(-5993.741020979 -0 -0)
(-5883.46393569282 -0 -0)
(-5774.49451805276 -0 -0)
(-5666.23928673754 -0 -0)
(-5558.14641505972 -0 -0)
(-5450.07090811646 -0 -0)
(-5342.34866368386 -0 -0)
(-5235.47553630444 -0 -0)
(-5129.73417545001 -0 -0)
(-5024.98311001313 -0 -0)
(-4920.80632831162 -0 -0)
(-4816.82323812232 -0 -0)
(-4712.95849049707 -0 -0)
(-4609.45315448465 -0 -0)
(-4506.64623705604 -0 -0)
(-4404.70647918709 -0 -0)
(-4303.51331675442 -0 -0)
(-4202.76788141602 -0 -0)
(-4102.20389895114 -0 -0)
(-4001.78156954823 -0 -0)
(-3901.66631387822 -0 -0)
(-3802.10403166865 -0 -0)
(-3703.20829532001 -0 -0)
(-3604.91795724402 -0 -0)
(-3507.01842098632 -0 -0)
(-3409.33731881485 -0 -0)
(-3311.80745130656 -0 -0)
(-3214.54189223862 -0 -0)
(-3117.65873223235 -0 -0)
(-3021.2672007248 -0 -0)
(-2925.32291890175 -0 -0)
(-2829.70546060448 -0 -0)
(-2734.28882683955 -0 -0)
(-2639.03557444592 -0 -0)
(-2543.9880026295 -0 -0)
(-2449.21944322874 -0 -0)
(-2354.69454039215 -0 -0)
(-2259.84199746634 -0 -0)
(-2165.70628961796 -0 -0)
(-2072.74393539148 -0 -0)
(-1979.68238083018 -0 -0)
(-1886.70996868026 -0 -0)
(-1793.87351846619 -0 -0)
(-1701.2199274678 -0 -0)
(-1608.7465492478 -0 -0)
(-1516.42234880009 -0 -0)
(-1424.19084352324 -0 -0)
(-1332.03228112562 -0 -0)
(-1239.91789849777 -0 -0)
(-1147.87171876969 -0 -0)
(-1055.89349448754 -0 -0)
(-964.004933135477 -0 -0)
(-872.106182251534 -0 -0)
(-780.066791062235 -0 -0)
(-688.552710738396 -0 -0)
(-596.480891263716 -0 -0)
(-504.536595038693 -0 -0)
(-412.604831120194 -0 -0)
(-320.610779664838 -0 -0)
(-228.56809515049 -0 -0)
(-136.443637760289 -0 -0)
(-44.2304500706774 -0 -0)
(48.1041303710822 -0 -0)
(140.552392226174 -0 -0)
(233.125782280871 -0 -0)
(325.838537034709 -0 -0)
(418.718392171556 -0 -0)
(511.74112120062 -0 -0)
(604.949916090406 -0 -0)
(698.148038673277 -0 -0)
(792.444551150989 -0 -0)
(887.437960431497 -0 -0)
(982.078840194935 -0 -0)
(1076.88653556379 -0 -0)
(1171.96029483018 -0 -0)
(1267.31782877366 -0 -0)
(1362.96915065698 -0 -0)
(1458.91935997768 -0 -0)
(1555.18535625066 -0 -0)
(1651.76919051743 -0 -0)
(1748.6984507034 -0 -0)
(1845.95898670176 -0 -0)
(1943.58697248042 -0 -0)
(2041.57367713607 -0 -0)
(2139.94403571721 -0 -0)
(2238.69802494606 -0 -0)
(2337.85942248593 -0 -0)
(2437.42675159022 -0 -0)
(2537.42538954475 -0 -0)
(2637.85685564788 -0 -0)
(2738.74249336053 -0 -0)
(2840.08753285612 -0 -0)
(2941.91151959688 -0 -0)
(3044.22084797611 -0 -0)
(3147.03417559765 -0 -0)
(3250.36092731564 -0 -0)
(3354.21780069523 -0 -0)
(3458.6172175835 -0 -0)
(3563.57485435256 -0 -0)
(3669.10534474906 -0 -0)
(3775.2231452646 -0 -0)
(3881.94433718171 -0 -0)
(3989.28332535507 -0 -0)
(4097.25789242577 -0 -0)
(4205.88199007598 -0 -0)
(4315.17503519467 -0 -0)
(4425.15012820903 -0 -0)
(4535.82855523387 -0 -0)
(4647.22413754402 -0 -0)
(4759.35933565363 -0 -0)
(4872.24768121492 -0 -0)
(4985.91318953874 -0 -0)
(5100.37020310988 -0 -0)
(5215.64356178132 -0 -0)
(5331.74831077058 -0 -0)
(5448.71027615723 -0 -0)
(5566.5457799357 -0 -0)
(5685.281727986 -0 -0)
(5804.93543904469 -0 -0)
(5925.53496564146 -0 -0)
(6047.09879940847 -0 -0)
(6169.65587185 -0 -0)
(6293.22633883944 -0 -0)
(6417.84034381981 -0 -0)
(6543.51996563878 -0 -0)
(6670.29628334518 -0 -0)
(6798.19297945622 -0 -0)
(6927.24215652185 -0 -0)
(7057.46925210018 -0 -0)
(7188.9075574738 -0 -0)
(7321.58450393188 -0 -0)
(7455.53527690205 -0 -0)
(7590.78992813314 -0 -0)
(7727.38547716136 -0 -0)
(7865.35437668016 -0 -0)
(8004.73559236662 -0 -0)
(8145.5642162968 -0 -0)
(8287.88101338433 -0 -0)
(8431.72357000854 -0 -0)
(8577.13501093373 -0 -0)
(8724.15615370957 -0 -0)
(8872.83250149026 -0 -0)
(9023.20792108283 -0 -0)
(9175.33082065045 -0 -0)
(9329.24874154792 -0 -0)
(9485.01326592974 -0 -0)
(9642.6755399097 -0 -0)
(9802.29050721845 -0 -0)
(9963.91354129544 -0 -0)
(10127.6035099845 -0 -0)
(10293.4209725134 -0 -0)
(10461.4293813934 -0 -0)
(10631.6938333784 -0 -0)
(10804.2822167597 -0 -0)
(10979.2654415005 -0 -0)
(11156.7166804911 -0 -0)
(11336.7127231964 -0 -0)
(11519.3324670997 -0 -0)
(11704.6596154825 -0 -0)
(11892.7800808618 -0 -0)
(12083.7852783697 -0 -0)
(12277.768644582 -0 -0)
(12474.8298726532 -0 -0)
(12675.0709307035 -0 -0)
(12878.6009479141 -0 -0)
(13085.53142718 -0 -0)
(13295.9821077473 -0 -0)
(13510.0753031002 -0 -0)
(13727.9426357201 -0 -0)
(13949.7187125688 -0 -0)
(14175.548724148 -0 -0)
(14405.581421878 -0 -0)
(14639.9773572736 -0 -0)
(14878.9012364343 -0 -0)
(15122.5309458666 -0 -0)
(15371.0496076407 -0 -0)
(15624.6552689562 -0 -0)
(15883.5522487507 -0 -0)
(16147.9619586733 -0 -0)
(16418.1134319998 -0 -0)
(16694.2555130581 -0 -0)
(16976.645927817 -0 -0)
(17265.5654888102 -0 -0)
(17561.3053850801 -0 -0)
(17864.1843199929 -0 -0)
(18174.5338530274 -0 -0)
(18492.718120615 -0 -0)
(18819.1185660373 -0 -0)
(19154.160838664 -0 -0)
(19498.35713048 -0 -0)
(19853.309046703 -0 -0)
(20220.6731792747 -0 -0)
(20600.6158051133 -0 -0)
(20993.1836641907 -0 -0)
(21399.1631767291 -0 -0)
(21819.5540266309 -0 -0)
(22255.2944637001 -0 -0)
(22707.4292514059 -0 -0)
(23177.2566252107 -0 -0)
(23666.2972987059 -0 -0)
(24176.3042500898 -0 -0)
(24709.3401113452 -0 -0)
(25267.9614866349 -0 -0)
(25855.7924636434 -0 -0)
(26477.3127939555 -0 -0)
(27135.3921055523 -0 -0)
(27831.7438220996 -0 -0)
(28570.0369644038 -0 -0)
(29356.3963189183 -0 -0)
(30198.307062145 -0 -0)
(31104.0861996564 -0 -0)
(32083.3521751856 -0 -0)
(33147.8628656535 -0 -0)
(34312.4441393255 -0 -0)
(35591.472863778 -0 -0)
(36996.6956857758 -0 -0)
(38544.2795529211 -0 -0)
(40260.7053804626 -0 -0)
(42182.4132126481 -0 -0)
(44353.5108745095 -0 -0)
(46825.2208995374 -0 -0)
(49654.1029081489 -0 -0)
(52888.4603450964 -0 -0)
(56578.2691038146 -0 -0)
(60803.2937549948 -0 -0)
(65679.5182403522 -0 -0)
(71335.6775488369 -0 -0)
(77900.8532823954 -0 -0)
(85523.8701865637 -0 -0)
(94363.4011953227 -0 -0)
(104584.543018013 -0 -0)
(116378.741724533 -0 -0)
(129949.428177931 -0 -0)
(145506.849546031 -0 -0)
(163257.03272728 -0 -0)
(183387.371262459 -0 -0)
(206060.398071525 -0 -0)
(231394.632614092 -0 -0)
(259457.047575735 -0 -0)
(290245.405536008 -0 -0)
(323683.761167349 -0 -0)
(359617.192895791 -0 -0)
(397808.226563841 -0 -0)
(437954.892567562 -0 -0)
(479699.441984744 -0 -0)
(522648.95147746 -0 -0)
(566405.27806799 -0 -0)
(610581.747188337 -0 -0)
(654818.973073178 -0 -0)
(698807.351628782 -0 -0)
(742296.17827566 -0 -0)
(785089.658160304 -0 -0)
(827044.584625475 -0 -0)
(868066.592393132 -0 -0)
(908105.915779109 -0 -0)
(947148.309310649 -0 -0)
(985202.610164925 -0 -0)
(1022292.6516492 -0 -0)
(1058452.38401173 -0 -0)
(1093722.58186154 -0 -0)
(1128148.41100856 -0 -0)
(1161778.01728764 -0 -0)
(1194660.56434613 -0 -0)
(1226842.81870777 -0 -0)
(1258367.46602636 -0 -0)
(1289274.09970242 -0 -0)
(1319598.88026529 -0 -0)
(1349374.02579569 -0 -0)
(1378629.25373964 -0 -0)
(1407393.2382923 -0 -0)
(1435693.59411155 -0 -0)
(1463556.62232055 -0 -0)
(1491007.23943724 -0 -0)
(1518068.91925307 -0 -0)
(1544763.36991323 -0 -0)
(1571110.08385211 -0 -0)
(1597126.10562281 -0 -0)
(1622826.27330244 -0 -0)
(1648223.73734201 -0 -0)
(1673330.73339587 -0 -0)
(1698158.94144095 -0 -0)
(1722719.4007501 -0 -0)
(1747022.14754784 -0 -0)
(1771076.56034107 -0 -0)
(1794891.96641795 -0 -0)
(1818477.38881987 -0 -0)
(1841840.88988362 -0 -0)
(1864989.82578694 -0 -0)
(1887931.4521517 -0 -0)
(1910672.4819611 -0 -0)
(1933218.71726299 -0 -0)
(1955575.74175225 -0 -0)
(1977749.15217103 -0 -0)
(1999744.02568171 -0 -0)
(2021564.80979148 -0 -0)
(2043215.71036378 -0 -0)
(2064700.67390056 -0 -0)
(2086023.00333581 -0 -0)
(2107185.45969096 -0 -0)
(2128191.11513373 -0 -0)
(2149043.09681082 -0 -0)
(2169743.55518309 -0 -0)
(2190299.38441551 -0 -0)
(2210680.96490314 -0 -0)
)
;

boundaryField
{
    electrode
    {
        type            calculated;
        value           uniform (-395004.146802307 -0 -0);
    }
    ground
    {
        type            calculated;
        value           uniform (2220819.71592895 -0 -0);
    }
    otherfaces
    {
        type            empty;
    }
}


// ************************************************************************* //
