/*--------------------------------*- C++ -*----------------------------------*\
| =========                 |                                                 |
| \\      /  F ield         | foam-extend: Open Source CFD                    |
|  \\    /   O peration     | Version:     4.1                                |
|   \\  /    A nd           | Web:         http://www.foam-extend.org         |
|    \\/     M anipulation  |                                                 |
\*---------------------------------------------------------------------------*/
FoamFile
{
    version     2.0;
    format      ascii;
    class       volScalarField;
    location    "1.50199999961044e-05";
    object      EPotentialMean;
}
// * * * * * * * * * * * * * * * * * * * * * * * * * * * * * * * * * * * * * //

dimensions      [1 2 -3 0 0 -1 0];

internalField   nonuniform List<scalar> 
500
(
1.27340804124446
3.78165816122144
6.25127366826597
8.68196966798846
11.0737431334496
13.4263728769922
15.7398671580319
18.0140700323956
20.2490053284214
22.4445803343555
24.6008439321825
26.7177600251798
28.7954064591267
30.833797343016
32.8330389509161
34.7931860726538
36.7143705693274
38.5966821122207
40.4402744161846
42.245263413068
44.011820115492
45.7400811776123
47.4302299012967
49.0824169113477
50.6968343998489
52.2736432639054
53.8130407664987
55.3151934919699
56.7803014164874
58.2085346894537
59.6000933623517
60.9551464193865
62.2738879139166
63.5564783679902
64.803101381495
66.013909196036
67.1890775964759
68.328753861547
69.4331099329644
70.502292157954
71.5364726507139
72.535800917528
73.5004536525885
74.4305877115296
75.326386114175
76.1880121832723
77.0156597600305
77.8095141212828
78.5698019321699
79.2967559983261
79.9906656491329
80.6518431388838
81.2806673354488
81.8775584721585
82.4430329601507
82.977680178393
83.4822087446888
83.9574073858183
84.4041922390336
84.823578324676
85.2167009958879
85.584763034211
85.9290652371928
86.2509499054194
86.5517984697078
86.8329972641528
87.0959253463839
87.3419222088517
87.5722965612844
87.7882785384846
87.9910512174164
88.1816948086046
88.3612307423832
88.5305715702541
88.6905652011222
88.8419720211328
88.9854942940468
89.1217899660791
89.2514633397524
89.3750554946784
89.4930684375591
89.6059138006252
89.7139451518226
89.8174842533792
89.9168709445472
90.0124248226278
90.1044352150841
90.1931478804432
90.2787829572673
90.3615239749157
90.4415440502198
90.519003409822
90.5940680228478
90.6668825444954
90.7375840974615
90.8062904911635
90.8731161275741
90.938158992359
91.0015144627958
91.0632626879902
91.123484788118
91.1822530526879
91.2396428036827
91.2957157305067
91.3505334362751
91.4041467057255
91.4566084051611
91.5079620080038
91.5582537145442
91.6075211410621
91.6558051740368
91.7031389146663
91.7495587028227
91.795093328085
91.8397761070275
91.8836346664482
91.9266988585684
91.9689902544788
92.0105337769328
92.0513481494924
92.0914559448341
92.1308738926352
92.1696225945586
92.2077171002255
92.2451763038001
92.2820137604203
92.3182467652024
92.3538874475912
92.3889516219239
92.4234501868013
92.4573976906754
92.4908039869024
92.523682525975
92.5560422676374
92.5878957017782
92.6192510067946
92.6501197974534
92.6805095335548
92.7104310210803
92.7398910761794
92.7688997755763
92.7974633649602
92.8255912615098
92.8532892036298
92.8805660089983
92.9074269633576
92.9338803378988
92.9599310123018
92.9855867549497
93.0108520780334
93.0357342853411
93.0602375579568
93.0843687733338
93.1081318168676
93.1315331726228
93.1545764601038
93.177267798931
93.1996105675112
93.2216105465987
93.2432708967424
93.2645970814973
93.2855920637644
93.3062610114525
93.3266067073848
93.3466340407565
93.3663456320559
93.3857461084403
93.4048379406713
93.4236255051374
93.4421111334457
93.4602989664634
93.4781912142745
93.4957917987717
93.5131028203146
93.5301279909471
93.5468693117854
93.5633302957175
93.5795128539794
93.5954203075385
93.6110544870127
93.6264185291131
93.6415141921494
93.6563444348602
93.6709109523379
93.6852165303317
93.6992628093525
93.7130524054514
93.7265869131838
93.7398687817628
93.7528995693742
93.76568155945
93.7782162840593
93.7905058601915
93.8025518037636
93.8143560635624
93.8259201512949
93.8372458443093
93.8483346617537
93.8591882053926
93.8698080151371
93.8801955103844
93.8903522650745
93.9002795095325
93.9099788659667
93.9194513675744
93.9286986994983
93.9377216891557
93.9465221000414
93.9551005440063
93.963458877586
93.9715974870807
93.9795183364157
93.9872215787905
93.9947092991417
94.0019814062802
94.0090401214783
94.0158850993856
94.0225187105123
94.0289403475733
94.0351525396095
94.0411544124928
94.0469486641801
94.0525341442381
94.057913729286
94.0630859868364
94.0680539818575
94.0728159925009
94.0773752763667
94.0817298241902
94.0858831001784
94.0898328085809
94.0935826097812
94.0971299090384
94.1004784893438
94.1036246267406
94.1065714040192
94.1093210906487
94.1118719191534
94.1142270790476
94.1163839158919
94.1183457112569
94.1201097957774
94.1216794081518
94.1230518128906
94.1242301932585
94.1252117510784
94.1259996169966
94.1265909394498
94.1269888228453
94.127190130728
94.1271973099049
94.127010352137
94.1266268654431
94.1260498676318
94.1252763935182
94.1243091586434
94.1231451645651
94.1217870790803
94.1202318457248
94.1184820751204
94.116534649788
94.1143921201453
94.1120513192626
94.1095147858177
94.1067794445224
94.1038469830022
94.1007151953535
94.0973809274354
94.0938479527419
94.0901124516318
94.0861770538152
94.082038065721
94.0776978139419
94.0731528045628
94.0684050717819
94.0634513336078
94.0582933342994
94.0529279866227
94.0473567431397
94.0415767081106
94.0355890487464
94.0293910507778
94.0229836023156
94.0163641625043
94.0095333471209
94.0024887781757
93.9952308068312
93.9877572047764
93.9800680698546
93.9721613095827
93.9640367767032
93.9556925020834
93.9471281029762
93.938341717809
93.9293327387058
93.920099398446
93.9106408726811
93.9009554728924
93.8910421681114
93.8808993335152
93.8705257397068
93.8599198113913
93.8490801305343
93.8380051555361
93.8266932864378
93.8151430023968
93.8033525274038
93.7913203484584
93.7790445180151
93.7665235186619
93.7537552344921
93.7407381326101
93.7274699309614
93.7139490698462
93.700173101609
93.6861404304734
93.6718484417539
93.6572954940769
93.642478803634
93.6273966740428
93.6120461488229
93.5964254682197
93.5805314979848
93.5643624063487
93.5479148747856
93.5311869902869
93.5141752432886
93.4968776314551
93.4792904459165
93.4614115843126
93.4432371284453
93.424764867411
93.4059906638273
93.3869121852052
93.3675250613029
93.3478268226522
93.3278128465704
93.3074805109802
93.2868249312414
93.2658433232821
93.2445305245709
93.2228835712965
93.2008970048019
93.1785676642595
93.1558897752448
93.1328599584373
93.1094721006045
93.0857225825518
93.0616049269131
93.0371152478823
93.0122466759387
92.9869950306088
92.9613530171031
92.9353161241319
92.9088765926221
92.8820295441867
92.8547667174542
92.8270828278824
92.7989690684391
92.7704197029189
92.7414253261437
92.711979695209
92.6820727466495
92.6516976678681
92.6208436671123
92.5895032891005
92.557664933759
92.5253204229496
92.4924572760847
92.4590665322647
92.4251347544032
92.3906520937086
92.3556040213147
92.3199796481386
92.2837631840961
92.2469425135728
92.2095003673074
92.1714231992449
92.1326921329137
92.0932921198416
92.0532025733201
92.0124067665325
91.9708821471979
91.9286100008662
91.8855654326827
91.8417268915824
91.7970645598014
91.751550813139
91.7051523538688
91.6578404026038
91.6095786504234
91.5603340123705
91.5100656326537
91.4587359046369
91.406298655056
91.3527104200622
91.2979183656865
91.2418717289555
91.1845089453365
91.1257683459997
91.0655746356991
91.0038555262691
90.940529934123
90.8755177375977
90.8087236026313
90.7400495546989
90.6693812258402
90.596600824333
90.5215712758378
90.4441479481301
90.3641648830192
90.281461821681
90.1958656788468
90.1071929588404
90.0152235956474
89.9197118699637
89.8203685222591
89.7168739807816
89.6088883332097
89.4960897506934
89.3781247333356
89.2545817858025
89.1249589730419
88.9887152174939
88.8452462990824
88.6938942397811
88.5339567884695
88.3646736328816
88.1851968852215
87.9946140319548
87.7919036449399
87.5759854817321
87.345676455621
87.0997463122773
86.8368862711325
86.5557566144642
86.2549780904274
85.9331640226626
85.588932631354
85.2209412160402
84.8278885240799
84.4085712838891
83.961853674383
83.4867201659582
82.9822541514103
82.4476664617493
81.8822480887628
81.2854092752065
80.6566333089849
79.9954996785609
79.3016293136009
78.5747097571119
77.8144515229497
77.0206216600738
76.1929933955421
75.3313813437631
74.435591584344
73.5054607090598
72.5408056321061
71.5414694178554
70.507275310655
69.4380737343489
68.3336925188286
67.1939852532709
66.0187799460829
64.8079292575819
63.5612573608285
62.278611955328
60.9598093991705
59.6046891126395
58.2130570037608
56.7847440313407
55.3195501125097
53.8173050502313
52.2778088461451
50.7008948745859
49.086365858035
47.4340608654511
45.7437877019555
44.0153957209229
42.248701628253
40.4435687575968
38.5998261206188
36.7173577872507
34.7960100822461
32.835693349551
30.836275789588
28.7977026429808
26.7198677131428
24.6027569362886
22.4462925676453
20.250510760599
18.015362749188
15.7409413117037
13.427222752089
11.0743630799073
8.68235417084067
6.25141727884006
3.78155558055222
1.27305400361821
)
;

boundaryField
{
    electrode
    {
        type            calculated;
        value           uniform 1.00000000025958e-10;
    }
    ground
    {
        type            calculated;
        value           uniform -0.000482289978283517;
    }
    otherfaces
    {
        type            empty;
    }
}


// ************************************************************************* //
