/*--------------------------------*- C++ -*----------------------------------*\
| =========                 |                                                 |
| \\      /  F ield         | foam-extend: Open Source CFD                    |
|  \\    /   O peration     | Version:     4.1                                |
|   \\  /    A nd           | Web:         http://www.foam-extend.org         |
|    \\/     M anipulation  |                                                 |
\*---------------------------------------------------------------------------*/
FoamFile
{
    version     2.0;
    format      ascii;
    class       volVectorField;
    location    "1.50199999961044e-05";
    object      Flux_Ar2p;
}
// * * * * * * * * * * * * * * * * * * * * * * * * * * * * * * * * * * * * * //

dimensions      [0 -2 -1 0 0 0 0];

internalField   nonuniform List<vector> 
500
(
(-7.94977017038787e+18 0 0)
(-7.93940063720273e+18 0 0)
(-7.94009806534661e+18 0 0)
(-7.93062182523958e+18 0 0)
(-7.93167518122287e+18 0 0)
(-7.92344022974692e+18 0 0)
(-7.92421196700342e+18 0 0)
(-7.9153066030936e+18 0 0)
(-7.91628687686588e+18 0 0)
(-7.90767611656669e+18 0 0)
(-7.90789395973038e+18 0 0)
(-7.89852557502621e+18 0 0)
(-7.89909916943598e+18 0 0)
(-7.89053113824803e+18 0 0)
(-7.89066959162683e+18 0 0)
(-7.8817625804833e+18 0 0)
(-7.88245313501042e+18 0 0)
(-7.8739969384878e+18 0 0)
(-7.87392044549992e+18 0 0)
(-7.86518845635262e+18 0 0)
(-7.86536891630567e+18 0 0)
(-7.85673494979678e+18 0 0)
(-7.85627216065033e+18 0 0)
(-7.84763809083416e+18 0 0)
(-7.84750029826602e+18 0 0)
(-7.83918288048472e+18 0 0)
(-7.8387656514437e+18 0 0)
(-7.83030734536591e+18 0 0)
(-7.82957646983997e+18 0 0)
(-7.82090196469593e+18 0 0)
(-7.81967209726597e+18 0 0)
(-7.81104465158193e+18 0 0)
(-7.80964638064269e+18 0 0)
(-7.80069105640269e+18 0 0)
(-7.79839491497782e+18 0 0)
(-7.78870373115892e+18 0 0)
(-7.78558404294808e+18 0 0)
(-7.77579288668944e+18 0 0)
(-7.77287118909709e+18 0 0)
(-7.76387326704924e+18 0 0)
(-7.76117142504372e+18 0 0)
(-7.75178831633522e+18 0 0)
(-7.74765059139757e+18 0 0)
(-7.73712608382891e+18 0 0)
(-7.73188188957036e+18 0 0)
(-7.72083058185884e+18 0 0)
(-7.71557885740202e+18 0 0)
(-7.70564556529925e+18 0 0)
(-7.70079641139716e+18 0 0)
(-7.68987822793842e+18 0 0)
(-7.68257407106024e+18 0 0)
(-7.67068523453821e+18 0 0)
(-7.66399537213323e+18 0 0)
(-7.65320303004423e+18 0 0)
(-7.64609388820161e+18 0 0)
(-7.63390062414486e+18 0 0)
(-7.62600740399849e+18 0 0)
(-7.61484277136441e+18 0 0)
(-7.60676792229102e+18 0 0)
(-7.59468815622626e+18 0 0)
(-7.58621383312847e+18 0 0)
(-7.57405631806322e+18 0 0)
(-7.56455150900811e+18 0 0)
(-7.551959990353e+18 0 0)
(-7.54156024730147e+18 0 0)
(-7.52792526010072e+18 0 0)
(-7.51650447563886e+18 0 0)
(-7.50185180343803e+18 0 0)
(-7.48928601293412e+18 0 0)
(-7.47351346908714e+18 0 0)
(-7.45969774176195e+18 0 0)
(-7.44275684191568e+18 0 0)
(-7.42742203005311e+18 0 0)
(-7.40913782597617e+18 0 0)
(-7.39219359005763e+18 0 0)
(-7.37264707127802e+18 0 0)
(-7.35449317856739e+18 0 0)
(-7.33389677363751e+18 0 0)
(-7.31483019697925e+18 0 0)
(-7.29327422130631e+18 0 0)
(-7.27291312508119e+18 0 0)
(-7.2502598784484e+18 0 0)
(-7.22880922035113e+18 0 0)
(-7.20507921601124e+18 0 0)
(-7.1825802383843e+18 0 0)
(-7.15809433611415e+18 0 0)
(-7.13479475419566e+18 0 0)
(-7.1095452014285e+18 0 0)
(-7.08535753570063e+18 0 0)
(-7.0592333315536e+18 0 0)
(-7.034099490443e+18 0 0)
(-7.00708256895381e+18 0 0)
(-6.98109657574136e+18 0 0)
(-6.95335743565617e+18 0 0)
(-6.92661126467534e+18 0 0)
(-6.89816555747433e+18 0 0)
(-6.87067550484758e+18 0 0)
(-6.84154025563126e+18 0 0)
(-6.81333038909981e+18 0 0)
(-6.78352828831434e+18 0 0)
(-6.75461802676145e+18 0 0)
(-6.72414793906611e+18 0 0)
(-6.69452446651514e+18 0 0)
(-6.66338785432983e+18 0 0)
(-6.63307599766876e+18 0 0)
(-6.60129685927058e+18 0 0)
(-6.57031643015321e+18 0 0)
(-6.53791078106784e+18 0 0)
(-6.50627779717905e+18 0 0)
(-6.47325889757981e+18 0 0)
(-6.44099544182861e+18 0 0)
(-6.40739441385523e+18 0 0)
(-6.37452810553639e+18 0 0)
(-6.34036079444748e+18 0 0)
(-6.30690937007246e+18 0 0)
(-6.27219558485244e+18 0 0)
(-6.23815990706089e+18 0 0)
(-6.20287966879236e+18 0 0)
(-6.16825630817579e+18 0 0)
(-6.13242089739194e+18 0 0)
(-6.09722166150926e+18 0 0)
(-6.06084150719359e+18 0 0)
(-6.02507760192521e+18 0 0)
(-5.98816311031205e+18 0 0)
(-5.95184591954646e+18 0 0)
(-5.91440780456243e+18 0 0)
(-5.87754863699648e+18 0 0)
(-5.83959718692858e+18 0 0)
(-5.80220667309497e+18 0 0)
(-5.76375167058412e+18 0 0)
(-5.72584029928507e+18 0 0)
(-5.68689179255703e+18 0 0)
(-5.64847035366203e+18 0 0)
(-5.60903846888268e+18 0 0)
(-5.57011740732945e+18 0 0)
(-5.53021173669352e+18 0 0)
(-5.49080104345204e+18 0 0)
(-5.45043111283172e+18 0 0)
(-5.41054101777476e+18 0 0)
(-5.36971668287874e+18 0 0)
(-5.32935745805929e+18 0 0)
(-5.28808826454978e+18 0 0)
(-5.24726964296203e+18 0 0)
(-5.20556474743289e+18 0 0)
(-5.16429640660269e+18 0 0)
(-5.12216527198942e+18 0 0)
(-5.08045722931546e+18 0 0)
(-5.03790940968428e+18 0 0)
(-4.99577135210493e+18 0 0)
(-4.9528158688035e+18 0 0)
(-4.91025706104105e+18 0 0)
(-4.86690291506478e+18 0 0)
(-4.82393293508387e+18 0 0)
(-4.78018951635318e+18 0 0)
(-4.73681802699012e+18 0 0)
(-4.69269439700549e+18 0 0)
(-4.64893049954105e+18 0 0)
(-4.60443536683347e+18 0 0)
(-4.56028819466417e+18 0 0)
(-4.51543061167473e+18 0 0)
(-4.47090967627539e+18 0 0)
(-4.42569880413077e+18 0 0)
(-4.38081327786864e+18 0 0)
(-4.33525771149391e+18 0 0)
(-4.29001631959604e+18 0 0)
(-4.24412463228695e+18 0 0)
(-4.19853645573305e+18 0 0)
(-4.15231765997343e+18 0 0)
(-4.10639191713531e+18 0 0)
(-4.05985473213665e+18 0 0)
(-4.0136000880911e+18 0 0)
(-3.96675281140714e+18 0 0)
(-3.92017789236395e+18 0 0)
(-3.87302916624986e+18 0 0)
(-3.82614301521508e+18 0 0)
(-3.77870163163953e+18 0 0)
(-3.73151301475311e+18 0 0)
(-3.68378725443847e+18 0 0)
(-3.63630452669786e+18 0 0)
(-3.58830262864658e+18 0 0)
(-3.54053444653949e+18 0 0)
(-3.49226503982431e+18 0 0)
(-3.44422020168357e+18 0 0)
(-3.39569168845592e+18 0 0)
(-3.34737853758706e+18 0 0)
(-3.29859895766715e+18 0 0)
(-3.25002578501037e+18 0 0)
(-3.20100343260707e+18 0 0)
(-3.15217884801814e+18 0 0)
(-3.10292214058952e+18 0 0)
(-3.05385456535291e+18 0 0)
(-3.00437155285135e+18 0 0)
(-2.95506910213371e+18 0 0)
(-2.90536778430542e+18 0 0)
(-2.85583876535463e+18 0 0)
(-2.80592739199912e+18 0 0)
(-2.75618019728588e+18 0 0)
(-2.70606689701892e+18 0 0)
(-2.65610963682951e+18 0 0)
(-2.6058022776271e+18 0 0)
(-2.55564311573274e+18 0 0)
(-2.5051498028711e+18 0 0)
(-2.4547969395277e+18 0 0)
(-2.40412565086251e+18 0 0)
(-2.353587128958e+18 0 0)
(-2.30274567393199e+18 0 0)
(-2.25202939021465e+18 0 0)
(-2.20102553262243e+18 0 0)
(-2.15013946275065e+18 0 0)
(-2.09898108264478e+18 0 0)
(-2.04793325846475e+18 0 0)
(-1.99662816716721e+18 0 0)
(-1.94542645110004e+18 0 0)
(-1.89398233819327e+18 0 0)
(-1.84263461467038e+18 0 0)
(-1.79105920827373e+18 0 0)
(-1.73957339507744e+18 0 0)
(-1.68787453221685e+18 0 0)
(-1.63625841116427e+18 0 0)
(-1.58444369255795e+18 0 0)
(-1.53270512931776e+18 0 0)
(-1.48078209785762e+18 0 0)
(-1.42892883580884e+18 0 0)
(-1.37690543243193e+18 0 0)
(-1.3249447930297e+18 0 0)
(-1.27282869090124e+18 0 0)
(-1.22076928037726e+18 0 0)
(-1.16856667817912e+18 0 0)
(-1.11641640430847e+18 0 0)
(-1.06413566775668e+18 0 0)
(-1.01190236741794e+18 0 0)
(-9.59549829531258e+17 0 0)
(-9.072405506296e+17 0 0)
(-8.54834661475998e+17 0 0)
(-8.02458546714522e+17 0 0)
(-7.49982757642878e+17 0 0)
(-6.97540924723864e+17 0 0)
(-6.45018653163484e+17 0 0)
(-5.92524634221489e+17 0 0)
(-5.3996308550718e+17 0 0)
(-4.87422852412274e+17 0 0)
(-4.34829999363119e+17 0 0)
(-3.82251895060066e+17 0 0)
(-3.29634507478939e+17 0 0)
(-2.77026515097707e+17 0 0)
(-2.24392298053658e+17 0 0)
(-1.71755211857318e+17 0 0)
(-1.19124634668729e+17 0 0)
(-6.64570999233678e+16 0 0)
(-1.38435890424771e+16 0 0)
(3.88381291237277e+16 0 0)
(9.14496006959389e+16 0 0)
(1.44114630201052e+17 0 0)
(1.96742029786817e+17 0 0)
(2.49372322208188e+17 0 0)
(3.02000335016276e+17 0 0)
(3.54598949458737e+17 0 0)
(4.07207266021265e+17 0 0)
(4.59769606479882e+17 0 0)
(5.12350101033957e+17 0 0)
(5.64876284253577e+17 0 0)
(6.17423333766753e+17 0 0)
(6.69903710462665e+17 0 0)
(7.22408152068668e+17 0 0)
(7.74836017951433e+17 0 0)
(8.27283270824215e+17 0 0)
(8.79666702896657e+17 0 0)
(9.32093114980703e+17 0 0)
(9.84399397502925e+17 0 0)
(1.03675033757845e+18 0 0)
(1.08898082703734e+18 0 0)
(1.14126120292179e+18 0 0)
(1.19340983284932e+18 0 0)
(1.24561291672674e+18 0 0)
(1.29767172266428e+18 0 0)
(1.34978992221467e+18 0 0)
(1.40175078287141e+18 0 0)
(1.45377738262487e+18 0 0)
(1.50563214882069e+18 0 0)
(1.55755942551611e+18 0 0)
(1.60930075403862e+18 0 0)
(1.6611208147179e+18 0 0)
(1.71274088311675e+18 0 0)
(1.76444628377166e+18 0 0)
(1.81593713897626e+18 0 0)
(1.86752019004855e+18 0 0)
(1.91887407615085e+18 0 0)
(1.97032703863089e+18 0 0)
(2.02153609827219e+18 0 0)
(2.07285127718441e+18 0 0)
(2.12390761201337e+18 0 0)
(2.17507725048291e+18 0 0)
(2.22597296003819e+18 0 0)
(2.27698926851186e+18 0 0)
(2.3277164082814e+18 0 0)
(2.37857159996162e+18 0 0)
(2.42912222584047e+18 0 0)
(2.47980848803013e+18 0 0)
(2.53017460220121e+18 0 0)
(2.580684060575e+18 0 0)
(2.63085765282045e+18 0 0)
(2.68118245360198e+18 0 0)
(2.73115545375441e+18 0 0)
(2.7812875337501e+18 0 0)
(2.83105169463125e+18 0 0)
(2.88098303984358e+18 0 0)
(2.93053016079701e+18 0 0)
(2.98025269547033e+18 0 0)
(3.02957455546912e+18 0 0)
(3.07908020266525e+18 0 0)
(3.12816854349653e+18 0 0)
(3.17744919176109e+18 0 0)
(3.22629571414535e+18 0 0)
(3.27534320935582e+18 0 0)
(3.32393957068493e+18 0 0)
(3.37274572014668e+18 0 0)
(3.4210835309312e+18 0 0)
(3.46964010069225e+18 0 0)
(3.51771092528954e+18 0 0)
(3.56600963912485e+18 0 0)
(3.6138049949179e+18 0 0)
(3.66183753279537e+18 0 0)
(3.70934888789938e+18 0 0)
(3.75710688597273e+18 0 0)
(3.80432565762705e+18 0 0)
(3.85180070769853e+18 0 0)
(3.89871826106253e+18 0 0)
(3.94590190863044e+18 0 0)
(3.9925095536507e+18 0 0)
(4.03939329460637e+18 0 0)
(4.08568228592975e+18 0 0)
(4.13225757001586e+18 0 0)
(4.17821910671136e+18 0 0)
(4.2244773332131e+18 0 0)
(4.27010255262648e+18 0 0)
(4.31603506821074e+18 0 0)
(4.36131504568832e+18 0 0)
(4.4069131456536e+18 0 0)
(4.45183889390133e+18 0 0)
(4.49709381876739e+18 0 0)
(4.54165628669524e+18 0 0)
(4.58655921828553e+18 0 0)
(4.63074928450865e+18 0 0)
(4.67529135370386e+18 0 0)
(4.71909982226258e+18 0 0)
(4.76327209124566e+18 0 0)
(4.80668965982001e+18 0 0)
(4.85048310071957e+18 0 0)
(4.89350043637445e+18 0 0)
(4.93690601268604e+18 0 0)
(4.97951370328736e+18 0 0)
(5.02252231361906e+18 0 0)
(5.06471087848117e+18 0 0)
(5.10731335960722e+18 0 0)
(5.14907323253632e+18 0 0)
(5.19126035061751e+18 0 0)
(5.23258187310771e+18 0 0)
(5.27434431904777e+18 0 0)
(5.3152177336313e+18 0 0)
(5.35654612311551e+18 0 0)
(5.39696157767622e+18 0 0)
(5.43784645058654e+18 0 0)
(5.47779399093531e+18 0 0)
(5.51822580734458e+18 0 0)
(5.55769536327653e+18 0 0)
(5.59766449319733e+18 0 0)
(5.63664588234945e+18 0 0)
(5.67614260752365e+18 0 0)
(5.71462552413861e+18 0 0)
(5.75364003023724e+18 0 0)
(5.79161403372227e+18 0 0)
(5.83013640142852e+18 0 0)
(5.86759090715623e+18 0 0)
(5.90561109938097e+18 0 0)
(5.94253537082985e+18 0 0)
(5.98004323428378e+18 0 0)
(6.01642637720208e+18 0 0)
(6.05341162196964e+18 0 0)
(6.08924256698607e+18 0 0)
(6.12569475579238e+18 0 0)
(6.16096224357235e+18 0 0)
(6.19687080502759e+18 0 0)
(6.23156335389967e+18 0 0)
(6.26691761789703e+18 0 0)
(6.30102360752834e+18 0 0)
(6.33581340956424e+18 0 0)
(6.36930809359635e+18 0 0)
(6.40349494450332e+18 0 0)
(6.43635574250595e+18 0 0)
(6.46993753165877e+18 0 0)
(6.50215907850353e+18 0 0)
(6.53512619329387e+18 0 0)
(6.5666950560828e+18 0 0)
(6.59903377117171e+18 0 0)
(6.62993452808943e+18 0 0)
(6.66163967895069e+18 0 0)
(6.6918767794122e+18 0 0)
(6.72295099140929e+18 0 0)
(6.75251966218332e+18 0 0)
(6.78296978068075e+18 0 0)
(6.81187680822634e+18 0 0)
(6.84166934465641e+18 0 0)
(6.86985038290638e+18 0 0)
(6.89895015719789e+18 0 0)
(6.92638857080324e+18 0 0)
(6.9547792624056e+18 0 0)
(6.98145821514482e+18 0 0)
(7.0091306964854e+18 0 0)
(7.035036070724e+18 0 0)
(7.06197345826753e+18 0 0)
(7.08715187289251e+18 0 0)
(7.11350029462643e+18 0 0)
(7.13804542228715e+18 0 0)
(7.16376098153353e+18 0 0)
(7.18750059697678e+18 0 0)
(7.21237727742586e+18 0 0)
(7.23517955321742e+18 0 0)
(7.2592600151633e+18 0 0)
(7.28165440495416e+18 0 0)
(7.30531659678421e+18 0 0)
(7.32670091211848e+18 0 0)
(7.34960210773567e+18 0 0)
(7.37068689744585e+18 0 0)
(7.3930969268696e+18 0 0)
(7.41313011292795e+18 0 0)
(7.43527944297555e+18 0 0)
(7.45480906246827e+18 0 0)
(7.47642674569322e+18 0 0)
(7.49577768272138e+18 0 0)
(7.51690253220658e+18 0 0)
(7.5359708664036e+18 0 0)
(7.5567468289461e+18 0 0)
(7.57524245164936e+18 0 0)
(7.59572866939744e+18 0 0)
(7.61332959930041e+18 0 0)
(7.63333513674127e+18 0 0)
(7.64972699319636e+18 0 0)
(7.66919165307265e+18 0 0)
(7.68415974968733e+18 0 0)
(7.70210861759718e+18 0 0)
(7.71606394072688e+18 0 0)
(7.73176557665157e+18 0 0)
(7.74389195757088e+18 0 0)
(7.75918869242095e+18 0 0)
(7.76864547778229e+18 0 0)
(7.78090419285403e+18 0 0)
(7.78989224752479e+18 0 0)
(7.80252307792005e+18 0 0)
(7.80930737699647e+18 0 0)
(7.81919559063206e+18 0 0)
(7.82377595655407e+18 0 0)
(7.83457501206647e+18 0 0)
(7.84049897507068e+18 0 0)
(7.85088859736109e+18 0 0)
(7.85476322145109e+18 0 0)
(7.86329630797868e+18 0 0)
(7.86592617470833e+18 0 0)
(7.87445066442358e+18 0 0)
(7.87772489644366e+18 0 0)
(7.88778512155965e+18 0 0)
(7.89155934162999e+18 0 0)
(7.90127069954018e+18 0 0)
(7.90382440119656e+18 0 0)
(7.91248264244073e+18 0 0)
(7.91406190295727e+18 0 0)
(7.92260413899534e+18 0 0)
(7.92428309681331e+18 0 0)
(7.93335998146764e+18 0 0)
(7.93518804696944e+18 0 0)
(7.94435366003033e+18 0 0)
(7.94612232411003e+18 0 0)
(7.95577884939725e+18 0 0)
(7.95760035498134e+18 0 0)
(7.96723284100553e+18 0 0)
(7.96869392558911e+18 0 0)
(7.97813048110948e+18 0 0)
(7.97920481584544e+18 0 0)
(7.98852567037925e+18 0 0)
(7.98918061189883e+18 0 0)
(7.99817282938829e+18 0 0)
(7.99851058157047e+18 0 0)
(8.00771344141362e+18 0 0)
(8.00803417120794e+18 0 0)
(8.01710716149494e+18 0 0)
(8.017158290148e+18 0 0)
(8.02634603474516e+18 0 0)
(8.02617426104132e+18 0 0)
(8.03503574034442e+18 0 0)
(8.0344431237068e+18 0 0)
(8.04353090862363e+18 0 0)
(8.0433629645127e+18 0 0)
(8.05275201172895e+18 0 0)
(8.05252008582687e+18 0 0)
(8.06214997751203e+18 0 0)
(8.06174970223737e+18 0 0)
(8.07131387179482e+18 0 0)
(8.07035145093876e+18 0 0)
(8.07979998116514e+18 0 0)
(8.0789363350952e+18 0 0)
(8.08640799724551e+18 0 0)
)
;

boundaryField
{
    electrode
    {
        type            calculated;
        value           uniform (-7.94977017038787e+18 0 0);
    }
    ground
    {
        type            calculated;
        value           uniform (8.08640799724551e+18 0 0);
    }
    otherfaces
    {
        type            empty;
    }
}


// ************************************************************************* //
