/*--------------------------------*- C++ -*----------------------------------*\
| =========                 |                                                 |
| \\      /  F ield         | foam-extend: Open Source CFD                    |
|  \\    /   O peration     | Version:     4.1                                |
|   \\  /    A nd           | Web:         http://www.foam-extend.org         |
|    \\/     M anipulation  |                                                 |
\*---------------------------------------------------------------------------*/
FoamFile
{
    version     2.0;
    format      ascii;
    class       volScalarField;
    location    "1.50009999935002e-05";
    object      Ar2p;
}
// * * * * * * * * * * * * * * * * * * * * * * * * * * * * * * * * * * * * * //

dimensions      [0 -3 0 0 0 0 0];

internalField   nonuniform List<scalar> 
500
(
4.21152613586715e+15
4.3879455154468e+15
4.52329635821066e+15
4.66690261108394e+15
4.84076822614081e+15
5.0133991777927e+15
5.22181042521236e+15
5.43257134385361e+15
5.68363532247183e+15
5.94056544183982e+15
6.24115562778742e+15
6.55018197344162e+15
6.9053203185559e+15
7.27130219325765e+15
7.68252778036535e+15
8.10367810926089e+15
8.56851960775386e+15
9.0373058419689e+15
9.54552582650131e+15
1.0050711863746e+16
1.05872689957951e+16
1.11133699417001e+16
1.16625889551736e+16
1.21936046910899e+16
1.27430434811429e+16
1.32662733204497e+16
1.38041255072614e+16
1.43143482029066e+16
1.48308777788763e+16
1.53225454263952e+16
1.58209080050354e+16
1.62876648946106e+16
1.67654865791885e+16
1.7216128254568e+16
1.76732285719018e+16
1.80981129832254e+16
1.8532161691558e+16
1.89412442224028e+16
1.93622326043967e+16
1.97569951675251e+16
2.01617482834481e+16
2.05392122547629e+16
2.09276953465344e+16
2.12913086648973e+16
2.16676826787303e+16
2.20195887572147e+16
2.23851080083175e+16
2.27268820439178e+16
2.30828838254213e+16
2.34151694190982e+16
2.37614740475143e+16
2.40843533549275e+16
2.44219668437393e+16
2.47365750517932e+16
2.50666447963429e+16
2.53740962628851e+16
2.56972299184714e+16
2.59979566143682e+16
2.6314651883507e+16
2.66091091878583e+16
2.69197604871121e+16
2.72083014373866e+16
2.751328475852e+16
2.77962898154033e+16
2.80958981678139e+16
2.83735990587761e+16
2.86680678949331e+16
2.89406944462165e+16
2.92302347915456e+16
2.94979856335052e+16
2.97827814674179e+16
3.00458275299815e+16
3.03260425298357e+16
3.05845408348165e+16
3.08603102855452e+16
3.11143889177949e+16
3.13858664729653e+16
3.16356528401175e+16
3.19029009223628e+16
3.21485910808332e+16
3.24118740786516e+16
3.2653524078133e+16
3.29128512614948e+16
3.31505447772018e+16
3.34059872145683e+16
3.36397886766546e+16
3.38914075149127e+16
3.41213762431409e+16
3.43692277661846e+16
3.45954184836027e+16
3.48395546178196e+16
3.50620179780273e+16
3.5302486782197e+16
3.55212698115649e+16
3.57581159024789e+16
3.59732624090317e+16
3.62065273343812e+16
3.64180782512767e+16
3.66478008094897e+16
3.68557945066802e+16
3.70820110335433e+16
3.72864835643902e+16
3.75092281841987e+16
3.77102135367204e+16
3.79295183703719e+16
3.81270486666987e+16
3.83429440337091e+16
3.85370497114988e+16
3.87495643047548e+16
3.89402742822456e+16
3.91494353158337e+16
3.93367771392717e+16
3.95426104861067e+16
3.97266104565206e+16
3.9929140772678e+16
4.01098240605689e+16
4.03090748901968e+16
4.04864656361981e+16
4.06824595105245e+16
4.08565809174665e+16
4.10493394412308e+16
4.12202138611421e+16
4.14097577843295e+16
4.15774067835934e+16
4.17637560790002e+16
4.19282005094682e+16
4.21113744305053e+16
4.22726344847651e+16
4.24526516162698e+16
4.26107468829025e+16
4.27876252015377e+16
4.29425747106902e+16
4.31163316178427e+16
4.32681538818503e+16
4.34388062525134e+16
4.35875193077714e+16
4.37550835194033e+16
4.39007049565382e+16
4.406519692637e+16
4.42077439196296e+16
4.43691791283998e+16
4.45086684676544e+16
4.46670619889461e+16
4.48035100988707e+16
4.49588766222023e+16
4.50922995819215e+16
4.52446534282168e+16
4.53750669998392e+16
4.55244221437701e+16
4.56518417793225e+16
4.57982118658094e+16
4.59226527279051e+16
4.6066051085311e+16
4.61875280554935e+16
4.63279677095404e+16
4.64464954050292e+16
4.65839890915624e+16
4.66995818686188e+16
4.68341420422972e+16
4.69468140049572e+16
4.70784528554769e+16
4.71882178651276e+16
4.73169473198787e+16
4.74238189946279e+16
4.75496507378722e+16
4.76536424562816e+16
4.77765879339556e+16
4.78777128375676e+16
4.79977832672552e+16
4.80960542555559e+16
4.82132606415749e+16
4.83086903673597e+16
4.84230435108995e+16
4.85156443778278e+16
4.86271548857263e+16
4.87169390441565e+16
4.88256173460735e+16
4.89125966778212e+16
4.90184530450183e+16
4.91026391577387e+16
4.92056837063849e+16
4.92870879203186e+16
4.93873306353197e+16
4.94659639662718e+16
4.95634147155759e+16
4.96392878570987e+16
4.97339564120501e+16
4.98070797202671e+16
4.98989757831162e+16
4.9969359246105e+16
5.00584925030513e+16
5.01261456768536e+16
5.02125258412296e+16
5.0277457791971e+16
5.03610947113041e+16
5.04233138665846e+16
5.05042176840792e+16
5.05637316116306e+16
5.06419130522843e+16
5.06987282362379e+16
5.07741988559897e+16
5.08283201590657e+16
5.09010929575332e+16
5.0952523254862e+16
5.10226075762991e+16
5.1071318127199e+16
5.11389258371439e+16
5.11850714192974e+16
5.12490568397592e+16
5.12934772678702e+16
5.13544665022724e+16
5.13963837486346e+16
5.14545035617521e+16
5.14939929151598e+16
5.15492244585595e+16
5.15863261481326e+16
5.16386484706494e+16
5.16733990816023e+16
5.17227895982516e+16
5.17552289376207e+16
5.18016625144933e+16
5.18318285517418e+16
5.1875281021042e+16
5.19032099684151e+16
5.19436572686212e+16
5.19693837137186e+16
5.20068041014363e+16
5.20303586056812e+16
5.2064732611929e+16
5.20861411894723e+16
5.2117455808104e+16
5.2136739463778e+16
5.2164981386444e+16
5.21821566262073e+16
5.22073228516423e+16
5.22223969293796e+16
5.22444868081642e+16
5.2257464268976e+16
5.22764829206746e+16
5.22873606310678e+16
5.2303319019941e+16
5.2312087900798e+16
5.23250015027578e+16
5.23316481073514e+16
5.23415415326384e+16
5.23460183362363e+16
5.23529689389055e+16
5.23551927360214e+16
5.23593109067944e+16
5.23595253527655e+16
5.23595253424547e+16
5.23593109031487e+16
5.23551926550226e+16
5.23529689421812e+16
5.23460182215796e+16
5.23415415293153e+16
5.23316479537127e+16
5.23250014282643e+16
5.2312087729468e+16
5.23033188781914e+16
5.22873605028514e+16
5.2276482752585e+16
5.22574640536566e+16
5.22444867536094e+16
5.22223966855943e+16
5.22073226051974e+16
5.21821564111828e+16
5.21649813347764e+16
5.21367390245406e+16
5.2117455494831e+16
5.20861410118787e+16
5.20647323831588e+16
5.20303579115541e+16
5.20068038087673e+16
5.19693834222389e+16
5.19436570023508e+16
5.1903209622694e+16
5.18752803818056e+16
5.18318280102187e+16
5.18016620127641e+16
5.17552285651339e+16
5.17227895930486e+16
5.16733984568497e+16
5.16386479509669e+16
5.15863255520837e+16
5.15492237730713e+16
5.1493992467302e+16
5.14545030287628e+16
5.13963832272152e+16
5.13544662576751e+16
5.12934766846572e+16
5.124905593773e+16
5.11850712126427e+16
5.1138925023239e+16
5.10713175721469e+16
5.10226067980975e+16
5.09525225946622e+16
5.09010922688475e+16
5.08283195400803e+16
5.07741980747206e+16
5.06987275484935e+16
5.06419122843587e+16
5.05637309157692e+16
5.05042169247767e+16
5.0423313101302e+16
5.03610938941387e+16
5.02774569936297e+16
5.02125250095329e+16
5.01261448499226e+16
5.0058491644404e+16
4.99693583916665e+16
4.98989749083645e+16
4.98070788434771e+16
4.9733955511791e+16
4.96392869468195e+16
4.95634137854234e+16
4.946596302536e+16
4.93873296749184e+16
4.9287086945496e+16
4.92056827129266e+16
4.91026381520256e+16
4.90184520226999e+16
4.89125956459835e+16
4.88256162994593e+16
4.87169379864533e+16
4.86271538157565e+16
4.85156432989341e+16
4.84230424177318e+16
4.83086892644482e+16
4.82132595255215e+16
4.8096053126972e+16
4.79977821263909e+16
4.78777116842268e+16
4.77765867668051e+16
4.76536412786407e+16
4.7549649546724e+16
4.74238177919613e+16
4.73169461056512e+16
4.71882166397278e+16
4.70784516195198e+16
4.69468127582807e+16
4.68341407834931e+16
4.6699580600398e+16
4.65839878120769e+16
4.64464941164208e+16
4.63279664096074e+16
4.61875267458358e+16
4.60660497643152e+16
4.59226513971123e+16
4.57982105246537e+16
4.56518404284345e+16
4.55244207828156e+16
4.5375065629446e+16
4.52446520467987e+16
4.50922981927674e+16
4.49588752212398e+16
4.4803508689392e+16
4.46670605713881e+16
4.45086670420882e+16
4.43691776922494e+16
4.42077424759364e+16
4.40651954741383e+16
4.39007034978442e+16
4.37550820526165e+16
4.35875178348382e+16
4.34388047720371e+16
4.32681523952879e+16
4.31163301244014e+16
4.29425732115076e+16
4.27876236950111e+16
4.26107453726474e+16
4.24526500994172e+16
4.2272632962469e+16
4.21113729025802e+16
4.19281989779566e+16
4.17637545432902e+16
4.15774052434931e+16
4.14097562408082e+16
4.1220212312844e+16
4.10493378904199e+16
4.08565793656064e+16
4.06824579553879e+16
4.04864640796469e+16
4.03090733322586e+16
4.01098225005936e+16
3.99291392114492e+16
3.97266088978071e+16
3.95426089256973e+16
3.93367755794268e+16
3.91494337548356e+16
3.8940272724231e+16
3.87495627481111e+16
3.85370481573577e+16
3.83429424814439e+16
3.81270471182485e+16
3.79295168243551e+16
3.77102119959617e+16
3.75092266462519e+16
3.72864820327101e+16
3.70820095064512e+16
3.68557929840799e+16
3.66477992950881e+16
3.64180767430841e+16
3.62065258332437e+16
3.59732609166538e+16
3.57581144182879e+16
3.55212683353958e+16
3.53024853150198e+16
3.50620165206297e+16
3.48395531717848e+16
3.45954170479167e+16
3.43692263418596e+16
3.41213748303093e+16
3.38914061152194e+16
3.36397872889765e+16
3.34059858392674e+16
3.31505434171595e+16
3.29128499143277e+16
3.2653522747623e+16
3.24118727620672e+16
3.21485897876034e+16
3.190289966282e+16
3.16356516036584e+16
3.13858652480035e+16
3.11143877170925e+16
3.08603091000946e+16
3.05845396663231e+16
3.0326041386133e+16
3.00458264032075e+16
2.97827803631767e+16
2.94979845538269e+16
2.92302337328551e+16
2.89406934101273e+16
2.86680668838211e+16
2.83735980694074e+16
2.80958972044358e+16
2.77962888871822e+16
2.75132838492717e+16
2.72083005556509e+16
2.69197596421079e+16
2.66091083681551e+16
2.63146510952217e+16
2.59979558575764e+16
2.56972291871602e+16
2.53740955673647e+16
2.50666441356151e+16
2.47365744259237e+16
2.44219662311664e+16
2.40843527575751e+16
2.37614734553381e+16
2.34151687953994e+16
2.30828832089005e+16
2.27268814647278e+16
2.23851074368407e+16
2.20195882151628e+16
2.16676821612596e+16
2.12913081483461e+16
2.09276948677037e+16
2.05392116615276e+16
2.01617474789947e+16
1.97569942705428e+16
1.93622317062076e+16
1.89412433634345e+16
1.85321608348002e+16
1.80981117251794e+16
1.76732267017702e+16
1.72161261670696e+16
1.6765484512801e+16
1.62876622058587e+16
1.58209042741506e+16
1.53225411137441e+16
1.48308733496754e+16
1.43143423778683e+16
1.38041181039935e+16
1.32662652141285e+16
1.27430339929133e+16
1.21935946389718e+16
1.16625766510053e+16
1.11133573173282e+16
1.05872561004551e+16
1.00506983999342e+16
9.54551247144383e+15
9.03729249045888e+15
8.56850783930684e+15
8.10366755631452e+15
7.68251973180649e+15
7.27129541376415e+15
6.90531557186288e+15
6.55018155425933e+15
6.24115617281634e+15
5.94056585506126e+15
5.68363984928425e+15
5.43257787991726e+15
5.22181488532793e+15
5.01340328392495e+15
4.84077389628667e+15
4.66690959846037e+15
4.52330338749702e+15
4.38795277430044e+15
4.2115299274826e+15
)
;

boundaryField
{
    electrode
    {
        type            zeroGradient;
    }
    ground
    {
        type            zeroGradient;
    }
    otherfaces
    {
        type            empty;
    }
}


// ************************************************************************* //
