/*--------------------------------*- C++ -*----------------------------------*\
| =========                 |                                                 |
| \\      /  F ield         | foam-extend: Open Source CFD                    |
|  \\    /   O peration     | Version:     4.1                                |
|   \\  /    A nd           | Web:         http://www.foam-extend.org         |
|    \\/     M anipulation  |                                                 |
\*---------------------------------------------------------------------------*/
FoamFile
{
    version     2.0;
    format      ascii;
    class       volScalarField;
    location    "1.50009999935002e-05";
    object      Arm;
}
// * * * * * * * * * * * * * * * * * * * * * * * * * * * * * * * * * * * * * //

dimensions      [0 -3 0 0 0 0 0];

internalField   nonuniform List<scalar> 
500
(
1.53235750715104e+19
1.53242491145482e+19
1.53255968199517e+19
1.53276172442687e+19
1.53303091015423e+19
1.53336710404375e+19
1.53377018951159e+19
1.53424008538733e+19
1.53477674225807e+19
1.53538014735398e+19
1.53605030290075e+19
1.5367871506424e+19
1.53759054986577e+19
1.53846023042257e+19
1.53939574594304e+19
1.54039643100639e+19
1.54146134295482e+19
1.54258910000363e+19
1.54377806677949e+19
1.54502642826859e+19
1.54633217041107e+19
1.54769323314218e+19
1.54910755669883e+19
1.55057309682698e+19
1.55208782227204e+19
1.55364970300675e+19
1.55525668784177e+19
1.5569066449614e+19
1.55859703477247e+19
1.56032511624161e+19
1.56208815392122e+19
1.56388344179301e+19
1.56570831751556e+19
1.56756014276994e+19
1.56943630768282e+19
1.57133427270138e+19
1.57325159491455e+19
1.57518590939709e+19
1.57713490019952e+19
1.57909629743117e+19
1.58106789489425e+19
1.583047570973e+19
1.58503329932456e+19
1.58702314427038e+19
1.58901525039033e+19
1.5910078386534e+19
1.5929992064546e+19
1.59498772567882e+19
1.59697184025625e+19
1.59895006589442e+19
1.60092099346419e+19
1.60288329173549e+19
1.60483570576722e+19
1.60677705380757e+19
1.60870622362644e+19
1.61062216862911e+19
1.61252390599647e+19
1.61441051566094e+19
1.6162811387849e+19
1.61813497601774e+19
1.61997128581561e+19
1.62178938279646e+19
1.62358863583824e+19
1.62536846582286e+19
1.62712834377319e+19
1.628867789138e+19
1.63058636804513e+19
1.63228369149772e+19
1.633959413538e+19
1.63561322945717e+19
1.63724487399631e+19
1.63885411965652e+19
1.64044077493504e+19
1.64200468265641e+19
1.64354571836002e+19
1.6450637887425e+19
1.64655882995402e+19
1.64803080610253e+19
1.64947970823457e+19
1.65090555270988e+19
1.65230837881984e+19
1.65368824740411e+19
1.65504524010332e+19
1.65637945820953e+19
1.65769102144573e+19
1.65898006675496e+19
1.66024674714649e+19
1.66149123059213e+19
1.66271369894793e+19
1.6639143469011e+19
1.66509338100296e+19
1.66625101869229e+19
1.66738748736999e+19
1.66850302357124e+19
1.66959787206525e+19
1.67067228508651e+19
1.67172652155634e+19
1.67276084634162e+19
1.67377552959432e+19
1.67477084604164e+19
1.67574707438539e+19
1.67670449668494e+19
1.67764339780202e+19
1.67856406484971e+19
1.67946678669822e+19
1.68035185348678e+19
1.68121955616818e+19
1.68207018605249e+19
1.68290403447599e+19
1.68372139236948e+19
1.68452254990757e+19
1.68530779619289e+19
1.68607741896068e+19
1.68683170423972e+19
1.68757093616364e+19
1.68829539664488e+19
1.68900536519133e+19
1.68970111871772e+19
1.69038293128004e+19
1.69105107394816e+19
1.69170581465243e+19
1.69234741800643e+19
1.69297614519484e+19
1.69359225383583e+19
1.6941959978897e+19
1.69478762758832e+19
1.69536738927026e+19
1.69593552540433e+19
1.69649227448915e+19
1.69703787099545e+19
1.69757254531156e+19
1.69809652375714e+19
1.6986100284865e+19
1.69911327753715e+19
1.69960648480034e+19
1.70008985998841e+19
1.70056360866159e+19
1.70102793224769e+19
1.70148302803903e+19
1.70192908916795e+19
1.70236630472288e+19
1.70279485971114e+19
1.70321493509428e+19
1.70362670782663e+19
1.70403035093631e+19
1.7044260334965e+19
1.70481392070748e+19
1.70519417396678e+19
1.70556695087239e+19
1.70593240527899e+19
1.70629068738084e+19
1.70664194374838e+19
1.70698631741208e+19
1.70732394784198e+19
1.70765497108627e+19
1.70797951978938e+19
1.70829772329277e+19
1.70860970762264e+19
1.70891559562479e+19
1.70921550698325e+19
1.70950955827946e+19
1.70979786309954e+19
1.71008053203535e+19
1.71035767277874e+19
1.71062939017269e+19
1.71089578629057e+19
1.71115696047307e+19
1.71141300940326e+19
1.71166402713034e+19
1.71191010517979e+19
1.71215133259187e+19
1.71238779595989e+19
1.71261957948952e+19
1.71284676510791e+19
1.71306943243973e+19
1.71328765889901e+19
1.71350151973528e+19
1.71371108812451e+19
1.71391643518717e+19
1.71411762998683e+19
1.71431473966919e+19
1.7145078294861e+19
1.71469696278857e+19
1.71488220112892e+19
1.71506360431855e+19
1.71524123042331e+19
1.71541513582382e+19
1.71558537526969e+19
1.71575200190756e+19
1.71591506733344e+19
1.71607462160507e+19
1.71623071335044e+19
1.71638338969552e+19
1.71653269642694e+19
1.71667867790825e+19
1.71682137718112e+19
1.71696083600085e+19
1.7170970948431e+19
1.7172301929728e+19
1.71736016837606e+19
1.71748705796154e+19
1.71761089742362e+19
1.71773172136817e+19
1.71784956329994e+19
1.71796445566718e+19
1.71807642977847e+19
1.7181855149333e+19
1.71829173865998e+19
1.71839513168377e+19
1.71849572422017e+19
1.71859354231963e+19
1.71868861126065e+19
1.71878095572757e+19
1.71887059959309e+19
1.7189575659319e+19
1.71904187699216e+19
1.7191235542243e+19
1.71920261827794e+19
1.71927908906305e+19
1.71935298569864e+19
1.71942432656478e+19
1.71949312931988e+19
1.71955941091427e+19
1.71962318759703e+19
1.71968447491506e+19
1.71974328774188e+19
1.71979964029835e+19
1.7198535461642e+19
1.71990501823521e+19
1.71995406880495e+19
1.72000070955699e+19
1.72004495151949e+19
1.72008680516846e+19
1.72012628035599e+19
1.72016338630554e+19
1.72019813173002e+19
1.72023052473615e+19
1.72026057287374e+19
1.72028828312475e+19
1.72031366189745e+19
1.72033671506362e+19
1.72035744794034e+19
1.7203758652955e+19
1.72039197136678e+19
1.72040576986529e+19
1.72041726396233e+19
1.72042645630293e+19
1.72043334899992e+19
1.72043794364986e+19
1.72044024091014e+19
1.72044024174079e+19
1.72043794615608e+19
1.72043335319118e+19
1.72042646218768e+19
1.72041727155486e+19
1.72040577915127e+19
1.72039198234175e+19
1.72037587797538e+19
1.72035746233389e+19
1.72033673118091e+19
1.72031367974193e+19
1.72028830270596e+19
1.72026059420637e+19
1.72023054782194e+19
1.72019815656631e+19
1.72016341289059e+19
1.72012630868951e+19
1.72008683530019e+19
1.72004498345746e+19
1.72000074330526e+19
1.71995410439732e+19
1.71990505566575e+19
1.71985358545665e+19
1.71979968147025e+19
1.71974333080207e+19
1.7196845198837e+19
1.71962323450209e+19
1.71955945977412e+19
1.71949318014903e+19
1.71942437937517e+19
1.71935304052526e+19
1.71927914593858e+19
1.71920267720765e+19
1.71912361521342e+19
1.71904194006386e+19
1.71895763111156e+19
1.71887066691533e+19
1.71878102521838e+19
1.71868868293731e+19
1.7185936162013e+19
1.71849580033785e+19
1.71839521007042e+19
1.71829181933447e+19
1.71818559791102e+19
1.71807651509413e+19
1.7179645433469e+19
1.71784965337742e+19
1.71773181387176e+19
1.71761099236999e+19
1.71748715536085e+19
1.71736026827615e+19
1.7172302953773e+19
1.71709719980548e+19
1.71696094351972e+19
1.71682148729265e+19
1.71667879064134e+19
1.716532811805e+19
1.71638350775497e+19
1.71623083409391e+19
1.71607474507565e+19
1.71591519353464e+19
1.71575213089467e+19
1.71558550705867e+19
1.71541527043021e+19
1.71524136785374e+19
1.71506374457647e+19
1.71488234424301e+19
1.71469710877097e+19
1.71450797837609e+19
1.71431489148372e+19
1.71411778472289e+19
1.71391659285863e+19
1.71371124874667e+19
1.71350168331434e+19
1.71328782543296e+19
1.71306960195401e+19
1.71284693760522e+19
1.71261975497589e+19
1.71238797441367e+19
1.71215151402315e+19
1.71191028958285e+19
1.71166421447865e+19
1.71141319967939e+19
1.71115715366731e+19
1.71089598237835e+19
1.71062958911777e+19
1.71035787455971e+19
1.71008073663229e+19
1.70979807046885e+19
1.70950976838151e+19
1.70921571979104e+19
1.7089158110925e+19
1.70860992568223e+19
1.70829794388274e+19
1.70797974285514e+19
1.70765519654545e+19
1.7073241756251e+19
1.70698654745057e+19
1.70664217595478e+19
1.7062909216518e+19
1.70593264151943e+19
1.70556718898164e+19
1.70519441385019e+19
1.7048141622518e+19
1.70442627656865e+19
1.70403059539603e+19
1.70362695356064e+19
1.70321518193081e+19
1.70279510750973e+19
1.70236655332382e+19
1.70192933839495e+19
1.70148327770946e+19
1.70102818218713e+19
1.70056385865208e+19
1.70009010982544e+19
1.6996067342788e+19
1.69911352644937e+19
1.69861027658485e+19
1.69809677081191e+19
1.6975727910872e+19
1.69703811519894e+19
1.69649251687338e+19
1.69593576566672e+19
1.69536762712288e+19
1.69478786272798e+19
1.69419623001303e+19
1.69359248261477e+19
1.69297637029562e+19
1.69234763907434e+19
1.69170603131962e+19
1.69105128584192e+19
1.69038313801561e+19
1.68970131991467e+19
1.68900556044365e+19
1.68829558552518e+19
1.68757111825529e+19
1.68683187911566e+19
1.6860775861628e+19
1.68530795527728e+19
1.68452270038999e+19
1.68372153376138e+19
1.68290416630432e+19
1.68207030781748e+19
1.68121966735385e+19
1.68035195358239e+19
1.67946687516383e+19
1.67856414113336e+19
1.67764346135234e+19
1.67670454694183e+19
1.67574711078348e+19
1.67477086800699e+19
1.67377553654201e+19
1.6727608376804e+19
1.67172649668214e+19
1.67067224341645e+19
1.66959781298333e+19
1.66850294646759e+19
1.66738739161612e+19
1.6662509036623e+19
1.66509324609115e+19
1.66391419146472e+19
1.66271352236302e+19
1.66149103223811e+19
1.66024652639319e+19
1.65897982298709e+19
1.65769075403876e+19
1.65637916655398e+19
1.65504492358968e+19
1.6536879054155e+19
1.65230801077044e+19
1.65090515802042e+19
1.6494792863184e+19
1.64803035639991e+19
1.64655835192392e+19
1.6450632818409e+19
1.64354518208006e+19
1.64200411650376e+19
1.64044017844243e+19
1.63885349236427e+19
1.63724421548543e+19
1.63561253932849e+19
1.63395869142458e+19
1.63228293706506e+19
1.63058558098946e+19
1.62886696920357e+19
1.62712749073069e+19
1.62536757948731e+19
1.62358771605567e+19
1.62178842949808e+19
1.61997029894123e+19
1.61813395559739e+19
1.61628008488569e+19
1.61440942840382e+19
1.612522785576e+19
1.61062101529939e+19
1.60870503771407e+19
1.60677583571739e+19
1.60483445597227e+19
1.60288201078294e+19
1.60091968199905e+19
1.59894872464284e+19
1.59697047003069e+19
1.59498632739821e+19
1.59299778113587e+19
1.59100638740802e+19
1.58901377442713e+19
1.58702164492209e+19
1.58503177801716e+19
1.58304602925315e+19
1.58106633441096e+19
1.57909471993936e+19
1.57713330755536e+19
1.57518430354642e+19
1.57324997788426e+19
1.57133264656828e+19
1.56943467456304e+19
1.56755850477297e+19
1.56570667670335e+19
1.56388180011982e+19
1.56208651315479e+19
1.5603234778537e+19
1.55859539981762e+19
1.55690501398041e+19
1.5552550584182e+19
1.55364806804796e+19
1.55208617944743e+19
1.55057144305137e+19
1.54910588766075e+19
1.54769154332495e+19
1.54633045309884e+19
1.54502467578763e+19
1.54377627120241e+19
1.5425872545347e+19
1.54145943988245e+19
1.5403944625053e+19
1.53939370337803e+19
1.53845810970197e+19
1.53758835006874e+19
1.53678487349144e+19
1.53604795219285e+19
1.53537772854549e+19
1.53477426174053e+19
1.53423755089902e+19
1.53376760931246e+19
1.53336448629854e+19
1.5330282623157e+19
1.53275905320855e+19
1.53255699338396e+19
1.5324222107742e+19
1.53235479895453e+19
)
;

boundaryField
{
    electrode
    {
        type            zeroGradient;
    }
    ground
    {
        type            zeroGradient;
    }
    otherfaces
    {
        type            empty;
    }
}


// ************************************************************************* //
