/*--------------------------------*- C++ -*----------------------------------*\
| =========                 |                                                 |
| \\      /  F ield         | foam-extend: Open Source CFD                    |
|  \\    /   O peration     | Version:     4.1                                |
|   \\  /    A nd           | Web:         http://www.foam-extend.org         |
|    \\/     M anipulation  |                                                 |
\*---------------------------------------------------------------------------*/
FoamFile
{
    version     2.0;
    format      ascii;
    class       volVectorField;
    location    "1.50009999935002e-05";
    object      currentDensity;
}
// * * * * * * * * * * * * * * * * * * * * * * * * * * * * * * * * * * * * * //

dimensions      [0 -2 0 0 0 1 0];

internalField   nonuniform List<vector> 
500
(
(-437.160763694364 0 0)
(-289.777525222715 0 0)
(-45.4272522609175 0 0)
(309.369097667509 0 0)
(785.798794468804 0 0)
(1378.77428316336 0 0)
(2033.75255631466 0 0)
(2645.79923469273 0 0)
(3042.32652183364 0 0)
(3014.54321029912 0 0)
(2346.54930405746 0 0)
(885.610325458473 0 0)
(-1416.24475264761 0 0)
(-4452.14487631726 0 0)
(-7999.54611375378 0 0)
(-11766.5106154856 0 0)
(-15461.3677208477 0 0)
(-18872.5654423162 0 0)
(-21876.6657898623 0 0)
(-24429.78748547 0 0)
(-26582.6538233243 0 0)
(-28385.8185425203 0 0)
(-29913.4115180868 0 0)
(-31237.2961458579 0 0)
(-32362.914602733 0 0)
(-33337.9049615813 0 0)
(-34204.9627686967 0 0)
(-34866.8055754399 0 0)
(-35467.2781245301 0 0)
(-35987.3946847169 0 0)
(-36322.1342086061 0 0)
(-36630.8230394916 0 0)
(-36956.8488500868 0 0)
(-37148.982866472 0 0)
(-37174.5838948303 0 0)
(-37165.2255946713 0 0)
(-37245.2848373321 0 0)
(-37355.7414761104 0 0)
(-37422.0626540934 0 0)
(-37414.992255133 0 0)
(-37352.7748738681 0 0)
(-37276.301370378 0 0)
(-37230.4651122588 0 0)
(-37202.2882468841 0 0)
(-37168.9427685862 0 0)
(-37133.6262557504 0 0)
(-37103.9071662007 0 0)
(-37075.5631900632 0 0)
(-37041.2790216534 0 0)
(-36988.8614975836 0 0)
(-36933.8659692624 0 0)
(-36883.7361912495 0 0)
(-36838.5300676285 0 0)
(-36800.6263772789 0 0)
(-36768.5354109964 0 0)
(-36732.7781061163 0 0)
(-36697.9106800671 0 0)
(-36662.1866194441 0 0)
(-36628.3641656592 0 0)
(-36593.3030943529 0 0)
(-36559.8080569054 0 0)
(-36526.6348585681 0 0)
(-36496.3667856021 0 0)
(-36465.0559294643 0 0)
(-36435.2217641518 0 0)
(-36404.8201585687 0 0)
(-36376.3868014339 0 0)
(-36347.4251833998 0 0)
(-36320.3876344902 0 0)
(-36292.7857232765 0 0)
(-36267.0564732645 0 0)
(-36240.8292180865 0 0)
(-36216.5005875506 0 0)
(-36191.2477710401 0 0)
(-36167.7573759332 0 0)
(-36144.3852771743 0 0)
(-36121.915199617 0 0)
(-36096.9008853471 0 0)
(-36076.5659740278 0 0)
(-36057.7672545569 0 0)
(-36038.3922610507 0 0)
(-36017.6290159492 0 0)
(-35998.3966225176 0 0)
(-35978.4933557332 0 0)
(-35960.1476560288 0 0)
(-35941.1190578782 0 0)
(-35923.611818918 0 0)
(-35905.4083550818 0 0)
(-35888.6890282341 0 0)
(-35871.2612166614 0 0)
(-35855.2840609786 0 0)
(-35838.5904441816 0 0)
(-35823.3083774514 0 0)
(-35807.308064974 0 0)
(-35792.6827712698 0 0)
(-35777.3370723222 0 0)
(-35763.3325170655 0 0)
(-35748.6028593522 0 0)
(-35735.1869623567 0 0)
(-35721.0394043024 0 0)
(-35708.1790766619 0 0)
(-35694.584928886 0 0)
(-35682.2464611176 0 0)
(-35669.1796117599 0 0)
(-35657.3362565018 0 0)
(-35644.7668329333 0 0)
(-35633.3936974511 0 0)
(-35621.2952714485 0 0)
(-35610.3693510381 0 0)
(-35598.7211729553 0 0)
(-35588.2167390775 0 0)
(-35576.9955561932 0 0)
(-35566.8941448291 0 0)
(-35556.078187908 0 0)
(-35546.3604559218 0 0)
(-35535.9315447137 0 0)
(-35526.5772640618 0 0)
(-35516.5169575616 0 0)
(-35507.5105723336 0 0)
(-35497.8019588097 0 0)
(-35489.1255134029 0 0)
(-35479.755460573 0 0)
(-35471.3941212401 0 0)
(-35462.3457698092 0 0)
(-35454.2843331876 0 0)
(-35445.5443321371 0 0)
(-35437.7707285881 0 0)
(-35429.3283684549 0 0)
(-35421.8274505851 0 0)
(-35413.6665130078 0 0)
(-35406.4311419511 0 0)
(-35398.5416373193 0 0)
(-35391.5571331792 0 0)
(-35383.9302196789 0 0)
(-35377.1852873522 0 0)
(-35369.8090333107 0 0)
(-35363.2967326951 0 0)
(-35356.1593007573 0 0)
(-35349.8712999065 0 0)
(-35342.9639186576 0 0)
(-35336.8889276949 0 0)
(-35330.2045961693 0 0)
(-35324.3352624607 0 0)
(-35317.8690219957 0 0)
(-35312.1969288669 0 0)
(-35305.9390305768 0 0)
(-35300.4631957714 0 0)
(-35294.4126220309 0 0)
(-35289.1204662165 0 0)
(-35283.2646097805 0 0)
(-35278.1528208522 0 0)
(-35272.4866735385 0 0)
(-35267.5450916174 0 0)
(-35262.0637720502 0 0)
(-35257.2883477301 0 0)
(-35251.9849591416 0 0)
(-35247.3708765522 0 0)
(-35242.2378711804 0 0)
(-35237.7800287803 0 0)
(-35232.8148879644 0 0)
(-35228.5080658933 0 0)
(-35223.7041387905 0 0)
(-35219.5452346746 0 0)
(-35214.8974366236 0 0)
(-35210.8797623747 0 0)
(-35206.3887709343 0 0)
(-35202.5048284076 0 0)
(-35198.167513784 0 0)
(-35194.4136662258 0 0)
(-35190.2263282883 0 0)
(-35186.5971574776 0 0)
(-35182.557383232 0 0)
(-35179.0503722692 0 0)
(-35175.1530434702 0 0)
(-35171.764400502 0 0)
(-35168.0076411333 0 0)
(-35164.7324746898 0 0)
(-35161.1180065418 0 0)
(-35157.949687671 0 0)
(-35154.4722578636 0 0)
(-35151.4104333113 0 0)
(-35148.071087153 0 0)
(-35145.1062511952 0 0)
(-35141.9049070298 0 0)
(-35139.035813792 0 0)
(-35135.9693130375 0 0)
(-35133.191071282 0 0)
(-35130.2612530422 0 0)
(-35127.5679039825 0 0)
(-35124.774426813 0 0)
(-35122.162924623 0 0)
(-35119.5056411808 0 0)
(-35116.972938405 0 0)
(-35114.4487789927 0 0)
(-35111.9928111689 0 0)
(-35109.601003508 0 0)
(-35107.2156560111 0 0)
(-35104.9612684225 0 0)
(-35102.6457601462 0 0)
(-35100.5216044819 0 0)
(-35098.2666883376 0 0)
(-35096.2718863521 0 0)
(-35094.0838596463 0 0)
(-35092.2076860431 0 0)
(-35090.6857666654 0 0)
(-35093.8710340448 0 0)
(-35090.8257435539 0 0)
(-35067.4795510455 0 0)
(-35084.9968163056 0 0)
(-35081.8434303507 0 0)
(-35080.732543621 0 0)
(-35077.0837159395 0 0)
(-35077.1593431057 0 0)
(-35073.7251632586 0 0)
(-35074.2110239614 0 0)
(-35070.7821274284 0 0)
(-35071.3499218624 0 0)
(-35067.9572185254 0 0)
(-35068.7665699912 0 0)
(-35065.3305135313 0 0)
(-35066.3106755345 0 0)
(-35062.8944379861 0 0)
(-35064.0238045617 0 0)
(-35060.6069411188 0 0)
(-35061.9017156211 0 0)
(-35058.5263511877 0 0)
(-35059.9457482115 0 0)
(-35056.5624774377 0 0)
(-35058.1149418532 0 0)
(-35054.8867068904 0 0)
(-35056.5382280702 0 0)
(-35053.1983944083 0 0)
(-35055.0194269231 0 0)
(-35051.8885982252 0 0)
(-35053.6842248602 0 0)
(-35050.5848987132 0 0)
(-35052.5371179131 0 0)
(-35049.5252907316 0 0)
(-35051.5213079314 0 0)
(-35048.6323818831 0 0)
(-35050.653500113 0 0)
(-35047.8734811025 0 0)
(-35049.9825134971 0 0)
(-35047.2909035982 0 0)
(-35049.4193474274 0 0)
(-35046.8816570179 0 0)
(-35048.9208986643 0 0)
(-35046.6102894932 0 0)
(-35050.792250036 0 0)
(-35041.8050504941 0 0)
(-35053.2364686447 0 0)
(-35044.3745949759 0 0)
(-35048.8839828995 0 0)
(-35046.8649710919 0 0)
(-35049.2385748049 0 0)
(-35047.1065819782 0 0)
(-35049.7069825801 0 0)
(-35047.5863290776 0 0)
(-35050.3291758674 0 0)
(-35048.2813168674 0 0)
(-35051.1006496301 0 0)
(-35049.0932332773 0 0)
(-35052.0695105758 0 0)
(-35050.0916459815 0 0)
(-35053.1680346873 0 0)
(-35051.2884323268 0 0)
(-35054.3750789866 0 0)
(-35052.6206174651 0 0)
(-35055.8826278687 0 0)
(-35054.0780080181 0 0)
(-35057.3394742548 0 0)
(-35055.7817405777 0 0)
(-35059.1339838556 0 0)
(-35057.6357174756 0 0)
(-35060.9896753741 0 0)
(-35059.6375470205 0 0)
(-35063.0262909577 0 0)
(-35061.8210620725 0 0)
(-35065.2509462877 0 0)
(-35064.218286671 0 0)
(-35067.6649718054 0 0)
(-35066.7334752543 0 0)
(-35070.1599845361 0 0)
(-35069.5028546054 0 0)
(-35072.8760665773 0 0)
(-35072.3658547718 0 0)
(-35075.8267664962 0 0)
(-35075.4461452483 0 0)
(-35078.7088248317 0 0)
(-35078.2927759823 0 0)
(-35080.4961546653 0 0)
(-35080.821949315 0 0)
(-35101.8719380063 0 0)
(-35082.124074566 0 0)
(-35082.7987530989 0 0)
(-35089.7962265005 0 0)
(-35092.1853217441 0 0)
(-35094.3132542654 0 0)
(-35096.2134503323 0 0)
(-35098.4197562623 0 0)
(-35100.4629983861 0 0)
(-35102.7354637206 0 0)
(-35104.9123332895 0 0)
(-35107.2492187127 0 0)
(-35109.5605707052 0 0)
(-35111.9721771956 0 0)
(-35114.418889664 0 0)
(-35116.9029610004 0 0)
(-35119.4800954675 0 0)
(-35122.0469970424 0 0)
(-35124.7563249314 0 0)
(-35127.4023557361 0 0)
(-35130.2494249058 0 0)
(-35132.9788876288 0 0)
(-35135.9609914113 0 0)
(-35138.7782701102 0 0)
(-35141.9005263901 0 0)
(-35144.8067421161 0 0)
(-35148.0673505857 0 0)
(-35151.0705692478 0 0)
(-35154.4684134631 0 0)
(-35157.5723748321 0 0)
(-35161.1097345108 0 0)
(-35164.3190038414 0 0)
(-35167.9940936279 0 0)
(-35171.3163453912 0 0)
(-35175.1296844003 0 0)
(-35178.5654828674 0 0)
(-35182.5234585637 0 0)
(-35186.0778728553 0 0)
(-35190.1789579542 0 0)
(-35193.8588855946 0 0)
(-35198.1049848377 0 0)
(-35201.9130443717 0 0)
(-35206.310058017 0 0)
(-35210.2496185726 0 0)
(-35214.7973597815 0 0)
(-35218.8766457991 0 0)
(-35223.5779321179 0 0)
(-35227.7983624704 0 0)
(-35232.6615212395 0 0)
(-35237.0274711937 0 0)
(-35242.0522139074 0 0)
(-35246.5706940939 0 0)
(-35251.7648220193 0 0)
(-35256.4380054305 0 0)
(-35261.8055234061 0 0)
(-35266.6401726639 0 0)
(-35272.1845116726 0 0)
(-35277.187668767 0 0)
(-35282.9143346344 0 0)
(-35288.0914112808 0 0)
(-35294.0047943634 0 0)
(-35299.3625345506 0 0)
(-35305.4732513569 0 0)
(-35311.0132107443 0 0)
(-35317.3248434924 0 0)
(-35323.0599432116 0 0)
(-35329.5800666873 0 0)
(-35335.5130704555 0 0)
(-35342.2509733464 0 0)
(-35348.390757656 0 0)
(-35355.350891465 0 0)
(-35361.7081349998 0 0)
(-35368.9010197112 0 0)
(-35375.4797003692 0 0)
(-35382.9172937743 0 0)
(-35389.7291460923 0 0)
(-35397.4178231557 0 0)
(-35404.4701287803 0 0)
(-35412.4232924095 0 0)
(-35419.729078968 0 0)
(-35427.9541615617 0 0)
(-35435.5234045549 0 0)
(-35444.0309841805 0 0)
(-35451.8816557363 0 0)
(-35460.6834618144 0 0)
(-35468.822576214 0 0)
(-35477.9353797819 0 0)
(-35486.379385312 0 0)
(-35495.8138385604 0 0)
(-35504.5764555174 0 0)
(-35514.3524392275 0 0)
(-35523.4443508518 0 0)
(-35533.5799240428 0 0)
(-35543.0195391548 0 0)
(-35553.5282151775 0 0)
(-35563.3391966268 0 0)
(-35574.2377687222 0 0)
(-35584.4387958995 0 0)
(-35595.7478963357 0 0)
(-35606.3586684784 0 0)
(-35618.1020621976 0 0)
(-35629.1445572294 0 0)
(-35641.3464313591 0 0)
(-35652.8417245041 0 0)
(-35665.5319755581 0 0)
(-35677.5061939825 0 0)
(-35690.7071900838 0 0)
(-35703.1949399733 0 0)
(-35716.9371597099 0 0)
(-35729.9672308736 0 0)
(-35744.2837306891 0 0)
(-35757.8958126312 0 0)
(-35772.8332054709 0 0)
(-35786.9640243468 0 0)
(-35802.6339917448 0 0)
(-35817.5000624778 0 0)
(-35833.7517981766 0 0)
(-35849.2973443712 0 0)
(-35866.2609890249 0 0)
(-35882.5410631385 0 0)
(-35900.2855327784 0 0)
(-35917.3526242959 0 0)
(-35935.931709106 0 0)
(-35953.8476683649 0 0)
(-35973.3224051094 0 0)
(-35992.1489013906 0 0)
(-36012.5899064283 0 0)
(-36032.4753319291 0 0)
(-36054.7701040343 0 0)
(-36078.7084307053 0 0)
(-36102.1775268582 0 0)
(-36122.0611061255 0 0)
(-36145.6803933422 0 0)
(-36169.608325973 0 0)
(-36194.684436621 0 0)
(-36219.2868716912 0 0)
(-36246.1829894372 0 0)
(-36272.6077066256 0 0)
(-36301.0084744857 0 0)
(-36329.1102613187 0 0)
(-36359.4333608793 0 0)
(-36389.4688238634 0 0)
(-36421.8113775833 0 0)
(-36454.01176854 0 0)
(-36488.7330306578 0 0)
(-36523.9874011626 0 0)
(-36562.4398228123 0 0)
(-36600.1959384475 0 0)
(-36639.9999338422 0 0)
(-36680.6473549396 0 0)
(-36725.1574360958 0 0)
(-36770.4978046893 0 0)
(-36819.6499816083 0 0)
(-36870.9349085384 0 0)
(-36929.1573908745 0 0)
(-36984.8343168801 0 0)
(-37036.6771311082 0 0)
(-37087.1302844665 0 0)
(-37136.4496222474 0 0)
(-37192.1333233301 0 0)
(-37269.9900494904 0 0)
(-37357.4977769794 0 0)
(-37447.0320605776 0 0)
(-37533.9025112444 0 0)
(-37625.1972326912 0 0)
(-37722.8888729724 0 0)
(-37802.1261468489 0 0)
(-37849.2986843502 0 0)
(-37905.5023342988 0 0)
(-38007.8464083317 0 0)
(-38169.8820430782 0 0)
(-38355.8293382006 0 0)
(-38483.2176444028 0 0)
(-38482.7491464781 0 0)
(-38465.9657643741 0 0)
(-38549.5597434238 0 0)
(-38685.9122751792 0 0)
(-38700.3457554081 0 0)
(-38613.9285832639 0 0)
(-38561.2481076524 0 0)
(-38409.6713375041 0 0)
(-38108.7497135583 0 0)
(-37770.401501415 0 0)
(-37257.1421669052 0 0)
(-36570.8169358276 0 0)
(-35705.3608924359 0 0)
(-34596.4804175341 0 0)
(-33240.5446649026 0 0)
(-31632.3054657936 0 0)
(-29762.1193110634 0 0)
(-27671.1262353519 0 0)
(-25399.1954516413 0 0)
(-23019.3549263057 0 0)
(-20632.7958196191 0 0)
(-18320.5690409908 0 0)
(-16166.9004053739 0 0)
(-14234.003509688 0 0)
(-12530.8687725783 0 0)
(-11049.3954813313 0 0)
(-9746.4309748805 0 0)
(-8575.28920260911 0 0)
(-7490.97016546516 0 0)
(-6472.28646621135 0 0)
(-5512.71165817503 0 0)
(-4626.4740393975 0 0)
(-3828.93058701979 0 0)
(-3131.57197748755 0 0)
(-2622.55444697909 0 0)
)
;

boundaryField
{
    electrode
    {
        type            calculated;
        value           uniform (-677.20980487854 0 0);
    }
    ground
    {
        type            calculated;
        value           uniform (-1184.33160126855 0 0);
    }
    otherfaces
    {
        type            empty;
    }
}


// ************************************************************************* //
