/*--------------------------------*- C++ -*----------------------------------*\
| =========                 |                                                 |
| \\      /  F ield         | foam-extend: Open Source CFD                    |
|  \\    /   O peration     | Version:     4.1                                |
|   \\  /    A nd           | Web:         http://www.foam-extend.org         |
|    \\/     M anipulation  |                                                 |
\*---------------------------------------------------------------------------*/
FoamFile
{
    version     2.0;
    format      ascii;
    class       volVectorField;
    location    "1.50009999935002e-05";
    object      EField;
}
// * * * * * * * * * * * * * * * * * * * * * * * * * * * * * * * * * * * * * //

dimensions      [1 1 -3 0 0 -1 0];

internalField   nonuniform List<vector> 
500
(
(-1225064.77330507 -0 -0)
(-1180313.05202293 -0 -0)
(-1134156.49512439 -0 -0)
(-1086747.25980835 -0 -0)
(-1037959.82805645 -0 -0)
(-987745.544513026 -0 -0)
(-936089.095671378 -0 -0)
(-883030.559388902 -0 -0)
(-828685.69198731 -0 -0)
(-773275.152373916 -0 -0)
(-717142.673715459 -0 -0)
(-660762.434059586 -0 -0)
(-604726.202568211 -0 -0)
(-549702.731723205 -0 -0)
(-496411.742357321 -0 -0)
(-445550.367214327 -0 -0)
(-397730.302620318 -0 -0)
(-353448.094034347 -0 -0)
(-313035.214526693 -0 -0)
(-276651.028748798 -0 -0)
(-244300.548577389 -0 -0)
(-215845.74054378 -0 -0)
(-191050.339026603 -0 -0)
(-169608.406506677 -0 -0)
(-151164.920939727 -0 -0)
(-135367.836996443 -0 -0)
(-121871.367132231 -0 -0)
(-110334.135074322 -0 -0)
(-100487.284744106 -0 -0)
(-92064.6675751735 -0 -0)
(-84823.0449756091 -0 -0)
(-78595.3682662315 -0 -0)
(-73216.0315912234 -0 -0)
(-68508.4529751613 -0 -0)
(-64354.253245094 -0 -0)
(-60701.2681073038 -0 -0)
(-57506.9835394834 -0 -0)
(-54693.5215036558 -0 -0)
(-52175.1182703374 -0 -0)
(-49887.1680686047 -0 -0)
(-47794.7256144742 -0 -0)
(-45883.9641587923 -0 -0)
(-44146.5360368191 -0 -0)
(-42565.2161799041 -0 -0)
(-41118.5246819701 -0 -0)
(-39788.870848637 -0 -0)
(-38561.1063022859 -0 -0)
(-37420.2038066289 -0 -0)
(-36352.3431944914 -0 -0)
(-35347.1189305726 -0 -0)
(-34400.6399781736 -0 -0)
(-33510.6990799233 -0 -0)
(-32674.3645670725 -0 -0)
(-31888.134776067 -0 -0)
(-31147.1591050244 -0 -0)
(-30445.8378288827 -0 -0)
(-29780.2437378941 -0 -0)
(-29146.9120827554 -0 -0)
(-28543.1136988038 -0 -0)
(-27966.1964751779 -0 -0)
(-27414.2390781978 -0 -0)
(-26885.3986078168 -0 -0)
(-26378.0856898274 -0 -0)
(-25890.4101145948 -0 -0)
(-25421.0335104995 -0 -0)
(-24968.6242844438 -0 -0)
(-24532.2303611814 -0 -0)
(-24110.7501211425 -0 -0)
(-23703.413814002 -0 -0)
(-23309.2805140712 -0 -0)
(-22927.727398044 -0 -0)
(-22557.9705480315 -0 -0)
(-22199.4857608949 -0 -0)
(-21851.5545653353 -0 -0)
(-21513.7994477868 -0 -0)
(-21185.6616074311 -0 -0)
(-20866.6781085115 -0 -0)
(-20556.3804643647 -0 -0)
(-20254.940231601 -0 -0)
(-19961.7086352613 -0 -0)
(-19675.8239895286 -0 -0)
(-19396.7165288235 -0 -0)
(-19124.188526695 -0 -0)
(-18857.8760212504 -0 -0)
(-18597.6252098738 -0 -0)
(-18343.1041965083 -0 -0)
(-18094.1831894988 -0 -0)
(-17850.5578276201 -0 -0)
(-17612.1188136107 -0 -0)
(-17378.5857830366 -0 -0)
(-17149.8670750929 -0 -0)
(-16925.7035412274 -0 -0)
(-16706.0185453857 -0 -0)
(-16490.571629971 -0 -0)
(-16279.2991903101 -0 -0)
(-16071.9774242662 -0 -0)
(-15868.5540840683 -0 -0)
(-15668.8202996419 -0 -0)
(-15472.7334697088 -0 -0)
(-15280.0980838316 -0 -0)
(-15090.8800512286 -0 -0)
(-14904.8959483781 -0 -0)
(-14722.1190177974 -0 -0)
(-14542.3766651191 -0 -0)
(-14365.6485698837 -0 -0)
(-14191.7721550104 -0 -0)
(-14020.7326875059 -0 -0)
(-13852.3764817797 -0 -0)
(-13686.6936830238 -0 -0)
(-13523.5389666429 -0 -0)
(-13362.9067691717 -0 -0)
(-13204.6593034286 -0 -0)
(-13048.7947137984 -0 -0)
(-12895.1821579597 -0 -0)
(-12743.8229969695 -0 -0)
(-12594.5928790859 -0 -0)
(-12447.4960409411 -0 -0)
(-12302.4140224085 -0 -0)
(-12159.3535142597 -0 -0)
(-12018.2015886188 -0 -0)
(-11878.9669991372 -0 -0)
(-11741.5419676082 -0 -0)
(-11605.9372283819 -0 -0)
(-11472.049798312 -0 -0)
(-11339.8919270871 -0 -0)
(-11209.3650143123 -0 -0)
(-11080.4827006199 -0 -0)
(-10953.1506828941 -0 -0)
(-10827.3838569111 -0 -0)
(-10703.0917187143 -0 -0)
(-10580.2900855397 -0 -0)
(-10458.8922376771 -0 -0)
(-10338.9148599537 -0 -0)
(-10220.274674865 -0 -0)
(-10102.9891145527 -0 -0)
(-9986.9781454176 -0 -0)
(-9872.25974638509 -0 -0)
(-9758.75703246733 -0 -0)
(-9646.48850360943 -0 -0)
(-9535.38017065303 -0 -0)
(-9425.45078282176 -0 -0)
(-9316.6292250763 -0 -0)
(-9208.93467755212 -0 -0)
(-9102.29852956439 -0 -0)
(-8996.74002813401 -0 -0)
(-8892.19306511482 -0 -0)
(-8788.6770507205 -0 -0)
(-8686.12848105816 -0 -0)
(-8584.56695685954 -0 -0)
(-8483.93110042028 -0 -0)
(-8384.24042499371 -0 -0)
(-8285.43584918548 -0 -0)
(-8187.53674752172 -0 -0)
(-8090.48603327866 -0 -0)
(-7994.30306119302 -0 -0)
(-7898.93282035768 -0 -0)
(-7804.39444236024 -0 -0)
(-7710.63487813028 -0 -0)
(-7617.67299536399 -0 -0)
(-7525.45764615288 -0 -0)
(-7434.00747138861 -0 -0)
(-7343.27318563203 -0 -0)
(-7253.27301724229 -0 -0)
(-7163.9595580566 -0 -0)
(-7075.3505836609 -0 -0)
(-6987.40053077048 -0 -0)
(-6900.12660660237 -0 -0)
(-6813.4851021015 -0 -0)
(-6727.49262925457 -0 -0)
(-6642.10732907514 -0 -0)
(-6557.34508400433 -0 -0)
(-6473.16595601797 -0 -0)
(-6389.58492055031 -0 -0)
(-6306.56413522876 -0 -0)
(-6224.11748363144 -0 -0)
(-6142.20921474387 -0 -0)
(-6060.8519589796 -0 -0)
(-5980.01227592147 -0 -0)
(-5899.70148049629 -0 -0)
(-5819.88842508006 -0 -0)
(-5740.58264339501 -0 -0)
(-5661.7556947713 -0 -0)
(-5583.4153282728 -0 -0)
(-5505.53577260042 -0 -0)
(-5428.12265237477 -0 -0)
(-5351.15319023274 -0 -0)
(-5274.63071204922 -0 -0)
(-5198.53560576563 -0 -0)
(-5122.86862737908 -0 -0)
(-5047.61345785158 -0 -0)
(-4972.76798590566 -0 -0)
(-4898.31944776798 -0 -0)
(-4824.2628144583 -0 -0)
(-4750.58892461039 -0 -0)
(-4677.28950541638 -0 -0)
(-4604.35924281827 -0 -0)
(-4531.78659887562 -0 -0)
(-4459.57024798861 -0 -0)
(-4387.69510023458 -0 -0)
(-4316.16364194051 -0 -0)
(-4244.95741950687 -0 -0)
(-4174.08342300573 -0 -0)
(-4103.5201248541 -0 -0)
(-4033.27846404542 -0 -0)
(-3963.33441511695 -0 -0)
(-3893.63136445326 -0 -0)
(-3823.55621567504 -0 -0)
(-3753.24703212739 -0 -0)
(-3685.24855165753 -0 -0)
(-3617.26602492143 -0 -0)
(-3549.4615921275 -0 -0)
(-3481.76415737232 -0 -0)
(-3414.40477010545 -0 -0)
(-3347.18311254717 -0 -0)
(-3280.31492494812 -0 -0)
(-3213.56255385123 -0 -0)
(-3147.15111810654 -0 -0)
(-3080.84433729733 -0 -0)
(-3014.8734999941 -0 -0)
(-2948.98466022008 -0 -0)
(-2883.42379708526 -0 -0)
(-2817.92785255444 -0 -0)
(-2752.75009773588 -0 -0)
(-2687.62104220584 -0 -0)
(-2622.80348741621 -0 -0)
(-2558.01872010991 -0 -0)
(-2493.53450644611 -0 -0)
(-2429.06794523352 -0 -0)
(-2364.89721809766 -0 -0)
(-2300.73421985956 -0 -0)
(-2236.8485891669 -0 -0)
(-2172.95043238839 -0 -0)
(-2109.3316048599 -0 -0)
(-2045.69300838206 -0 -0)
(-1982.31133920282 -0 -0)
(-1918.90014558579 -0 -0)
(-1855.74191577666 -0 -0)
(-1792.54197385709 -0 -0)
(-1729.58189274562 -0 -0)
(-1666.57106726232 -0 -0)
(-1603.78641932545 -0 -0)
(-1540.94418639912 -0 -0)
(-1478.31759195398 -0 -0)
(-1415.62254434808 -0 -0)
(-1353.13094233995 -0 -0)
(-1290.56603673514 -0 -0)
(-1228.19146496644 -0 -0)
(-1165.74937211198 -0 -0)
(-1103.48666583993 -0 -0)
(-1040.90772215479 -0 -0)
(-979.037941124502 -0 -0)
(-916.525627520944 -0 -0)
(-854.391065759901 -0 -0)
(-792.150023134797 -0 -0)
(-730.044121170555 -0 -0)
(-667.814167402718 -0 -0)
(-605.723900894233 -0 -0)
(-543.497194264439 -0 -0)
(-481.405741777678 -0 -0)
(-419.165959869603 -0 -0)
(-357.050609537471 -0 -0)
(-294.776594650504 -0 -0)
(-232.620983849706 -0 -0)
(-170.292255885931 -0 -0)
(-108.073476576492 -0 -0)
(-45.6706903638983 -0 -0)
(16.6344685015356 -0 -0)
(79.128127790057 -0 -0)
(141.534097806373 -0 -0)
(204.150232011255 -0 -0)
(266.685517521021 -0 -0)
(329.428991535324 -0 -0)
(392.107966765583 -0 -0)
(455.012646054175 -0 -0)
(517.866946123556 -0 -0)
(580.952124877219 -0 -0)
(643.999283222059 -0 -0)
(707.284023876628 -0 -0)
(770.544305431513 -0 -0)
(834.051394691139 -0 -0)
(897.553097637657 -0 -0)
(961.313022108624 -0 -0)
(1025.08042269913 -0 -0)
(1089.10665948197 -0 -0)
(1153.16275799143 -0 -0)
(1217.48432466639 -0 -0)
(1281.84846782536 -0 -0)
(1346.49148343605 -0 -0)
(1411.19485410513 -0 -0)
(1476.1611716242 -0 -0)
(1541.15715333158 -0 -0)
(1606.2493976399 -0 -0)
(1671.2806539428 -0 -0)
(1738.54283984565 -0 -0)
(1805.48976938246 -0 -0)
(1871.98317797066 -0 -0)
(1938.63547551617 -0 -0)
(2005.50354227764 -0 -0)
(2072.61047202845 -0 -0)
(2139.94341442544 -0 -0)
(2207.52365050015 -0 -0)
(2275.34355264993 -0 -0)
(2343.420958159 -0 -0)
(2411.75220547958 -0 -0)
(2480.35144462287 -0 -0)
(2549.21877840458 -0 -0)
(2618.36521489594 -0 -0)
(2687.7949421356 -0 -0)
(2757.51548097037 -0 -0)
(2827.53457858303 -0 -0)
(2897.85654963147 -0 -0)
(2968.49282793521 -0 -0)
(3039.44469853805 -0 -0)
(3110.72692174486 -0 -0)
(3182.33783076048 -0 -0)
(3254.29550493465 -0 -0)
(3326.59576372856 -0 -0)
(3399.25967954387 -0 -0)
(3472.28067397338 -0 -0)
(3545.6826935568 -0 -0)
(3619.45701632499 -0 -0)
(3693.63035259393 -0 -0)
(3768.19205275456 -0 -0)
(3843.17118615743 -0 -0)
(3918.5554148156 -0 -0)
(3994.37612216678 -0 -0)
(4070.6194550186 -0 -0)
(4147.31896927107 -0 -0)
(4224.45952840948 -0 -0)
(4302.07664057933 -0 -0)
(4380.15403914642 -0 -0)
(4458.72918770126 -0 -0)
(4537.78478394444 -0 -0)
(4617.36012162759 -0 -0)
(4697.43714898618 -0 -0)
(4778.05684370717 -0 -0)
(4859.20036703447 -0 -0)
(4940.91041142882 -0 -0)
(5023.16759598884 -0 -0)
(5106.01632968135 -0 -0)
(5189.43658820906 -0 -0)
(5273.47440300214 -0 -0)
(5358.1093775747 -0 -0)
(5443.38928317551 -0 -0)
(5529.29327328725 -0 -0)
(5615.8708297244 -0 -0)
(5703.10072536396 -0 -0)
(5791.03420887352 -0 -0)
(5879.6498706755 -0 -0)
(5969.00073886185 -0 -0)
(6059.06505417427 -0 -0)
(6149.89781536477 -0 -0)
(6241.47713292966 -0 -0)
(6333.85991513304 -0 -0)
(6427.02404668709 -0 -0)
(6521.02848181319 -0 -0)
(6615.85113869733 -0 -0)
(6711.55316897243 -0 -0)
(6808.11233833389 -0 -0)
(6905.59197326634 -0 -0)
(7003.97000020352 -0 -0)
(7103.31210116797 -0 -0)
(7203.59619351916 -0 -0)
(7304.89059411334 -0 -0)
(7407.17341908481 -0 -0)
(7510.51546670106 -0 -0)
(7614.89517760024 -0 -0)
(7720.38620084487 -0 -0)
(7826.96723214823 -0 -0)
(7934.71481138216 -0 -0)
(8043.60830718531 -0 -0)
(8153.72734134649 -0 -0)
(8265.05166560686 -0 -0)
(8377.66427570093 -0 -0)
(8491.54588450463 -0 -0)
(8606.78296439703 -0 -0)
(8723.35693712421 -0 -0)
(8841.35812376906 -0 -0)
(8960.7690871124 -0 -0)
(9081.68408413762 -0 -0)
(9204.08700600925 -0 -0)
(9328.07648018327 -0 -0)
(9453.63777702775 -0 -0)
(9580.87417740446 -0 -0)
(9709.77278495526 -0 -0)
(9840.44181184726 -0 -0)
(9972.87049717811 -0 -0)
(10107.1725175116 -0 -0)
(10243.3393308103 -0 -0)
(10381.4904208864 -0 -0)
(10521.6201185293 -0 -0)
(10663.854313103 -0 -0)
(10808.1904245005 -0 -0)
(10954.7612824471 -0 -0)
(11103.5680596086 -0 -0)
(11254.751132469 -0 -0)
(11408.315890671 -0 -0)
(11564.4109911902 -0 -0)
(11723.0468378104 -0 -0)
(11884.3812848663 -0 -0)
(12048.4303129174 -0 -0)
(12215.3618862725 -0 -0)
(12385.1987078605 -0 -0)
(12558.1202278385 -0 -0)
(12734.1573328706 -0 -0)
(12913.503676558 -0 -0)
(13096.1983386499 -0 -0)
(13282.4437736258 -0 -0)
(13472.2882362778 -0 -0)
(13665.9529002354 -0 -0)
(13863.4981391391 -0 -0)
(14065.1616717681 -0 -0)
(14271.0175100388 -0 -0)
(14481.3231866877 -0 -0)
(14696.1688012428 -0 -0)
(14915.8343655531 -0 -0)
(15140.4285909444 -0 -0)
(15370.2571088085 -0 -0)
(15605.4503136597 -0 -0)
(15846.3435897226 -0 -0)
(16093.108664772 -0 -0)
(16346.2841696983 -0 -0)
(16606.6996231594 -0 -0)
(16874.9687460601 -0 -0)
(17150.8897195231 -0 -0)
(17434.8935798199 -0 -0)
(17727.4060563381 -0 -0)
(18028.9449856489 -0 -0)
(18339.8453746564 -0 -0)
(18660.7754055754 -0 -0)
(18992.2110339752 -0 -0)
(19334.8893265134 -0 -0)
(19689.3809609376 -0 -0)
(20056.5669806495 -0 -0)
(20437.1531999507 -0 -0)
(20832.171979745 -0 -0)
(21242.4997230733 -0 -0)
(21669.3865140818 -0 -0)
(22114.079159024 -0 -0)
(22578.3684118518 -0 -0)
(23063.7361452482 -0 -0)
(23571.9101554292 -0 -0)
(24104.6677521122 -0 -0)
(24664.4957121144 -0 -0)
(25253.9315032238 -0 -0)
(25876.2260081728 -0 -0)
(26535.0460709713 -0 -0)
(27235.6799710655 -0 -0)
(27982.5933271525 -0 -0)
(28778.8274726481 -0 -0)
(29626.7238346392 -0 -0)
(30527.7556759315 -0 -0)
(31484.8521978697 -0 -0)
(32507.1776508325 -0 -0)
(33606.9086204784 -0 -0)
(34796.897231968 -0 -0)
(36089.4064051832 -0 -0)
(37498.2462902202 -0 -0)
(39039.8426924434 -0 -0)
(40724.7808786744 -0 -0)
(42552.7203710906 -0 -0)
(44526.0525786251 -0 -0)
(46664.57884512 -0 -0)
(49013.1103299396 -0 -0)
(51631.7419642275 -0 -0)
(54565.4710124167 -0 -0)
(57814.9665947157 -0 -0)
(61379.3493185142 -0 -0)
(65310.5217773211 -0 -0)
(69703.0501558572 -0 -0)
(74622.9866997688 -0 -0)
(80118.2209119095 -0 -0)
(86292.2827897241 -0 -0)
(93251.8107360269 -0 -0)
(101089.133760203 -0 -0)
(109957.427223153 -0 -0)
(120013.338778983 -0 -0)
(131432.574142791 -0 -0)
(144426.184255502 -0 -0)
(159211.983149604 -0 -0)
(176020.861729453 -0 -0)
(195091.635312442 -0 -0)
(216645.900761501 -0 -0)
(240883.466671518 -0 -0)
(267954.734420414 -0 -0)
(297935.8412494 -0 -0)
(330830.542929775 -0 -0)
(366541.130257798 -0 -0)
(404869.086378657 -0 -0)
(445536.014906986 -0 -0)
(488179.361671051 -0 -0)
(532387.699722243 -0 -0)
(577730.219814648 -0 -0)
(623785.69210165 -0 -0)
(670165.254814074 -0 -0)
(716525.745773847 -0 -0)
(762583.609665567 -0 -0)
(808117.322673461 -0 -0)
(853023.289248016 -0 -0)
(896968.162265236 -0 -0)
)
;

boundaryField
{
    electrode
    {
        type            calculated;
        value           uniform (-1247039.72573147 -0 -0);
    }
    ground
    {
        type            calculated;
        value           uniform (918631.053748974 -0 -0);
    }
    otherfaces
    {
        type            empty;
    }
}


// ************************************************************************* //
