/*--------------------------------*- C++ -*----------------------------------*\
| =========                 |                                                 |
| \\      /  F ield         | foam-extend: Open Source CFD                    |
|  \\    /   O peration     | Version:     4.1                                |
|   \\  /    A nd           | Web:         http://www.foam-extend.org         |
|    \\/     M anipulation  |                                                 |
\*---------------------------------------------------------------------------*/
FoamFile
{
    version     2.0;
    format      ascii;
    class       volVectorField;
    location    "1.50009999935002e-05";
    object      totalIonFlux;
}
// * * * * * * * * * * * * * * * * * * * * * * * * * * * * * * * * * * * * * //

dimensions      [0 -2 0 0 0 1 0];

internalField   nonuniform List<vector> 
500
(
(-788.672034689289 0 0)
(-788.127983528564 0 0)
(-788.907286167526 0 0)
(-788.029293488566 0 0)
(-788.802275361779 0 0)
(-787.960192774773 0 0)
(-788.67186990622 0 0)
(-787.865609028677 0 0)
(-788.484031282682 0 0)
(-787.701426249122 0 0)
(-788.237340977736 0 0)
(-787.485161389165 0 0)
(-787.904757876352 0 0)
(-787.163820458819 0 0)
(-787.490278330797 0 0)
(-786.721413728605 0 0)
(-786.943523553924 0 0)
(-786.158809284463 0 0)
(-786.237827641629 0 0)
(-785.431416455196 0 0)
(-785.360408403813 0 0)
(-784.5008821403 0 0)
(-784.286449007311 0 0)
(-783.356890428663 0 0)
(-782.986155169153 0 0)
(-782.000240188534 0 0)
(-781.465821406543 0 0)
(-780.409241747307 0 0)
(-779.759105042078 0 0)
(-778.600010215796 0 0)
(-777.841896094415 0 0)
(-776.609598413571 0 0)
(-775.736481879345 0 0)
(-774.429124498985 0 0)
(-773.462452409815 0 0)
(-772.087517634159 0 0)
(-771.0283602395 0 0)
(-769.582324682686 0 0)
(-768.436979515003 0 0)
(-766.925817460812 0 0)
(-765.701119806076 0 0)
(-764.127587965733 0 0)
(-762.829399141497 0 0)
(-761.19440896756 0 0)
(-759.821713886236 0 0)
(-758.125754574725 0 0)
(-756.681281353332 0 0)
(-754.926228274328 0 0)
(-753.413135994385 0 0)
(-751.601025277604 0 0)
(-750.021840897997 0 0)
(-748.153478470104 0 0)
(-746.508810864572 0 0)
(-744.583579013639 0 0)
(-742.874268211774 0 0)
(-740.893753647818 0 0)
(-739.121340537897 0 0)
(-737.085811740152 0 0)
(-735.251226088163 0 0)
(-733.161187709614 0 0)
(-731.265402077949 0 0)
(-729.121379896641 0 0)
(-727.165256203506 0 0)
(-724.967686519098 0 0)
(-722.952079260688 0 0)
(-720.701554305444 0 0)
(-718.627310377014 0 0)
(-716.32429484643 0 0)
(-714.192169182557 0 0)
(-711.837126225554 0 0)
(-709.64784574015 0 0)
(-707.241207050928 0 0)
(-704.995379950472 0 0)
(-702.53752158941 0 0)
(-700.235814146799 0 0)
(-697.727198067975 0 0)
(-695.370267217199 0 0)
(-692.811388555491 0 0)
(-690.399924292761 0 0)
(-687.791090037887 0 0)
(-685.325527345607 0 0)
(-682.667280868987 0 0)
(-680.148518323793 0 0)
(-677.441463760903 0 0)
(-674.870106900678 0 0)
(-672.114713867013 0 0)
(-669.491375032985 0 0)
(-666.688117824689 0 0)
(-664.01340696054 0 0)
(-661.16276692849 0 0)
(-658.437292134907 0 0)
(-655.539756784889 0 0)
(-652.764124583155 0 0)
(-649.820187535305 0 0)
(-646.995003908199 0 0)
(-644.005164919697 0 0)
(-641.131034985428 0 0)
(-638.095799190455 0 0)
(-635.173327768747 0 0)
(-632.093206044527 0 0)
(-629.122997902279 0 0)
(-625.9985059952 0 0)
(-622.981165485655 0 0)
(-619.812824304512 0 0)
(-616.748956172892 0 0)
(-613.537290875611 0 0)
(-610.427499802286 0 0)
(-607.173040228206 0 0)
(-604.017931249981 0 0)
(-600.721211103544 0 0)
(-597.521389566607 0 0)
(-594.182946754998 0 0)
(-590.939018134392 0 0)
(-587.559394167823 0 0)
(-584.271964408994 0 0)
(-580.851704269831 0 0)
(-577.521379894405 0 0)
(-574.06103212178 0 0)
(-570.688419614978 0 0)
(-567.188535781849 0 0)
(-563.774242476325 0 0)
(-560.235377349521 0 0)
(-556.780010856638 0 0)
(-553.202722055818 0 0)
(-549.706890445092 0 0)
(-546.091738399663 0 0)
(-542.556050165313 0 0)
(-538.90359791652 0 0)
(-535.32866234955 0 0)
(-531.639475620358 0 0)
(-528.025902258129 0 0)
(-524.30054921041 0 0)
(-520.648948250588 0 0)
(-516.887999409853 0 0)
(-513.198981755711 0 0)
(-509.403010078023 0 0)
(-505.677186868723 0 0)
(-501.846767472202 0 0)
(-498.084750731477 0 0)
(-494.220460848362 0 0)
(-490.422863140395 0 0)
(-486.525282368501 0 0)
(-482.692716982552 0 0)
(-478.762426721045 0 0)
(-474.895507589046 0 0)
(-470.933091404452 0 0)
(-467.03243321694 0 0)
(-463.038476655734 0 0)
(-459.104694409353 0 0)
(-455.079784781975 0 0)
(-451.113494926249 0 0)
(-447.058221811407 0 0)
(-443.060041008183 0 0)
(-438.974995585827 0 0)
(-434.945541580534 0 0)
(-430.831316953919 0 0)
(-426.771208129962 0 0)
(-422.6283991767 0 0)
(-418.538254524719 0 0)
(-414.367457705233 0 0)
(-410.247897129543 0 0)
(-406.0497106965 0 0)
(-401.901354849947 0 0)
(-397.676379111979 0 0)
(-393.499849563017 0 0)
(-389.248686105436 0 0)
(-385.044605449385 0 0)
(-380.767858033976 0 0)
(-376.536849466465 0 0)
(-372.235123093567 0 0)
(-367.977810495442 0 0)
(-363.651711748969 0 0)
(-359.368719732688 0 0)
(-355.018856540998 0 0)
(-350.710810439954 0 0)
(-346.337792614831 0 0)
(-342.005318771654 0 0)
(-337.609757730817 0 0)
(-333.25348352181 0 0)
(-328.835992240463 0 0)
(-324.456545567453 0 0)
(-320.017738533714 0 0)
(-315.615747575457 0 0)
(-311.156239942945 0 0)
(-306.732333209306 0 0)
(-302.2527415221 0 0)
(-297.807548120741 0 0)
(-293.308490466417 0 0)
(-288.84264109426 0 0)
(-284.324737606904 0 0)
(-279.83886342095 0 0)
(-275.302736429879 0 0)
(-270.797469978305 0 0)
(-266.243741627918 0 0)
(-261.719714685219 0 0)
(-257.14900789998 0 0)
(-252.60685220221 0 0)
(-248.019791826811 0 0)
(-243.460136543802 0 0)
(-238.857345158241 0 0)
(-234.280828282598 0 0)
(-229.662941958989 0 0)
(-225.070200407785 0 0)
(-220.437825814884 0 0)
(-215.829474274028 0 0)
(-211.183305730081 0 0)
(-206.561306919978 0 0)
(-201.899579947569 0 0)
(-197.262163436042 0 0)
(-192.590470281497 0 0)
(-187.939386268936 0 0)
(-183.255179833936 0 0)
(-178.591201980695 0 0)
(-173.895438931962 0 0)
(-169.219294998665 0 0)
(-164.512802226854 0 0)
(-159.825036380155 0 0)
(-155.108103287235 0 0)
(-150.409386332825 0 0)
(-145.682719157114 0 0)
(-140.973915815788 0 0)
(-136.238203284332 0 0)
(-131.519678708381 0 0)
(-126.775482636932 0 0)
(-122.048060406165 0 0)
(-117.295913235508 0 0)
(-112.560161825767 0 0)
(-107.800834222078 0 0)
(-103.057514733154 0 0)
(-98.2914450220069 0 0)
(-93.5410917085818 0 0)
(-88.7690713335568 0 0)
(-84.0123849717045 0 0)
(-79.234837716373 0 0)
(-74.472576440174 0 0)
(-69.690242642109 0 0)
(-64.9228865730774 0 0)
(-60.136321131745 0 0)
(-55.364663996553 0 0)
(-50.5744302010827 0 0)
(-45.799146069246 0 0)
(-41.0058714198635 0 0)
(-36.227540507837 0 0)
(-31.4319122258057 0 0)
(-26.6511388857325 0 0)
(-21.8537644181171 0 0)
(-17.0712729921436 0 0)
(-12.2727183379643 0 0)
(-7.48900170448001 0 0)
(-2.69010873581871 0 0)
(2.09391777416218 0 0)
(6.8928229992508 0 0)
(11.6765645517148 0 0)
(16.4751653229402 0 0)
(21.2577064508308 0 0)
(26.0551434804714 0 0)
(30.8360037458692 0 0)
(35.63170018683 0 0)
(40.4101590180574 0 0)
(45.2035140627504 0 0)
(49.9789825628147 0 0)
(54.7693205244876 0 0)
(59.5411774940873 0 0)
(64.3278827502757 0 0)
(69.0954194929619 0 0)
(73.8779586578289 0 0)
(78.6404683830285 0 0)
(83.4182718090628 0 0)
(88.1752375784419 0 0)
(92.9474631925504 0 0)
(97.6980490929421 0 0)
(102.464369666853 0 0)
(107.208039537965 0 0)
(111.967649263728 0 0)
(116.703695658375 0 0)
(121.456088538402 0 0)
(126.183803209968 0 0)
(130.928307862162 0 0)
(135.647171558299 0 0)
(140.383208546471 0 0)
(145.092488845824 0 0)
(149.819423717459 0 0)
(154.518380825282 0 0)
(159.235824246964 0 0)
(163.923822028326 0 0)
(168.630794953506 0 0)
(173.307375605801 0 0)
(178.00333310381 0 0)
(182.667760178293 0 0)
(187.352322806605 0 0)
(192.003744828752 0 0)
(196.675843896671 0 0)
(201.31400339595 0 0)
(205.975452187038 0 0)
(210.597399617352 0 0)
(215.243792150149 0 0)
(219.85244190049 0 0)
(224.485029338798 0 0)
(229.078085324414 0 0)
(233.696204212696 0 0)
(238.27303317844 0 0)
(242.876051735154 0 0)
(247.436016785625 0 0)
(252.02330791021 0 0)
(256.565782098985 0 0)
(261.136722986144 0 0)
(265.661069718777 0 0)
(270.215036238661 0 0)
(274.720628832404 0 0)
(279.256999796576 0 0)
(283.743204727664 0 0)
(288.261355970219 0 0)
(292.727540123261 0 0)
(297.226849876082 0 0)
(301.672382151226 0 0)
(306.152229378079 0 0)
(310.576479010466 0 0)
(315.036246557172 0 0)
(319.438585355325 0 0)
(323.877657279706 0 0)
(328.257457144135 0 0)
(332.67521842756 0 0)
(337.03185156573 0 0)
(341.427688420682 0 0)
(345.76052701706 0 0)
(350.133826371901 0 0)
(354.442243149616 0 0)
(358.792393259501 0 0)
(363.075761887562 0 0)
(367.402153120415 0 0)
(371.659848194515 0 0)
(375.961872596865 0 0)
(380.193269828261 0 0)
(384.470321216326 0 0)
(388.674797072427 0 0)
(392.926270727386 0 0)
(397.103202236539 0 0)
(401.328494926927 0 0)
(405.477259865904 0 0)
(409.675769855146 0 0)
(413.795746722044 0 0)
(417.966874075794 0 0)
(422.057442528275 0 0)
(426.200588996422 0 0)
(430.261129150925 0 0)
(434.375698498677 0 0)
(438.405591636166 0 0)
(442.49098924699 0 0)
(446.489617157772 0 0)
(450.54525009689 0 0)
(454.511995441104 0 0)
(458.537272734725 0 0)
(462.471518940522 0 0)
(466.465851416561 0 0)
(470.366982505394 0 0)
(474.329782874903 0 0)
(478.197183803466 0 0)
(482.127866841104 0 0)
(485.960923430346 0 0)
(489.858905991325 0 0)
(493.65700446308 0 0)
(497.521705121859 0 0)
(501.284232703371 0 0)
(505.115072335035 0 0)
(508.841416639229 0 0)
(512.637818238847 0 0)
(516.32736757368 0 0)
(520.088756277449 0 0)
(523.740899614059 0 0)
(527.466702740059 0 0)
(531.080829525788 0 0)
(534.770477047649 0 0)
(538.345977431683 0 0)
(541.998901267186 0 0)
(545.535166196154 0 0)
(549.150801062319 0 0)
(552.647221769747 0 0)
(556.22500502653 0 0)
(559.680973170856 0 0)
(563.220344834591 0 0)
(566.635252852226 0 0)
(570.135655640636 0 0)
(573.50889650256 0 0)
(576.969776249244 0 0)
(580.300743167972 0 0)
(583.721548687672 0 0)
(587.009635751914 0 0)
(590.389819218326 0 0)
(593.63442039346 0 0)
(596.973437475597 0 0)
(600.173947695429 0 0)
(603.471257443367 0 0)
(606.627072077908 0 0)
(609.882137595689 0 0)
(612.99265203508 0 0)
(616.204940311931 0 0)
(619.269550680607 0 0)
(622.43853304193 0 0)
(625.45663567771 0 0)
(628.58178802058 0 0)
(631.55277948474 0 0)
(634.633582419586 0 0)
(637.556859617818 0 0)
(640.592798692303 0 0)
(643.467758618041 0 0)
(646.458324797544 0 0)
(649.28436451583 0 0)
(652.22905443727 0 0)
(655.005570907897 0 0)
(657.903887497933 0 0)
(660.630277422476 0 0)
(663.481729094872 0 0)
(666.157388535143 0 0)
(668.961490563005 0 0)
(671.58581446408 0 0)
(674.342089389788 0 0)
(676.914471563122 0 0)
(679.622448199404 0 0)
(682.142280466736 0 0)
(684.80149406565 0 0)
(687.268177117839 0 0)
(689.878073066301 0 0)
(692.290942487165 0 0)
(694.851253447406 0 0)
(697.209883811856 0 0)
(699.720197188791 0 0)
(702.023869967993 0 0)
(704.483697585746 0 0)
(706.731769465367 0 0)
(709.140666974112 0 0)
(711.332469401915 0 0)
(713.69000095298 0 0)
(715.824859999843 0 0)
(718.130591776793 0 0)
(720.20781565042 0 0)
(722.461320039554 0 0)
(724.48019382155 0 0)
(726.681048721472 0 0)
(728.640808482182 0 0)
(730.788583156465 0 0)
(732.688516476187 0 0)
(734.782782231906 0 0)
(736.62191535403 0 0)
(738.662026366835 0 0)
(740.439337927878 0 0)
(742.424749402351 0 0)
(744.139195479622 0 0)
(746.069308298237 0 0)
(747.719257013328 0 0)
(749.593193288402 0 0)
(751.178211568196 0 0)
(752.995372216663 0 0)
(754.513348036594 0 0)
(756.272869287427 0 0)
(757.72189209089 0 0)
(759.422507592021 0 0)
(760.800439965495 0 0)
(762.441140916824 0 0)
(763.745915655832 0 0)
(765.323965956135 0 0)
(766.552027013811 0 0)
(768.067654820966 0 0)
(769.219359099314 0 0)
(770.672639953755 0 0)
(771.740670329158 0 0)
(773.122590937322 0 0)
(774.09801804017 0 0)
(775.416591446262 0 0)
(776.303607120224 0 0)
(777.55345477811 0 0)
(778.329983467277 0 0)
(779.512257568382 0 0)
(780.189861402212 0 0)
(781.278422714486 0 0)
(781.851785342452 0 0)
(782.878252470249 0 0)
(783.299800443575 0 0)
(784.28162979787 0 0)
(784.556392582716 0 0)
(785.473079925015 0 0)
(785.612753072078 0 0)
(786.47719327795 0 0)
(786.463782784353 0 0)
(787.304733085696 0 0)
(787.134730590302 0 0)
(787.947025099103 0 0)
(787.654520973812 0 0)
(788.422985686996 0 0)
(788.022108134495 0 0)
(788.778746376082 0 0)
(788.246802484911 0 0)
(789.035512995098 0 0)
(788.394751642996 0 0)
(789.186763364599 0 0)
(788.471879700941 0 0)
(789.309329837534 0 0)
(788.511153512252 0 0)
(789.364579374041 0 0)
(788.568798628035 0 0)
(789.105010640743 0 0)
)
;

boundaryField
{
    electrode
    {
        type            calculated;
        value           uniform (-788.672034689289 0 0);
    }
    ground
    {
        type            calculated;
        value           uniform (789.105010640743 0 0);
    }
    otherfaces
    {
        type            empty;
    }
}


// ************************************************************************* //
