/*--------------------------------*- C++ -*----------------------------------*\
| =========                 |                                                 |
| \\      /  F ield         | foam-extend: Open Source CFD                    |
|  \\    /   O peration     | Version:     4.1                                |
|   \\  /    A nd           | Web:         http://www.foam-extend.org         |
|    \\/     M anipulation  |                                                 |
\*---------------------------------------------------------------------------*/
FoamFile
{
    version     2.0;
    format      ascii;
    class       volVectorField;
    location    "1.50009999935002e-05";
    object      velocityArp1;
}
// * * * * * * * * * * * * * * * * * * * * * * * * * * * * * * * * * * * * * //

dimensions      [0 1 -1 0 0 0 0];

internalField   nonuniform List<vector> 
500
(
(-4053.03796963294 0 0)
(-3904.92821352152 0 0)
(-3803.15918388508 0 0)
(-3688.19845223036 0 0)
(-3570.3189955962 0 0)
(-3448.5718346665 0 0)
(-3323.58078594552 0 0)
(-3195.00851056329 0 0)
(-3063.38791807503 0 0)
(-2929.70512587756 0 0)
(-2794.89334868059 0 0)
(-2660.2885208757 0 0)
(-2526.63957444683 0 0)
(-2394.85575060422 0 0)
(-2267.11503295093 0 0)
(-2143.26716838429 0 0)
(-2025.026005548 0 0)
(-1913.13787106602 0 0)
(-1807.65714341971 0 0)
(-1709.47212972451 0 0)
(-1618.33478529396 0 0)
(-1534.36367100502 0 0)
(-1457.27397951168 0 0)
(-1386.82220280618 0 0)
(-1322.08871484163 0 0)
(-1263.53471447422 0 0)
(-1209.59379585125 0 0)
(-1160.47653065209 0 0)
(-1115.90452777849 0 0)
(-1074.59034764836 0 0)
(-1036.77831440531 0 0)
(-1002.2495931075 0 0)
(-970.041477961167 0 0)
(-940.009067697821 0 0)
(-912.271989685776 0 0)
(-886.789502631342 0 0)
(-863.023690125719 0 0)
(-840.57035103843 0 0)
(-819.346175317941 0 0)
(-799.316115290194 0 0)
(-780.475977428835 0 0)
(-762.73929202427 0 0)
(-745.984758572677 0 0)
(-730.041233050812 0 0)
(-714.858722006001 0 0)
(-700.370149863968 0 0)
(-686.518001260696 0 0)
(-673.243492810523 0 0)
(-660.50620031014 0 0)
(-648.27965754684 0 0)
(-636.549096491956 0 0)
(-625.264758143395 0 0)
(-614.398837936274 0 0)
(-603.917399747143 0 0)
(-593.788588472348 0 0)
(-583.992346483475 0 0)
(-574.511650466294 0 0)
(-565.326013997265 0 0)
(-556.420631504235 0 0)
(-547.778181662843 0 0)
(-539.387040972941 0 0)
(-531.232176871798 0 0)
(-523.30211820848 0 0)
(-515.584010742953 0 0)
(-508.06979307005 0 0)
(-500.748108857774 0 0)
(-493.611508841591 0 0)
(-486.65005463553 0 0)
(-479.857316577661 0 0)
(-473.224480250464 0 0)
(-466.746033028412 0 0)
(-460.414125240275 0 0)
(-454.223808657669 0 0)
(-448.168090902575 0 0)
(-442.243005842332 0 0)
(-436.44201667247 0 0)
(-430.760922940897 0 0)
(-425.19502985052 0 0)
(-419.74170346187 0 0)
(-414.392664325568 0 0)
(-409.146612029464 0 0)
(-403.999269427501 0 0)
(-398.948132464403 0 0)
(-393.98895008138 0 0)
(-389.119535675952 0 0)
(-384.335986750117 0 0)
(-379.636355820083 0 0)
(-375.017045149408 0 0)
(-370.476317542212 0 0)
(-366.010846926402 0 0)
(-361.619081530085 0 0)
(-357.297938210975 0 0)
(-353.04602959028 0 0)
(-348.860490540872 0 0)
(-344.7400797185 0 0)
(-340.682128042849 0 0)
(-336.685524134612 0 0)
(-332.74777592025 0 0)
(-328.867888208886 0 0)
(-325.043528854732 0 0)
(-321.273806819843 0 0)
(-317.55653494402 0 0)
(-313.890915461685 0 0)
(-310.274893432949 0 0)
(-306.707754775816 0 0)
(-303.187564809785 0 0)
(-299.713685099143 0 0)
(-296.28429087043 0 0)
(-292.898811764749 0 0)
(-289.555523617872 0 0)
(-286.253917774771 0 0)
(-282.992362264512 0 0)
(-279.770404214087 0 0)
(-276.586496496648 0 0)
(-273.440236821456 0 0)
(-270.330156111674 0 0)
(-267.255898213817 0 0)
(-264.216065887744 0 0)
(-261.210344794316 0 0)
(-258.237404336477 0 0)
(-255.296968236595 0 0)
(-252.387767473506 0 0)
(-249.509560546219 0 0)
(-246.661135474735 0 0)
(-243.842282480798 0 0)
(-241.05184262267 0 0)
(-238.289635019985 0 0)
(-235.554550162362 0 0)
(-232.846433680188 0 0)
(-230.164221887928 0 0)
(-227.507784684408 0 0)
(-224.876101275042 0 0)
(-222.269063760612 0 0)
(-219.685691363119 0 0)
(-217.125896596738 0 0)
(-214.588736031399 0 0)
(-212.074140835703 0 0)
(-209.581202750198 0 0)
(-207.10986997849 0 0)
(-204.659267199182 0 0)
(-202.229358300812 0 0)
(-199.819298930494 0 0)
(-197.429067279122 0 0)
(-195.057848110812 0 0)
(-192.705632788172 0 0)
(-190.371633538574 0 0)
(-188.05585375404 0 0)
(-185.757531511901 0 0)
(-183.476681120672 0 0)
(-181.212565324119 0 0)
(-178.965208474028 0 0)
(-176.733896443974 0 0)
(-174.518662608027 0 0)
(-172.318815033944 0 0)
(-170.134395223155 0 0)
(-167.964732317482 0 0)
(-165.809875058338 0 0)
(-163.669172855357 0 0)
(-161.542680654718 0 0)
(-159.429767534534 0 0)
(-157.33049364482 0 0)
(-155.244247256591 0 0)
(-153.171092592338 0 0)
(-151.110437027711 0 0)
(-149.062347318798 0 0)
(-147.026250093813 0 0)
(-145.002213285242 0 0)
(-142.989683120447 0 0)
(-140.98872673656 0 0)
(-138.998810863665 0 0)
(-137.019999688981 0 0)
(-135.0517817655 0 0)
(-133.094215714292 0 0)
(-131.146813661243 0 0)
(-129.209625746537 0 0)
(-127.282189997006 0 0)
(-125.364544540158 0 0)
(-123.456256139951 0 0)
(-121.557346970138 0 0)
(-119.667415833917 0 0)
(-117.78646450966 0 0)
(-115.914127800416 0 0)
(-114.050381926943 0 0)
(-112.194902243064 0 0)
(-110.347634064526 0 0)
(-108.508298269255 0 0)
(-106.676803403819 0 0)
(-104.852921295401 0 0)
(-103.036517832955 0 0)
(-101.227421029966 0 0)
(-99.4254478609704 0 0)
(-97.6304886842388 0 0)
(-95.842304827765 0 0)
(-94.0608542003248 0 0)
(-92.2858369454861 0 0)
(-90.5172837305565 0 0)
(-88.7548279043049 0 0)
(-86.9985783425511 0 0)
(-85.2480943673978 0 0)
(-83.5035693057264 0 0)
(-81.7644866586285 0 0)
(-80.0311266234581 0 0)
(-78.3028892690143 0 0)
(-76.5801378145412 0 0)
(-74.8622040558121 0 0)
(-73.1495803777426 0 0)
(-71.4416314335691 0 0)
(-69.7376509870314 0 0)
(-68.0399050663772 0 0)
(-66.3446517422171 0 0)
(-64.6558787555594 0 0)
(-62.9689346457179 0 0)
(-61.2885108894238 0 0)
(-59.6094635955327 0 0)
(-57.9369394732199 0 0)
(-56.2653799207185 0 0)
(-54.6002468940687 0 0)
(-52.9356037896179 0 0)
(-51.2774021918957 0 0)
(-49.6192495606901 0 0)
(-47.9675968598988 0 0)
(-46.3155142526816 0 0)
(-44.6698613719576 0 0)
(-43.0233943439257 0 0)
(-41.3833556391616 0 0)
(-39.7420466990277 0 0)
(-38.107154335601 0 0)
(-36.4706348535459 0 0)
(-34.8404928756866 0 0)
(-33.2082878667717 0 0)
(-31.582424396217 0 0)
(-29.9541842771662 0 0)
(-28.3321948959184 0 0)
(-26.7074493877012 0 0)
(-25.0889455112528 0 0)
(-23.467339905673 0 0)
(-21.8518468313395 0 0)
(-20.2329633273987 0 0)
(-18.6201147727245 0 0)
(-17.0035437273808 0 0)
(-15.3929352670654 0 0)
(-13.7782912998884 0 0)
(-12.1694899683409 0 0)
(-10.5564089049176 0 0)
(-8.94899285166468 0 0)
(-7.33708479452429 0 0)
(-5.73067418023269 0 0)
(-4.1195366704549 0 0)
(-2.51367566936475 0 0)
(-0.902996879567575 0 0)
(0.702631172546706 0 0)
(2.31330887655937 0 0)
(3.91916392888274 0 0)
(5.53030007588876 0 0)
(7.13669998457271 0 0)
(8.74860004462649 0 0)
(10.3560048594186 0 0)
(11.9690676998486 0 0)
(13.5778584633115 0 0)
(15.1924762259794 0 0)
(16.8030799402407 0 0)
(18.419620697932 0 0)
(20.0324566197061 0 0)
(21.6513094976331 0 0)
(23.2667705385901 0 0)
(24.8883555153711 0 0)
(26.5068368278573 0 0)
(28.1315666408861 0 0)
(29.7535309707184 0 0)
(31.3817261198585 0 0)
(33.0075349488569 0 0)
(34.6396982858444 0 0)
(36.2698129402598 0 0)
(37.9062884506318 0 0)
(39.5411209674447 0 0)
(41.1823615204141 0 0)
(42.8223262161611 0 0)
(44.4687344251369 0 0)
(46.1143154500695 0 0)
(47.7663316241144 0 0)
(49.4179458090894 0 0)
(51.0759994484337 0 0)
(52.7340696177487 0 0)
(54.3986844427251 0 0)
(56.063668657562 0 0)
(57.7351772074686 0 0)
(59.4076079853219 0 0)
(61.086493515636 0 0)
(62.7668155526027 0 0)
(64.453638826501 0 0)
(66.1422587491024 0 0)
(67.8373967754391 0 0)
(69.535112626952 0 0)
(71.2387314350367 0 0)
(72.946358174679 0 0)
(74.6587792599754 0 0)
(76.3764984609032 0 0)
(78.0990283208544 0 0)
(79.8270424992952 0 0)
(81.560173659636 0 0)
(83.2990174688726 0 0)
(85.0432967651434 0 0)
(86.7935262347338 0 0)
(88.5495162428923 0 0)
(90.3117057885038 0 0)
(92.0799853385699 0 0)
(93.8547213080076 0 0)
(95.6358841776127 0 0)
(97.4237734331145 0 0)
(99.2184311830852 0 0)
(101.020095505714 0 0)
(102.828876200309 0 0)
(104.644956119335 0 0)
(106.468507431278 0 0)
(108.299663793255 0 0)
(110.138653461187 0 0)
(111.98556782431 0 0)
(113.840686104289 0 0)
(115.704062870686 0 0)
(117.576022796371 0 0)
(119.456589516742 0 0)
(121.346128202648 0 0)
(123.244637063345 0 0)
(125.152517256649 0 0)
(127.069746387826 0 0)
(128.996757775867 0 0)
(130.933512981511 0 0)
(132.880474037498 0 0)
(134.83759062218 0 0)
(136.805350566559 0 0)
(138.78369507707 0 0)
(140.773135557705 0 0)
(142.773607755753 0 0)
(144.785644832514 0 0)
(146.809179590488 0 0)
(148.844765665057 0 0)
(150.892335079484 0 0)
(152.952461138373 0 0)
(155.025076891745 0 0)
(157.110774857915 0 0)
(159.20949071573 0 0)
(161.321836118204 0 0)
(163.447750728106 0 0)
(165.587865351363 0 0)
(167.742124890554 0 0)
(169.91117985189 0 0)
(172.094981317699 0 0)
(174.294200063448 0 0)
(176.508794351553 0 0)
(178.739456083616 0 0)
(180.986151669035 0 0)
(183.249595095883 0 0)
(185.529761830587 0 0)
(187.827389082845 0 0)
(190.142462255574 0 0)
(192.47574315195 0 0)
(194.827228116334 0 0)
(197.197704870778 0 0)
(199.587181801219 0 0)
(201.996474069048 0 0)
(204.425603072834 0 0)
(206.875413144378 0 0)
(209.345940145313 0 0)
(211.83805919058 0 0)
(214.351821858727 0 0)
(216.888136162231 0 0)
(219.447070767222 0 0)
(222.029568758411 0 0)
(224.635717449626 0 0)
(227.266497333627 0 0)
(229.9220160525 0 0)
(232.603294260193 0 0)
(235.310461580765 0 0)
(238.044581596632 0 0)
(240.805808266555 0 0)
(243.595250927496 0 0)
(246.413090134911 0 0)
(249.260484462073 0 0)
(252.137643391868 0 0)
(255.045778610615 0 0)
(257.985131173483 0 0)
(260.956969914371 0 0)
(263.961570645353 0 0)
(267.0002636968 0 0)
(270.073362959638 0 0)
(273.182265274608 0 0)
(276.327326437382 0 0)
(279.5100151524 0 0)
(282.730733193582 0 0)
(285.991027407516 0 0)
(289.291350060416 0 0)
(292.633332768202 0 0)
(296.017483761264 0 0)
(299.445526681549 0 0)
(302.918031357234 0 0)
(306.436822096841 0 0)
(310.002536891019 0 0)
(313.617109802801 0 0)
(317.281254429309 0 0)
(320.99702508408 0 0)
(324.765219148902 0 0)
(328.588022989685 0 0)
(332.466327156798 0 0)
(336.402463184423 0 0)
(340.397425610652 0 0)
(344.453705996327 0 0)
(348.572414944405 0 0)
(352.756220950026 0 0)
(357.006364633808 0 0)
(361.325710717714 0 0)
(365.715645538864 0 0)
(370.179251742633 0 0)
(374.718080238044 0 0)
(379.335456341334 0 0)
(384.033116686806 0 0)
(388.81465834742 0 0)
(393.682027740682 0 0)
(398.639126759048 0 0)
(403.688141328043 0 0)
(408.833321697631 0 0)
(414.077171920135 0 0)
(419.423993687274 0 0)
(424.875177838889 0 0)
(430.438966781376 0 0)
(436.117982683187 0 0)
(441.916916647304 0 0)
(447.839973202144 0 0)
(453.893689150284 0 0)
(460.082035055548 0 0)
(466.412007274455 0 0)
(472.888540993033 0 0)
(479.519468575231 0 0)
(486.310306047157 0 0)
(493.269875194352 0 0)
(500.404609280656 0 0)
(507.724454980262 0 0)
(515.236868120901 0 0)
(522.953213774581 0 0)
(530.881590798792 0 0)
(539.034890435696 0 0)
(547.424583261392 0 0)
(556.065680860794 0 0)
(564.969774833194 0 0)
(574.15418869444 0 0)
(583.633723265002 0 0)
(593.428842506202 0 0)
(603.556529402801 0 0)
(614.036675814525 0 0)
(624.901422750845 0 0)
(636.184864173914 0 0)
(647.914535073396 0 0)
(660.13952061163 0 0)
(672.874851068131 0 0)
(686.147021736658 0 0)
(699.996612660164 0 0)
(714.482691952977 0 0)
(729.662936885363 0 0)
(745.604615620915 0 0)
(762.357859073501 0 0)
(780.091100027258 0 0)
(798.926088204708 0 0)
(818.951920921601 0 0)
(840.173428532097 0 0)
(862.625037710961 0 0)
(886.390665720967 0 0)
(911.870724016623 0 0)
(939.606772277542 0 0)
(969.641052753142 0 0)
(1001.85435733733 0 0)
(1036.39366658595 0 0)
(1074.2175908264 0 0)
(1115.55123435749 0 0)
(1160.15056028697 0 0)
(1209.30437472357 0 0)
(1263.29578773324 0 0)
(1321.90795662462 0 0)
(1386.7229946149 0 0)
(1457.26785676686 0 0)
(1534.47570959842 0 0)
(1618.57115277395 0 0)
(1709.87196920824 0 0)
(1808.213493746 0 0)
(1913.88720168406 0 0)
(2025.96306147175 0 0)
(2144.40136121784 0 0)
(2268.43784266844 0 0)
(2396.35671369592 0 0)
(2528.30912824306 0 0)
(2662.10729366207 0 0)
(2796.81736709713 0 0)
(2931.73841012535 0 0)
(3065.53080026544 0 0)
(3197.15161714805 0 0)
(3325.75030433901 0 0)
(3450.81112350004 0 0)
(3572.61093455731 0 0)
(3690.447858969 0 0)
(3805.35697666035 0 0)
(3907.10533569497 0 0)
(4055.26100502439 0 0)
)
;

boundaryField
{
    electrode
    {
        type            zeroGradient;
    }
    ground
    {
        type            zeroGradient;
    }
    otherfaces
    {
        type            empty;
    }
}


// ************************************************************************* //
