/*--------------------------------*- C++ -*----------------------------------*\
| =========                 |                                                 |
| \\      /  F ield         | foam-extend: Open Source CFD                    |
|  \\    /   O peration     | Version:     4.1                                |
|   \\  /    A nd           | Web:         http://www.foam-extend.org         |
|    \\/     M anipulation  |                                                 |
\*---------------------------------------------------------------------------*/
FoamFile
{
    version     2.0;
    format      ascii;
    class       volVectorField;
    location    "1.50009999935002e-05";
    object      velocityelectronMean;
}
// * * * * * * * * * * * * * * * * * * * * * * * * * * * * * * * * * * * * * //

dimensions      [0 1 -1 0 0 0 0];

internalField   nonuniform List<vector> 
500
(
(-1550868.13319039 0 0)
(-1126146.76104852 0 0)
(-872671.197821052 0 0)
(-687291.347254407 0 0)
(-544048.250608777 0 0)
(-428554.789248427 0 0)
(-333441.543197987 0 0)
(-254735.958364244 0 0)
(-190149.599782292 0 0)
(-138110.62586876 0 0)
(-97272.0124342838 0 0)
(-66254.1314955844 0 0)
(-43571.2962829546 0 0)
(-27777.5852231236 0 0)
(-17340.5624850865 0 0)
(-10866.7148582965 0 0)
(-7199.22815482403 0 0)
(-5317.30954361667 0 0)
(-4497.17414418909 0 0)
(-4241.81810059558 0 0)
(-4197.7953105068 0 0)
(-4211.11419068472 0 0)
(-4178.16025803175 0 0)
(-4054.85241727967 0 0)
(-3889.46200816538 0 0)
(-3668.31954290328 0 0)
(-3388.93504734971 0 0)
(-3180.06565287681 0 0)
(-2908.38921802239 0 0)
(-2635.82892646677 0 0)
(-2460.66856584102 0 0)
(-2242.64486247501 0 0)
(-1974.69031285034 0 0)
(-1806.73175644879 0 0)
(-1758.10792829698 0 0)
(-1711.38062109637 0 0)
(-1572.37660351452 0 0)
(-1400.01858039963 0 0)
(-1264.80384662692 0 0)
(-1190.20282924365 0 0)
(-1158.1145461635 0 0)
(-1136.34298516062 0 0)
(-1093.79918621396 0 0)
(-1038.84512633065 0 0)
(-989.201413624526 0 0)
(-944.190494958842 0 0)
(-898.603809629478 0 0)
(-856.135940440415 0 0)
(-820.715195456773 0 0)
(-799.125088448987 0 0)
(-782.688469327246 0 0)
(-765.828032587455 0 0)
(-746.826475490259 0 0)
(-726.306171347897 0 0)
(-703.597448781118 0 0)
(-684.409431336013 0 0)
(-666.501864655962 0 0)
(-650.874948927807 0 0)
(-635.506714150564 0 0)
(-622.20216101301 0 0)
(-609.097561906369 0 0)
(-597.241365603958 0 0)
(-584.720593828154 0 0)
(-573.710967421399 0 0)
(-562.792143997067 0 0)
(-553.186858653607 0 0)
(-543.256089574349 0 0)
(-534.466193819748 0 0)
(-525.291371087278 0 0)
(-517.184769998556 0 0)
(-508.68481084566 0 0)
(-501.153265281767 0 0)
(-493.174946847934 0 0)
(-486.206638009885 0 0)
(-478.818529106061 0 0)
(-472.14822811118 0 0)
(-465.207911824549 0 0)
(-459.64736902541 0 0)
(-452.948458955744 0 0)
(-446.000872845587 0 0)
(-438.970386605648 0 0)
(-433.286331821148 0 0)
(-427.251092250912 0 0)
(-421.948069483513 0 0)
(-416.183279163649 0 0)
(-411.113693689419 0 0)
(-405.587157850923 0 0)
(-400.730206845804 0 0)
(-395.421225342887 0 0)
(-390.757858384025 0 0)
(-385.647485796811 0 0)
(-381.160359945995 0 0)
(-376.23320116081 0 0)
(-371.908969443811 0 0)
(-367.151516690833 0 0)
(-362.977659072735 0 0)
(-358.377114170268 0 0)
(-354.341614278432 0 0)
(-349.886724130155 0 0)
(-345.980163474626 0 0)
(-341.661898060452 0 0)
(-337.875615825922 0 0)
(-333.684678574642 0 0)
(-330.009974276369 0 0)
(-325.937893208756 0 0)
(-322.367789840924 0 0)
(-318.408064541258 0 0)
(-314.936503652212 0 0)
(-311.082698190489 0 0)
(-307.703602952812 0 0)
(-303.949276917082 0 0)
(-300.656656238739 0 0)
(-296.99599228969 0 0)
(-293.785355763677 0 0)
(-290.214428694518 0 0)
(-287.082318581196 0 0)
(-283.596744556682 0 0)
(-280.538585097966 0 0)
(-277.133690258649 0 0)
(-274.145470012502 0 0)
(-270.817139472042 0 0)
(-267.895227383814 0 0)
(-264.639706264685 0 0)
(-261.780762684986 0 0)
(-258.594478963542 0 0)
(-255.795338320363 0 0)
(-252.674974321516 0 0)
(-249.93267179964 0 0)
(-246.875081020756 0 0)
(-244.186879929783 0 0)
(-241.18913256711 0 0)
(-238.552502656673 0 0)
(-235.611924524361 0 0)
(-233.024508779716 0 0)
(-230.138489109078 0 0)
(-227.597988930917 0 0)
(-224.764051428975 0 0)
(-222.26838077669 0 0)
(-219.484316928581 0 0)
(-217.031580375659 0 0)
(-214.295142212724 0 0)
(-211.883317378067 0 0)
(-209.192451826679 0 0)
(-206.819992270869 0 0)
(-204.172793689577 0 0)
(-201.837840018469 0 0)
(-199.232346358994 0 0)
(-196.933515998591 0 0)
(-194.368009227779 0 0)
(-192.103746839228 0 0)
(-189.576463501228 0 0)
(-187.345349176732 0 0)
(-184.854716873548 0 0)
(-182.655497150787 0 0)
(-180.199837686154 0 0)
(-178.031249566888 0 0)
(-175.609112097815 0 0)
(-173.470001660607 0 0)
(-171.079905003686 0 0)
(-168.969215742261 0 0)
(-166.609580916455 0 0)
(-164.526317403614 0 0)
(-162.195924166448 0 0)
(-160.139028538845 0 0)
(-157.836408490584 0 0)
(-155.805176194271 0 0)
(-153.529038600781 0 0)
(-151.522455941491 0 0)
(-149.271500628694 0 0)
(-147.28893695801 0 0)
(-145.061720969913 0 0)
(-143.102575879794 0 0)
(-140.897931523552 0 0)
(-138.961342298832 0 0)
(-136.778157146508 0 0)
(-134.863527439437 0 0)
(-132.700600719223 0 0)
(-130.807300925773 0 0)
(-128.663382083007 0 0)
(-126.790983875738 0 0)
(-124.664844205489 0 0)
(-122.812955816128 0 0)
(-120.703589303332 0 0)
(-118.871475422237 0 0)
(-116.777771139491 0 0)
(-114.965022444901 0 0)
(-112.886185422115 0 0)
(-111.092184291634 0 0)
(-109.026988171084 0 0)
(-107.251406065249 0 0)
(-105.199162429697 0 0)
(-103.441345370153 0 0)
(-101.401095309287 0 0)
(-99.6604398355534 0 0)
(-97.6316603995115 0 0)
(-95.9075336073187 0 0)
(-93.8894555906499 0 0)
(-92.1812590672312 0 0)
(-90.1732752261851 0 0)
(-88.4802330334164 0 0)
(-86.481958011995 0 0)
(-84.80337747846 0 0)
(-82.8167198551383 0 0)
(-81.1594953946407 0 0)
(-79.1173580377627 0 0)
(-76.6746750168185 0 0)
(-73.3658120612525 0 0)
(-77.2136995661557 0 0)
(-73.1157676869031 0 0)
(-70.0431146361461 0 0)
(-67.9593619613202 0 0)
(-66.8782208476557 0 0)
(-64.5784988773847 0 0)
(-63.3812533265535 0 0)
(-61.0256057260693 0 0)
(-59.8496722412092 0 0)
(-57.4581320872037 0 0)
(-56.3034249937859 0 0)
(-54.1201508986939 0 0)
(-52.8149709806057 0 0)
(-50.3946114033476 0 0)
(-49.3044828062887 0 0)
(-46.9078074146463 0 0)
(-45.8245510123216 0 0)
(-43.4150933179321 0 0)
(-42.3487123942023 0 0)
(-39.9338675191659 0 0)
(-38.8818752956107 0 0)
(-36.464629694121 0 0)
(-35.423479673039 0 0)
(-33.0066534105904 0 0)
(-31.972647461394 0 0)
(-29.5589858891928 0 0)
(-28.528501578822 0 0)
(-26.120647062462 0 0)
(-25.0901887530326 0 0)
(-22.6906910938412 0 0)
(-21.6567907564589 0 0)
(-19.2680882815994 0 0)
(-18.2276127817207 0 0)
(-15.8518859909619 0 0)
(-14.8019032126387 0 0)
(-12.4412645275371 0 0)
(-11.37919174247 0 0)
(-9.03652177465882 0 0)
(-7.96529843775613 0 0)
(-5.66463896226449 0 0)
(-4.53534930742604 0 0)
(-1.44734954441427 0 0)
(-2.76961215437028 0 0)
(2.82853350050965 0 0)
(1.50576954664532 0 0)
(4.59453583886131 0 0)
(5.72353300714529 0 0)
(8.02413394316441 0 0)
(9.09542278836519 0 0)
(11.4380285760621 0 0)
(12.5002058324165 0 0)
(14.8607793521864 0 0)
(15.9108336805161 0 0)
(18.2865593271887 0 0)
(19.3270515389856 0 0)
(21.7157837541091 0 0)
(22.7497320158509 0 0)
(25.1491705270987 0 0)
(26.1797748777541 0 0)
(28.5875555043751 0 0)
(29.618170844295 0 0)
(32.0317708117045 0 0)
(33.0658899368933 0 0)
(35.4826858136659 0 0)
(36.5239382562226 0 0)
(38.9411718925763 0 0)
(39.9932526734368 0 0)
(42.4081172851288 0 0)
(43.4745563936382 0 0)
(45.884019783246 0 0)
(46.9674227149756 0 0)
(49.3640553981255 0 0)
(50.4542155912699 0 0)
(52.8753931604908 0 0)
(54.1792888264343 0 0)
(56.3632110159379 0 0)
(57.5182042392417 0 0)
(59.9095676376351 0 0)
(61.085728250509 0 0)
(63.44127485571 0 0)
(64.638804884049 0 0)
(66.9384281646265 0 0)
(68.0197170276604 0 0)
(70.1035624904645 0 0)
(73.1766561129615 0 0)
(77.2737819404939 0 0)
(73.4263661804636 0 0)
(76.7354567144422 0 0)
(79.1783667353089 0 0)
(81.220383831144 0 0)
(82.8778139668748 0 0)
(84.8645157930545 0 0)
(86.5431616151402 0 0)
(88.5415738862599 0 0)
(90.2346753230089 0 0)
(92.2428236951069 0 0)
(93.9510833857023 0 0)
(95.9693390077119 0 0)
(97.6935281313941 0 0)
(99.722456087594 0 0)
(101.463232404244 0 0)
(103.503508087856 0 0)
(105.261575961481 0 0)
(107.313911902283 0 0)
(109.089610155066 0 0)
(111.155043380288 0 0)
(112.948976609346 0 0)
(115.028083448105 0 0)
(116.841045084263 0 0)
(118.934744832419 0 0)
(120.767035332653 0 0)
(122.876535358416 0 0)
(124.728696366697 0 0)
(126.85500074007 0 0)
(128.727363000356 0 0)
(130.871649121855 0 0)
(132.764985176628 0 0)
(134.92807845696 0 0)
(136.842961401282 0 0)
(139.026306552912 0 0)
(140.963073663489 0 0)
(143.167826243752 0 0)
(145.127335300014 0 0)
(147.354531059425 0 0)
(149.337339471995 0 0)
(151.588631464258 0 0)
(153.5952799116 0 0)
(155.871611602332 0 0)
(157.903191847143 0 0)
(160.205979585905 0 0)
(162.262988613833 0 0)
(164.59367936191 0 0)
(166.677220728381 0 0)
(169.036974995476 0 0)
(171.147924859065 0 0)
(173.538325961232 0 0)
(175.677616950827 0 0)
(178.100027590967 0 0)
(180.268876520583 0 0)
(182.724766460669 0 0)
(184.924221436441 0 0)
(187.41513720424 0 0)
(189.646532495756 0 0)
(192.17407545687 0 0)
(194.438617803449 0 0)
(197.004417492681 0 0)
(199.303598568441 0 0)
(201.909351046287 0 0)
(204.244507920581 0 0)
(206.892053457928 0 0)
(209.264915783602 0 0)
(211.956090429212 0 0)
(214.368161025918 0 0)
(217.104900772987 0 0)
(219.558039482111 0 0)
(222.342495610429 0 0)
(224.83850119576 0 0)
(227.67275007435 0 0)
(230.213595092587 0 0)
(233.100000630778 0 0)
(235.687835257609 0 0)
(238.628824783594 0 0)
(241.26583929239 0 0)
(244.263947945815 0 0)
(246.952536170335 0 0)
(250.010538505144 0 0)
(252.753255656613 0 0)
(255.874074772748 0 0)
(258.673677804747 0 0)
(261.86041589915 0 0)
(264.719829778011 0 0)
(267.975830422609 0 0)
(270.898216188858 0 0)
(274.227014889817 0 0)
(277.215737043641 0 0)
(280.621155362345 0 0)
(283.679848661773 0 0)
(287.165952300748 0 0)
(290.29860714893 0 0)
(293.870103567416 0 0)
(297.081323604551 0 0)
(300.742557479074 0 0)
(304.035764600213 0 0)
(307.790702472084 0 0)
(311.170426596405 0 0)
(315.024860632561 0 0)
(318.497078252828 0 0)
(322.457480797826 0 0)
(326.028268711907 0 0)
(330.101045006863 0 0)
(333.776470850267 0 0)
(337.968137958948 0 0)
(341.755162767389 0 0)
(346.074183852583 0 0)
(349.981530443926 0 0)
(354.437210987956 0 0)
(358.473546600743 0 0)
(363.074929277388 0 0)
(367.249649263423 0 0)
(372.007958497767 0 0)
(376.333087818971 0 0)
(381.261154180288 0 0)
(385.749239820271 0 0)
(390.860584804859 0 0)
(395.524880888571 0 0)
(400.834873307434 0 0)
(405.692865901808 0 0)
(411.220448605312 0 0)
(416.291118806641 0 0)
(422.056961018541 0 0)
(427.361088510851 0 0)
(433.397494538483 0 0)
(439.082720180724 0 0)
(446.114413535236 0 0)
(453.063208154764 0 0)
(459.763314686878 0 0)
(465.325085832979 0 0)
(472.266715579611 0 0)
(478.938359235468 0 0)
(486.327803588443 0 0)
(493.297455487819 0 0)
(501.277183399713 0 0)
(508.810173217355 0 0)
(517.311599878676 0 0)
(525.419697298337 0 0)
(534.596048447515 0 0)
(543.387525869598 0 0)
(553.319892703574 0 0)
(562.926823625228 0 0)
(573.847341819038 0 0)
(584.85872744791 0 0)
(597.381293841219 0 0)
(609.239314901383 0 0)
(622.345805654557 0 0)
(635.652334904814 0 0)
(651.022618955926 0 0)
(666.651662801365 0 0)
(684.561486653762 0 0)
(703.751845563322 0 0)
(726.463002599958 0 0)
(746.985808523331 0 0)
(765.990009471913 0 0)
(782.853190966107 0 0)
(799.292727368022 0 0)
(820.88609602439 0 0)
(856.310342776627 0 0)
(898.781951310754 0 0)
(944.372303428854 0 0)
(989.387113169446 0 0)
(1039.03495014381 0 0)
(1093.99343846462 0 0)
(1136.54169269438 0 0)
(1158.31802352415 0 0)
(1190.41186636958 0 0)
(1265.01941029407 0 0)
(1400.24094587572 0 0)
(1572.60558777955 0 0)
(1711.61588493337 0 0)
(1758.34968814387 0 0)
(1806.98173581025 0 0)
(1974.95035407121 0 0)
(2242.91500932638 0 0)
(2460.94812006813 0 0)
(2636.1188343162 0 0)
(2908.69124247902 0 0)
(3180.38009988066 0 0)
(3389.26239995338 0 0)
(3668.66106086279 0 0)
(3889.81828891756 0 0)
(4055.22475799972 0 0)
(4178.54985003378 0 0)
(4211.52260662173 0 0)
(4198.22461441656 0 0)
(4242.27100944787 0 0)
(4497.65388305499 0 0)
(5317.81985338307 0 0)
(7199.77263406554 0 0)
(10867.2958347722 0 0)
(17341.1800784889 0 0)
(27778.2345551746 0 0)
(43571.9662985274 0 0)
(66254.8030443446 0 0)
(97272.657969968 0 0)
(138111.20868751 0 0)
(190150.075379555 0 0)
(254736.276642846 0 0)
(333441.650825428 0 0)
(428554.630419242 0 0)
(544047.764851589 0 0)
(687290.460249129 0 0)
(872669.804563095 0 0)
(1126144.68941664 0 0)
(1550864.7979437 0 0)
)
;

boundaryField
{
    electrode
    {
        type            calculated;
        value           uniform (-864357.185577367 0 0);
    }
    ground
    {
        type            calculated;
        value           uniform (864356.839226266 0 0);
    }
    otherfaces
    {
        type            empty;
    }
}


// ************************************************************************* //
