/*--------------------------------*- C++ -*----------------------------------*\
| =========                 |                                                 |
| \\      /  F ield         | foam-extend: Open Source CFD                    |
|  \\    /   O peration     | Version:     4.1                                |
|   \\  /    A nd           | Web:         http://www.foam-extend.org         |
|    \\/     M anipulation  |                                                 |
\*---------------------------------------------------------------------------*/
FoamFile
{
    version     2.0;
    format      ascii;
    class       volScalarField;
    location    "1.50100000171593e-05";
    object      electronMean;
}
// * * * * * * * * * * * * * * * * * * * * * * * * * * * * * * * * * * * * * //

dimensions      [0 -3 0 0 0 0 0];

internalField   nonuniform List<scalar> 
500
(
5.84266648993799e+15
1.0317509081864e+16
1.70324519595836e+16
2.66664287373275e+16
3.99399663424381e+16
5.7564138040613e+16
8.01891077969701e+16
1.08362783960393e+17
1.42508956141864e+17
1.82930024252103e+17
2.29833717059664e+17
2.8337823115796e+17
3.43730272896249e+17
4.11126130160974e+17
4.85928584587673e+17
5.68677041208337e+17
6.60137464424556e+17
7.61357324396161e+17
8.737430680644e+17
9.99165440818662e+17
1.14007400607721e+18
1.29960327894599e+18
1.48166602592052e+18
1.69085904245275e+18
1.9318088928738e+18
2.20831360551048e+18
2.52215888659103e+18
2.87214718734629e+18
3.25389538703367e+18
3.66059081746049e+18
4.0843901895357e+18
4.51800679920332e+18
4.95574077879273e+18
5.39375012487602e+18
5.8299226762389e+18
6.26344339801621e+18
6.6941987067572e+18
7.12235442513666e+18
7.54814755988989e+18
7.97173951480383e+18
8.39319892190253e+18
8.81258630637641e+18
9.22997307881637e+18
9.64542744591443e+18
1.00590156269012e+19
1.04707993434058e+19
1.08808352237008e+19
1.12891744047517e+19
1.16958626051534e+19
1.21009403230663e+19
1.25044431472775e+19
1.29064021091692e+19
1.33068440559105e+19
1.37057920165559e+19
1.41032655558916e+19
1.44992811101928e+19
1.48938522997406e+19
1.52869902160399e+19
1.56787036821694e+19
1.60689994888181e+19
1.64578826082301e+19
1.68453563873496e+19
1.72314227208402e+19
1.76160822066331e+19
1.79993342854033e+19
1.83811773657205e+19
1.87616089361092e+19
1.91406256656031e+19
1.95182234938073e+19
1.98943977115453e+19
2.02691430326195e+19
2.06424536578034e+19
2.10143233328254e+19
2.13847454001384e+19
2.1753712845068e+19
2.21212183372901e+19
2.24872542675625e+19
2.28518127802162e+19
2.32148858026311e+19
2.35764650707474e+19
2.39365421524447e+19
2.42951084680847e+19
2.46521553085963e+19
2.50076738518075e+19
2.53616551770287e+19
2.57140902778795e+19
2.60649700739239e+19
2.64142854205764e+19
2.67620271180985e+19
2.71081859205311e+19
2.74527525452374e+19
2.77957176813328e+19
2.81370719967162e+19
2.84768061442763e+19
2.88149107676226e+19
2.91513765061255e+19
2.94861939995337e+19
2.98193538921032e+19
3.0150846836735e+19
3.0480663496525e+19
3.08087945448415e+19
3.113523066896e+19
3.14599625723702e+19
3.17829809771155e+19
3.21042766257878e+19
3.24238402828465e+19
3.2741662735616e+19
3.30577347953747e+19
3.33720472983184e+19
3.36845911064925e+19
3.39953571093534e+19
3.43043362254845e+19
3.46115194053601e+19
3.49168976346604e+19
3.52204619367773e+19
3.55222033746842e+19
3.58221130533008e+19
3.61201821210602e+19
3.64164017718959e+19
3.67107632468517e+19
3.70032578356532e+19
3.72938768781727e+19
3.75826117662691e+19
3.78694539446964e+19
3.81543949128035e+19
3.84374262253517e+19
3.87185394933993e+19
3.8997726385572e+19
3.92749786285281e+19
3.95502880079117e+19
3.98236463690207e+19
4.00950456177878e+19
4.03644777208528e+19
4.06319347067089e+19
4.08974086660114e+19
4.1160891752306e+19
4.14223761821245e+19
4.16818542353554e+19
4.19393182556643e+19
4.2194760651421e+19
4.24481738954377e+19
4.26995505240044e+19
4.29488831374536e+19
4.31961644018582e+19
4.34413870488089e+19
4.36845438759299e+19
4.39256277472644e+19
4.41646315928884e+19
4.44015484100953e+19
4.46363712627472e+19
4.48690932821327e+19
4.50997076669092e+19
4.53282076832545e+19
4.55545866654627e+19
4.57788380154996e+19
4.60009552040713e+19
4.62209317698228e+19
4.64387613202733e+19
4.66544375319646e+19
4.68679541505554e+19
4.70793049912687e+19
4.7288483938725e+19
4.74954849472964e+19
4.77003020415133e+19
4.79029293155199e+19
4.81033609339563e+19
4.8301591131509e+19
4.84976142134717e+19
4.86914245554824e+19
4.88830166039488e+19
4.90723848759928e+19
4.92595239595445e+19
4.94444285135654e+19
4.96270932677917e+19
4.98075130232235e+19
4.99856826520527e+19
5.01615970973861e+19
5.03352513741111e+19
5.05066405681928e+19
5.06757598369503e+19
5.08426044095837e+19
5.10071695863847e+19
5.11694507396517e+19
5.13294433130925e+19
5.14871428223108e+19
5.1642544854458e+19
5.17956450687781e+19
5.19464391961911e+19
5.20949230395193e+19
5.22410924737209e+19
5.23849434455184e+19
5.25264719738782e+19
5.26656741498217e+19
5.28025461362952e+19
5.29370841686439e+19
5.30692845541065e+19
5.31991436724745e+19
5.33266579753725e+19
5.34518239869526e+19
5.35746383036283e+19
5.36950975940379e+19
5.38131985992255e+19
5.39289381325699e+19
5.40423130799361e+19
5.41533203995501e+19
5.42619571220292e+19
5.43682203505252e+19
5.44721072607425e+19
5.4573615100873e+19
5.46727411913259e+19
5.47694829259095e+19
5.48638377696157e+19
5.4955803238501e+19
5.50453768884259e+19
5.5132556348452e+19
5.52173393416603e+19
5.52997236807334e+19
5.53797072282297e+19
5.54572879858152e+19
5.55324638810423e+19
5.56052322704431e+19
5.56755905568376e+19
5.57435371624906e+19
5.58090710834627e+19
5.58721915123385e+19
5.59328983935483e+19
5.59911914505566e+19
5.60470691039922e+19
5.61005292063589e+19
5.61515693905371e+19
5.62001873838383e+19
5.62463817625589e+19
5.62901516474418e+19
5.63314960569962e+19
5.6370413952078e+19
5.64069043490729e+19
5.64409663045404e+19
5.64725989359514e+19
5.65018014170199e+19
5.65285729838196e+19
5.65529129330681e+19
5.65748206254758e+19
5.65942954821086e+19
5.6611336992969e+19
5.66259446998101e+19
5.66381182338684e+19
5.66478572362919e+19
5.66551615276811e+19
5.66600307605932e+19
5.66624641609929e+19
5.666246322344e+19
5.66600279476274e+19
5.66551568392803e+19
5.66478506742885e+19
5.66381097999339e+19
5.66259343959615e+19
5.66113248218362e+19
5.65942814466844e+19
5.65748047293087e+19
5.6552895180113e+19
5.65285533785153e+19
5.65017799643271e+19
5.64725756411409e+19
5.64409411735254e+19
5.64068773880329e+19
5.63703851678234e+19
5.63314654567527e+19
5.62901192386712e+19
5.62463475534235e+19
5.62001513827322e+19
5.61515316067877e+19
5.6100489649804e+19
5.60470277849387e+19
5.59911483797596e+19
5.59328535820907e+19
5.5872144971555e+19
5.58090228248059e+19
5.57434871977644e+19
5.56755388982292e+19
5.56051789305762e+19
5.55324088731649e+19
5.54572313235665e+19
5.53796489258393e+19
5.52996637528823e+19
5.521727780386e+19
5.51324932165722e+19
5.504531217864e+19
5.4955736967456e+19
5.48637699543103e+19
5.47694135838331e+19
5.46726703403312e+19
5.45735427590135e+19
5.44720334467244e+19
5.43681450833757e+19
5.4261880420997e+19
5.41532422845969e+19
5.4042233571229e+19
5.39288572507534e+19
5.38131163652061e+19
5.36950140291306e+19
5.35745534297329e+19
5.34517378261276e+19
5.33265705500311e+19
5.31990550055247e+19
5.30691946687745e+19
5.29369930883483e+19
5.28024538850209e+19
5.26655807517196e+19
5.25263774536073e+19
5.23848478279256e+19
5.22409957839788e+19
5.20948253032259e+19
5.19463404390466e+19
5.17955453170253e+19
5.1642444134426e+19
5.14870411607533e+19
5.1329340736927e+19
5.11693472761487e+19
5.10070652630807e+19
5.08424992541357e+19
5.06756538774836e+19
5.05065338328203e+19
5.03351438913981e+19
5.01614888960247e+19
4.99855737607492e+19
4.98074034712794e+19
4.96269830843895e+19
4.94443177281255e+19
4.9259412601819e+19
4.90722729756309e+19
4.88829041909065e+19
4.8691311659873e+19
4.84975008654604e+19
4.83014773614569e+19
4.81032467722748e+19
4.7902814792728e+19
4.77001871881833e+19
4.74953697941673e+19
4.72883685163876e+19
4.70791893306411e+19
4.6867838282495e+19
4.66543214872472e+19
4.64386451296803e+19
4.62208154642379e+19
4.60008388142872e+19
4.57787215724137e+19
4.55544701996816e+19
4.53280912256441e+19
4.50995912479682e+19
4.48689769325538e+19
4.46362550128863e+19
4.44014322903431e+19
4.41645156334534e+19
4.39255119782159e+19
4.36844283272874e+19
4.34412717502512e+19
4.31960493829923e+19
4.29487684277191e+19
4.26994361524945e+19
4.24480598912593e+19
4.21946470432128e+19
4.1939205071931e+19
4.16817415042546e+19
4.1422263931623e+19
4.11607800099873e+19
4.08972974592756e+19
4.06318240624992e+19
4.03643676657683e+19
4.00949361780675e+19
3.98235375707252e+19
3.95501798764555e+19
3.92748711891718e+19
3.89976196628717e+19
3.87184335117453e+19
3.84373210085492e+19
3.81542904843139e+19
3.78693503273722e+19
3.75825089825775e+19
3.72937749501513e+19
3.70031567845543e+19
3.6710663093724e+19
3.64163025370846e+19
3.61200838243624e+19
3.58220157140153e+19
3.55221070115222e+19
3.52203665678366e+19
3.49168032775018e+19
3.46114260768224e+19
3.43042439419165e+19
3.39952658864723e+19
3.36845009592742e+19
3.33719582411967e+19
3.30576468420588e+19
3.27415758992082e+19
3.24237545757871e+19
3.21041920597929e+19
3.17828975632303e+19
3.14598803210218e+19
3.11351495898116e+19
3.08087146468784e+19
3.04805847879923e+19
3.01507693252594e+19
2.98192775845471e+19
2.94861189021027e+19
2.91513026242602e+19
2.8814838106052e+19
2.84767347070614e+19
2.81370017872013e+19
2.77956487021065e+19
2.74526847982329e+19
2.71081194069723e+19
2.67619618384886e+19
2.64142213747483e+19
2.60649072609888e+19
2.57140286963129e+19
2.53615948245692e+19
2.50076147256379e+19
2.46520974051341e+19
2.42950517831368e+19
2.39364866811824e+19
2.35764108076537e+19
2.3214832741735e+19
2.28517609147637e+19
2.24872035902304e+19
2.21211688402608e+19
2.17536645198694e+19
2.1384698237816e+19
2.10142773238248e+19
2.06424087921008e+19
2.02690992996767e+19
1.98943551002602e+19
1.951818199269e+19
1.91405852626603e+19
1.87615696189293e+19
1.83811391214731e+19
1.79992971008412e+19
1.76160460681122e+19
1.72313876143563e+19
1.68453222985404e+19
1.64578495224262e+19
1.60689673909912e+19
1.56786725570381e+19
1.52869600480378e+19
1.48938230730062e+19
1.44992528086975e+19
1.41032381633959e+19
1.37057655167433e+19
1.33068184324238e+19
1.29063773456951e+19
1.25044192277349e+19
1.21009172318409e+19
1.16958403273369e+19
1.12891529266216e+19
1.08808145331959e+19
1.04707794308499e+19
1.00589964859315e+19
9.64540907461236e+18
9.22995548122385e+18
8.81256949421954e+18
8.3931829161691e+18
7.97172434721781e+18
7.54813327597038e+18
7.12234109319129e+18
6.69418643245849e+18
6.26343233716129e+18
5.82991303666494e+18
5.39374214871281e+18
4.95573470298021e+18
4.51800279953441e+18
4.08438832492683e+18
3.66059099507318e+18
3.25389736594204e+18
2.87215060671863e+18
2.52216332303028e+18
2.20831864818547e+18
1.9318142050867e+18
1.69086438799496e+18
1.48167126326857e+18
1.29960833557832e+18
1.14007884821092e+18
9.99170050021283e+17
8.73747430133106e+17
7.61361424532321e+17
6.60141286160622e+17
5.68680567323461e+17
4.8593179860549e+17
4.11129018024393e+17
3.43732824795286e+17
2.83380443398475e+17
2.29835593557298e+17
1.82931577414687e+17
1.4251020686456e+17
1.08363760739687e+17
8.01898450149976e+16
5.75646736354552e+16
3.99403391808666e+16
2.66666760593734e+16
1.70326072555026e+16
1.0317600619685e+16
5.84271684157894e+15
)
;

boundaryField
{
    electrode
    {
        type            calculated;
        value           uniform 4.41542481128577e+15;
    }
    ground
    {
        type            calculated;
        value           uniform 4.4154625500638e+15;
    }
    otherfaces
    {
        type            empty;
    }
}


// ************************************************************************* //
