/*--------------------------------*- C++ -*----------------------------------*\
| =========                 |                                                 |
| \\      /  F ield         | foam-extend: Open Source CFD                    |
|  \\    /   O peration     | Version:     4.1                                |
|   \\  /    A nd           | Web:         http://www.foam-extend.org         |
|    \\/     M anipulation  |                                                 |
\*---------------------------------------------------------------------------*/
FoamFile
{
    version     2.0;
    format      ascii;
    class       volScalarField;
    location    "1.50099999934947e-05";
    object      Arp1;
}
// * * * * * * * * * * * * * * * * * * * * * * * * * * * * * * * * * * * * * //

dimensions      [0 -3 0 0 0 0 0];

internalField   nonuniform List<scalar> 
500
(
5.09732350659463e+17
5.16973235757181e+17
5.21894846050118e+17
5.27277415293069e+17
5.32966348037712e+17
5.38746211617368e+17
5.44922446207494e+17
5.51157694589387e+17
5.57782812646823e+17
5.64512011812299e+17
5.71705879865913e+17
5.79018866736947e+17
5.86774190782949e+17
5.94661325098122e+17
6.03086226624792e+17
6.11729301389337e+17
6.2093969924642e+17
6.30444937467074e+17
6.40659492458989e+17
6.51285321661969e+17
6.62674067725771e+17
6.74516246742158e+17
6.87219901641986e+17
7.00510194741285e+17
7.14762312163379e+17
7.29683829617932e+17
7.45694050068065e+17
7.62588828484711e+17
7.80866201545624e+17
8.0027550818278e+17
8.21217649061552e+17
8.43410717500014e+17
8.67264288125723e+17
8.92550454023098e+17
9.19733830852196e+17
9.4869292804736e+17
9.79841749225079e+17
1.01283964844571e+18
1.04804098034627e+18
1.08516062326136e+18
1.12474614662262e+18
1.16635255358924e+18
1.21016545152977e+18
1.25581032111763e+18
1.30375383402724e+18
1.35330136280753e+18
1.40456469728555e+18
1.45732864431536e+18
1.51142422726031e+18
1.56625207952745e+18
1.62226430279474e+18
1.67860502992835e+18
1.73559810053873e+18
1.79280504488053e+18
1.8501589640363e+18
1.90761888780602e+18
1.96508760917289e+18
2.02201953556718e+18
2.07896107589494e+18
2.1349545075314e+18
2.19033009372531e+18
2.24527471090052e+18
2.29975404454372e+18
2.35345782727885e+18
2.40724588160985e+18
2.4607500998576e+18
2.51377032433189e+18
2.56553397532529e+18
2.61639350888709e+18
2.66660195683064e+18
2.7165787705575e+18
2.76598601557726e+18
2.81517113660046e+18
2.86380702078953e+18
2.91218993642196e+18
2.9598894292295e+18
3.00715893912215e+18
3.05376473344308e+18
3.10016424751015e+18
3.14603350297388e+18
3.19169939090398e+18
3.23679565141772e+18
3.28163359151361e+18
3.32591777079215e+18
3.37007566637202e+18
3.4137524276769e+18
3.45727638154034e+18
3.50032530851451e+18
3.54324712426653e+18
3.58570440679927e+18
3.62803169404093e+18
3.66989977212811e+18
3.71164646694522e+18
3.75294177463635e+18
3.79412360339642e+18
3.83486248952813e+18
3.87549551520464e+18
3.9156896942396e+18
3.95578150778016e+18
3.99544466689364e+18
4.03501871737746e+18
4.07415916180748e+18
4.11319072108741e+18
4.15180848841716e+18
4.19037518267653e+18
4.22852678628742e+18
4.26659647216097e+18
4.30425155584719e+18
4.34182647446852e+18
4.37898799839266e+18
4.41607061523039e+18
4.45274079085167e+18
4.48933299724442e+18
4.52551348822763e+18
4.56161665942935e+18
4.59730861389576e+18
4.63292369637303e+18
4.66812783375427e+18
4.70325533952395e+18
4.73797199671655e+18
4.77261208375523e+18
4.80684125800969e+18
4.84099376820187e+18
4.87473515813105e+18
4.9083996536834e+18
4.94165269482702e+18
4.97482848935058e+18
5.00759238602541e+18
5.04027857786243e+18
5.07255233144787e+18
5.10474782944621e+18
5.13653026475146e+18
5.16823381370925e+18
5.19952360221406e+18
5.23073380300269e+18
5.26152948425586e+18
5.29224481723528e+18
5.3225448164959e+18
5.35276365541494e+18
5.38256630202309e+18
5.41228693271873e+18
5.4415904751627e+18
5.47081111033667e+18
5.49961372893545e+18
5.52833252043122e+18
5.55663234362377e+18
5.5848473956124e+18
5.61264250879698e+18
5.64035188782763e+18
5.66764034236077e+18
5.69484208620913e+18
5.72162191051318e+18
5.74831403884526e+18
5.7745832464166e+18
5.80076376859511e+18
5.8265203682703e+18
5.85218729170908e+18
5.87742929302011e+18
5.90258062961654e+18
5.92730604916445e+18
5.95193982106614e+18
5.97614668967802e+18
6.00026093605948e+18
6.0239473017194e+18
6.04754008149117e+18
6.07070401786487e+18
6.09377341798437e+18
6.11641302495521e+18
6.13895716264127e+18
6.16107057277214e+18
6.18308760022251e+18
6.20467298084079e+18
6.22616109129401e+18
6.24721664672687e+18
6.26817407706879e+18
6.28869805012422e+18
6.30912308869058e+18
6.32911375970218e+18
6.3490047518283e+18
6.36846043809928e+18
6.38781579362671e+18
6.40673484341597e+18
6.42555304779041e+18
6.44393383482721e+18
6.46221346108868e+18
6.4800543747003e+18
6.49779409931271e+18
6.51509353478416e+18
6.53229215679853e+18
6.54904849217671e+18
6.56570492745376e+18
6.58191654093082e+18
6.59802990894293e+18
6.61369510389929e+18
6.62926465726576e+18
6.64438167313499e+18
6.65940688354778e+18
6.67397388244902e+18
6.68845444535475e+18
6.70246949377931e+18
6.71640534403787e+18
6.72986640615124e+18
6.743257724571e+18
6.75616265023272e+18
6.76900987021264e+18
6.78135640470387e+18
6.79366019859534e+18
6.80544597509021e+18
6.81720726896876e+18
6.82842985826057e+18
6.83964974007967e+18
6.85030666374269e+18
6.86098648183934e+18
6.87107521964914e+18
6.88121636500346e+18
6.8907344958611e+18
6.90033860577041e+18
6.90928352229408e+18
6.91835205028268e+18
6.92672170799017e+18
6.93525543706623e+18
6.94305059399956e+18
6.95106664648094e+18
6.95833920271932e+18
6.96557971400305e+18
6.97247657086614e+18
6.97914604533369e+18
6.98548334363199e+18
6.99160050727575e+18
6.99738301960175e+18
7.00294850781745e+18
7.00817591206913e+18
7.01319004974277e+18
7.01786270433964e+18
7.02232571192975e+18
7.02644333689847e+18
7.03035453400482e+18
7.03391709090374e+18
7.0372768039365e+18
7.04028388698892e+18
7.04309223368286e+18
7.04554385749408e+18
7.04780033599482e+18
7.04969671342873e+18
7.05140120322837e+18
7.05274205667868e+18
7.05389448874884e+18
7.05467940913809e+18
7.05528143693963e+18
7.05552341653543e+18
7.05552368638138e+18
7.05528246800697e+18
7.05468098792972e+18
7.05389688199624e+18
7.05274500917085e+18
7.05140484536507e+18
7.04970096488596e+18
7.04780531223256e+18
7.0455495493391e+18
7.0430984810792e+18
7.04029094948892e+18
7.03728443638648e+18
7.03392530047271e+18
7.03036352168891e+18
7.02645302568664e+18
7.02233584443573e+18
7.01787371575789e+18
7.01320169570555e+18
7.00818818955613e+18
7.00296174691215e+18
6.9973962932485e+18
6.99161486978312e+18
6.98549817224666e+18
6.97916165348112e+18
6.9724930316031e+18
6.96559693569435e+18
6.95835640327583e+18
6.9510844038329e+18
6.94307015503732e+18
6.93527486027892e+18
6.92674176691736e+18
6.91837299316142e+18
6.90930533998897e+18
6.90036065821499e+18
6.89075754594384e+18
6.88123989374528e+18
6.87109960586673e+18
6.8610113064204e+18
6.85033235785671e+18
6.83967596302706e+18
6.8284568404935e+18
6.81723480333626e+18
6.80547428059109e+18
6.79368907156456e+18
6.7813859985197e+18
6.76904005998313e+18
6.75619354490996e+18
6.74328922390322e+18
6.72989859046932e+18
6.7164381445539e+18
6.70250296901777e+18
6.68848854139486e+18
6.6740086420685e+18
6.65944226972007e+18
6.64441771520814e+18
6.62930132825966e+18
6.61373242339802e+18
6.59806785917838e+18
6.58195513337706e+18
6.56574415462904e+18
6.5490883621609e+18
6.53233266398961e+18
6.51513468274535e+18
6.49783588401576e+18
6.480096795854e+18
6.46225651605501e+18
6.44397752179509e+18
6.42559736472808e+18
6.40677978639707e+18
6.38786136151395e+18
6.36850662614807e+18
6.34905155843472e+18
6.32916117958562e+18
6.30917112030627e+18
6.28874668746811e+18
6.26822331875849e+18
6.2472664860766e+18
6.22621152640009e+18
6.20472400462049e+18
6.18313921065708e+18
6.16112276230613e+18
6.13900992913405e+18
6.11646636124699e+18
6.09382732083756e+18
6.07075847978646e+18
6.04759509988409e+18
6.02400286749936e+18
6.00031704617767e+18
5.97620333621104e+18
5.95199700035547e+18
5.92736375193671e+18
5.90263885137236e+18
5.87748802487825e+18
5.85224652919018e+18
5.8265801018855e+18
5.8008239928836e+18
5.77464395150674e+18
5.74837521922758e+18
5.72168355548953e+18
5.69490418996155e+18
5.66770289387023e+18
5.64041487999207e+18
5.6127059307233e+18
5.58491123985037e+18
5.55669659861411e+18
5.52839717852592e+18
5.49967877799954e+18
5.47087654149765e+18
5.44165627617988e+18
5.41235309525084e+18
5.38263281227727e+18
5.3528305043283e+18
5.32261199008889e+18
5.29231230638797e+18
5.26159727397161e+18
5.23080188346495e+18
5.19959195746996e+18
5.16830243432042e+18
5.13659913472158e+18
5.10481693717328e+18
5.07262166098368e+18
5.0403481173821e+18
5.00766211908141e+18
4.97489840313944e+18
4.94172277201994e+18
4.90846988121967e+18
4.87480551858858e+18
4.84106424751364e+18
4.80691183730739e+18
4.77268274906667e+18
4.73804272941752e+18
4.70332612459875e+18
4.66819865226821e+18
4.63299453175226e+18
4.5973794471538e+18
4.56168747376808e+18
4.52558426577282e+18
4.48940371969146e+18
4.45281143988501e+18
4.416141169234e+18
4.37905844116758e+18
4.34189678229064e+18
4.3043217091497e+18
4.26666645776839e+18
4.22859656097085e+18
4.19044477197103e+18
4.15187781195968e+18
4.11325964106255e+18
4.07422773201555e+18
4.03508694345961e+18
3.99551255202938e+18
3.95584902006584e+18
3.91575680120836e+18
3.87556222198203e+18
3.8349287697551e+18
3.79418942644781e+18
3.75300713254602e+18
3.71171139232534e+18
3.66996424674113e+18
3.62809575124481e+18
3.58576806689058e+18
3.54331041100059e+18
3.50038820897962e+18
3.45733890978412e+18
3.41381466846757e+18
3.37013762974947e+18
3.3259795449507e+18
3.28169532719979e+18
3.2368574173126e+18
3.19176125640914e+18
3.14609559756941e+18
3.10022678593592e+18
3.05382779377559e+18
3.00722284562044e+18
2.9599551603079e+18
2.91225815320801e+18
2.86387832132225e+18
2.81524602312962e+18
2.76606477976427e+18
2.71666156772509e+18
2.6666884183719e+18
2.6164843264684e+18
2.56563530774651e+18
2.51388492794002e+18
2.46087411225854e+18
2.40737677639104e+18
2.35359963381159e+18
2.29991808527037e+18
2.24546048186331e+18
2.19052677447438e+18
2.13517368299039e+18
2.07920919591887e+18
2.02228167985016e+18
1.96537809166373e+18
1.90794422427265e+18
1.8505018812839e+18
1.79317931182776e+18
1.73599956077232e+18
1.67902162210615e+18
1.62270695459877e+18
1.56670112149157e+18
1.51188168422754e+18
1.45779953365862e+18
1.40501967970571e+18
1.35375287204713e+18
1.30420363175419e+18
1.25622360322969e+18
1.21055670412877e+18
1.16673427195584e+18
1.12508945311803e+18
1.08545342227858e+18
1.04831073797224e+18
1.01309617425415e+18
9.80062346236556e+17
9.48867619501604e+17
9.19870137991488e+17
8.92675768510735e+17
8.67385938599776e+17
8.43508892353052e+17
8.21287656499173e+17
8.00324450515205e+17
7.80895840296954e+17
7.62602119712038e+17
7.45710349453875e+17
7.29704998104122e+17
7.14774160796125e+17
7.00515685197276e+17
6.8722469437808e+17
6.74511964423585e+17
6.6264962451159e+17
6.51249112397319e+17
6.40626672129698e+17
6.30408302571626e+17
6.20878977147592e+17
6.11661524057682e+17
6.03044310206909e+17
5.94638589385646e+17
5.86734107695383e+17
5.78953214933223e+17
5.71643648346621e+17
5.64469378826702e+17
5.57740443507557e+17
5.51089270980201e+17
5.44837989543371e+17
5.38671971818191e+17
5.32906072680088e+17
5.27225930924914e+17
5.21839058289649e+17
5.16847164082773e+17
5.09641952526343e+17
)
;

boundaryField
{
    electrode
    {
        type            zeroGradient;
    }
    ground
    {
        type            zeroGradient;
    }
    otherfaces
    {
        type            empty;
    }
}


// ************************************************************************* //
