/*--------------------------------*- C++ -*----------------------------------*\
| =========                 |                                                 |
| \\      /  F ield         | foam-extend: Open Source CFD                    |
|  \\    /   O peration     | Version:     4.1                                |
|   \\  /    A nd           | Web:         http://www.foam-extend.org         |
|    \\/     M anipulation  |                                                 |
\*---------------------------------------------------------------------------*/
FoamFile
{
    version     2.0;
    format      ascii;
    class       volScalarField;
    location    "1.50099999934947e-05";
    object      eTempMean;
}
// * * * * * * * * * * * * * * * * * * * * * * * * * * * * * * * * * * * * * //

dimensions      [0 0 0 1 0 0 0];

internalField   nonuniform List<scalar> 
500
(
52888.1151639759
52425.2601067666
52129.6784438949
51894.6212172147
51680.4019586563
51470.6690240658
51259.9034161246
51047.4496438186
50834.7062881745
50623.7083040825
50416.4708198346
50214.7678750622
50020.0962902308
49833.6487833385
49656.3298164682
49488.8194955078
49331.6021894164
49185.0197165182
49049.2790713674
48924.4523592299
48810.517794515
48707.3704727781
48614.8120845482
48532.5776564117
48460.3324552416
48397.6768628152
48344.1585016357
48299.2824966106
48262.5137945283
48233.2758118089
48210.9543895511
48194.9059507192
48184.4672664178
48178.9666798203
48177.7360111083
48180.1167163649
48185.4613798542
48193.144093164
48202.5793789983
48213.2402873181
48224.6603754017
48236.425307277
48248.1847734266
48259.6735577395
48270.6984270524
48281.1142311056
48290.8379853411
48299.8420682081
48308.1207906782
48315.7012803301
48322.638456432
48328.9870614272
48334.8133918206
48340.1857173152
48345.1640029294
48349.809774355
48354.1666567427
48358.2705221535
48362.1543346495
48365.8269825392
48369.3091815182
48372.6392006415
48375.8328914858
48378.9067883175
48381.8986895122
48384.826609598
48387.6660635241
48390.3833817906
48392.9766352701
48395.4746389672
48397.9026930371
48400.2686815452
48402.5749639022
48404.823521096
48407.013267352
48409.1386501737
48411.1940747527
48413.1823387883
48415.1127526191
48416.9912806647
48418.8190262488
48420.5949909594
48422.3178088391
48423.9888393293
48425.6125771922
48427.1925899208
48428.7296901599
48430.2244584357
48431.6782642211
48433.0922155907
48434.4669936328
48435.8034180952
48437.1025203386
48438.3653373596
48439.5928984135
48440.7862346624
48441.9463306394
48443.0740562662
48444.1702504739
48445.2359217498
48446.2721123752
48447.2793339504
48448.2577307039
48449.2084882812
48450.1337945581
48451.0347882585
48451.9114131139
48452.7638572396
48453.5927260459
48454.3986703004
48455.1823268939
48455.9443138725
48456.6852311343
48457.405661535
48458.1061702911
48458.7873059127
48459.4496011511
48460.0935723066
48460.7197203409
48461.3285312956
48461.9204767718
48462.4960143524
48463.0555882905
48463.5996296959
48464.1285571219
48464.642777083
48465.1426842177
48465.6286618108
48466.1010820416
48466.5603068336
48467.0066880241
48467.4405676796
48467.862278151
48468.2721426112
48468.670475133
48469.0575810831
48469.4337572729
48469.7992924557
48470.1544673835
48470.499555253
48470.8348219443
48471.1605261548
48471.4769197673
48471.7842478214
48472.0827488439
48472.3726549686
48472.6541921764
48472.9275804182
48473.1930340937
48473.4507621283
48473.7009679354
48473.9438497034
48474.1796006584
48474.4084091029
48474.6304585968
48474.845928025
48475.0549917974
48475.2578197431
48475.454577196
48475.6454253646
48475.8305217571
48476.0100198907
48476.1840690373
48476.3528145976
48476.5163987352
48476.674960193
48476.8286338124
48476.977551276
48477.1218410793
48477.2616281718
48477.3970349057
48477.5281803141
48477.6551801959
48477.7781477364
48477.8971935193
48478.0124250944
48478.1239475341
48478.2318631209
48478.3362715514
48478.4372701858
48478.5349539659
48478.6294153249
48478.7207444206
48478.8090291962
48478.8943552617
48478.9768061451
48479.0564631597
48479.1334061149
48479.2077121463
48479.2794567914
48479.348713186
48479.4155535147
48479.4800471943
48479.5422625159
48479.6022652294
48479.6601206298
48479.7158905154
48479.7696373362
48479.8214193166
48479.871295779
48479.9193216844
48479.9655537792
48480.0100437013
48480.0528450351
48480.0940061864
48480.1335789616
48480.1716077811
48480.2081418842
48480.2432235379
48480.2768991121
48480.3092079245
48480.3401946768
48480.3698957763
48480.3983511327
48480.4255864562
48480.4516452577
48480.4765652404
48480.5003848219
48480.5231302583
48480.5448374862
48480.5655465953
48480.5854695791
48480.6053802418
48480.6233380576
48480.6386271582
48480.6538889666
48480.6688093191
48480.6829668393
48480.6967197549
48480.7096382935
48480.7217501027
48480.7331101249
48480.7437467253
48480.7536802591
48480.7629264032
48480.7715006587
48480.7794157746
48480.7866849067
48480.7933190074
48480.7993291304
48480.8047244499
48480.8095142635
48480.8137058328
48480.8173060795
48480.8203193588
48480.8227466225
48480.8245874395
48480.8259280043
48480.8270331953
48480.8267129742
48480.8263005445
48480.8258103338
48480.8238952155
48480.8217347722
48480.8190799168
48480.8158400116
48480.8120151909
48480.8076047698
48480.8026046084
48480.7970080179
48480.7908078873
48480.7839951845
48480.7765610273
48480.7684944078
48480.7597846497
48480.7504188382
48480.7403843522
48480.7296659608
48480.7182481677
48480.7061109579
48480.6932263362
48480.6795394803
48480.665018204
48480.6500974948
48480.6344246285
48480.618412099
48480.6023837742
48480.5836926855
48480.5630455606
48480.5423947145
48480.5209647547
48480.4985432825
48480.4750903809
48480.4505700324
48480.4249559005
48480.3982102857
48480.3702962099
48480.3411697388
48480.3108051731
48480.279162721
48480.2462061564
48480.2118914626
48480.176179348
48480.1390232048
48480.1003816904
48480.0602056311
48480.0184503359
48479.9750644794
48479.9299999409
48479.8832033783
48479.8346231483
48479.7842026117
48479.7318873216
48479.67761803
48479.6213367239
48479.5629811423
48479.5024895845
48479.439797209
48479.3748382206
48479.3075444524
48479.2378468965
48479.1656735627
48479.0909512917
48479.013604679
48478.9335569468
48478.8507284975
48478.7650379948
48478.6764021809
48478.5847356041
48478.4899504724
48478.3919568801
48478.2906624939
48478.1859724773
48478.0777895663
48477.9660143826
48477.8505447318
48477.7312756806
48477.6080997932
48477.4809068436
48477.3495837093
48477.2140145375
48477.0740803059
48476.9296591378
48476.7806259865
48476.6268524497
48476.4682071374
48476.3045550394
48476.1357575904
48475.9616731635
48475.7821564029
48475.5970577108
48475.4062236054
48475.2094970836
48475.0067171404
48474.7977184016
48474.582330993
48474.3603806541
48474.131688483
48473.8960710616
48473.6533401578
48473.4033025324
48473.1457600418
48472.8805091473
48472.6073411306
48472.3260415642
48472.0363904301
48471.7381616942
48471.431123193
48471.1150364654
48470.7896564141
48470.4547311365
48470.110001956
48469.7552029387
48469.390060782
48469.0142946353
48468.6276157183
48468.22972706
48467.8203234516
48467.3990907989
48466.9657058239
48466.5198359715
48466.061139163
48465.5892634723
48465.1038468497
48464.6045166281
48464.0908894134
48463.5625703199
48463.0191527286
48462.4602178358
48461.8853343547
48461.2940579472
48460.6859308384
48460.0604810236
48459.4172222442
48458.7556531805
48458.0752572641
48457.3755014413
48456.6558368568
48455.9156981475
48455.154502249
48454.3716487907
48453.5665193533
48452.7384767269
48451.8868697504
48451.0110921836
48450.1109545119
48449.1865139061
48448.2366342392
48447.2591258987
48446.2527997175
48445.217511075
48444.1527489941
48443.0574706974
48441.9306665984
48440.7714972147
48439.5790925804
48438.3524678109
48437.0905914083
48435.7924338615
48434.4569577965
48433.0831312706
48431.6701338899
48430.2172846437
48428.7234758644
48427.1873376141
48425.6082884907
48423.9855174357
48422.3154592667
48420.593617469
48418.8186293089
48416.9918599838
48415.114308721
48413.1848746263
48411.1975962457
48409.1431581249
48407.018750217
48404.8299605553
48402.5823425658
48400.2769827656
48397.9118972475
48395.484720833
48392.9875772952
48390.395175261
48387.6786705947
48384.8399528929
48381.9126817151
48378.921371537
48375.8480427786
48372.6548800689
48369.3253258926
48365.8435394147
48362.1712450597
48358.2877128933
48354.18406766
48349.8273456521
48345.181672288
48340.2034384144
48334.8311088488
48329.0047093032
48322.6559746525
48315.7185936665
48308.1378110873
48299.8586880392
48290.8540683994
48281.1296223992
48270.7129346954
48259.6869428169
48248.1967659341
48236.4356039767
48224.6686336846
48213.2461403661
48202.5824559357
48193.1440258172
48185.457809478
48180.1093103603
48177.7244803958
48178.9507919205
48184.4468520822
48194.8809102551
48210.9247006168
48233.2415346791
48262.4750745213
48299.2395646171
48344.1116725862
48397.6265326916
48460.2790984693
48532.5218241573
48614.7544039498
48707.3116388305
48810.4585613559
48924.3935474874
49049.2215575716
49184.9644184026
49331.5500654079
49488.7715398857
49656.2870451227
49833.6122202698
50020.0669524372
50214.7467556405
50416.4588694727
50623.7064091344
50834.7152456717
51047.4701468025
51259.9360439889
51470.7142717191
51680.4603301053
51894.6934645721
52129.7661393507
52425.3670874533
52888.2521123945
)
;

boundaryField
{
    electrode
    {
        type            calculated;
        value           uniform 52888.1151639759;
    }
    ground
    {
        type            calculated;
        value           uniform 52888.2521123945;
    }
    otherfaces
    {
        type            empty;
    }
}


// ************************************************************************* //
