/*--------------------------------*- C++ -*----------------------------------*\
| =========                 |                                                 |
| \\      /  F ield         | foam-extend: Open Source CFD                    |
|  \\    /   O peration     | Version:     4.1                                |
|   \\  /    A nd           | Web:         http://www.foam-extend.org         |
|    \\/     M anipulation  |                                                 |
\*---------------------------------------------------------------------------*/
FoamFile
{
    version     2.0;
    format      ascii;
    class       volScalarField;
    location    "1.50099999934947e-05";
    object      powerDissipatedIonMean;
}
// * * * * * * * * * * * * * * * * * * * * * * * * * * * * * * * * * * * * * //

dimensions      [1 -1 -3 0 0 0 0];

internalField   nonuniform List<scalar> 
500
(
305259741.892683
299473822.04136
293703450.521691
287798669.609128
281929596.397531
275939879.741261
269987762.329883
263930471.582475
257909641.52941
251784579.131904
245695805.740424
239524187.677537
233398840.602948
227197934.661208
221038301.368988
214821220.667555
208661580.059052
202459089.074019
196309506.67353
190128974.839795
184010824.224175
177875236.906196
171802164.574327
165723138.246033
159713501.933974
153710947.87995
147779824.879928
141869333.348011
136038530.458024
130238929.648105
124522582.947383
118851709.470692
113272912.244273
107755933.167317
102347140.606093
97024606.9226924
91826600.9351292
86736950.5536864
81792967.6359035
76988747.8145325
72357174.3650145
67891752.4377243
63619923.5700134
59541087.8798201
55675095.8736214
52016429.865563
48579398.0590492
45356591.6351985
42352897.6771214
39558873.2453161
36973879.219728
34584700.5648417
32386546.8286057
30364580.8478028
28510496.0374291
26808975.1445312
25249830.5254471
23819058.9488093
22507576.8517438
21303307.3574165
20201005.4825159
19190836.9626805
18265353.6152691
17416004.9472673
16635908.0102853
15913387.8489041
15241079.3422264
14614267.3533648
14033527.0847648
13496348.7451189
12999624.27568
12537840.2277893
12107737.8700709
11704743.1060997
11326312.0475249
10969147.7824301
10632515.9206668
10314941.9641123
10015853.6714346
9732856.79345638
9464904.82290368
9210045.46117192
8967906.51114499
8737301.22401549
8518040.39096407
8308622.85025041
8108615.27841727
7916788.01237784
7732941.56109423
7555977.68423102
7385797.83197368
7221511.29802575
7063136.57937407
6909896.61222952
6761861.95385606
6618341.38520238
6479435.37493164
6344521.75802445
6213737.95934298
6086534.20920197
5963045.83871454
5842745.05520314
5725831.42206877
5611928.15147356
5501177.62474796
5393013.03768863
5287519.48698993
5184292.4361384
5083503.54248342
4984789.80725167
4888323.39140492
4793767.07666214
4701290.66976363
4610579.83179153
4521800.90939666
4434660.16715974
4349319.77491282
4265504.76748138
4183372.68527841
4102665.73291332
4023536.49968386
3945742.97253969
3869432.60586323
3794377.96425131
3720721.25902495
3648248.54850306
3577096.74785472
3507064.44294387
3438283.25961472
3370563.44820908
3304031.36709761
3238508.1231733
3174114.85574262
3110682.81347241
3048328.00500408
2986891.19333105
2926483.37729694
2866954.25669967
2808409.93687295
2750708.51128759
2693951.30913549
2638004.31591796
2582964.21033671
2528704.41051966
2475317.07815197
2422682.64171496
2370888.88492419
2319822.85798482
2269568.10794545
2220017.94487551
2171251.81520052
2123168.95335401
2075844.84744436
2029184.34451804
1983259.11205379
1937979.31861828
1893412.94573491
1849475.20878268
1806230.53704073
1763598.94360471
1721641.43913153
1680282.5826574
1639580.08587861
1599462.83594263
1559985.38222835
1521080.72117773
1482800.34868911
1445081.17539641
1407971.76710986
1371412.75156414
1335449.88549697
1300027.32994353
1265188.13837117
1230879.8447884
1197142.91231405
1163928.07505943
1131273.31184131
1099132.40579762
1067540.95493862
1036455.64889314
1005909.80197508
975862.866390595
946345.972189179
917321.202853542
888817.595547724
860799.739637193
833294.672120469
806269.369834862
779748.946250795
753702.653673801
728153.772522009
703073.724747546
678484.026680846
654358.170405759
630715.989243719
607532.952718242
584827.272624999
562576.317486538
540796.735997829
519467.717267931
498604.40855025
478187.741828404
458231.415037458
438718.031142667
419659.904187344
401041.237588662
382872.994096449
365140.931261928
347854.713963479
331001.566667361
314589.91988849
298608.397617496
283064.230951737
267947.376298767
253263.987590419
239005.520510489
225176.974292546
211770.812263462
198790.997851007
186231.179615986
174094.370861427
162374.736532981
151068.158039067
140144.697701641
129668.105642273
119631.708432723
110007.994375069
100804.434863649
92008.3119270119
83616.5923076152
75631.8898183966
68051.3608481901
60876.0546228114
54103.3359868226
47733.8502161674
41765.4632659486
36198.555708379
31031.4641990048
26264.3622256654
21895.9984929533
17926.3877337719
14354.63053429
11180.6285600488
8403.7763756126
6023.9115300267
4040.66845732003
2453.87756102525
1263.33359166906
468.717509929652
69.9657748850862
67.4431457092338
461.157644248757
1250.73632507651
2436.24876262771
4018.00477127118
5996.2228859968
8371.06106304881
11142.899884617
14311.8870491476
17878.645754342
21843.2570912925
26206.6402956546
30968.7615197253
36130.8942397478
41692.8431243982
47656.2954832253
54020.8486188645
60788.6594228887
67959.0623563791
75534.7143870748
83514.5485688482
91901.4378643275
100692.749272524
109891.382415253
119510.189787212
129541.76112661
140013.442894682
150932.285986433
162234.187598615
173949.130415962
186081.276886529
198636.449131501
211611.655368379
225013.234597203
238837.234233186
253091.171580134
267770.075679361
282882.483821691
298422.250701288
314399.409337776
330806.736919054
347655.598500295
364937.581901833
382665.450250963
400829.544355772
419444.111820308
438498.189510887
458007.571545132
477959.946646177
498372.714644499
519232.179631475
540557.408457641
562333.253889154
584580.533560491
607282.593993932
630462.075101839
654100.757501444
678223.181021108
702809.507138807
727886.250746214
753431.887812083
779475.010489146
805992.327544441
833014.599923827
860516.699990602
888531.669345774
917032.456296036
946054.488208455
975568.71240194
1005613.06410455
1036156.39627009
1067239.27846502
1098828.37638752
1130967.0219539
1163619.59694222
1196832.34271137
1230567.25864882
1264873.63297968
1299710.9808631
1335131.79683706
1371093.00140015
1407650.46068513
1444758.39039277
1482476.19724136
1520755.28398087
1559658.77338922
1599135.14005174
1639251.41742651
1679953.02500145
1721311.11537413
1763267.94170845
1805898.97765466
1849143.17349673
1893080.5610312
1937646.67284993
1982926.33486401
2028851.52300045
2075512.11202742
2122836.388262
2170919.55234874
2219686.0693515
2269236.75535744
2319492.1128442
2370558.88507737
2422353.47371161
2474988.88568295
2528377.28111564
2582638.28991663
2637679.69142711
2693628.12958618
2750386.86179535
2808089.96710621
2866636.04995131
2926167.08594069
2986576.89917814
3048015.86162412
3110372.89864876
3173807.32380189
3238203.05005181
3303728.91179188
3370263.68636719
3437986.35054282
3506770.45746439
3576805.84950798
3647960.8078685
3720436.84366441
3794096.94456229
3869155.15414006
3945469.154566
4023266.48749041
4102399.58743206
4183110.58126175
4265246.76095904
4349066.04213374
4434410.75772736
4521555.99781502
4610339.45810468
4701055.00922452
4793536.16181779
4888097.40351476
4984568.7744456
5083287.64761138
5184081.70067008
5287314.09551967
5392813.00048657
5500983.05935792
5611738.8217138
5725647.43377321
5842566.63974256
5962873.39700375
6086367.76449101
6213577.75280807
6344367.8565983
6479288.0969721
6618200.76965565
6761728.29463951
6909769.9284099
7063017.18642437
7221399.20884088
7385693.38289527
7555880.88865069
7732852.74690604
7916707.09033951
8108542.55462521
8308558.30851757
8517984.36890259
8737253.56211799
8967867.71645666
9210015.83078676
9464885.0520248
9732846.77546916
10015853.6885385
10314951.7191436
10632536.2253945
10969179.6086652
11326356.930576
11704800.9213427
12107808.4606522
12537922.490567
12999717.9987559
13496453.0464625
14033641.969336
14614394.5832445
15241223.9787133
15913552.3373383
16636091.9294409
17416204.1748309
18265567.4177364
19191067.1638258
20201254.8470637
21303577.7054311
22507873.0329022
23819383.5807036
25250187.6022567
26809368.6569074
28510931.5421288
30365064.4689833
32387088.9375271
34585311.1794616
36974572.6306389
39559664.8646655
42353807.3884906
45357640.3518502
48580611.0003919
52017832.5753363
55676719.9263222
59542963.3996066
63622083.9624526
67894230.8588648
72360006.6380787
76991964.427187
81796601.6378696
86741031.1898164
91831159.2084418
97029666.0634441
102352726.272508
107762063.613891
113279609.923726
118858987.99454
124530460.651281
130247416.340832
136047641.366861
141879074.618724
147790209.927875
153721979.431606
159725191.980207
165735488.193968
171815183.920576
177888922.481852
184025185.110949
190144009.159331
196325221.98936
202475476.086693
208678645.482023
214838960.253213
221056720.145575
227217016.613658
233418588.234215
239544591.605038
245716873.530646
251806292.772052
257931999.882144
263953456.781829
270011386.585847
275964125.119057
281954463.364008
287824134.896641
293729519.911812
299500480.213347
305286997.796595
)
;

boundaryField
{
    electrode
    {
        type            calculated;
        value           uniform 308127990.645728;
    }
    ground
    {
        type            calculated;
        value           uniform 308155536.265627;
    }
    otherfaces
    {
        type            empty;
    }
}


// ************************************************************************* //
