/*--------------------------------*- C++ -*----------------------------------*\
| =========                 |                                                 |
| \\      /  F ield         | foam-extend: Open Source CFD                    |
|  \\    /   O peration     | Version:     4.1                                |
|   \\  /    A nd           | Web:         http://www.foam-extend.org         |
|    \\/     M anipulation  |                                                 |
\*---------------------------------------------------------------------------*/
FoamFile
{
    version     2.0;
    format      ascii;
    class       volScalarField;
    location    "1.50133329961085e-05";
    object      eTempMean;
}
// * * * * * * * * * * * * * * * * * * * * * * * * * * * * * * * * * * * * * //

dimensions      [0 0 0 1 0 0 0];

internalField   nonuniform List<scalar> 
500
(
69227.7772618464
73459.6947669804
76263.5208312131
76203.5504675548
75186.3762403414
73881.577154629
72395.792837587
70727.1217898423
68767.57873025
66225.5334904869
63812.5037369548
61759.0933459584
60099.0357990397
58788.8929957297
57759.1990503696
56935.5109637305
56253.9313373381
55667.0276064855
55142.842542599
54661.1970491365
54209.9282767413
53781.9838337879
53373.4658565312
52982.398298233
52607.9816090376
52250.1294786656
51909.1799980667
51585.3176939044
51278.0023668579
50986.325610224
50709.8212198721
50448.6273479743
50203.1252360204
49973.7844032947
49761.0519354102
49565.2473719029
49386.5577402674
49225.0362985695
49080.5665210683
48952.8756298161
48841.5482625116
48746.0226133273
48665.5807567978
48599.3608760399
48546.395401333
48505.5950986512
48475.7833734982
48455.7317070889
48444.1737844247
48439.8193035895
48441.3815041226
48447.616905225
48457.3637735855
48469.5640674698
48483.2719617393
48497.6808178032
48512.1496678709
48526.1886541043
48539.4468237547
48551.7141712572
48562.8886048654
48572.9524272279
48581.9543324433
48589.9768660664
48597.1279445676
48603.5250360663
48609.2856548302
48614.5199580227
48619.3272400631
48623.792973319
48627.9758607178
48631.9111854233
48635.6070584141
48639.0790744801
48642.3675617125
48645.5045125501
48648.5356425236
48651.5139806078
48654.4389282853
48657.2608419816
48659.9395333351
48662.4857533851
48664.9398454303
48667.3239829191
48669.6423877412
48671.8989532935
48674.0974339372
48676.2366632777
48678.30897512
48680.3083003731
48682.2391479235
48684.1115735282
48685.9309506247
48687.6969637875
48689.4073758657
48691.0622304792
48692.666060862
48694.2239853807
48695.7377556176
48697.2075935552
48698.6346229098
48700.0203327851
48701.3656930543
48702.6714679925
48703.9386513207
48705.1683494716
48706.3616722915
48707.5197466011
48708.6436585464
48709.7343529106
48710.7927193154
48711.8198533686
48712.8169220979
48713.7845069244
48714.7227881962
48715.6330547592
48716.517612123
48717.3777006406
48718.2133341461
48719.0246745664
48719.8123008795
48720.5768964219
48721.3191381788
48722.039682494
48722.739164308
48723.4181985988
48724.0773812776
48724.7172910897
48725.3384891449
48725.9415195341
48726.5269089796
48727.0951673962
48727.6467882057
48728.1822493345
48728.7020133564
48729.2065285849
48729.6962294048
48730.1715372608
48730.632860905
48731.0805969761
48731.5151299698
48731.9368329209
48732.3460675602
48732.7431851078
48733.1285261655
48733.5024214015
48733.8651916016
48734.2171484066
48734.5585944879
48734.8898243051
48735.2111240321
48735.5227717202
48735.825037344
48736.1181835237
48736.4024658132
48736.678133024
48736.9454270038
48737.2045826689
48737.455828248
48737.699385812
48737.9354709838
48738.1642935202
48738.3860576507
48738.6009621944
48738.8092000213
48739.0109586772
48739.2064199931
48739.3957608743
48739.5791536693
48739.7567666138
48739.9287633854
48740.0953028901
48740.2565395269
48740.4126239135
48740.563702706
48740.7099181293
48740.8514086777
48740.9883096847
48741.1207524473
48741.2488649596
48741.3727718738
48741.4925947262
48741.6084520904
48741.7204589076
48741.8287272248
48741.9333663701
48742.034483111
48742.1321812392
48742.2265627798
48742.3177255491
48742.4057657617
48742.490775789
48742.5728471839
48742.6520661385
48742.7285193992
48742.8022879635
48742.8734545733
48742.9420934853
48743.0082844063
48743.0720971065
48743.1336071613
48743.192879013
48743.2499851543
48743.3049842304
48743.3579465037
48743.4089233967
48743.4579829637
48743.505172872
48743.5505585244
48743.5941816625
48743.6361058381
48743.6763681453
48743.7150297357
48743.7521222496
48743.7877047308
48743.8218048369
48743.8544787438
48743.8857494563
48743.9156686337
48743.9442498576
48743.9715466232
48743.9975797051
48744.0223985338
48744.0460925228
48744.0691443616
48744.0917969501
48744.1110135579
48744.128071436
48744.1458481423
48744.1628629684
48744.1789406747
48744.1942088024
48744.2084825751
48744.2218043998
48744.2342139962
48744.2457355601
48744.2563864873
48744.2661826043
48744.2751374715
48744.2832643205
48744.2905743486
48744.2970784324
48744.3027854386
48744.3077036099
48744.3118375175
48744.3151872379
48744.3177593216
48744.319679355
48744.3210878698
48744.3209354157
48744.3204767015
48744.3197345774
48744.3174334223
48744.3146043936
48744.3111315291
48744.306883605
48744.3018530723
48744.2960401167
48744.2894405008
48744.2820463335
48744.2738489816
48744.2648379204
48744.2550023
48744.2443292372
48744.2328052825
48744.2204150353
48744.2071414342
48744.1929609588
48744.1778346122
48744.1617190748
48744.1447861726
48744.1269321122
48744.1083293465
48744.0904523389
48744.0704315514
48744.0469675092
48744.023110488
48743.9986228091
48743.9730189019
48743.9462086966
48743.9181431901
48743.8888033336
48743.8581353609
48743.8261248084
48743.792720079
48743.7578997874
48743.7216068639
48743.6838150561
48743.6444651282
48743.6035253751
48743.5609348443
48743.5166574892
48743.4706294045
48743.4228097568
48743.3731320882
48743.3215489521
48743.2679942922
48743.2124156559
48743.1547423111
48743.0949173113
48743.0328680559
48742.9685301266
48742.9018272881
48742.8326909595
48742.7610420674
48742.6868060021
48742.609900257
48742.5302436616
48742.4477500233
48742.3623334835
48742.2739022874
48742.1823646564
48742.0876245345
48741.9895842426
48741.8881420086
48741.7831940405
48741.6746334838
48741.562351382
48741.4462359181
48741.3261721353
48741.2020415928
48741.073723095
48740.9410921224
48740.8040205878
48740.6623774081
48740.5160276595
48740.364832333
48740.2086493099
48740.04733255
48739.8807313887
48739.7086913785
48739.531053441
48739.3476538959
48739.1583249806
48738.9628945199
48738.7611853861
48738.5530157554
48738.3381983372
48738.1165400637
48737.8878420819
48737.6519004664
48737.4085053834
48737.1574410724
48736.8984854302
48736.6314101925
48736.3559803943
48736.0719542951
48735.7790829504
48735.4771107642
48735.1657750804
48734.8448056848
48734.5139242772
48734.1728447514
48733.8212726706
48733.4589052336
48733.0854305003
48732.7005275081
48732.30386534
48731.8951032633
48731.4738900431
48731.0398638931
48730.5926516524
48730.1318685303
48729.6571176922
48729.167990257
48728.6640644387
48728.1449054672
48727.6100646536
48727.0590791858
48726.4914711823
48725.9067471224
48725.3043967042
48724.683892883
48724.0446911371
48723.3862296186
48722.707928901
48722.0091925889
48721.2894055277
48720.5479324866
48719.7841165549
48718.9972802913
48718.1867394794
48717.3519126718
48716.4926370582
48715.6089028958
48714.6994724346
48713.7620364622
48712.7953033295
48711.7990936339
48710.772826108
48709.7153312381
48708.6255107776
48707.502474129
48706.3452765616
48705.152831894
48703.9240132408
48702.6577107282
48701.3528169628
48700.0083359576
48698.6235023982
48697.1973473269
48695.7283806458
48694.215475063
48692.6584094882
48691.0554387488
48689.4014430721
48687.6918783174
48685.926694707
48684.1081321658
48682.2365156022
48680.3064820551
48678.3079676526
48676.2364380513
48674.0979533763
48671.9001937832
48669.6443390121
48667.3266363127
48664.9431877646
48662.489796304
48659.9443292268
48657.2664040039
48654.4451689561
48651.5207685545
48648.5429224822
48645.5123461184
48642.376009805
48639.0881424714
48635.6167500108
48631.9214640029
48627.9866615442
48623.8042800787
48619.3390554543
48614.5322950934
48609.2985263415
48603.5384492444
48597.1419135318
48589.991378904
48581.9693339621
48572.9677916495
48562.9041229626
48551.7295085481
48539.4614857054
48526.2019828507
48512.160787728
48497.6886378074
48483.2752147767
48469.5613087394
48457.353422846
48447.5973228516
48441.3510423486
48439.776363516
48444.1168817288
48455.6595390288
48475.6948720133
48505.4894590001
48546.2720975138
48599.2196863633
48665.4217867694
48745.8462725054
48841.3552659836
48952.6669859101
49080.3434956043
49224.8004125641
49386.3106651199
49564.9909795176
49760.7882449114
49973.5155004358
50202.8532703331
50448.3544651914
50709.5494572409
50986.056830974
51277.7381757357
51585.0593831501
51908.9288564902
52249.8870274908
52607.7491942359
52982.1764927444
53373.2538672315
53781.7786233834
54209.7230178822
54660.9785042444
55142.5866949337
55666.692709616
56253.44771112
56934.768043387
57758.0335027516
58787.0869754928
60096.3370420943
61755.2583066855
63807.3467466876
66219.3751580222
68762.741640951
70724.2886908526
72394.2872162524
73880.7177988612
75185.7209854248
76203.0146042662
76288.8716842637
73556.2075010834
69314.1766607952
)
;

boundaryField
{
    electrode
    {
        type            calculated;
        value           uniform 69227.7772618464;
    }
    ground
    {
        type            calculated;
        value           uniform 69314.1766607952;
    }
    otherfaces
    {
        type            empty;
    }
}


// ************************************************************************* //
