/*--------------------------------*- C++ -*----------------------------------*\
| =========                 |                                                 |
| \\      /  F ield         | foam-extend: Open Source CFD                    |
|  \\    /   O peration     | Version:     4.1                                |
|   \\  /    A nd           | Web:         http://www.foam-extend.org         |
|    \\/     M anipulation  |                                                 |
\*---------------------------------------------------------------------------*/
FoamFile
{
    version     2.0;
    format      ascii;
    class       volScalarField;
    location    "1.50133329961085e-05";
    object      powerDissipatedMean;
}
// * * * * * * * * * * * * * * * * * * * * * * * * * * * * * * * * * * * * * //

dimensions      [1 2 -3 0 0 0 0];

internalField   nonuniform List<scalar> 
500
(
0.000693991324408266
0.000691902157617972
0.000688815072237082
0.000686148308476438
0.000684049480030392
0.000681995401674771
0.000680198232582388
0.000678190975096264
0.000676141334745977
0.000673592291472159
0.000670719661533819
0.000667147257515447
0.000663091753873549
0.000658230062017639
0.000652829845217011
0.000646663560098804
0.000640003711661024
0.000632628811404497
0.000624833279218473
0.000616426202087502
0.00060765137075528
0.000598333998093974
0.000588707670832287
0.000578557485799259
0.000568033941125645
0.000556936348844998
0.00054539143105544
0.000533150370594659
0.000520331701223894
0.000506716237138981
0.000492263933692998
0.000476627323546878
0.000459734154704321
0.000441149404374634
0.00042064387393287
0.00039771090146734
0.000371964478087922
0.000342639964060628
0.000309115094341619
0.000270559829966063
0.000226374775690114
0.000175816360609332
0.000118549822760493
5.48276878478385e-05
-1.39639390486993e-05
-8.54221435797608e-05
-0.000155224260126173
-0.000217325313049097
-0.000264457531557089
-0.000289483752980727
-0.000286195101811713
-0.000250864561547638
-0.000183495545549312
-8.97556088689413e-05
1.96834405771084e-05
0.000132467102423985
0.000236519201107915
0.000320796493058488
0.000379517276332002
0.000412627188759256
0.000422469338489271
0.000415520764254702
0.000398097855553495
0.00037553766858705
0.000352886312619843
0.000332261667255175
0.00031553142368371
0.000302354750924423
0.000292887855479593
0.000285878947953687
0.000279945202821028
0.000274195582742314
0.000267127503613739
0.000260978139471338
0.000255910511563777
0.000251199143520046
0.000248757839761347
0.000247440128221653
0.00024425298469908
0.000238522204629073
0.000231901705242231
0.000226775108842245
0.000223050086629715
0.000219486162812807
0.000216014094483008
0.000212709315143034
0.000209515462353073
0.000206176298755262
0.000202530019367019
0.000198860078914808
0.000195589919387166
0.000192660730219571
0.00018982092300917
0.000186952066178718
0.000184050160230208
0.000181258137197914
0.000178706488776219
0.000176299188441523
0.000173923522230083
0.000171593073916603
0.000169343557127776
0.000167158431165231
0.000165020701462256
0.000162932182649243
0.000160901644726103
0.000158924547077301
0.00015700327361821
0.00015513432406457
0.00015331690787125
0.000151542159891622
0.000149813822758399
0.000148137180443986
0.00014650870898218
0.000144899184766891
0.000143314466628895
0.000141805135379791
0.000140373718530093
0.000138962087512251
0.000137562650796797
0.000136189147120132
0.000134848702813973
0.000133538792937304
0.000132260663647293
0.000131011181502323
0.00012979153157576
0.0001285987570745
0.000127434052645213
0.000126294630607634
0.000125181662990278
0.000124092502277748
0.00012302830744736
0.000121986567281058
0.000120968424670349
0.000119971498547049
0.000118996908562314
0.000118042392431334
0.000117109049593955
0.00011619473129815
0.000115300510713013
0.000114424337713385
0.000113567259874483
0.000112727320901998
0.000111905535455685
0.000111100047774686
0.000110311845498998
0.00010953916113802
0.000108782953900481
0.000108041537982459
0.000107315845264983
0.000106604270969248
0.000105907712844858
0.000105224638218551
0.000104555916513035
0.000103900085151738
0.000103257991700962
0.00010262824177009
0.000102011644565957
0.000101406869900417
0.000100814704058044
0.000100233878351319
9.96651502680649e-05
9.91073097219772e-05
9.8561087902822e-05
9.80253275740208e-05
9.7500732553972e-05
9.69861981041882e-05
9.64824033155975e-05
9.59882911753751e-05
9.55045184630308e-05
9.50300740083374e-05
9.4565590917216e-05
9.41101018710986e-05
9.36642150565195e-05
9.32270035668009e-05
9.27990594689053e-05
9.23794903810722e-05
9.19688710952492e-05
9.15663442852196e-05
9.11724651614467e-05
9.07864099742921e-05
9.04087199663748e-05
9.00385977384911e-05
8.96765757394658e-05
8.93218745940304e-05
8.89750248218794e-05
8.8635259739344e-05
8.83031163139607e-05
8.79778336799631e-05
8.76599650047798e-05
8.73487263097852e-05
8.70447173545857e-05
8.67471145906046e-05
8.64565843961007e-05
8.61722282257045e-05
8.5894817829511e-05
8.56233402284237e-05
8.53587138265645e-05
8.50997571611609e-05
8.48476017118088e-05
8.46008334841194e-05
8.4360848445476e-05
8.41259482475565e-05
8.38978541426833e-05
8.36745165267684e-05
8.34580502432341e-05
8.32459780614698e-05
8.30408931680656e-05
8.28398261590595e-05
8.26458827908186e-05
8.24555673427802e-05
8.22725385594037e-05
8.20927416242015e-05
8.19204048629571e-05
8.17509090102483e-05
8.15890530604514e-05
8.14296690299774e-05
8.12780889270984e-05
8.11286437512399e-05
8.09871319671265e-05
8.08474270476536e-05
8.07158218238175e-05
8.05857925702096e-05
8.04639140666261e-05
8.03441965550552e-05
8.02361493187502e-05
8.01274805970924e-05
7.99989089541304e-05
7.99115456757581e-05
7.98197800661562e-05
7.97278235543303e-05
7.9643447122668e-05
7.95614220632891e-05
7.94839216216851e-05
7.94108980422871e-05
7.93423679057671e-05
7.92781745062867e-05
7.92183908513675e-05
7.91629140373444e-05
7.91118016297762e-05
7.9064974585846e-05
7.90224736201668e-05
7.89842386178391e-05
7.8950295658001e-05
7.89205983078796e-05
7.88951587692886e-05
7.88739395246108e-05
7.88569741288848e-05
7.88443701632059e-05
7.88360587307254e-05
7.88315493923124e-05
7.88316064233796e-05
7.8836206072837e-05
7.88446336484009e-05
7.88573418471241e-05
7.88744085473005e-05
7.88957368031584e-05
7.89212776524564e-05
7.89510853949287e-05
7.89851283801462e-05
7.90234752970349e-05
7.90660753268669e-05
7.91130158851484e-05
7.91642262188361e-05
7.92198184254189e-05
7.92796995493795e-05
7.93440095963006e-05
7.9412636482824e-05
7.94857765125334e-05
7.95633689245587e-05
7.96455242109078e-05
7.97301162902837e-05
7.9821973100092e-05
7.99139841989591e-05
8.00013221054748e-05
8.01300644860645e-05
8.02389324873688e-05
8.03470203236757e-05
8.04668889738153e-05
8.05888352686747e-05
8.07190278668474e-05
8.0850699260797e-05
8.0990558534707e-05
8.11321429585701e-05
8.12817513979424e-05
8.14334071748825e-05
8.15929456450825e-05
8.17548875782387e-05
8.19245305276536e-05
8.20969595593788e-05
8.22769045692426e-05
8.24600297559169e-05
8.26504880248873e-05
8.28445354981889e-05
8.30457405490531e-05
8.32509400975047e-05
8.34631494685105e-05
8.36797259291386e-05
8.39032067245394e-05
8.41314181460003e-05
8.4366454408322e-05
8.46065628641702e-05
8.48534682241121e-05
8.51057543098689e-05
8.53648447654329e-05
8.56296036545343e-05
8.59012188396348e-05
8.61787644463203e-05
8.64632612431042e-05
8.67539281885005e-05
8.70516730864046e-05
8.73558230863552e-05
8.7667204991006e-05
8.79852176568166e-05
8.83106463768303e-05
8.86429365628687e-05
8.89828509042672e-05
8.93298511738783e-05
8.9684703726846e-05
9.00468791313652e-05
9.04171564620487e-05
9.07950030033836e-05
9.11812160941108e-05
9.15752551936455e-05
9.19779441914337e-05
9.23887267076315e-05
9.28084606908182e-05
9.3236573621761e-05
9.3673954058342e-05
9.41200120872054e-05
9.4575674616936e-05
9.50403336902018e-05
9.55149566851014e-05
9.59989103986578e-05
9.64932045856388e-05
9.69971848068166e-05
9.75119071557109e-05
9.80366926798073e-05
9.85726455175268e-05
9.91190632942389e-05
9.96771021315603e-05
0.00010024603094619
0.000100827060660035
0.000101419433950205
0.000102024418594837
0.000102641229708179
0.00010327119629046
0.000103913510138329
0.000104569565619007
0.000105238514989938
0.000105921820928092
0.000106618614889882
0.000107330429156571
0.000108056365509716
0.000108798029235646
0.000109554489454942
0.000110327431226265
0.000111115895719054
0.000111921650486334
0.000112743708429555
0.000113583924858466
0.000114441285958371
0.00011531774752488
0.000116212263721238
0.000117126883167
0.000118060533516425
0.000119015364185282
0.000119990276292099
0.000120987531984274
0.000122006011905426
0.000123048096170085
0.000124112643800552
0.000125202165616311
0.00012631550312618
0.000127455304871884
0.000128620400452547
0.000129813577366384
0.000131033641115745
0.000132283548020291
0.000133562114639676
0.000134872474453576
0.000136213383414237
0.000137587380956377
0.000138987409711994
0.000140399587994374
0.000141831368541161
0.00014334112524833
0.000144926460446189
0.000146536621708525
0.000148165668536798
0.000149842904531929
0.000151571903551099
0.000153347355563301
0.000155165490643765
0.000157035181290957
0.000158957231003044
0.000160935137032638
0.000162966516080659
0.000165055924068561
0.000167194622589509
0.000169380715762892
0.000171631181552917
0.000173962702873679
0.00017633959662324
0.000178747976289356
0.000181300547237058
0.000184093834785558
0.000186997426862289
0.000189868052118031
0.000192709500341244
0.000195639977705169
0.000198911251092079
0.000202583234971565
0.000206232570707452
0.000209574641429046
0.000212770871197831
0.000216077920360393
0.000219552580025347
0.000223119503215317
0.000226845768940393
0.000231972935798076
0.000238598306022714
0.00024433791523986
0.000247533820870575
0.000248854815833137
0.000251296243898952
0.000256011770628088
0.000261084509777637
0.000267238456317181
0.000274315649622873
0.000280072402801325
0.000286010701453095
0.000293024459910008
0.000302493967328227
0.000315675038648835
0.000332408751912462
0.000353039488853009
0.00037570125907592
0.000398278498592897
0.000415727067019449
0.000422708238458548
0.000412906937352849
0.000379837448273027
0.000321150592895336
0.000236894538548632
0.000132840976445697
2.00315518119019e-05
-8.94542456723799e-05
-0.000183257219684723
-0.000250696236109313
-0.000286093344962111
-0.000289437885695655
-0.000264452729717105
-0.000217345776724781
-0.000155255342076267
-8.54520244597753e-05
-1.3984548100945e-05
5.48208577309457e-05
0.000118558779691674
0.000175841315145519
0.000226414724061641
0.000270613156767354
0.000309180087658618
0.000342714976788386
0.000372048016708858
0.000397801685423412
0.000420740910489958
0.000441251885136862
0.000459841471937087
0.000476738973352469
0.000492379560787136
0.000506835564620841
0.000520454547042108
0.000533276572546073
0.00054552096531869
0.00055706911419322
0.000568169880006798
0.000578696546790314
0.000588849879359064
0.00059847935017699
0.000607799919908178
0.000616577883897611
0.00062498816560343
0.000632786913611798
0.000640165051666054
0.000646828152653996
0.000652997825504492
0.000658401492109759
0.000663266766679642
0.000667326020704297
0.00067090251945898
0.000673779513375986
0.000676333329116165
0.000678388169042395
0.000680401217687483
0.000682204651879906
0.000684265548442808
0.000686371679466356
0.000689046309992839
0.000692141675862457
0.000694239005223187
)
;

boundaryField
{
    electrode
    {
        type            calculated;
        value           uniform 0.000693991324408266;
    }
    ground
    {
        type            calculated;
        value           uniform 0.000694239005223187;
    }
    otherfaces
    {
        type            empty;
    }
}


// ************************************************************************* //
