/*--------------------------------*- C++ -*----------------------------------*\
| =========                 |                                                 |
| \\      /  F ield         | foam-extend: Open Source CFD                    |
|  \\    /   O peration     | Version:     4.1                                |
|   \\  /    A nd           | Web:         http://www.foam-extend.org         |
|    \\/     M anipulation  |                                                 |
\*---------------------------------------------------------------------------*/
FoamFile
{
    version     2.0;
    format      ascii;
    class       volVectorField;
    location    "1.50133329961085e-05";
    object      term2;
}
// * * * * * * * * * * * * * * * * * * * * * * * * * * * * * * * * * * * * * //

dimensions      [0 -2 -2 0 0 0 0];

internalField   nonuniform List<vector> 
500
(
(-1.56827345527091e+27 0 0)
(-1.5225396475205e+27 0 0)
(-1.48094089828071e+27 0 0)
(-1.44024334486344e+27 0 0)
(-1.40383783762605e+27 0 0)
(-1.36684811587494e+27 0 0)
(-1.3209888005306e+27 0 0)
(-1.27766338661161e+27 0 0)
(-1.23966222631401e+27 0 0)
(-1.20357617466852e+27 0 0)
(-1.15853994620429e+27 0 0)
(-1.11665247072322e+27 0 0)
(-1.08062451949532e+27 0 0)
(-1.04396303936548e+27 0 0)
(-1.00308567644625e+27 0 0)
(-9.66403301715766e+26 0 0)
(-9.35375497131921e+26 0 0)
(-8.98799567059728e+26 0 0)
(-8.65418997069216e+26 0 0)
(-8.35872237074552e+26 0 0)
(-8.09070899629726e+26 0 0)
(-7.78276571347069e+26 0 0)
(-7.52943938742315e+26 0 0)
(-7.30669530851166e+26 0 0)
(-7.09155260039367e+26 0 0)
(-6.86950862956138e+26 0 0)
(-6.69000741553715e+26 0 0)
(-6.53349365551686e+26 0 0)
(-6.4082370276797e+26 0 0)
(-6.26889221181999e+26 0 0)
(-6.15326385421444e+26 0 0)
(-6.05450030725204e+26 0 0)
(-5.98064337049835e+26 0 0)
(-5.91830946281892e+26 0 0)
(-5.87597361150015e+26 0 0)
(-5.84163804929985e+26 0 0)
(-5.82398935944147e+26 0 0)
(-5.81229657452207e+26 0 0)
(-5.81529678445898e+26 0 0)
(-5.82271618532031e+26 0 0)
(-5.84272926416575e+26 0 0)
(-5.86586109242408e+26 0 0)
(-5.90030185046024e+26 0 0)
(-5.93668948462109e+26 0 0)
(-5.98277870513081e+26 0 0)
(-6.02978142106908e+26 0 0)
(-6.08505225680481e+26 0 0)
(-6.13951672191752e+26 0 0)
(-6.19978550348041e+26 0 0)
(-6.25717226331981e+26 0 0)
(-6.30157966454736e+26 0 0)
(-6.33863427657788e+26 0 0)
(-6.37596190943409e+26 0 0)
(-6.40561837910898e+26 0 0)
(-6.43316399810521e+26 0 0)
(-6.45077013127495e+26 0 0)
(-6.46339062307379e+26 0 0)
(-6.46431273131838e+26 0 0)
(-6.45853529591579e+26 0 0)
(-6.4400366465942e+26 0 0)
(-6.41435402635488e+26 0 0)
(-6.37651492792428e+26 0 0)
(-6.33228821181913e+26 0 0)
(-6.27796343063217e+26 0 0)
(-6.21930067905465e+26 0 0)
(-6.15335067638536e+26 0 0)
(-6.08057960438495e+26 0 0)
(-5.98648703670451e+26 0 0)
(-5.89264890140091e+26 0 0)
(-5.79670326354814e+26 0 0)
(-5.7029955751029e+26 0 0)
(-5.60911194008544e+26 0 0)
(-5.51923115241669e+26 0 0)
(-5.43136331174934e+26 0 0)
(-5.34894911021774e+26 0 0)
(-5.24973260093365e+26 0 0)
(-5.15802071444547e+26 0 0)
(-5.07022945063298e+26 0 0)
(-4.98779920577426e+26 0 0)
(-4.90806772735724e+26 0 0)
(-4.8338341567841e+26 0 0)
(-4.763166980849e+26 0 0)
(-4.69421956815737e+26 0 0)
(-4.62303245922339e+26 0 0)
(-4.55733928249215e+26 0 0)
(-4.49456625291806e+26 0 0)
(-4.43612877049864e+26 0 0)
(-4.37967626821116e+26 0 0)
(-4.32678417461954e+26 0 0)
(-4.27554708301001e+26 0 0)
(-4.22759402315553e+26 0 0)
(-4.1812931944529e+26 0 0)
(-4.13820629003594e+26 0 0)
(-4.09595698786747e+26 0 0)
(-4.05601467671365e+26 0 0)
(-4.01674305825037e+26 0 0)
(-3.97952514565979e+26 0 0)
(-3.9427132081744e+26 0 0)
(-3.90763542073486e+26 0 0)
(-3.87276425850182e+26 0 0)
(-3.83940858109627e+26 0 0)
(-3.80610983555517e+26 0 0)
(-3.77414150598445e+26 0 0)
(-3.74384160746053e+26 0 0)
(-3.71566683547566e+26 0 0)
(-3.68722889120062e+26 0 0)
(-3.65973820598846e+26 0 0)
(-3.63193468131846e+26 0 0)
(-3.60500260338748e+26 0 0)
(-3.5777280833937e+26 0 0)
(-3.55126316577704e+26 0 0)
(-3.52443537684575e+26 0 0)
(-3.49835864938352e+26 0 0)
(-3.4719023746573e+26 0 0)
(-3.44616016477878e+26 0 0)
(-3.42004182817125e+26 0 0)
(-3.39458468871566e+26 0 0)
(-3.36871520002897e+26 0 0)
(-3.34345406102631e+26 0 0)
(-3.31777584595545e+26 0 0)
(-3.29267334779035e+26 0 0)
(-3.26715345337567e+26 0 0)
(-3.24217995899824e+26 0 0)
(-3.21679007380162e+26 0 0)
(-3.19191972903882e+26 0 0)
(-3.16663495397032e+26 0 0)
(-3.14184538086388e+26 0 0)
(-3.11664448888303e+26 0 0)
(-3.09191606720844e+26 0 0)
(-3.06678076186073e+26 0 0)
(-3.04209667720949e+26 0 0)
(-3.01701068381949e+26 0 0)
(-2.99235651539058e+26 0 0)
(-2.96730591375683e+26 0 0)
(-2.94266878653813e+26 0 0)
(-2.91764140414502e+26 0 0)
(-2.89301079442471e+26 0 0)
(-2.86799608681091e+26 0 0)
(-2.84336233895212e+26 0 0)
(-2.81835129363697e+26 0 0)
(-2.79370622524155e+26 0 0)
(-2.76869083407494e+26 0 0)
(-2.74402763963453e+26 0 0)
(-2.71900104609058e+26 0 0)
(-2.69431358722794e+26 0 0)
(-2.66927022495159e+26 0 0)
(-2.64455319742215e+26 0 0)
(-2.61948789949433e+26 0 0)
(-2.59473719415483e+26 0 0)
(-2.56964599030016e+26 0 0)
(-2.54485765465515e+26 0 0)
(-2.51973689480096e+26 0 0)
(-2.4949084297858e+26 0 0)
(-2.46975495456585e+26 0 0)
(-2.44488373315865e+26 0 0)
(-2.41969541237803e+26 0 0)
(-2.394779436052e+26 0 0)
(-2.36955437283296e+26 0 0)
(-2.34459205585453e+26 0 0)
(-2.31932876054768e+26 0 0)
(-2.29431908328335e+26 0 0)
(-2.26901644910094e+26 0 0)
(-2.24395874878231e+26 0 0)
(-2.21861603141376e+26 0 0)
(-2.19350998236755e+26 0 0)
(-2.16812677722447e+26 0 0)
(-2.14297221011432e+26 0 0)
(-2.11754843651343e+26 0 0)
(-2.09234564933607e+26 0 0)
(-2.06688152599929e+26 0 0)
(-2.041630635646e+26 0 0)
(-2.01612651611211e+26 0 0)
(-1.9908285364574e+26 0 0)
(-1.96528504671751e+26 0 0)
(-1.93994049389222e+26 0 0)
(-1.91435852271266e+26 0 0)
(-1.88896861249238e+26 0 0)
(-1.86334900787348e+26 0 0)
(-1.8379150419312e+26 0 0)
(-1.81225903560051e+26 0 0)
(-1.78678226114214e+26 0 0)
(-1.76109117417125e+26 0 0)
(-1.73557306584022e+26 0 0)
(-1.70984843225182e+26 0 0)
(-1.68429054329505e+26 0 0)
(-1.65853384692901e+26 0 0)
(-1.63293817649624e+26 0 0)
(-1.60715109821914e+26 0 0)
(-1.5815193302438e+26 0 0)
(-1.55570373866787e+26 0 0)
(-1.53003774964392e+26 0 0)
(-1.50419556921622e+26 0 0)
(-1.47849751838384e+26 0 0)
(-1.45263072840355e+26 0 0)
(-1.42690271051101e+26 0 0)
(-1.40101324565338e+26 0 0)
(-1.37525741209288e+26 0 0)
(-1.34934767733013e+26 0 0)
(-1.32356633117913e+26 0 0)
(-1.29763837212247e+26 0 0)
(-1.27183386494783e+26 0 0)
(-1.24588998619504e+26 0 0)
(-1.22006480139545e+26 0 0)
(-1.19410743589329e+26 0 0)
(-1.16826391032022e+26 0 0)
(-1.1422954446514e+26 0 0)
(-1.116436139628e+26 0 0)
(-1.09045909296073e+26 0 0)
(-1.06458659786825e+26 0 0)
(-1.03860349335963e+26 0 0)
(-1.01272030057237e+26 0 0)
(-9.86733595725508e+25 0 0)
(-9.60842399546756e+25 0 0)
(-9.34854736650505e+25 0 0)
(-9.08958239666931e+25 0 0)
(-8.82972427676828e+25 0 0)
(-8.57073237823267e+25 0 0)
(-8.31091689884528e+25 0 0)
(-8.05192394099647e+25 0 0)
(-7.79217926607088e+25 0 0)
(-7.53321932551575e+25 0 0)
(-7.27357955233468e+25 0 0)
(-7.01467569664675e+25 0 0)
(-6.75514323472636e+25 0 0)
(-6.49633810418747e+25 0 0)
(-6.23698683185085e+25 0 0)
(-5.9782917504671e+25 0 0)
(-5.71907525871125e+25 0 0)
(-5.46053942212768e+25 0 0)
(-5.20154019080228e+25 0 0)
(-4.94316393840426e+25 0 0)
(-4.68442077934098e+25 0 0)
(-4.42623012599918e+25 0 0)
(-4.1677522961544e+25 0 0)
(-3.90980317613508e+25 0 0)
(-3.65161948668613e+25 0 0)
(-3.39393247577955e+25 0 0)
(-3.13607453754291e+25 0 0)
(-2.87868735726265e+25 0 0)
(-2.62118514181737e+25 0 0)
(-2.36412490045111e+25 0 0)
(-2.10700974138255e+25 0 0)
(-1.8503105090559e+25 0 0)
(-1.59361425887969e+25 0 0)
(-1.337309664879e+25 0 0)
(-1.08106234812091e+25 0 0)
(-8.25144908198466e+24 0 0)
(-5.69457053959135e+24 0 0)
(-3.13905682920979e+24 0 0)
(-5.81853230889087e+23 0 0)
(1.96364321398291e+24 0 0)
(4.51654973959118e+24 0 0)
(7.07347541566645e+24 0 0)
(9.63183081831048e+24 0 0)
(1.21923282848908e+25 0 0)
(1.47561832265154e+25 0 0)
(1.73204865459691e+25 0 0)
(1.98887677650137e+25 0 0)
(2.24569557168783e+25 0 0)
(2.50293718350725e+25 0 0)
(2.7601136405411e+25 0 0)
(3.01774216742288e+25 0 0)
(3.27524457758105e+25 0 0)
(3.53322633491796e+25 0 0)
(3.79103550118584e+25 0 0)
(4.04934228387617e+25 0 0)
(4.30741436005277e+25 0 0)
(4.56602759424467e+25 0 0)
(4.82434074979617e+25 0 0)
(5.08323459087663e+25 0 0)
(5.34174137212089e+25 0 0)
(5.60088674935922e+25 0 0)
(5.85957111392135e+25 0 0)
(6.11889318481403e+25 0 0)
(6.37786267191958e+25 0 0)
(6.63753475278556e+25 0 0)
(6.89656703040537e+25 0 0)
(7.1563436574626e+25 0 0)
(7.41548917227662e+25 0 0)
(7.67539424302681e+25 0 0)
(7.93461680930176e+25 0 0)
(8.19464674849914e+25 0 0)
(8.4539224015225e+25 0 0)
(8.71404562681624e+25 0 0)
(8.97334262287646e+25 0 0)
(9.23353163095958e+25 0 0)
(9.49282554886347e+25 0 0)
(9.75305677641358e+25 0 0)
(1.00123227985115e+26 0 0)
(1.02725708907636e+26 0 0)
(1.05317821989149e+26 0 0)
(1.07920217640842e+26 0 0)
(1.10511541413612e+26 0 0)
(1.13113605168438e+26 0 0)
(1.15703903656255e+26 0 0)
(1.1830541196417e+26 0 0)
(1.20894431558589e+26 0 0)
(1.23495137070646e+26 0 0)
(1.26082652490699e+26 0 0)
(1.28682339304852e+26 0 0)
(1.31268112694193e+26 0 0)
(1.33866560821737e+26 0 0)
(1.3645036687462e+26 0 0)
(1.39047350746118e+26 0 0)
(1.41628968224082e+26 0 0)
(1.4422429751766e+26 0 0)
(1.46803521039274e+26 0 0)
(1.49396980377497e+26 0 0)
(1.51973610117798e+26 0 0)
(1.54565010251608e+26 0 0)
(1.57138840394178e+26 0 0)
(1.59728009560912e+26 0 0)
(1.62298862350274e+26 0 0)
(1.64885623699745e+26 0 0)
(1.67453327955307e+26 0 0)
(1.70037522901027e+26 0 0)
(1.72601888483466e+26 0 0)
(1.75183365126936e+26 0 0)
(1.77744258582048e+26 0 0)
(1.80322886067502e+26 0 0)
(1.82880156694398e+26 0 0)
(1.85455798974451e+26 0 0)
(1.88009330745275e+26 0 0)
(1.90581873574935e+26 0 0)
(1.93131545848913e+26 0 0)
(1.95700912936195e+26 0 0)
(1.98246628511421e+26 0 0)
(2.00812725274654e+26 0 0)
(2.03354396348958e+26 0 0)
(2.05917183334485e+26 0 0)
(2.08454763482255e+26 0 0)
(2.11014198707591e+26 0 0)
(2.13547653974939e+26 0 0)
(2.16103723653504e+26 0 0)
(2.18633016408156e+26 0 0)
(2.2118573641643e+26 0 0)
(2.23710907896561e+26 0 0)
(2.26260309639159e+26 0 0)
(2.2878138342902e+26 0 0)
(2.31327565637599e+26 0 0)
(2.33844615740119e+26 0 0)
(2.36387661159236e+26 0 0)
(2.38900796964171e+26 0 0)
(2.41440842171267e+26 0 0)
(2.4395021067835e+26 0 0)
(2.46487487469928e+26 0 0)
(2.48993257276426e+26 0 0)
(2.51527966250776e+26 0 0)
(2.54030404212293e+26 0 0)
(2.56562827575475e+26 0 0)
(2.59062228197444e+26 0 0)
(2.61592715692106e+26 0 0)
(2.64089401729141e+26 0 0)
(2.66618353705246e+26 0 0)
(2.69112777374984e+26 0 0)
(2.71640668718504e+26 0 0)
(2.74133300711208e+26 0 0)
(2.7666068885293e+26 0 0)
(2.79152122798756e+26 0 0)
(2.81679671542306e+26 0 0)
(2.84170544673035e+26 0 0)
(2.8669903135744e+26 0 0)
(2.89190159876864e+26 0 0)
(2.91720415615379e+26 0 0)
(2.942126709763e+26 0 0)
(2.96745720336517e+26 0 0)
(2.99240171525317e+26 0 0)
(3.01777177363069e+26 0 0)
(3.0427501030375e+26 0 0)
(3.0681725782072e+26 0 0)
(3.09319878748185e+26 0 0)
(3.11868930621198e+26 0 0)
(3.14377884261444e+26 0 0)
(3.16935500815904e+26 0 0)
(3.19452654693911e+26 0 0)
(3.2202080876065e+26 0 0)
(3.24548274093931e+26 0 0)
(3.27129321196673e+26 0 0)
(3.29669550103247e+26 0 0)
(3.3226615319746e+26 0 0)
(3.34821963252573e+26 0 0)
(3.37437250181252e+26 0 0)
(3.40011912159147e+26 0 0)
(3.42649503831577e+26 0 0)
(3.45247086977117e+26 0 0)
(3.47912521116805e+26 0 0)
(3.50541120488863e+26 0 0)
(3.53243327626082e+26 0 0)
(3.55908848678059e+26 0 0)
(3.58651996478268e+26 0 0)
(3.61360582679352e+26 0 0)
(3.64153130183071e+26 0 0)
(3.66913549354838e+26 0 0)
(3.69764794037166e+26 0 0)
(3.72588854038527e+26 0 0)
(3.75666095400787e+26 0 0)
(3.7885780561312e+26 0 0)
(3.82177746756922e+26 0 0)
(3.85501199197254e+26 0 0)
(3.88969689512527e+26 0 0)
(3.92456207181908e+26 0 0)
(3.96111242589045e+26 0 0)
(3.99805897782126e+26 0 0)
(4.03699600021342e+26 0 0)
(4.07664271607449e+26 0 0)
(4.11875058976208e+26 0 0)
(4.16199749422725e+26 0 0)
(4.20867605413789e+26 0 0)
(4.25741627568011e+26 0 0)
(4.30993353215277e+26 0 0)
(4.36509946885092e+26 0 0)
(4.42530789001158e+26 0 0)
(4.4894435812637e+26 0 0)
(4.56011400501949e+26 0 0)
(4.63659273836532e+26 0 0)
(4.71901608770522e+26 0 0)
(4.8006798072764e+26 0 0)
(4.89386328982998e+26 0 0)
(4.99909002480757e+26 0 0)
(5.12213165633721e+26 0 0)
(5.2651119467809e+26 0 0)
(5.40394082293392e+26 0 0)
(5.55868755338918e+26 0 0)
(5.74471746757338e+26 0 0)
(5.96986182681362e+26 0 0)
(6.18145025908388e+26 0 0)
(6.43555858853793e+26 0 0)
(6.75578715303345e+26 0 0)
(7.05503077661112e+26 0 0)
(7.41928178302999e+26 0 0)
(7.83641434793466e+26 0 0)
(8.25155568129409e+26 0 0)
(8.77781754462641e+26 0 0)
(9.25826761097053e+26 0 0)
(9.85005363434602e+26 0 0)
(1.04369106377876e+27 0 0)
(1.10856141891729e+27 0 0)
(1.17740329614514e+27 0 0)
(1.24576209235034e+27 0 0)
(1.32470991949656e+27 0 0)
(1.3932156324642e+27 0 0)
(1.4745703228919e+27 0 0)
(1.54805071513537e+27 0 0)
(1.62224049128594e+27 0 0)
(1.70520571374631e+27 0 0)
(1.77356303819378e+27 0 0)
(1.84202413653343e+27 0 0)
(1.91669566859127e+27 0 0)
(1.98704674424201e+27 0 0)
(2.0448067866935e+27 0 0)
(2.10344159167427e+27 0 0)
(2.16523164502755e+27 0 0)
(2.22764986805425e+27 0 0)
(2.28157314302155e+27 0 0)
(2.32604660162683e+27 0 0)
(2.372422472772e+27 0 0)
(2.41757906159128e+27 0 0)
(2.46490588177844e+27 0 0)
(2.5109563296842e+27 0 0)
(2.55937278113493e+27 0 0)
(2.60059102953057e+27 0 0)
(2.63503846956879e+27 0 0)
(2.66740860819527e+27 0 0)
(2.7019352657974e+27 0 0)
(2.73430067259168e+27 0 0)
(2.76914254853952e+27 0 0)
(2.8017817836501e+27 0 0)
(2.83705809915512e+27 0 0)
(2.8699677106391e+27 0 0)
(2.90571189915806e+27 0 0)
(2.93899822035674e+27 0 0)
(2.97532685207989e+27 0 0)
(2.99882136613897e+27 0 0)
(3.02484873787895e+27 0 0)
(3.04792701244138e+27 0 0)
(3.07405948132584e+27 0 0)
(3.09702419811508e+27 0 0)
(3.1231746596805e+27 0 0)
(3.14619891463604e+27 0 0)
(3.17275337379491e+27 0 0)
(3.19597542164732e+27 0 0)
(3.2226779669445e+27 0 0)
(3.24593705550007e+27 0 0)
(3.27291053682868e+27 0 0)
(3.29625575668486e+27 0 0)
(3.32347674223389e+27 0 0)
(3.34710991379919e+27 0 0)
(3.37471592770369e+27 0 0)
(3.39842246781749e+27 0 0)
(3.42628582046908e+27 0 0)
(3.44453033915304e+27 0 0)
(3.46488497751695e+27 0 0)
(3.48105164090411e+27 0 0)
(3.50150679065449e+27 0 0)
(3.5177594064678e+27 0 0)
(3.53831220495624e+27 0 0)
(3.55418292898395e+27 0 0)
(3.57476135505314e+27 0 0)
(3.59090672819607e+27 0 0)
(3.6112361953434e+27 0 0)
)
;

boundaryField
{
    electrode
    {
        type            calculated;
        value           uniform (-1.56827345527091e+27 0 0);
    }
    ground
    {
        type            calculated;
        value           uniform (3.6112361953434e+27 0 0);
    }
    otherfaces
    {
        type            empty;
    }
}


// ************************************************************************* //
