/*--------------------------------*- C++ -*----------------------------------*\
| =========                 |                                                 |
| \\      /  F ield         | foam-extend: Open Source CFD                    |
|  \\    /   O peration     | Version:     4.1                                |
|   \\  /    A nd           | Web:         http://www.foam-extend.org         |
|    \\/     M anipulation  |                                                 |
\*---------------------------------------------------------------------------*/
FoamFile
{
    version     2.0;
    format      ascii;
    class       volVectorField;
    location    "1.50133329961085e-05";
    object      velocityelectronMean;
}
// * * * * * * * * * * * * * * * * * * * * * * * * * * * * * * * * * * * * * //

dimensions      [0 1 -1 0 0 0 0];

internalField   nonuniform List<vector> 
500
(
(2233900.63735349 0 0)
(2000222.6860829 0 0)
(1738879.62934321 0 0)
(1483089.03158711 0 0)
(1181800.47877297 0 0)
(767314.215566254 0 0)
(285598.339196802 0 0)
(-11524.658577822 0 0)
(-145913.693547131 0 0)
(-235354.705996444 0 0)
(-314517.115525775 0 0)
(-380035.763637503 0 0)
(-430090.607409031 0 0)
(-465184.722563989 0 0)
(-487506.873677205 0 0)
(-499875.037014865 0 0)
(-505032.988320322 0 0)
(-505259.327634263 0 0)
(-502207.509339571 0 0)
(-496985.000513804 0 0)
(-490242.248535146 0 0)
(-482328.450932494 0 0)
(-473360.757938347 0 0)
(-463284.551973022 0 0)
(-451900.051290552 0 0)
(-438923.55678142 0 0)
(-423990.761279285 0 0)
(-407473.053052493 0 0)
(-390779.825762699 0 0)
(-374902.677764994 0 0)
(-359689.737849253 0 0)
(-344653.863707518 0 0)
(-329556.731659008 0 0)
(-314128.797480653 0 0)
(-298188.189220203 0 0)
(-281685.884946214 0 0)
(-264584.276074538 0 0)
(-246887.779079964 0 0)
(-228703.269425985 0 0)
(-210146.991307882 0 0)
(-191362.453213744 0 0)
(-172535.572666729 0 0)
(-153895.908488833 0 0)
(-135672.898522428 0 0)
(-118062.736929613 0 0)
(-101324.832802221 0 0)
(-85642.712212803 0 0)
(-71177.4631773573 0 0)
(-58070.2753853577 0 0)
(-46431.4333752297 0 0)
(-36319.6371570903 0 0)
(-27735.5565749159 0 0)
(-20624.013069946 0 0)
(-14902.2070204831 0 0)
(-10459.4826914843 0 0)
(-7133.60486636822 0 0)
(-4740.69120473191 0 0)
(-3117.48793612619 0 0)
(-2092.13751747584 0 0)
(-1495.93963105041 0 0)
(-1210.30449113427 0 0)
(-1117.1512871596 0 0)
(-1137.27043546602 0 0)
(-1218.30330368642 0 0)
(-1310.02282356547 0 0)
(-1395.87466689195 0 0)
(-1453.00529172063 0 0)
(-1484.02886093055 0 0)
(-1479.9628855441 0 0)
(-1452.51365066993 0 0)
(-1417.47197872655 0 0)
(-1385.10337652442 0 0)
(-1378.98130069161 0 0)
(-1359.68410781556 0 0)
(-1322.7747310186 0 0)
(-1280.56457436498 0 0)
(-1196.95918290657 0 0)
(-1092.28735479928 0 0)
(-1025.08224024231 0 0)
(-1011.4964169964 0 0)
(-1021.04100115909 0 0)
(-1005.3882126714 0 0)
(-965.108376576888 0 0)
(-925.536123415421 0 0)
(-888.165194169418 0 0)
(-851.28854955876 0 0)
(-816.078920040257 0 0)
(-788.237287272763 0 0)
(-771.586706295582 0 0)
(-759.640016826094 0 0)
(-742.339469300363 0 0)
(-720.633037599204 0 0)
(-700.234131877002 0 0)
(-683.838326301151 0 0)
(-671.470142595175 0 0)
(-659.442427774831 0 0)
(-644.336002016732 0 0)
(-628.337490248778 0 0)
(-614.152273463705 0 0)
(-601.270269868941 0 0)
(-588.668887313913 0 0)
(-576.63136134273 0 0)
(-565.513000133944 0 0)
(-555.141874652704 0 0)
(-545.212052326254 0 0)
(-535.730352624614 0 0)
(-526.56801847727 0 0)
(-517.71652196815 0 0)
(-509.142365839542 0 0)
(-500.996931211471 0 0)
(-493.126051592869 0 0)
(-485.288617457856 0 0)
(-477.541217871678 0 0)
(-470.640960734301 0 0)
(-464.384126418221 0 0)
(-457.224919593541 0 0)
(-449.063286041471 0 0)
(-441.532916295267 0 0)
(-434.828701830966 0 0)
(-428.491339986865 0 0)
(-422.291491444671 0 0)
(-416.246308634294 0 0)
(-410.300656405206 0 0)
(-404.495300458675 0 0)
(-398.779475555907 0 0)
(-393.193053221464 0 0)
(-387.687135789647 0 0)
(-382.300241112545 0 0)
(-376.985696713627 0 0)
(-371.781490091346 0 0)
(-366.643226592939 0 0)
(-361.608436465724 0 0)
(-356.634423315746 0 0)
(-351.757553649523 0 0)
(-346.936858048806 0 0)
(-342.207359706403 0 0)
(-337.529405322162 0 0)
(-332.937099599838 0 0)
(-328.39202519636 0 0)
(-323.927576710224 0 0)
(-319.506911768923 0 0)
(-315.162538487574 0 0)
(-310.858981200849 0 0)
(-306.627555004846 0 0)
(-302.434062237467 0 0)
(-298.308965343939 0 0)
(-294.21919213101 0 0)
(-290.194152240508 0 0)
(-286.201935302122 0 0)
(-282.270865214483 0 0)
(-278.370270627517 0 0)
(-274.527937775766 0 0)
(-270.714162246463 0 0)
(-266.955707876385 0 0)
(-263.223690181376 0 0)
(-259.544121137237 0 0)
(-255.889353370536 0 0)
(-252.28475822885 0 0)
(-248.703391766771 0 0)
(-245.169651613643 0 0)
(-241.657812280486 0 0)
(-238.19141245466 0 0)
(-234.745146638103 0 0)
(-231.342259037451 0 0)
(-227.958433684662 0 0)
(-224.616241932131 0 0)
(-221.292163299804 0 0)
(-218.008081174357 0 0)
(-214.740586959081 0 0)
(-211.511000750457 0 0)
(-208.296862455583 0 0)
(-205.119404122116 0 0)
(-201.956393485076 0 0)
(-198.828224421589 0 0)
(-195.713320336219 0 0)
(-192.632466997267 0 0)
(-189.563661291548 0 0)
(-186.527338045895 0 0)
(-183.502340061085 0 0)
(-180.508725271941 0 0)
(-177.525310698506 0 0)
(-174.57230058699 0 0)
(-171.628010145291 0 0)
(-168.713950337195 0 0)
(-165.807236796689 0 0)
(-162.930122502662 0 0)
(-160.058828615309 0 0)
(-157.217071115189 0 0)
(-154.378787426976 0 0)
(-151.571317993861 0 0)
(-148.764473867806 0 0)
(-145.989829892167 0 0)
(-143.211906998074 0 0)
(-140.469657660678 0 0)
(-137.718497599064 0 0)
(-135.007584449241 0 0)
(-132.280502766473 0 0)
(-129.601888794235 0 0)
(-126.895467525876 0 0)
(-124.248260990725 0 0)
(-121.560379475593 0 0)
(-118.944917938498 0 0)
(-116.272420538537 0 0)
(-113.689489475817 0 0)
(-111.028185837097 0 0)
(-108.480317447393 0 0)
(-105.826467332006 0 0)
(-103.313163544345 0 0)
(-100.66391186759 0 0)
(-98.1869726858053 0 0)
(-95.5386085382548 0 0)
(-93.098550566979 0 0)
(-90.4480105363179 0 0)
(-88.0461684154208 0 0)
(-85.3903133277105 0 0)
(-83.0264517578793 0 0)
(-80.3631713789649 0 0)
(-78.0378014008327 0 0)
(-75.3673873780915 0 0)
(-73.0868860020606 0 0)
(-70.4028004946823 0 0)
(-68.1557217012061 0 0)
(-65.4593659199075 0 0)
(-63.1347220289209 0 0)
(-59.763888453898 0 0)
(-57.124403615906 0 0)
(-58.4149062461624 0 0)
(-53.8883010400861 0 0)
(-50.8617560394532 0 0)
(-48.6492952178108 0 0)
(-45.9158985970552 0 0)
(-43.5392401949686 0 0)
(-41.1377570722883 0 0)
(-38.7351964298889 0 0)
(-36.3088752422713 0 0)
(-33.90322135047 0 0)
(-31.4822918885583 0 0)
(-29.0821752506287 0 0)
(-26.6680338399393 0 0)
(-24.2731391191905 0 0)
(-21.865160283617 0 0)
(-19.4746514501541 0 0)
(-17.072051248779 0 0)
(-14.6857513349696 0 0)
(-12.2906870849906 0 0)
(-9.91648727195596 0 0)
(-7.52190731127969 0 0)
(-4.96934703186391 0 0)
(-2.36798964692416 0 0)
(-1.39217778523713 0 0)
(3.08914219164793 0 0)
(4.09541920857643 0 0)
(6.66875518998897 0 0)
(9.22651009154785 0 0)
(11.6248996398138 0 0)
(13.9963577131477 0 0)
(16.3935430672816 0 0)
(18.7770021520865 0 0)
(21.1816902576724 0 0)
(23.5692831242934 0 0)
(25.979215270683 0 0)
(28.3711434671263 0 0)
(30.7872283444184 0 0)
(33.1842704239265 0 0)
(35.6068710212127 0 0)
(38.0095442160177 0 0)
(40.4374850746814 0 0)
(42.8374076352519 0 0)
(45.241185006217 0 0)
(47.6131674147924 0 0)
(50.3283305173777 0 0)
(52.5727683298872 0 0)
(55.5758307848165 0 0)
(60.1232192530502 0 0)
(58.8217085482714 0 0)
(61.4479092181044 0 0)
(64.8277079899952 0 0)
(67.1462127088404 0 0)
(69.8467852809716 0 0)
(72.0863503344743 0 0)
(74.7746309005317 0 0)
(77.0493627441744 0 0)
(79.7231292648269 0 0)
(82.041342284815 0 0)
(84.707493584842 0 0)
(87.0657796071148 0 0)
(89.7229311858146 0 0)
(92.1204699469209 0 0)
(94.7715833589206 0 0)
(97.2069701850661 0 0)
(99.8556164471686 0 0)
(102.328763402623 0 0)
(104.977427271237 0 0)
(107.487699550542 0 0)
(110.139362818695 0 0)
(112.684195921778 0 0)
(115.344987340699 0 0)
(117.923498826125 0 0)
(120.594569773218 0 0)
(123.207060155283 0 0)
(125.892904430785 0 0)
(128.536858850636 0 0)
(131.24017964635 0 0)
(133.916427373038 0 0)
(136.640615132859 0 0)
(139.3484737613 0 0)
(142.09660263202 0 0)
(144.835347047422 0 0)
(147.610468886753 0 0)
(150.381602686791 0 0)
(153.185113927345 0 0)
(155.989230075102 0 0)
(158.824005850005 0 0)
(161.662165653999 0 0)
(164.529867242861 0 0)
(167.403102884934 0 0)
(170.305833938329 0 0)
(173.21608159338 0 0)
(176.156322304024 0 0)
(179.105171314919 0 0)
(182.084408953619 0 0)
(185.073826167993 0 0)
(188.094481810433 0 0)
(191.126166498203 0 0)
(194.190595171062 0 0)
(197.266868115465 0 0)
(200.376635964758 0 0)
(203.500004525376 0 0)
(206.658149420485 0 0)
(209.830503967389 0 0)
(213.03942737897 0 0)
(216.263416984281 0 0)
(219.525287171946 0 0)
(222.803902806115 0 0)
(226.122239817385 0 0)
(229.458539729875 0 0)
(232.836454722696 0 0)
(236.233363194374 0 0)
(239.673312732724 0 0)
(243.13336255072 0 0)
(246.638847819294 0 0)
(250.165957233408 0 0)
(253.740558163059 0 0)
(257.338296865749 0 0)
(260.985951967138 0 0)
(264.658342678165 0 0)
(268.382984879857 0 0)
(272.133826300515 0 0)
(275.939901257657 0 0)
(279.774377402935 0 0)
(283.666776104303 0 0)
(287.589463539625 0 0)
(291.573251552067 0 0)
(295.589616140879 0 0)
(299.67056472839 0 0)
(303.786644445383 0 0)
(307.970864523357 0 0)
(312.192866433803 0 0)
(316.486755006066 0 0)
(320.821251309901 0 0)
(325.231786009904 0 0)
(329.685810917153 0 0)
(334.220091564147 0 0)
(338.801525512001 0 0)
(343.468403200952 0 0)
(348.186542213626 0 0)
(352.99562544106 0 0)
(357.860428717872 0 0)
(362.822056287494 0 0)
(367.844381293915 0 0)
(372.969800444569 0 0)
(378.160857626565 0 0)
(383.461966752901 0 0)
(388.834944424369 0 0)
(394.326314256518 0 0)
(399.897719562274 0 0)
(405.598287218592 0 0)
(411.388183288698 0 0)
(417.317886215742 0 0)
(423.346600457563 0 0)
(429.529734946034 0 0)
(435.849358586084 0 0)
(442.532822210302 0 0)
(450.043686623805 0 0)
(458.19081994463 0 0)
(465.334069994119 0 0)
(471.570088638285 0 0)
(478.449170232791 0 0)
(486.177028235946 0 0)
(493.993793032631 0 0)
(501.841684668366 0 0)
(509.962946720017 0 0)
(518.512521923666 0 0)
(527.339115127665 0 0)
(536.475807026844 0 0)
(545.931227271459 0 0)
(555.834409895528 0 0)
(566.177499790315 0 0)
(577.265677604632 0 0)
(589.273429150085 0 0)
(601.845439512366 0 0)
(614.695189293864 0 0)
(628.844579058642 0 0)
(644.811249693863 0 0)
(659.890205837211 0 0)
(671.882335161715 0 0)
(684.2050733675 0 0)
(700.554133547712 0 0)
(720.91007165713 0 0)
(742.582392370108 0 0)
(759.853403305486 0 0)
(771.750069945658 0 0)
(788.328802037512 0 0)
(816.103027415444 0 0)
(851.258211515591 0 0)
(888.083650962501 0 0)
(925.397395668824 0 0)
(964.905854850173 0 0)
(1005.16105406949 0 0)
(1020.80484385537 0 0)
(1011.16544482703 0 0)
(1024.58078421208 0 0)
(1091.61960848392 0 0)
(1196.23362704706 0 0)
(1279.84341026288 0 0)
(1321.98325806719 0 0)
(1358.80556740946 0 0)
(1378.02340509315 0 0)
(1383.98524642435 0 0)
(1416.22336993595 0 0)
(1451.16659672766 0 0)
(1478.49832249068 0 0)
(1482.46514646032 0 0)
(1451.2979755211 0 0)
(1394.02837269115 0 0)
(1307.99745971692 0 0)
(1216.04390587414 0 0)
(1134.69728726278 0 0)
(1114.15216891507 0 0)
(1206.76624715835 0 0)
(1491.66653217677 0 0)
(2086.95995856093 0 0)
(3111.19930262822 0 0)
(4733.04862743665 0 0)
(7124.4372244407 0 0)
(10448.6368542601 0 0)
(14889.559149632 0 0)
(20609.5444052482 0 0)
(27719.3317487575 0 0)
(36301.7872018657 0 0)
(46412.1758365312 0 0)
(58049.9089767731 0 0)
(71156.3564117895 0 0)
(85621.2703730852 0 0)
(101303.466992126 0 0)
(118041.855370647 0 0)
(135652.938717371 0 0)
(153877.238876099 0 0)
(172518.516463204 0 0)
(191347.301226687 0 0)
(210133.918587271 0 0)
(228692.481475613 0 0)
(246879.248647518 0 0)
(264578.068075223 0 0)
(281681.985305808 0 0)
(298186.446345328 0 0)
(314129.097305631 0 0)
(329558.912284669 0 0)
(344657.687031129 0 0)
(359694.996693314 0 0)
(374909.223210726 0 0)
(390787.506368093 0 0)
(407482.15119457 0 0)
(424001.972534974 0 0)
(438937.088262932 0 0)
(451915.634682407 0 0)
(463301.900028526 0 0)
(473379.765901199 0 0)
(482349.181440897 0 0)
(490264.995508884 0 0)
(497010.373232576 0 0)
(502236.533059562 0 0)
(505293.617102019 0 0)
(505074.756649046 0 0)
(499926.980177094 0 0)
(487571.564102192 0 0)
(465263.285493676 0 0)
(430181.155211242 0 0)
(380131.947295462 0 0)
(314604.137549379 0 0)
(235406.263424437 0 0)
(145969.958413122 0 0)
(11482.4816081178 0 0)
(-286140.406215705 0 0)
(-767977.870025388 0 0)
(-1181884.89113224 0 0)
(-1482949.07348665 0 0)
(-1738347.97639582 0 0)
(-1998033.78334973 0 0)
(-2230819.2831744 0 0)
)
;

boundaryField
{
    electrode
    {
        type            calculated;
        value           uniform (-257980.093611712 0 0);
    }
    ground
    {
        type            calculated;
        value           uniform (260240.459527487 0 0);
    }
    otherfaces
    {
        type            empty;
    }
}


// ************************************************************************* //
