/*--------------------------------*- C++ -*----------------------------------*\
| =========                 |                                                 |
| \\      /  F ield         | foam-extend: Open Source CFD                    |
|  \\    /   O peration     | Version:     4.1                                |
|   \\  /    A nd           | Web:         http://www.foam-extend.org         |
|    \\/     M anipulation  |                                                 |
\*---------------------------------------------------------------------------*/
FoamFile
{
    version     2.0;
    format      ascii;
    class       volScalarField;
    location    "1.50009999935002e-05";
    object      eCollisionFrequency;
}
// * * * * * * * * * * * * * * * * * * * * * * * * * * * * * * * * * * * * * //

dimensions      [0 0 -1 0 0 0 0];

internalField   nonuniform List<scalar> 
500
(
13873597870.8869
13968050229.9753
14051519060.5711
14132462199.2971
14210998252.0396
14285864294.6396
14352932205.5688
14416213730.4377
14478995883.9338
14542149464.4062
14603363225.4279
14656468525.8586
14700554688.9482
14737993817.9813
14769331778.4678
14796730052.8871
14819910531.1998
14838724393.3927
14854096654.0683
14866575172.7846
14876484984.1234
14884236334.1988
14890319120.8526
14895167269.6562
14899003513.2446
14901929871.6579
14904058525.8629
14905579193.3602
14906683136.881
14907501558.6314
14908069323.7128
14908375524.9553
14908439418.9268
14908321275.7869
14908119954.5463
14907936720.7785
14907839078.3077
14907819791.0573
14907786038.4893
14907594375.0188
14907119456.5862
14906322770.5284
14905273106.9727
14904098285.8009
14902944129.0579
14901923849.1641
14901101222.252
14900505085.278
14900143813.3558
14900006534.6186
14900067948.4778
14900295545.4293
14900655620.4162
14901118083.3853
14901669704.3612
14902306889.4628
14903033274.6696
14903853705.3013
14904763392.5804
14905746702.6504
14906790406.4849
14907881269.3418
14909020517.542
14910231084.1897
14911528682.642
14912931452.4487
14914437039.8677
14916021371.4993
14917659149.4856
14919319018.7509
14920979257.4405
14922625371.4979
14924253727.1175
14925864312.553
14927466785.2243
14929064766.4616
14930660671.5655
14932261755.5368
14933870440.9338
14935485522.6294
14937105794.4695
14938727628.3523
14940343760.8746
14941951766.2653
14943488655.0995
14944976189.7722
14946455538.6647
14947927908.7736
14949393295.8873
14950850483.3922
14952290977.8242
14953711130.7959
14955101225.7485
14956463672.5027
14957794815.2322
14959097064.6698
14960377689.4542
14961631821.7382
14962867948.7294
14964081203.1786
14965276432.9521
14966451199.4596
14967604277.8782
14968736873.4625
14969850192.376
14970936931.8911
14972001943.8066
14973042786.769
14974061883.0408
14975058007.3614
14976033583.5504
14976989820.2132
14977925493.1005
14978843028.4102
14979739985.2324
14980615138.9001
14981467264.3602
14982297571.2618
14983106052.3331
14983892700.4926
14984659944.6686
14985406560.8553
14986134979.1736
14986841539.5095
14987533545.9305
14988204901.9599
14988860476.4099
14989497827.7368
14990119388.8794
14990723937.006
14991310249.0018
14991881977.8343
14992436681.8112
14992974357.1482
14993497438.8707
14994005923.9196
14994501028.8315
14994980311.7747
14995448648.3686
14995903597.0813
14996345155.4731
14996774541.056
14997191751.7365
14997595565.4663
14997989640.3123
14998370314.3166
14998741246.0369
14999101213.7671
14999448995.6114
14999789471.3552
15000117758.3037
15000438736.7596
15000748744.2019
15001050220.4211
15001344385.0113
15001628795.7708
15001905893.0197
15002173234.4287
15002433260.556
15002687191.4827
15002932584.8242
15003171881.5844
15003403860.2203
15003628520.0527
15003848302.486
15004060764.9589
15004268349.0484
15004468612.0841
15004663995.8075
15004854499.837
15005041345.0264
15005222088.5915
15005395508.808
15005567711.7217
15005733811.8938
15005895030.2833
15006053809.3558
15006207706.1251
15006356720.2906
15006503294.488
15006644985.6006
15006786679.389
15006919825.1285
15007054194.7839
15007184902.1211
15007310725.3534
15007434107.465
15007556269.9703
15007674769.5006
15007793270.9023
15007905665.7136
15008016840.4982
15008128016.93
15008235529.7713
15008341822.3899
15008445672.9542
15008548303.1591
15008648491.1415
15008747458.6325
15008843983.739
15008940510.0871
15009034593.925
15009127457.0515
15009219099.4213
15009311964.831
15009399943.6476
15009490367.3949
15009578348.3029
15009663886.2857
15009749425.2435
15009836187.1823
15009919284.064
15010003603.8992
15010087924.6818
15010169802.2902
15010251680.792
15010333560.187
15010415440.4753
15010497321.6569
15010576759.4779
15010656198.1397
15010735637.6422
15010816300.1513
15010895741.3485
15010975183.3865
15011054626.2654
15011135292.2028
15011212292.3155
15011291737.7041
15011372406.1899
15011449408.7351
15011528856.6336
15011609527.6679
15011686532.6459
15011765983.0543
15011846656.6373
15011926108.7407
15012005561.6851
15012087460.2158
15012166914.8682
15012246370.3616
15012328271.5198
15012410173.5717
15012492076.5172
15012573980.3563
15012655885.0892
15012737790.7158
15012822142.2205
15012906494.6732
15012989625.554
15013073979.8887
15013159557.7187
15013246359.0858
15013331938.881
15013418742.2414
15013506769.2094
15013594797.2097
15013682826.2422
15013770856.307
15013861332.7271
15013951810.2376
15014043511.5299
15014136436.6488
15014228140.1965
15014321067.6008
15014415218.9072
15014511816.9294
15014608416.1945
15014705016.7026
15014801618.4537
15014901889.9405
15015000939.9192
15015101214.0683
15015205158.1974
15015307880.8684
15015410604.9448
15015515776.2887
15015622172.0543
15015729792.2937
15015838637.0594
15015949929.4064
15016061223.4032
15016174965.1264
15016287485.5158
15016403676.8181
15016521093.0132
15016640957.2731
15016760823.4466
15016881914.6873
15017006677.402
15017132665.3844
15017259878.696
15017390763.8718
15017520428.0713
15017654987.6269
15017789549.5939
15017927783.9437
15018068467.5319
15018209153.756
15018354736.1889
15018501544.8618
15018650803.2883
15018803735.0811
15018957893.4802
15019114502.0785
15019277231.6602
15019438741.1978
15019606372.1944
15019774006.9329
15019946540.0238
15020122748.1227
15020301407.7774
15020484966.6436
15020672201.3092
15020863112.0488
15021056475.3087
15021253515.1439
15021455455.7425
15021661073.567
15021871592.8859
15022085790.1093
15022304889.5888
15022527667.6795
15022756572.9298
15022987933.453
15023226646.2239
15023469039.2612
15023716337.1882
15023970989.106
15024229322.7086
15024492562.769
15024763158.678
15025038662.264
15025319074.0663
15025606843.7845
15025898298.3939
15026199561.6803
15026504511.2118
15026818046.5264
15027137719.0479
15027461079.803
15027795478.8566
15028133567.7541
15028481472.2104
15028834293.1798
15029195706.8344
15029564489.1922
15029940641.3366
15030324164.3731
15030712608.6127
15031113327.6523
15031516519.1363
15031930762.701
15032352383.1458
15032783833.2008
15033221437.1051
15033667647.7104
15034123692.5112
15034587121.2154
15035056709.0696
15035536135.8079
15036025403.3099
15036519608.0731
15037022430.3776
15037535098.4698
15038055161.1491
15038581393.2551
15039118703.1931
15039662185.8625
15040215523.4699
15040776264.0877
15041346863.6515
15041924869.9272
15042510284.6173
15043101882.018
15043700891.1091
15044306086.0306
15044915012.82
15045532583.6782
15046156344.8729
15046786297.9378
15047426128.8247
15048070927.0862
15048720693.9924
15049377887.7296
15050041281.6747
15050707191.4487
15051378075.2708
15052052705.5735
15052732312.3569
15053414438.7363
15054097856.1644
15054787482.3288
15055482089.4774
15056181678.9805
15056888711.5771
15057601959.5591
15058320194.7699
15059038498.5025
15059754410.4707
15060467929.9825
15061175365.2073
15061880405.9053
15062581820.7848
15063282070.2713
15063978692.3542
15064676609.8245
15065369667.7043
15066056633.4657
15066737505.433
15067407356.3503
15068068646.2821
15068725067.8063
15069371692.7633
15070017141.3933
15070660181.4566
15071310668.6144
15071971069.0766
15072647546.7149
15073335176.3797
15074033961.1153
15074730345.4523
15075413234.3427
15076071528.7671
15076706455.1923
15077319240.7248
15077917278.6559
15078510431.174
15079106096.9842
15079698109.6338
15080288935.2658
15080873639.1923
15081454687.3743
15082038247.9138
15082640361.9347
15083272139.8035
15083940993.5794
15084653104.2119
15085407249.6035
15086202207.881
15087020707.4296
15087838061.0581
15088627101.2082
15089352004.2492
15089999165.6369
15090569800.5437
15091102185.0076
15091664255.7719
15092325205.7256
15093135720.5758
15094105734.6306
15095216770.1376
15096444166.3323
15097773143.5309
15099179023.3584
15100671743.4435
15102340426.965
15104212413.7267
15106306421.2518
15108631301.0612
15111207083.1577
15114082346.23
15117318170.3988
15120994388.8336
15125164999.8622
15129840753.3141
15135011401.9303
15140640655.7376
15146636205.1958
15152808367.7135
15158864661.4747
15164539117.4608
15169742251.0613
15174644197.0173
15179629299.4133
15185150465.797
15191588142.4788
15199152655.9094
15207831057.7615
15217462608.6993
15227986765.9872
15239652849.8729
15253269907.9514
15269215085.1048
15286737304.3559
15305801572.7625
15326870331.2659
15350177218.7948
15375228220.8674
15401524134.4004
15427977282.4272
15455034486.2741
15481935840.7246
15507274313.5914
15529674835.5013
15545884905.0577
15552037839.1155
15543511321.4329
15520626640.1514
15471631722.3955
)
;

boundaryField
{
    electrode
    {
        type            zeroGradient;
    }
    ground
    {
        type            zeroGradient;
    }
    otherfaces
    {
        type            empty;
    }
}


// ************************************************************************* //
