/*--------------------------------*- C++ -*----------------------------------*\
| =========                 |                                                 |
| \\      /  F ield         | foam-extend: Open Source CFD                    |
|  \\    /   O peration     | Version:     4.1                                |
|   \\  /    A nd           | Web:         http://www.foam-extend.org         |
|    \\/     M anipulation  |                                                 |
\*---------------------------------------------------------------------------*/
FoamFile
{
    version     2.0;
    format      ascii;
    class       volVectorField;
    location    "1.50009999935002e-05";
    object      velocityAr2p;
}
// * * * * * * * * * * * * * * * * * * * * * * * * * * * * * * * * * * * * * //

dimensions      [0 1 -1 0 0 0 0];

internalField   nonuniform List<vector> 
500
(
(-3481.74754190321 0 0)
(-3358.09819997367 0 0)
(-3278.49120866813 0 0)
(-3189.41695148614 0 0)
(-3099.72342124313 0 0)
(-3007.09355763392 0 0)
(-2912.56378395196 0 0)
(-2816.33836190608 0 0)
(-2719.25863882336 0 0)
(-2621.27244598168 0 0)
(-2522.16237036188 0 0)
(-2422.69557984765 0 0)
(-2324.08925015924 0 0)
(-2226.52402470793 0 0)
(-2130.03755018289 0 0)
(-2035.57314498953 0 0)
(-1944.14584453207 0 0)
(-1855.36689562692 0 0)
(-1770.06382015532 0 0)
(-1688.85854851695 0 0)
(-1611.43251660214 0 0)
(-1538.2801500332 0 0)
(-1469.75652004751 0 0)
(-1405.12044915042 0 0)
(-1345.01544583461 0 0)
(-1289.04363463566 0 0)
(-1236.83314943114 0 0)
(-1188.55472489517 0 0)
(-1143.72503907635 0 0)
(-1102.0550442858 0 0)
(-1063.56707700742 0 0)
(-1027.78693453105 0 0)
(-994.458634568292 0 0)
(-963.515192199579 0 0)
(-934.78962656438 0 0)
(-907.829727687483 0 0)
(-882.575639231396 0 0)
(-858.978184307521 0 0)
(-836.969608329541 0 0)
(-816.254138106712 0 0)
(-796.604506724584 0 0)
(-777.949467812453 0 0)
(-760.27088653476 0 0)
(-743.54776947648 0 0)
(-727.736052197235 0 0)
(-712.702183144661 0 0)
(-698.350282400581 0 0)
(-684.625776947424 0 0)
(-671.48638145431 0 0)
(-658.875551074007 0 0)
(-646.761513528337 0 0)
(-635.111965412065 0 0)
(-623.914726938114 0 0)
(-613.136449572147 0 0)
(-602.740147375181 0 0)
(-592.696885281809 0 0)
(-582.993712246486 0 0)
(-573.604659721111 0 0)
(-564.510866384775 0 0)
(-555.688272728997 0 0)
(-547.128309383878 0 0)
(-538.812256796882 0 0)
(-530.731872957548 0 0)
(-522.870877302099 0 0)
(-515.221597354559 0 0)
(-507.769224619536 0 0)
(-500.508803096641 0 0)
(-493.427720981871 0 0)
(-486.521200479263 0 0)
(-479.7780470432 0 0)
(-473.194292631572 0 0)
(-466.759948455459 0 0)
(-460.471716313761 0 0)
(-454.320555139917 0 0)
(-448.30369359282 0 0)
(-442.413089692619 0 0)
(-436.646458304642 0 0)
(-430.996151425001 0 0)
(-425.460208653271 0 0)
(-420.032484019974 0 0)
(-414.711065443752 0 0)
(-409.487990204356 0 0)
(-404.363194235293 0 0)
(-399.331263948756 0 0)
(-394.391095388708 0 0)
(-389.537526075589 0 0)
(-384.769716627672 0 0)
(-380.082883942429 0 0)
(-375.476343334148 0 0)
(-370.945650237657 0 0)
(-366.49025386604 0 0)
(-362.106013971773 0 0)
(-357.792495869077 0 0)
(-353.54583372312 0 0)
(-349.365693490834 0 0)
(-345.248457628531 0 0)
(-341.193879638641 0 0)
(-337.198567102899 0 0)
(-333.262349910974 0 0)
(-329.382040311022 0 0)
(-325.557534766355 0 0)
(-321.785832179875 0 0)
(-318.066887127508 0 0)
(-314.397869195808 0 0)
(-310.778783678767 0 0)
(-307.206956513314 0 0)
(-303.682437392254 0 0)
(-300.202695797559 0 0)
(-296.767820205983 0 0)
(-293.375412152032 0 0)
(-290.025594111971 0 0)
(-286.716089414974 0 0)
(-283.447050131247 0 0)
(-280.216312073711 0 0)
(-277.024053312652 0 0)
(-273.868213711235 0 0)
(-270.748993963046 0 0)
(-267.664430489894 0 0)
(-264.614743574891 0 0)
(-261.598059373338 0 0)
(-258.614615302584 0 0)
(-255.662620952901 0 0)
(-252.742328394008 0 0)
(-249.852025125701 0 0)
(-246.99197598056 0 0)
(-244.160540964435 0 0)
(-241.35799586374 0 0)
(-238.582768638334 0 0)
(-235.835144329591 0 0)
(-233.113614483511 0 0)
(-230.418471992947 0 0)
(-227.748268060302 0 0)
(-225.103302114035 0 0)
(-222.482181389704 0 0)
(-219.885210697239 0 0)
(-217.311050019826 0 0)
(-214.760008453902 0 0)
(-212.230795661223 0 0)
(-209.723724102919 0 0)
(-207.237550303325 0 0)
(-204.772589225299 0 0)
(-202.327641712762 0 0)
(-199.903024384287 0 0)
(-197.497580022095 0 0)
(-195.111626263228 0 0)
(-192.744045623715 0 0)
(-190.395156020957 0 0)
(-188.063877677377 0 0)
(-185.750528274164 0 0)
(-183.454063933604 0 0)
(-181.174801415325 0 0)
(-178.911731011001 0 0)
(-176.665168130223 0 0)
(-174.4341355851 0 0)
(-172.218947031637 0 0)
(-170.01865623895 0 0)
(-167.833574699781 0 0)
(-165.662785745302 0 0)
(-163.506598430111 0 0)
(-161.364124206039 0 0)
(-159.235669536469 0 0)
(-157.120372355863 0 0)
(-155.018536805128 0 0)
(-152.929325613112 0 0)
(-150.853040946845 0 0)
(-148.78886839854 0 0)
(-146.737109001491 0 0)
(-144.696968837114 0 0)
(-142.668749292384 0 0)
(-140.651673860835 0 0)
(-138.646046671834 0 0)
(-136.651104633217 0 0)
(-134.66715811231 0 0)
(-132.693452258409 0 0)
(-130.730308554463 0 0)
(-128.776973683449 0 0)
(-126.833787026812 0 0)
(-124.899988077944 0 0)
(-122.975943097628 0 0)
(-121.060873208412 0 0)
(-119.155183391303 0 0)
(-117.258062255745 0 0)
(-115.369968523696 0 0)
(-113.490040642127 0 0)
(-111.618809983164 0 0)
(-109.755343123714 0 0)
(-107.900267418562 0 0)
(-106.052551066223 0 0)
(-104.212945805822 0 0)
(-102.380289723891 0 0)
(-100.555493016423 0 0)
(-98.7372257667446 0 0)
(-96.926597345484 0 0)
(-95.1220649040244 0 0)
(-93.3249855120186 0 0)
(-91.5335499348724 0 0)
(-89.7494203540548 0 0)
(-87.970458192622 0 0)
(-86.1986990975661 0 0)
(-84.4315999179458 0 0)
(-82.6716515950124 0 0)
(-80.9158167188504 0 0)
(-79.1671384045894 0 0)
(-77.4219777468141 0 0)
(-75.6840488954489 0 0)
(-73.9489825022062 0 0)
(-72.2213004950479 0 0)
(-70.4957544300151 0 0)
(-68.7778373817461 0 0)
(-67.0612413588455 0 0)
(-65.352638519874 0 0)
(-63.644535836735 0 0)
(-61.9442797994331 0 0)
(-60.2449408774758 0 0)
(-58.5521416693723 0 0)
(-56.8606108870529 0 0)
(-55.1755679751676 0 0)
(-53.4910759754816 0 0)
(-51.8132920047606 0 0)
(-50.1353316180318 0 0)
(-48.4643729486802 0 0)
(-46.7924492576672 0 0)
(-45.1278842215557 0 0)
(-43.4615338812556 0 0)
(-41.8028935533203 0 0)
(-40.1416476126073 0 0)
(-38.4885177725924 0 0)
(-36.8319613396266 0 0)
(-35.1838914970595 0 0)
(-33.5315412016541 0 0)
(-31.8881059428165 0 0)
(-30.2395659741756 0 0)
(-28.6003155727507 0 0)
(-26.9551784243917 0 0)
(-25.3196887667576 0 0)
(-23.6775489385939 0 0)
(-22.0453590739949 0 0)
(-20.4058348707886 0 0)
(-18.7765084798511 0 0)
(-17.1392074168484 0 0)
(-15.5122959423432 0 0)
(-13.8768471388707 0 0)
(-12.2519159615376 0 0)
(-10.6179481867294 0 0)
(-8.99432205371127 0 0)
(-7.36192542331553 0 0)
(-5.73879473712821 0 0)
(-4.10786824737334 0 0)
(-2.48476287320497 0 0)
(-0.854716171545284 0 0)
(0.768397550954815 0 0)
(2.39844364721537 0 0)
(4.02154827155185 0 0)
(5.6524739240877 0 0)
(7.27560047813172 0 0)
(8.90799231039757 0 0)
(10.5316163527556 0 0)
(12.1655838412737 0 0)
(13.7905099191066 0 0)
(15.4259489745717 0 0)
(17.0528474477279 0 0)
(18.6901407543753 0 0)
(20.3194595368776 0 0)
(21.9589782846526 0 0)
(23.5911635457637 0 0)
(25.2332960582115 0 0)
(26.8687761681847 0 0)
(28.5139069874457 0 0)
(30.1531513957704 0 0)
(31.8016743530264 0 0)
(33.4450877741487 0 0)
(35.0974131552829 0 0)
(36.7454652237923 0 0)
(38.4020306989755 0 0)
(40.0551498983089 0 0)
(41.7163533239812 0 0)
(43.374980266162 0 0)
(45.0412863819956 0 0)
(46.7058514331319 0 0)
(48.3777418993574 0 0)
(50.0486712807009 0 0)
(51.7265913072106 0 0)
(53.4043455944614 0 0)
(55.0887970665284 0 0)
(56.7737994016663 0 0)
(58.4652889996604 0 0)
(60.1580655416452 0 0)
(61.8573803046343 0 0)
(63.5574347469741 0 0)
(65.2654573421542 0 0)
(66.973983114454 0 0)
(68.6904977735424 0 0)
(70.4083322666832 0 0)
(72.1337940647072 0 0)
(73.8613884078064 0 0)
(75.5963638396311 0 0)
(77.334198451529 0 0)
(79.0792614469215 0 0)
(80.8278395330761 0 0)
(82.5835712994814 0 0)
(84.3434133936239 0 0)
(86.1104032603007 0 0)
(87.8820499962111 0 0)
(89.660896828841 0 0)
(91.4449082179566 0 0)
(93.236222619806 0 0)
(95.0331777550045 0 0)
(96.8375828347386 0 0)
(98.6480807609691 0 0)
(100.466214372889 0 0)
(102.290874231509 0 0)
(104.123390237677 0 0)
(105.962852130039 0 0)
(107.810421795478 0 0)
(109.665347495089 0 0)
(111.528660978561 0 0)
(113.399734893039 0 0)
(115.279502642201 0 0)
(117.167432830474 0 0)
(119.064387005249 0 0)
(120.969906384209 0 0)
(122.884802347418 0 0)
(124.80866989424 0 0)
(126.742287871324 0 0)
(128.685289977016 0 0)
(130.638436653685 0 0)
(132.601388499276 0 0)
(134.574898801608 0 0)
(136.558645992504 0 0)
(138.553384910557 0 0)
(140.558805111311 0 0)
(142.57566969909 0 0)
(144.60367445395 0 0)
(146.643595893208 0 0)
(148.695132503765 0 0)
(150.759078242723 0 0)
(152.835131998868 0 0)
(154.92410812339 0 0)
(157.025704398539 0 0)
(159.140758082893 0 0)
(161.268964952063 0 0)
(163.411187065799 0 0)
(165.567117800873 0 0)
(167.737645725321 0 0)
(169.922461696958 0 0)
(172.122482382332 0 0)
(174.33739616128 0 0)
(176.568149192597 0 0)
(178.81442778385 0 0)
(181.077209058687 0 0)
(183.356177518799 0 0)
(185.652342833726 0 0)
(187.965388108271 0 0)
(190.296357204762 0 0)
(192.644932375253 0 0)
(195.012193284035 0 0)
(197.397821914258 0 0)
(199.802935675545 0 0)
(202.227216859925 0 0)
(204.671822616291 0 0)
(207.136436211102 0 0)
(209.622256703419 0 0)
(212.12896903598 0 0)
(214.657816616744 0 0)
(217.208486845 0 0)
(219.782269953791 0 0)
(222.378856754042 0 0)
(224.99958713276 0 0)
(227.644156194936 0 0)
(230.313956528698 0 0)
(233.008688645589 0 0)
(235.729801223061 0 0)
(238.477001185053 0 0)
(241.25179689824 0 0)
(244.053903188388 0 0)
(246.884891932798 0 0)
(249.744487203376 0 0)
(252.634328882719 0 0)
(255.554151903483 0 0)
(258.505668723444 0 0)
(261.488627040989 0 0)
(264.50481705907 0 0)
(267.554001277481 0 0)
(270.638053385977 0 0)
(273.756752810754 0 0)
(276.912063009515 0 0)
(280.103783135507 0 0)
(283.333973053125 0 0)
(286.602454512933 0 0)
(289.91139157338 0 0)
(293.260631828694 0 0)
(296.652451824706 0 0)
(300.086728808656 0 0)
(303.56586108667 0 0)
(307.08975983081 0 0)
(310.660955426785 0 0)
(314.279397853468 0 0)
(317.947760967498 0 0)
(321.666039198906 0 0)
(325.43706270375 0 0)
(329.260876610546 0 0)
(333.140481762849 0 0)
(337.075981337629 0 0)
(341.070562830398 0 0)
(345.124396037635 0 0)
(349.240873153268 0 0)
(353.420240246236 0 0)
(357.666114613562 0 0)
(361.978829907028 0 0)
(366.362251631944 0 0)
(370.81681415156 0 0)
(375.34665738401 0 0)
(379.952331676922 0 0)
(384.638281319926 0 0)
(389.405190559721 0 0)
(394.25784222434 0 0)
(399.197075121568 0 0)
(404.228051616938 0 0)
(409.351875448926 0 0)
(414.573976898761 0 0)
(419.894465622712 0 0)
(425.321283367817 0 0)
(430.856337486877 0 0)
(436.505772827545 0 0)
(442.271549485513 0 0)
(448.161318062335 0 0)
(454.177350351824 0 0)
(460.327681644433 0 0)
(466.615084837943 0 0)
(473.048603261259 0 0)
(479.63153644464 0 0)
(486.373876024039 0 0)
(493.279592438272 0 0)
(500.359883910065 0 0)
(507.619531690377 0 0)
(515.07115526591 0 0)
(522.719740802173 0 0)
(530.580095724742 0 0)
(538.659867689181 0 0)
(546.975320906425 0 0)
(555.534687861689 0 0)
(564.356665659423 0 0)
(573.449756311468 0 0)
(582.838070013973 0 0)
(592.540583810166 0 0)
(602.583284769342 0 0)
(612.97914576399 0 0)
(623.757037575492 0 0)
(634.953510078572 0 0)
(646.602037370546 0 0)
(658.714867094874 0 0)
(671.324487449126 0 0)
(684.462780180687 0 0)
(698.186352633462 0 0)
(712.537549341134 0 0)
(727.571026124411 0 0)
(743.381548638136 0 0)
(760.10311180149 0 0)
(777.780782596586 0 0)
(796.435340222145 0 0)
(816.085043140892 0 0)
(836.801493310088 0 0)
(858.811778159728 0 0)
(882.410528890531 0 0)
(907.667165749397 0 0)
(934.631123899902 0 0)
(963.365347494075 0 0)
(994.31626609808 0 0)
(1027.65475719735 0 0)
(1063.44806583263 0 0)
(1101.9550365016 0 0)
(1143.64665654592 0 0)
(1188.5017568809 0 0)
(1236.81142171995 0 0)
(1289.05940102325 0 0)
(1345.07088869759 0 0)
(1405.22658265832 0 0)
(1469.91450340447 0 0)
(1538.49435791995 0 0)
(1611.71429408339 0 0)
(1689.1977391643 0 0)
(1770.47579036625 0 0)
(1855.84840234175 0 0)
(1944.67812545593 0 0)
(2036.18161445605 0 0)
(2130.70580421298 0 0)
(2227.22865153287 0 0)
(2324.84364986518 0 0)
(2423.50337714435 0 0)
(2522.99132095065 0 0)
(2622.11447929801 0 0)
(2720.12482116962 0 0)
(2817.22825494208 0 0)
(2913.45752028208 0 0)
(3007.98964236556 0 0)
(3100.62282886005 0 0)
(3190.32243271186 0 0)
(3279.37695728088 0 0)
(3358.98251136091 0 0)
(3482.62387886444 0 0)
)
;

boundaryField
{
    electrode
    {
        type            zeroGradient;
    }
    ground
    {
        type            zeroGradient;
    }
    otherfaces
    {
        type            empty;
    }
}


// ************************************************************************* //
