/*--------------------------------*- C++ -*----------------------------------*\
| =========                 |                                                 |
| \\      /  F ield         | foam-extend: Open Source CFD                    |
|  \\    /   O peration     | Version:     4.1                                |
|   \\  /    A nd           | Web:         http://www.foam-extend.org         |
|    \\/     M anipulation  |                                                 |
\*---------------------------------------------------------------------------*/
FoamFile
{
    version     2.0;
    format      ascii;
    class       volVectorField;
    location    "2.50010000204314e-05";
    object      Flux_Arm;
}
// * * * * * * * * * * * * * * * * * * * * * * * * * * * * * * * * * * * * * //

dimensions      [0 -2 -1 0 0 0 0];

internalField   nonuniform List<vector> 
500
(
(3.73504446970279e+17 -0 -0)
(1.11323167883453e+18 -0 -0)
(1.82221144503741e+18 -0 -0)
(2.44081624805361e+18 -0 -0)
(2.88832980523538e+18 -0 -0)
(3.15208169914546e+18 -0 -0)
(3.28023829653479e+18 -0 -0)
(3.3122974235831e+18 -0 -0)
(3.2741195976052e+18 -0 -0)
(3.18389727382331e+18 -0 -0)
(3.05647764502987e+18 -0 -0)
(2.90298495141915e+18 -0 -0)
(2.73246911134317e+18 -0 -0)
(2.55244779081663e+18 -0 -0)
(2.36875903897591e+18 -0 -0)
(2.18606782762858e+18 -0 -0)
(2.00793681068848e+18 -0 -0)
(1.83732538674997e+18 -0 -0)
(1.67646502375746e+18 -0 -0)
(1.52677779424906e+18 -0 -0)
(1.38868772124104e+18 -0 -0)
(1.26209123614901e+18 -0 -0)
(1.14675532795827e+18 -0 -0)
(1.04220699921157e+18 -0 -0)
(9.47880901677315e+17 -0 -0)
(8.63120281564643e+17 -0 -0)
(7.87203553227089e+17 -0 -0)
(7.1941564637735e+17 -0 -0)
(6.59009152641919e+17 -0 -0)
(6.0529053445363e+17 -0 -0)
(5.5756650005739e+17 -0 -0)
(5.15208093678821e+17 -0 -0)
(4.77617403243336e+17 -0 -0)
(4.4424983472527e+17 -0 -0)
(4.14613802448886e+17 -0 -0)
(3.8825649275328e+17 -0 -0)
(3.64784333482627e+17 -0 -0)
(3.43835171880149e+17 -0 -0)
(3.25098650879528e+17 -0 -0)
(3.08294076047054e+17 -0 -0)
(2.93179347355205e+17 -0 -0)
(2.79541871144319e+17 -0 -0)
(2.67194947645219e+17 -0 -0)
(2.55979714845721e+17 -0 -0)
(2.45753750685673e+17 -0 -0)
(2.36399024474257e+17 -0 -0)
(2.27808087373048e+17 -0 -0)
(2.19892848245694e+17 -0 -0)
(2.12573389379589e+17 -0 -0)
(2.05782991623463e+17 -0 -0)
(1.9946314076649e+17 -0 -0)
(1.93562556561563e+17 -0 -0)
(1.88038434153521e+17 -0 -0)
(1.82851167574352e+17 -0 -0)
(1.77968974490562e+17 -0 -0)
(1.73361476587482e+17 -0 -0)
(1.69004437004369e+17 -0 -0)
(1.64874731466405e+17 -0 -0)
(1.60953223374735e+17 -0 -0)
(1.57222345185902e+17 -0 -0)
(1.53666652566588e+17 -0 -0)
(1.50272807699695e+17 -0 -0)
(1.4702803595652e+17 -0 -0)
(1.4392213856959e+17 -0 -0)
(1.40944557903595e+17 -0 -0)
(1.38087162318273e+17 -0 -0)
(1.35341228735073e+17 -0 -0)
(1.32700064928653e+17 -0 -0)
(1.30156713120956e+17 -0 -0)
(1.2770533221192e+17 -0 -0)
(1.2534039973831e+17 -0 -0)
(1.23056659972657e+17 -0 -0)
(1.20849778354107e+17 -0 -0)
(1.18715091713475e+17 -0 -0)
(1.16649041481291e+17 -0 -0)
(1.1464756226492e+17 -0 -0)
(1.12707649016159e+17 -0 -0)
(1.10825758049764e+17 -0 -0)
(1.08999299488601e+17 -0 -0)
(1.07225328105077e+17 -0 -0)
(1.05501335241882e+17 -0 -0)
(1.03824949559691e+17 -0 -0)
(1.02193926143069e+17 -0 -0)
(1.00606206890918e+17 -0 -0)
(9.90596974692398e+16 -0 -0)
(9.75528035220881e+16 -0 -0)
(9.6083509097597e+16 -0 -0)
(9.46503921799547e+16 -0 -0)
(9.32517237645917e+16 -0 -0)
(9.18862423505923e+16 -0 -0)
(9.05524563879802e+16 -0 -0)
(8.92491476811229e+16 -0 -0)
(8.79750597944032e+16 -0 -0)
(8.67289823857218e+16 -0 -0)
(8.55099106299797e+16 -0 -0)
(8.43167011312299e+16 -0 -0)
(8.3148501344872e+16 -0 -0)
(8.2004214886239e+16 -0 -0)
(8.08831319933312e+16 -0 -0)
(7.97842524584622e+16 -0 -0)
(7.8706844096467e+16 -0 -0)
(7.76500810082574e+16 -0 -0)
(7.66133384597577e+16 -0 -0)
(7.55958238936347e+16 -0 -0)
(7.45969080510491e+16 -0 -0)
(7.36159344406466e+16 -0 -0)
(7.26523181008762e+16 -0 -0)
(7.17055112116909e+16 -0 -0)
(7.07748951218704e+16 -0 -0)
(6.98600008119591e+16 -0 -0)
(6.8960243729972e+16 -0 -0)
(6.80752376348455e+16 -0 -0)
(6.72044154070501e+16 -0 -0)
(6.63474398424128e+16 -0 -0)
(6.55037954621734e+16 -0 -0)
(6.4673148189646e+16 -0 -0)
(6.38550311145914e+16 -0 -0)
(6.30491130175975e+16 -0 -0)
(6.22550004614585e+16 -0 -0)
(6.14723419229973e+16 -0 -0)
(6.0700862405882e+16 -0 -0)
(5.99401857282708e+16 -0 -0)
(5.9190000384373e+16 -0 -0)
(5.84499759180578e+16 -0 -0)
(5.77199603463791e+16 -0 -0)
(5.6999559843781e+16 -0 -0)
(5.62885333316544e+16 -0 -0)
(5.5586592702579e+16 -0 -0)
(5.48934838691611e+16 -0 -0)
(5.42090378877686e+16 -0 -0)
(5.35329985642616e+16 -0 -0)
(5.28651185408908e+16 -0 -0)
(5.22051607385494e+16 -0 -0)
(5.1552987271161e+16 -0 -0)
(5.09083198360904e+16 -0 -0)
(5.02702102187089e+16 -0 -0)
(4.96244176563223e+16 -0 -0)
(4.89512129772523e+16 -0 -0)
(4.824977570108e+16 -0 -0)
(4.7527910097597e+16 -0 -0)
(4.67788803158502e+16 -0 -0)
(4.59784861483722e+16 -0 -0)
(4.51258756688731e+16 -0 -0)
(4.42664918082162e+16 -0 -0)
(4.34248990974468e+16 -0 -0)
(4.25995882797677e+16 -0 -0)
(4.17907478409322e+16 -0 -0)
(4.09976439491978e+16 -0 -0)
(4.02201430221026e+16 -0 -0)
(3.94578065798278e+16 -0 -0)
(3.87102792925075e+16 -0 -0)
(3.797725947967e+16 -0 -0)
(3.72583310184145e+16 -0 -0)
(3.65532432072502e+16 -0 -0)
(3.58615404864599e+16 -0 -0)
(3.51829520991334e+16 -0 -0)
(3.45170687417724e+16 -0 -0)
(3.38636624180599e+16 -0 -0)
(3.32223112225182e+16 -0 -0)
(3.25928404130636e+16 -0 -0)
(3.1974944765303e+16 -0 -0)
(3.13684594154283e+16 -0 -0)
(3.07733114027416e+16 -0 -0)
(3.01894318512116e+16 -0 -0)
(2.96162414314789e+16 -0 -0)
(2.90535434495031e+16 -0 -0)
(2.85008422887107e+16 -0 -0)
(2.79580014721364e+16 -0 -0)
(2.74245661767374e+16 -0 -0)
(2.69003597614722e+16 -0 -0)
(2.63849864530704e+16 -0 -0)
(2.58783117529756e+16 -0 -0)
(2.5379989604321e+16 -0 -0)
(2.48899506840763e+16 -0 -0)
(2.44078802878656e+16 -0 -0)
(2.39335861359268e+16 -0 -0)
(2.34667867677074e+16 -0 -0)
(2.30074182408956e+16 -0 -0)
(2.25551605860051e+16 -0 -0)
(2.21099018578045e+16 -0 -0)
(2.16713150773177e+16 -0 -0)
(2.12393477570313e+16 -0 -0)
(2.0813743625722e+16 -0 -0)
(2.03944366391223e+16 -0 -0)
(1.99810524713408e+16 -0 -0)
(1.95735441815388e+16 -0 -0)
(1.9171675901492e+16 -0 -0)
(1.87753832331972e+16 -0 -0)
(1.8384403864411e+16 -0 -0)
(1.7998657326799e+16 -0 -0)
(1.7617908122703e+16 -0 -0)
(1.72420968958756e+16 -0 -0)
(1.68709795356216e+16 -0 -0)
(1.65045369879983e+16 -0 -0)
(1.6142482375969e+16 -0 -0)
(1.57848099459568e+16 -0 -0)
(1.54312758579233e+16 -0 -0)
(1.50818605845064e+16 -0 -0)
(1.47363481821976e+16 -0 -0)
(1.43946966700396e+16 -0 -0)
(1.40566795784161e+16 -0 -0)
(1.37223050310676e+16 -0 -0)
(1.33913149776104e+16 -0 -0)
(1.30637596209073e+16 -0 -0)
(1.27393873762306e+16 -0 -0)
(1.24181861377456e+16 -0 -0)
(1.20999817916786e+16 -0 -0)
(1.1784781244458e+16 -0 -0)
(1.1472308905653e+16 -0 -0)
(1.11626700558271e+16 -0 -0)
(1.08556097360312e+16 -0 -0)
(1.05511448978595e+16 -0 -0)
(1.02491072571526e+16 -0 -0)
(9.94948010032746e+15 -0 -0)
(9.65209130362806e+15 -0 -0)
(9.35698419540381e+15 -0 -0)
(9.06391201867129e+15 -0 -0)
(8.77295418832751e+15 -0 -0)
(8.48388547955532e+15 -0 -0)
(8.1967896001682e+15 -0 -0)
(7.91140826244896e+15 -0 -0)
(7.62783939356075e+15 -0 -0)
(7.34589416321975e+15 -0 -0)
(7.06557447540952e+15 -0 -0)
(6.78672475082747e+15 -0 -0)
(6.50941433150752e+15 -0 -0)
(6.23341370921768e+15 -0 -0)
(5.95880468955798e+15 -0 -0)
(5.68539573717733e+15 -0 -0)
(5.41324615865461e+15 -0 -0)
(5.14216077475251e+15 -0 -0)
(4.8722137837808e+15 -0 -0)
(4.60320396837099e+15 -0 -0)
(4.33521156566686e+15 -0 -0)
(4.06807163246083e+15 -0 -0)
(3.80183183122697e+15 -0 -0)
(3.53626565595593e+15 -0 -0)
(3.27153518411879e+15 -0 -0)
(3.00739223707158e+15 -0 -0)
(2.74389221291699e+15 -0 -0)
(2.48090167739084e+15 -0 -0)
(2.21848065852414e+15 -0 -0)
(1.95643041839548e+15 -0 -0)
(1.69483078398827e+15 -0 -0)
(1.43349261424813e+15 -0 -0)
(1.17253262553415e+15 -0 -0)
(911635997758562 -0 -0)
(650992967221646 -0 -0)
(390368338549928 -0 -0)
(130232782647051 -0 -0)
(-129544663633596 -0 -0)
(-389675782089296 -0 -0)
(-650327633191728 -0 -0)
(-910954421507314 -0 -0)
(-1.17181361995052e+15 -0 -0)
(-1.43279727517095e+15 -0 -0)
(-1.69414756766662e+15 -0 -0)
(-1.9557300879875e+15 -0 -0)
(-2.21776531012937e+15 -0 -0)
(-2.4801910358489e+15 -0 -0)
(-2.74321490399338e+15 -0 -0)
(-3.00669787276404e+15 -0 -0)
(-3.27084025962782e+15 -0 -0)
(-3.53558145843472e+15 -0 -0)
(-3.80111658342e+15 -0 -0)
(-4.06737983522453e+15 -0 -0)
(-4.33452654889159e+15 -0 -0)
(-4.60250265210346e+15 -0 -0)
(-4.8715383604099e+15 -0 -0)
(-5.14146202508797e+15 -0 -0)
(-5.4125267882581e+15 -0 -0)
(-5.6846936732959e+15 -0 -0)
(-5.95809217909802e+15 -0 -0)
(-6.23269135536726e+15 -0 -0)
(-6.50868342066626e+15 -0 -0)
(-6.78598906300289e+15 -0 -0)
(-7.06485338452922e+15 -0 -0)
(-7.34515899017882e+15 -0 -0)
(-7.62711159237648e+15 -0 -0)
(-7.91068713215646e+15 -0 -0)
(-8.1960429435623e+15 -0 -0)
(-8.48314142748093e+15 -0 -0)
(-8.77222306076936e+15 -0 -0)
(-9.06317419931779e+15 -0 -0)
(-9.3562046335472e+15 -0 -0)
(-9.65132246395181e+15 -0 -0)
(-9.94873335016239e+15 -0 -0)
(-1.0248332443644e+16 -0 -0)
(-1.05503664097466e+16 -0 -0)
(-1.08548312900125e+16 -0 -0)
(-1.11619065199439e+16 -0 -0)
(-1.14715353640439e+16 -0 -0)
(-1.17839580288267e+16 -0 -0)
(-1.20991561893258e+16 -0 -0)
(-1.24173730485248e+16 -0 -0)
(-1.27385735581651e+16 -0 -0)
(-1.30629395807945e+16 -0 -0)
(-1.339047689628e+16 -0 -0)
(-1.37214367170136e+16 -0 -0)
(-1.40558079373637e+16 -0 -0)
(-1.43938380720537e+16 -0 -0)
(-1.47354854834361e+16 -0 -0)
(-1.50809980111158e+16 -0 -0)
(-1.54304026606754e+16 -0 -0)
(-1.57839182800201e+16 -0 -0)
(-1.61415808639086e+16 -0 -0)
(-1.65036153202679e+16 -0 -0)
(-1.68700606545164e+16 -0 -0)
(-1.72411666554312e+16 -0 -0)
(-1.76169653291932e+16 -0 -0)
(-1.7997715001267e+16 -0 -0)
(-1.83834326109598e+16 -0 -0)
(-1.87744132468811e+16 -0 -0)
(-1.91707105322958e+16 -0 -0)
(-1.95725726027644e+16 -0 -0)
(-1.99800376112326e+16 -0 -0)
(-2.03933871401597e+16 -0 -0)
(-2.0812701726605e+16 -0 -0)
(-2.12383107773962e+16 -0 -0)
(-2.16702390023e+16 -0 -0)
(-2.21087952777163e+16 -0 -0)
(-2.25540695289508e+16 -0 -0)
(-2.30063049110915e+16 -0 -0)
(-2.34656535047015e+16 -0 -0)
(-2.39324367737465e+16 -0 -0)
(-2.4406725123014e+16 -0 -0)
(-2.4888812704743e+16 -0 -0)
(-2.53788235765083e+16 -0 -0)
(-2.58771081822265e+16 -0 -0)
(-2.63837648746073e+16 -0 -0)
(-2.68991070704807e+16 -0 -0)
(-2.74232829316305e+16 -0 -0)
(-2.79567309435241e+16 -0 -0)
(-2.84995536943849e+16 -0 -0)
(-2.90521937965133e+16 -0 -0)
(-2.96148768103787e+16 -0 -0)
(-3.01880335913041e+16 -0 -0)
(-3.07718870540993e+16 -0 -0)
(-3.13670519134715e+16 -0 -0)
(-3.19735131636402e+16 -0 -0)
(-3.25913746263883e+16 -0 -0)
(-3.32208017364352e+16 -0 -0)
(-3.38621156779174e+16 -0 -0)
(-3.45155237594436e+16 -0 -0)
(-3.5181380674788e+16 -0 -0)
(-3.58599155527665e+16 -0 -0)
(-3.65515971247923e+16 -0 -0)
(-3.72566537091195e+16 -0 -0)
(-3.79755567452222e+16 -0 -0)
(-3.87085558956258e+16 -0 -0)
(-3.94560226187079e+16 -0 -0)
(-4.0218330867478e+16 -0 -0)
(-4.09958301226928e+16 -0 -0)
(-4.17888873482238e+16 -0 -0)
(-4.25976962185021e+16 -0 -0)
(-4.34229723010356e+16 -0 -0)
(-4.4264501755775e+16 -0 -0)
(-4.51238855861296e+16 -0 -0)
(-4.59766202484451e+16 -0 -0)
(-4.67772123958955e+16 -0 -0)
(-4.75263637411941e+16 -0 -0)
(-4.82483027738956e+16 -0 -0)
(-4.89497738552702e+16 -0 -0)
(-4.96230479220894e+16 -0 -0)
(-5.02688902697564e+16 -0 -0)
(-5.09070288155258e+16 -0 -0)
(-5.15517435007499e+16 -0 -0)
(-5.22038986542633e+16 -0 -0)
(-5.28638083418218e+16 -0 -0)
(-5.35316442227444e+16 -0 -0)
(-5.42076937065821e+16 -0 -0)
(-5.48921558166698e+16 -0 -0)
(-5.55852451173672e+16 -0 -0)
(-5.62871614520931e+16 -0 -0)
(-5.69981840641783e+16 -0 -0)
(-5.77185983006811e+16 -0 -0)
(-5.84486332437085e+16 -0 -0)
(-5.91886156071613e+16 -0 -0)
(-5.99387534546702e+16 -0 -0)
(-6.06994258564913e+16 -0 -0)
(-6.14709244546217e+16 -0 -0)
(-6.22535757339966e+16 -0 -0)
(-6.3047659615014e+16 -0 -0)
(-6.3853580207334e+16 -0 -0)
(-6.46716854776154e+16 -0 -0)
(-6.55023592298028e+16 -0 -0)
(-6.63459787710258e+16 -0 -0)
(-6.72029404092494e+16 -0 -0)
(-6.80737282920959e+16 -0 -0)
(-6.89586978029676e+16 -0 -0)
(-6.98584566511453e+16 -0 -0)
(-7.0773347075288e+16 -0 -0)
(-7.1703963054726e+16 -0 -0)
(-7.26507448364097e+16 -0 -0)
(-7.36143460898222e+16 -0 -0)
(-7.45952860521857e+16 -0 -0)
(-7.55942334553082e+16 -0 -0)
(-7.66117158947707e+16 -0 -0)
(-7.76484705582988e+16 -0 -0)
(-7.87052093021476e+16 -0 -0)
(-7.97825820468259e+16 -0 -0)
(-8.08814690373184e+16 -0 -0)
(-8.20025039744811e+16 -0 -0)
(-8.31467890912344e+16 -0 -0)
(-8.43149681635952e+16 -0 -0)
(-8.55081713365261e+16 -0 -0)
(-8.67271875552392e+16 -0 -0)
(-8.79732449544663e+16 -0 -0)
(-8.92473231990078e+16 -0 -0)
(-9.05506351247904e+16 -0 -0)
(-9.18844028435119e+16 -0 -0)
(-9.32498522764141e+16 -0 -0)
(-9.46484790528138e+16 -0 -0)
(-9.60815641774757e+16 -0 -0)
(-9.75508607638707e+16 -0 -0)
(-9.90577192458372e+16 -0 -0)
(-1.00604222465375e+17 -0 -0)
(-1.02191892910247e+17 -0 -0)
(-1.03822929343376e+17 -0 -0)
(-1.05499265335101e+17 -0 -0)
(-1.07223220846508e+17 -0 -0)
(-1.089971584227e+17 -0 -0)
(-1.10823618349855e+17 -0 -0)
(-1.12705450359505e+17 -0 -0)
(-1.14645320343342e+17 -0 -0)
(-1.16646806024054e+17 -0 -0)
(-1.18712756188321e+17 -0 -0)
(-1.20847468350436e+17 -0 -0)
(-1.23054268217309e+17 -0 -0)
(-1.25337974593399e+17 -0 -0)
(-1.27702861771783e+17 -0 -0)
(-1.3015424217782e+17 -0 -0)
(-1.32697540595196e+17 -0 -0)
(-1.35338621796167e+17 -0 -0)
(-1.38084525150225e+17 -0 -0)
(-1.40941871325945e+17 -0 -0)
(-1.4391945238941e+17 -0 -0)
(-1.47025241956236e+17 -0 -0)
(-1.50269993738764e+17 -0 -0)
(-1.53663739937053e+17 -0 -0)
(-1.57219428742873e+17 -0 -0)
(-1.60950245177557e+17 -0 -0)
(-1.64871718918619e+17 -0 -0)
(-1.69001372464851e+17 -0 -0)
(-1.7335835158756e+17 -0 -0)
(-1.77965855824951e+17 -0 -0)
(-1.82847959729061e+17 -0 -0)
(-1.88035285120512e+17 -0 -0)
(-1.93559328368524e+17 -0 -0)
(-1.99460004471349e+17 -0 -0)
(-2.05779855477876e+17 -0 -0)
(-2.1257035564185e+17 -0 -0)
(-2.19889956573983e+17 -0 -0)
(-2.27805372831591e+17 -0 -0)
(-2.36396641908586e+17 -0 -0)
(-2.45751663350319e+17 -0 -0)
(-2.55978233346246e+17 -0 -0)
(-2.67194036773566e+17 -0 -0)
(-2.79541914547906e+17 -0 -0)
(-2.9318042250227e+17 -0 -0)
(-3.08296590887243e+17 -0 -0)
(-3.25102949318185e+17 -0 -0)
(-3.4384162920794e+17 -0 -0)
(-3.64793614834558e+17 -0 -0)
(-3.88268981139789e+17 -0 -0)
(-4.14630544738746e+17 -0 -0)
(-4.44271417206758e+17 -0 -0)
(-4.7764508970413e+17 -0 -0)
(-5.15242920058456e+17 -0 -0)
(-5.57609876881861e+17 -0 -0)
(-6.05344132679101e+17 -0 -0)
(-6.59074495993118e+17 -0 -0)
(-7.19495090212845e+17 -0 -0)
(-7.872989486724e+17 -0 -0)
(-8.63234498298111e+17 -0 -0)
(-9.48016330814609e+17 -0 -0)
(-1.04236672970768e+18 -0 -0)
(-1.14694255448503e+18 -0 -0)
(-1.26230890658008e+18 -0 -0)
(-1.38893974180885e+18 -0 -0)
(-1.52706688467444e+18 -0 -0)
(-1.67679518245881e+18 -0 -0)
(-1.83769922496031e+18 -0 -0)
(-2.00835668211942e+18 -0 -0)
(-2.18653596134753e+18 -0 -0)
(-2.36927603531584e+18 -0 -0)
(-2.55301469315642e+18 -0 -0)
(-2.73308375360409e+18 -0 -0)
(-2.90364528956414e+18 -0 -0)
(-3.05717863037208e+18 -0 -0)
(-3.18463034188393e+18 -0 -0)
(-3.2748758276518e+18 -0 -0)
(-3.3130607598327e+18 -0 -0)
(-3.28099060330452e+18 -0 -0)
(-3.15280133708756e+18 -0 -0)
(-2.88899491246345e+18 -0 -0)
(-2.44139499759838e+18 -0 -0)
(-1.8226529901179e+18 -0 -0)
(-1.1135017873754e+18 -0 -0)
(-3.73594832490444e+17 -0 -0)
)
;

boundaryField
{
    electrode
    {
        type            calculated;
        value           uniform (-0 -0 -0);
    }
    ground
    {
        type            calculated;
        value           uniform (0 -0 -0);
    }
    otherfaces
    {
        type            empty;
    }
}


// ************************************************************************* //
