/*--------------------------------*- C++ -*----------------------------------*\
| =========                 |                                                 |
| \\      /  F ield         | foam-extend: Open Source CFD                    |
|  \\    /   O peration     | Version:     4.1                                |
|   \\  /    A nd           | Web:         http://www.foam-extend.org         |
|    \\/     M anipulation  |                                                 |
\*---------------------------------------------------------------------------*/
FoamFile
{
    version     2.0;
    format      ascii;
    class       volVectorField;
    location    "2.50010000204314e-05";
    object      Flux_electron;
}
// * * * * * * * * * * * * * * * * * * * * * * * * * * * * * * * * * * * * * //

dimensions      [0 -2 -1 0 0 0 0];

internalField   nonuniform List<vector> 
500
(
(-1.82397509308189e+21 0 0)
(-1.01781003209963e+22 0 0)
(6.34255252917019e+22 0 0)
(2.76176813908066e+21 0 0)
(-1.11912955765892e+22 0 0)
(1.51492240601382e+22 0 0)
(3.28374005045243e+21 0 0)
(4.22779922327965e+22 0 0)
(3.80994462416038e+22 0 0)
(1.64553277923733e+22 0 0)
(4.55940784986053e+22 0 0)
(2.59829438515608e+22 0 0)
(3.66090664169861e+22 0 0)
(2.86932497884224e+22 0 0)
(3.46703084768884e+22 0 0)
(3.94547217746388e+22 0 0)
(2.23015918688166e+22 0 0)
(4.6847926412209e+22 0 0)
(2.48833631683366e+22 0 0)
(3.50322564476387e+22 0 0)
(3.89524237104777e+22 0 0)
(2.63948686528472e+22 0 0)
(4.09070571194172e+22 0 0)
(2.79045909869894e+22 0 0)
(3.9577301674927e+22 0 0)
(2.85977014610152e+22 0 0)
(3.87644737933802e+22 0 0)
(3.12867943475781e+22 0 0)
(3.30556525541799e+22 0 0)
(3.9130792676183e+22 0 0)
(2.62433714263481e+22 0 0)
(4.22833439708405e+22 0 0)
(2.82658472274277e+22 0 0)
(3.6721792902375e+22 0 0)
(3.50850078507461e+22 0 0)
(3.11275672771913e+22 0 0)
(3.85546587449538e+22 0 0)
(2.9792480119458e+22 0 0)
(3.87521594559243e+22 0 0)
(2.99524594241041e+22 0 0)
(3.89923788874586e+22 0 0)
(2.98132157375592e+22 0 0)
(3.85523667818825e+22 0 0)
(3.19325765666363e+22 0 0)
(3.49791115582988e+22 0 0)
(3.65888131315781e+22 0 0)
(3.06949957160964e+22 0 0)
(3.93514414359911e+22 0 0)
(3.01033159434682e+22 0 0)
(3.77890341450587e+22 0 0)
(3.31213710727314e+22 0 0)
(3.43581485426544e+22 0 0)
(3.64008560128239e+22 0 0)
(3.21038726852031e+22 0 0)
(3.77964418561838e+22 0 0)
(3.15027534353798e+22 0 0)
(3.80705144849398e+22 0 0)
(3.12533009103182e+22 0 0)
(3.85127313590992e+22 0 0)
(3.09690984723131e+22 0 0)
(3.84555357175519e+22 0 0)
(3.18552850692967e+22 0 0)
(3.67437279545698e+22 0 0)
(3.43341741799636e+22 0 0)
(3.41035114184224e+22 0 0)
(3.67200214891038e+22 0 0)
(3.25526005094739e+22 0 0)
(3.726769302232e+22 0 0)
(3.31110935224989e+22 0 0)
(3.59358061655616e+22 0 0)
(3.49525785743042e+22 0 0)
(3.40371063428867e+22 0 0)
(3.66389883103399e+22 0 0)
(3.285099419882e+22 0 0)
(3.74610114328371e+22 0 0)
(3.24547975271319e+22 0 0)
(3.78051912925693e+22 0 0)
(3.22418084790192e+22 0 0)
(3.82023597115453e+22 0 0)
(3.19564455495419e+22 0 0)
(3.84034512851476e+22 0 0)
(3.21505734476335e+22 0 0)
(3.78351630814986e+22 0 0)
(3.32423562840731e+22 0 0)
(3.64674705759839e+22 0 0)
(3.48080368634298e+22 0 0)
(3.5094183652881e+22 0 0)
(3.59281385255008e+22 0 0)
(3.45410519883851e+22 0 0)
(3.60078606356529e+22 0 0)
(3.50413841462285e+22 0 0)
(3.52050077579079e+22 0 0)
(3.61224737256979e+22 0 0)
(3.41805410023734e+22 0 0)
(3.71093426275018e+22 0 0)
(3.34878853030977e+22 0 0)
(3.76644132223947e+22 0 0)
(3.31926272808261e+22 0 0)
(3.7944907102391e+22 0 0)
(3.30085042750358e+22 0 0)
(3.82135556833359e+22 0 0)
(3.27896769273667e+22 0 0)
(3.8454951004561e+22 0 0)
(3.27226149814447e+22 0 0)
(3.83899238477684e+22 0 0)
(3.31036734339925e+22 0 0)
(3.78592470837908e+22 0 0)
(3.39227927532509e+22 0 0)
(3.7054389027452e+22 0 0)
(3.48314678846593e+22 0 0)
(3.63915727312189e+22 0 0)
(3.53900608449341e+22 0 0)
(3.62133890225903e+22 0 0)
(3.53848726760512e+22 0 0)
(3.65648495548046e+22 0 0)
(3.49370213882882e+22 0 0)
(3.71988400653266e+22 0 0)
(3.43759675202779e+22 0 0)
(3.77872116444052e+22 0 0)
(3.39727237695845e+22 0 0)
(3.8169228652571e+22 0 0)
(3.37765086339412e+22 0 0)
(3.83986656062334e+22 0 0)
(3.36661023472647e+22 0 0)
(3.86067867801809e+22 0 0)
(3.35411350043017e+22 0 0)
(3.88199569392879e+22 0 0)
(3.34575780359318e+22 0 0)
(3.89206287893341e+22 0 0)
(3.35621718996239e+22 0 0)
(3.87816834537854e+22 0 0)
(3.39251887523825e+22 0 0)
(3.84099279951343e+22 0 0)
(3.44551184189014e+22 0 0)
(3.79667585200643e+22 0 0)
(3.494767069101e+22 0 0)
(3.76672869004108e+22 0 0)
(3.52081090471419e+22 0 0)
(3.76520923325596e+22 0 0)
(3.51708409081855e+22 0 0)
(3.7905727906901e+22 0 0)
(3.49225575285079e+22 0 0)
(3.82872214949409e+22 0 0)
(3.46288551838864e+22 0 0)
(3.86399421497388e+22 0 0)
(3.44134778144892e+22 0 0)
(3.88890209279279e+22 0 0)
(3.43020014894412e+22 0 0)
(3.90604982111263e+22 0 0)
(3.42394549435041e+22 0 0)
(3.92211476556491e+22 0 0)
(3.41757550996019e+22 0 0)
(3.93903636151606e+22 0 0)
(3.41303394198013e+22 0 0)
(3.95148775442878e+22 0 0)
(3.41732299144583e+22 0 0)
(3.95227785056744e+22 0 0)
(3.43538626813714e+22 0 0)
(3.93900736094233e+22 0 0)
(3.46556322003477e+22 0 0)
(3.9172369443567e+22 0 0)
(3.4989779059753e+22 0 0)
(3.89753195741928e+22 0 0)
(3.5245511164164e+22 0 0)
(3.88984373349449e+22 0 0)
(3.53497603946017e+22 0 0)
(3.89802339829036e+22 0 0)
(3.53050451677126e+22 0 0)
(3.91821126018529e+22 0 0)
(3.5177049138649e+22 0 0)
(3.94262868782214e+22 0 0)
(3.50481310575355e+22 0 0)
(3.96416011124123e+22 0 0)
(3.49673083776771e+22 0 0)
(3.98048962177029e+22 0 0)
(3.49320501578632e+22 0 0)
(3.99380954791744e+22 0 0)
(3.49099766877312e+22 0 0)
(4.00715423149559e+22 0 0)
(3.48836813036843e+22 0 0)
(4.02053849784661e+22 0 0)
(3.48703814595913e+22 0 0)
(4.03079023383955e+22 0 0)
(3.4909139570632e+22 0 0)
(4.03411440344094e+22 0 0)
(3.50272521708148e+22 0 0)
(4.0294460397219e+22 0 0)
(3.52170108187078e+22 0 0)
(4.01959718394198e+22 0 0)
(3.54339290851978e+22 0 0)
(4.01012958604185e+22 0 0)
(3.56173747101336e+22 0 0)
(4.00656801134411e+22 0 0)
(3.57247104121454e+22 0 0)
(4.01150688059296e+22 0 0)
(3.57496486516692e+22 0 0)
(4.02367016764149e+22 0 0)
(3.57210109155845e+22 0 0)
(4.03919570040389e+22 0 0)
(3.56805358051375e+22 0 0)
(4.05415002796219e+22 0 0)
(3.56578654974922e+22 0 0)
(4.06679489957684e+22 0 0)
(3.56565837934528e+22 0 0)
(4.0780269584977e+22 0 0)
(3.56603855336267e+22 0 0)
(4.08949704497664e+22 0 0)
(3.56570638200882e+22 0 0)
(4.10159333698873e+22 0 0)
(3.56528542652203e+22 0 0)
(4.11270979213261e+22 0 0)
(3.56709794979024e+22 0 0)
(4.12037230717361e+22 0 0)
(3.57335601385461e+22 0 0)
(4.12301263040516e+22 0 0)
(3.58475820803097e+22 0 0)
(4.12104545579843e+22 0 0)
(3.59967395218687e+22 0 0)
(4.11714659749145e+22 0 0)
(3.61483868340814e+22 0 0)
(4.11474126081041e+22 0 0)
(3.62708477530625e+22 0 0)
(4.11632432061763e+22 0 0)
(3.63487455403197e+22 0 0)
(4.12221418756492e+22 0 0)
(3.63890310023588e+22 0 0)
(4.13104331967526e+22 0 0)
(3.6410618984673e+22 0 0)
(4.14068120520275e+22 0 0)
(3.64331463683139e+22 0 0)
(4.14973002836601e+22 0 0)
(3.6461776047487e+22 0 0)
(4.15853736826363e+22 0 0)
(3.64881340070818e+22 0 0)
(4.16821756771902e+22 0 0)
(3.65002075809895e+22 0 0)
(4.17952698699451e+22 0 0)
(3.64985623142558e+22 0 0)
(4.19157281187267e+22 0 0)
(3.64989181925211e+22 0 0)
(4.20246464223687e+22 0 0)
(3.65208200214291e+22 0 0)
(4.21015998166942e+22 0 0)
(3.65818889426101e+22 0 0)
(4.21377794153189e+22 0 0)
(3.66821291902351e+22 0 0)
(4.21405838589471e+22 0 0)
(3.68060720479017e+22 0 0)
(4.21312847694964e+22 0 0)
(3.69291874369494e+22 0 0)
(4.21334255057806e+22 0 0)
(3.70350963707862e+22 0 0)
(4.21569388003812e+22 0 0)
(3.7118913752342e+22 0 0)
(4.21990269687601e+22 0 0)
(3.71897422379965e+22 0 0)
(4.22477225826594e+22 0 0)
(3.72596578920455e+22 0 0)
(4.22946124554613e+22 0 0)
(3.73310423581183e+22 0 0)
(4.23430309024643e+22 0 0)
(3.73936991859073e+22 0 0)
(4.24091416109864e+22 0 0)
(3.74320048198752e+22 0 0)
(4.25039061734784e+22 0 0)
(3.74391128985828e+22 0 0)
(4.26282824594498e+22 0 0)
(3.74222602904899e+22 0 0)
(4.27663446258584e+22 0 0)
(3.74055578193026e+22 0 0)
(4.28900152297526e+22 0 0)
(3.74155773258015e+22 0 0)
(4.2976375555624e+22 0 0)
(3.74693368519501e+22 0 0)
(4.30181740162065e+22 0 0)
(3.75632608249846e+22 0 0)
(4.30275303219568e+22 0 0)
(3.76792971781222e+22 0 0)
(4.30250732815036e+22 0 0)
(3.77964294262032e+22 0 0)
(4.30294732774319e+22 0 0)
(3.79025760065917e+22 0 0)
(4.30434211877363e+22 0 0)
(3.8003532685409e+22 0 0)
(4.30560038832891e+22 0 0)
(3.81126490785698e+22 0 0)
(4.30558244765542e+22 0 0)
(3.82348837977117e+22 0 0)
(4.30474419663917e+22 0 0)
(3.83540706373683e+22 0 0)
(4.30557161276526e+22 0 0)
(3.84413523778845e+22 0 0)
(4.31096153494421e+22 0 0)
(3.84714647884547e+22 0 0)
(4.32249762952849e+22 0 0)
(3.84409825595474e+22 0 0)
(4.3390275665756e+22 0 0)
(3.83755395457895e+22 0 0)
(4.35691523648053e+22 0 0)
(3.83188284660149e+22 0 0)
(4.37166970388632e+22 0 0)
(3.83105382157344e+22 0 0)
(4.38039737624016e+22 0 0)
(3.83652860011227e+22 0 0)
(4.38312763504007e+22 0 0)
(3.8470424535198e+22 0 0)
(4.38229389443432e+22 0 0)
(3.85953752611063e+22 0 0)
(4.38086051092041e+22 0 0)
(3.8717326780017e+22 0 0)
(4.37998611438796e+22 0 0)
(3.88376829514381e+22 0 0)
(4.3782210940919e+22 0 0)
(3.89788767001858e+22 0 0)
(4.37329890341551e+22 0 0)
(3.91564791465037e+22 0 0)
(4.36522950869658e+22 0 0)
(3.93514721112445e+22 0 0)
(4.3576369859529e+22 0 0)
(3.95117645807303e+22 0 0)
(4.35646356793923e+22 0 0)
(3.95805045533985e+22 0 0)
(4.36624451512192e+22 0 0)
(3.9532042038622e+22 0 0)
(4.38705440993657e+22 0 0)
(3.93941516033445e+22 0 0)
(4.41345427104494e+22 0 0)
(3.92393515459248e+22 0 0)
(4.43736739850491e+22 0 0)
(3.91459323483819e+22 0 0)
(4.45232141946509e+22 0 0)
(3.91572014955012e+22 0 0)
(4.45673498107616e+22 0 0)
(3.92616666778483e+22 0 0)
(4.45409680831198e+22 0 0)
(3.94071391400602e+22 0 0)
(4.44962338977019e+22 0 0)
(3.95507353878687e+22 0 0)
(4.44556753399165e+22 0 0)
(3.96951243133374e+22 0 0)
(4.43903707005282e+22 0 0)
(3.98839072371177e+22 0 0)
(4.42556784200106e+22 0 0)
(4.01474538294222e+22 0 0)
(4.40526468145543e+22 0 0)
(4.0448517247146e+22 0 0)
(4.38555691266857e+22 0 0)
(4.06867038864917e+22 0 0)
(4.37838421008907e+22 0 0)
(4.07520370712662e+22 0 0)
(4.3924631322749e+22 0 0)
(4.06026761309588e+22 0 0)
(4.42655332404487e+22 0 0)
(4.03056684455111e+22 0 0)
(4.46920523090622e+22 0 0)
(4.00046804312315e+22 0 0)
(4.50468341602556e+22 0 0)
(3.98400016453759e+22 0 0)
(4.52225414485983e+22 0 0)
(3.98638309294327e+22 0 0)
(4.52222048982528e+22 0 0)
(4.00214023704748e+22 0 0)
(4.5136041103955e+22 0 0)
(4.02104941867852e+22 0 0)
(4.50491990121486e+22 0 0)
(4.03894059544142e+22 0 0)
(4.49503476493921e+22 0 0)
(4.06192861974739e+22 0 0)
(4.4748720803254e+22 0 0)
(4.09886585268322e+22 0 0)
(4.43963937163665e+22 0 0)
(4.14801202045374e+22 0 0)
(4.39871513776418e+22 0 0)
(4.19260637095982e+22 0 0)
(4.37437710012015e+22 0 0)
(4.2092355178945e+22 0 0)
(4.38655737998135e+22 0 0)
(4.18495777811817e+22 0 0)
(4.43743866245334e+22 0 0)
(4.12951328872771e+22 0 0)
(4.5069976314775e+22 0 0)
(4.07047814577615e+22 0 0)
(4.56510419920669e+22 0 0)
(4.03637067922097e+22 0 0)
(4.59027351970991e+22 0 0)
(4.0370169320404e+22 0 0)
(4.5845613373258e+22 0 0)
(4.05901362119686e+22 0 0)
(4.5673991520364e+22 0 0)
(4.08211376529282e+22 0 0)
(4.55139430948181e+22 0 0)
(4.10494359624621e+22 0 0)
(4.52697903638308e+22 0 0)
(4.14549460988829e+22 0 0)
(4.47647467841171e+22 0 0)
(4.21716507216954e+22 0 0)
(4.40181173613247e+22 0 0)
(4.30169080093667e+22 0 0)
(4.33770573111042e+22 0 0)
(4.35258040334069e+22 0 0)
(4.32992910666072e+22 0 0)
(4.33098505791177e+22 0 0)
(4.39840674391925e+22 0 0)
(4.2396569245707e+22 0 0)
(4.51466650993734e+22 0 0)
(4.12888816381692e+22 0 0)
(4.61688009726704e+22 0 0)
(4.06036278694358e+22 0 0)
(4.65849760616923e+22 0 0)
(4.05734019082271e+22 0 0)
(4.64561552370137e+22 0 0)
(4.08831609595134e+22 0 0)
(4.61969424087106e+22 0 0)
(4.11814572484039e+22 0 0)
(4.59738153736953e+22 0 0)
(4.15531906055708e+22 0 0)
(4.54460711786941e+22 0 0)
(4.24449118846032e+22 0 0)
(4.43191731553173e+22 0 0)
(4.38681452482844e+22 0 0)
(4.29325662829323e+22 0 0)
(4.50932166310749e+22 0 0)
(4.22431110927179e+22 0 0)
(4.51168473772537e+22 0 0)
(4.29836215209603e+22 0 0)
(4.36985785247208e+22 0 0)
(4.48997600154988e+22 0 0)
(4.16868585041253e+22 0 0)
(4.67021341101569e+22 0 0)
(4.04588067235355e+22 0 0)
(4.73699452330416e+22 0 0)
(4.04579256054146e+22 0 0)
(4.71147223776305e+22 0 0)
(4.08758508162132e+22 0 0)
(4.68252922769665e+22 0 0)
(4.11912881434218e+22 0 0)
(4.6428777896328e+22 0 0)
(4.20450229612107e+22 0 0)
(4.49845764108075e+22 0 0)
(4.41714939666288e+22 0 0)
(4.24785756263622e+22 0 0)
(4.67035084431879e+22 0 0)
(4.06005970069489e+22 0 0)
(4.73933717112666e+22 0 0)
(4.14369322177271e+22 0 0)
(4.51692900295451e+22 0 0)
(4.47704082165405e+22 0 0)
(4.16510929059308e+22 0 0)
(4.76587503550118e+22 0 0)
(3.98306680536256e+22 0 0)
(4.82149470960489e+22 0 0)
(4.00297506067518e+22 0 0)
(4.78963668587296e+22 0 0)
(4.0337762084607e+22 0 0)
(4.7795294966843e+22 0 0)
(4.09206371586395e+22 0 0)
(4.61543347444801e+22 0 0)
(4.39394422949028e+22 0 0)
(4.1740430292392e+22 0 0)
(4.8749305752958e+22 0 0)
(3.78013753313637e+22 0 0)
(5.01656457809709e+22 0 0)
(3.95902258716743e+22 0 0)
(4.54198432477668e+22 0 0)
(4.5695094974247e+22 0 0)
(4.00583224437224e+22 0 0)
(4.8973389214812e+22 0 0)
(3.88918791369219e+22 0 0)
(4.89627212095228e+22 0 0)
(3.86309900884716e+22 0 0)
(4.95192496647381e+22 0 0)
(3.85219470632721e+22 0 0)
(4.76764827678161e+22 0 0)
(4.39499018505453e+22 0 0)
(3.86696113839523e+22 0 0)
(5.35693679761701e+22 0 0)
(3.32763142098837e+22 0 0)
(5.14940336503433e+22 0 0)
(4.13319975496322e+22 0 0)
(4.1629367838986e+22 0 0)
(4.87732932225078e+22 0 0)
(3.81770762239771e+22 0 0)
(4.95122069731125e+22 0 0)
(3.58115044261151e+22 0 0)
(5.43898111769194e+22 0 0)
(3.3312816367466e+22 0 0)
(4.38089073930702e+22 0 0)
(5.11854568595499e+22 0 0)
(2.42950707215831e+22 0 0)
(5.44059798214857e+22 0 0)
(3.62572292247711e+22 0 0)
(3.74085061926721e+22 0 0)
(3.83190719096953e+22 0 0)
(4.05008691949183e+22 0 0)
(7.12198346117497e+22 0 0)
(1.95468505564893e+22 0 0)
(-7.13506411782209e+21 0 0)
(-2.22066588122332e+22 0 0)
(3.93599182199814e+21 0 0)
(4.803536448729e+20 0 0)
)
;

boundaryField
{
    electrode
    {
        type            calculated;
        value           uniform (-7.57775484280734e+21 0 0);
    }
    ground
    {
        type            calculated;
        value           uniform (2.30791522114469e+21 0 0);
    }
    otherfaces
    {
        type            empty;
    }
}


// ************************************************************************* //
