/*--------------------------------*- C++ -*----------------------------------*\
| =========                 |                                                 |
| \\      /  F ield         | foam-extend: Open Source CFD                    |
|  \\    /   O peration     | Version:     4.1                                |
|   \\  /    A nd           | Web:         http://www.foam-extend.org         |
|    \\/     M anipulation  |                                                 |
\*---------------------------------------------------------------------------*/
FoamFile
{
    version     2.0;
    format      ascii;
    class       volVectorField;
    location    "2.50010000204314e-05";
    object      term2;
}
// * * * * * * * * * * * * * * * * * * * * * * * * * * * * * * * * * * * * * //

dimensions      [0 -2 -2 0 0 0 0];

internalField   nonuniform List<vector> 
500
(
(-7.22687047671566e+27 0 0)
(-6.15579311361724e+27 0 0)
(-5.12410901429617e+27 0 0)
(-3.88207309293531e+27 0 0)
(-3.07948374085932e+27 0 0)
(-2.47570998718526e+27 0 0)
(-2.13520822770998e+27 0 0)
(-1.88694348051968e+27 0 0)
(-1.71221389895572e+27 0 0)
(-1.59258626775392e+27 0 0)
(-1.52177326723328e+27 0 0)
(-1.43801501098988e+27 0 0)
(-1.39150890389429e+27 0 0)
(-1.33839051565215e+27 0 0)
(-1.30807369009804e+27 0 0)
(-1.26352208842907e+27 0 0)
(-1.2411164304418e+27 0 0)
(-1.20839549312447e+27 0 0)
(-1.18542477460256e+27 0 0)
(-1.16311801294869e+27 0 0)
(-1.14309998390852e+27 0 0)
(-1.11980044445866e+27 0 0)
(-1.10433273515905e+27 0 0)
(-1.08143184182355e+27 0 0)
(-1.06683767586658e+27 0 0)
(-1.0457932196343e+27 0 0)
(-1.03202299396723e+27 0 0)
(-1.01144158744829e+27 0 0)
(-9.99226779938854e+26 0 0)
(-9.79303770738664e+26 0 0)
(-9.66977910382656e+26 0 0)
(-9.49531960030126e+26 0 0)
(-9.36017405751724e+26 0 0)
(-9.20402437967219e+26 0 0)
(-9.07217175624942e+26 0 0)
(-8.91801968906556e+26 0 0)
(-8.79837148068098e+26 0 0)
(-8.6449739100695e+26 0 0)
(-8.53249649857309e+26 0 0)
(-8.38534355277877e+26 0 0)
(-8.27586174667799e+26 0 0)
(-8.13491698364149e+26 0 0)
(-8.0310248058266e+26 0 0)
(-7.89247390028633e+26 0 0)
(-7.79526136599024e+26 0 0)
(-7.66111243412026e+26 0 0)
(-7.56525718698831e+26 0 0)
(-7.44092092977122e+26 0 0)
(-7.34317880063901e+26 0 0)
(-7.22840187947051e+26 0 0)
(-7.13135636304096e+26 0 0)
(-7.02172555811346e+26 0 0)
(-6.92902750641916e+26 0 0)
(-6.82163423285295e+26 0 0)
(-6.73400035638239e+26 0 0)
(-6.62948106543352e+26 0 0)
(-6.54541173335644e+26 0 0)
(-6.44503552780151e+26 0 0)
(-6.36360395646811e+26 0 0)
(-6.26682604133914e+26 0 0)
(-6.18892055676284e+26 0 0)
(-6.09452025776931e+26 0 0)
(-6.02057609074318e+26 0 0)
(-5.92883453588456e+26 0 0)
(-5.85741030834494e+26 0 0)
(-5.76977488987237e+26 0 0)
(-5.69935675067663e+26 0 0)
(-5.61651576882146e+26 0 0)
(-5.54698749328003e+26 0 0)
(-5.46809771428618e+26 0 0)
(-5.4004628790963e+26 0 0)
(-5.32420091799478e+26 0 0)
(-5.2593734201727e+26 0 0)
(-5.18499608023858e+26 0 0)
(-5.12299238013364e+26 0 0)
(-5.0506237369711e+26 0 0)
(-4.99088934517569e+26 0 0)
(-4.9208342628204e+26 0 0)
(-4.86304714878956e+26 0 0)
(-4.79514094849836e+26 0 0)
(-4.73950648168435e+26 0 0)
(-4.67329937295358e+26 0 0)
(-4.62000276671564e+26 0 0)
(-4.55536416531629e+26 0 0)
(-4.50410442423476e+26 0 0)
(-4.44135431020676e+26 0 0)
(-4.39153169477084e+26 0 0)
(-4.33104303821298e+26 0 0)
(-4.28228292025663e+26 0 0)
(-4.2240780262115e+26 0 0)
(-4.17640581780734e+26 0 0)
(-4.12013481477955e+26 0 0)
(-4.07385168996953e+26 0 0)
(-4.0190678142479e+26 0 0)
(-3.97440573826881e+26 0 0)
(-3.92085243437872e+26 0 0)
(-3.8777919777954e+26 0 0)
(-3.82547795006777e+26 0 0)
(-3.78381822624195e+26 0 0)
(-3.73282346689597e+26 0 0)
(-3.69241569827351e+26 0 0)
(-3.64270056367602e+26 0 0)
(-3.60355131411735e+26 0 0)
(-3.55495566663793e+26 0 0)
(-3.51712337396472e+26 0 0)
(-3.46952251562394e+26 0 0)
(-3.43295229233211e+26 0 0)
(-3.38636691629297e+26 0 0)
(-3.35087241046368e+26 0 0)
(-3.30541262018614e+26 0 0)
(-3.27078802562586e+26 0 0)
(-3.2265353132788e+26 0 0)
(-3.19266895048318e+26 0 0)
(-3.14958813477661e+26 0 0)
(-3.11649394785798e+26 0 0)
(-3.07444641906582e+26 0 0)
(-3.04221010474539e+26 0 0)
(-3.00103330970051e+26 0 0)
(-2.96971696909564e+26 0 0)
(-2.9293129328884e+26 0 0)
(-2.89889869633808e+26 0 0)
(-2.85924855458466e+26 0 0)
(-2.82965999856632e+26 0 0)
(-2.79077705812862e+26 0 0)
(-2.76194351618332e+26 0 0)
(-2.72381251930866e+26 0 0)
(-2.69571182375256e+26 0 0)
(-2.65827390959986e+26 0 0)
(-2.63091428732468e+26 0 0)
(-2.59410654270411e+26 0 0)
(-2.5674774315983e+26 0 0)
(-2.53127458278267e+26 0 0)
(-2.50532072684649e+26 0 0)
(-2.46974539211083e+26 0 0)
(-2.44438441351789e+26 0 0)
(-2.40946646851475e+26 0 0)
(-2.38462651068737e+26 0 0)
(-2.35037340135318e+26 0 0)
(-2.32601929151964e+26 0 0)
(-2.29239913352406e+26 0 0)
(-2.26853497806157e+26 0 0)
(-2.23548649247779e+26 0 0)
(-2.21213524553522e+26 0 0)
(-2.17959645145042e+26 0 0)
(-2.15676937414591e+26 0 0)
(-2.1247005974419e+26 0 0)
(-2.10238468579254e+26 0 0)
(-2.07077139173733e+26 0 0)
(-2.04893511515987e+26 0 0)
(-2.01777384466845e+26 0 0)
(-1.99638569934451e+26 0 0)
(-1.96566519032081e+26 0 0)
(-1.94470859448636e+26 0 0)
(-1.91440352852557e+26 0 0)
(-1.89387330151281e+26 0 0)
(-1.86395516733341e+26 0 0)
(-1.84384145190036e+26 0 0)
(-1.81428988923566e+26 0 0)
(-1.79457664569966e+26 0 0)
(-1.7653890416348e+26 0 0)
(-1.74604691040713e+26 0 0)
(-1.7172178061928e+26 0 0)
(-1.69822022080525e+26 0 0)
(-1.66977955440591e+26 0 0)
(-1.65108766768166e+26 0 0)
(-1.62300485394429e+26 0 0)
(-1.60461258476863e+26 0 0)
(-1.57686883856153e+26 0 0)
(-1.55877532462728e+26 0 0)
(-1.53134179656985e+26 0 0)
(-1.51354733103611e+26 0 0)
(-1.48640136181055e+26 0 0)
(-1.46890453198025e+26 0 0)
(-1.44202984402621e+26 0 0)
(-1.4248197035797e+26 0 0)
(-1.39820825470625e+26 0 0)
(-1.38126888419179e+26 0 0)
(-1.35491464895243e+26 0 0)
(-1.33823239103736e+26 0 0)
(-1.3121268692236e+26 0 0)
(-1.29569204957917e+26 0 0)
(-1.26982180881337e+26 0 0)
(-1.25362781750188e+26 0 0)
(-1.22798116375187e+26 0 0)
(-1.2120205624762e+26 0 0)
(-1.18658639474497e+26 0 0)
(-1.17084863200193e+26 0 0)
(-1.14562148529411e+26 0 0)
(-1.13009232275416e+26 0 0)
(-1.10506955958898e+26 0 0)
(-1.08973436411144e+26 0 0)
(-1.06491201021837e+26 0 0)
(-1.04975903197866e+26 0 0)
(-1.02513038213578e+26 0 0)
(-1.01015151921772e+26 0 0)
(-9.85706096948437e+25 0 0)
(-9.70897135548782e+25 0 0)
(-9.46622451415121e+25 0 0)
(-9.31980378610069e+25 0 0)
(-9.07864044572329e+25 0 0)
(-8.93384864724229e+25 0 0)
(-8.69417067657684e+25 0 0)
(-8.55094415814739e+25 0 0)
(-8.3126797483389e+25 0 0)
(-8.17093560184589e+25 0 0)
(-7.93402649012472e+25 0 0)
(-7.79368170704552e+25 0 0)
(-7.55806639508497e+25 0 0)
(-7.41904812837867e+25 0 0)
(-7.1846590078526e+25 0 0)
(-7.04690389076116e+25 0 0)
(-6.81366748010444e+25 0 0)
(-6.67711327496425e+25 0 0)
(-6.4449630013725e+25 0 0)
(-6.30954350763252e+25 0 0)
(-6.07842005648917e+25 0 0)
(-5.94406180656598e+25 0 0)
(-5.71391589007809e+25 0 0)
(-5.58054260595298e+25 0 0)
(-5.35132481950252e+25 0 0)
(-5.21886343106722e+25 0 0)
(-4.99052022707452e+25 0 0)
(-4.85890952281346e+25 0 0)
(-4.63137794966193e+25 0 0)
(-4.50056566528031e+25 0 0)
(-4.27377548403819e+25 0 0)
(-4.1437170610146e+25 0 0)
(-3.9175955162952e+25 0 0)
(-3.78824672433651e+25 0 0)
(-3.56272616298749e+25 0 0)
(-3.4340380210229e+25 0 0)
(-3.20905616941109e+25 0 0)
(-3.08097531596105e+25 0 0)
(-2.85647561404141e+25 0 0)
(-2.72894616387686e+25 0 0)
(-2.50487363783728e+25 0 0)
(-2.37783966041724e+25 0 0)
(-2.15414054034741e+25 0 0)
(-2.02754658266818e+25 0 0)
(-1.80416743507054e+25 0 0)
(-1.6779588339146e+25 0 0)
(-1.45484601903023e+25 0 0)
(-1.32896749537719e+25 0 0)
(-1.10607036548056e+25 0 0)
(-9.8046425836888e+24 0 0)
(-7.57734884851773e+24 0 0)
(-6.32340486109075e+24 0 0)
(-4.09735706485367e+24 0 0)
(-2.84486773281499e+24 0 0)
(-6.19721752182181e+23 0 0)
(6.32073376678955e+23 0 0)
(2.85658694517644e+24 0 0)
(4.10847730871668e+24 0 0)
(6.33264052331856e+24 0 0)
(7.58536193050949e+24 0 0)
(9.80954670020533e+24 0 0)
(1.10637268157543e+25 0 0)
(1.32883905866807e+25 0 0)
(1.45446152650183e+25 0 0)
(1.67702374683306e+25 0 0)
(1.80290831248397e+25 0 0)
(2.02561564096192e+25 0 0)
(2.15181854619778e+25 0 0)
(2.37472229449951e+25 0 0)
(2.50129734974597e+25 0 0)
(2.72445246607527e+25 0 0)
(2.85145013116975e+25 0 0)
(3.07491592872919e+25 0 0)
(3.20238437201031e+25 0 0)
(3.42622070717045e+25 0 0)
(3.55420860744069e+25 0 0)
(3.77847579495564e+25 0 0)
(3.90703462503547e+25 0 0)
(4.1317899188743e+25 0 0)
(4.26097379046983e+25 0 0)
(4.48627230802416e+25 0 0)
(4.61614060879491e+25 0 0)
(4.842036529083e+25 0 0)
(4.97264687122598e+25 0 0)
(5.1991979074822e+25 0 0)
(5.33060358936667e+25 0 0)
(5.5578737600797e+25 0 0)
(5.69012697869934e+25 0 0)
(5.91818334504429e+25 0 0)
(6.05133544244797e+25 0 0)
(6.28024251979439e+25 0 0)
(6.41435276616057e+25 0 0)
(6.64416613631442e+25 0 0)
(6.77930778926007e+25 0 0)
(7.01007143283494e+25 0 0)
(7.14632826991603e+25 0 0)
(7.37808360965642e+25 0 0)
(7.51553704242923e+25 0 0)
(7.7483347125983e+25 0 0)
(7.8870561287637e+25 0 0)
(8.12096335728772e+25 0 0)
(8.26100704932926e+25 0 0)
(8.49611265375966e+25 0 0)
(8.63751627436084e+25 0 0)
(8.8739203441591e+25 0 0)
(9.0167225609189e+25 0 0)
(9.25452025201363e+25 0 0)
(9.39877257199834e+25 0 0)
(9.63804381428951e+25 0 0)
(9.78382013559971e+25 0 0)
(1.00246294410676e+26 0 0)
(1.01720198890571e+26 0 0)
(1.04144240807471e+26 0 0)
(1.05635196818488e+26 0 0)
(1.08075864869833e+26 0 0)
(1.09584640362565e+26 0 0)
(1.12042855701943e+26 0 0)
(1.13570009298693e+26 0 0)
(1.16046826698523e+26 0 0)
(1.175929701099e+26 0 0)
(1.20089364267878e+26 0 0)
(1.21655442448184e+26 0 0)
(1.2417195793487e+26 0 0)
(1.25759406214277e+26 0 0)
(1.28296134249501e+26 0 0)
(1.29906576916757e+26 0 0)
(1.32463824283112e+26 0 0)
(1.34098695958694e+26 0 0)
(1.366771189886e+26 0 0)
(1.38337302717402e+26 0 0)
(1.40938318733688e+26 0 0)
(1.42624057305602e+26 0 0)
(1.45249622112774e+26 0 0)
(1.46960810375235e+26 0 0)
(1.49613028722702e+26 0 0)
(1.51349894823101e+26 0 0)
(1.53932872400778e+26 0 0)
(1.55500211447942e+26 0 0)
(1.5782667077958e+26 0 0)
(1.5938445519573e+26 0 0)
(1.6173308507984e+26 0 0)
(1.63300186414123e+26 0 0)
(1.64491821430031e+26 0 0)
(1.66511829199346e+26 0 0)
(1.70744730463241e+26 0 0)
(1.72922929535371e+26 0 0)
(1.76150007059497e+26 0 0)
(1.78428743785485e+26 0 0)
(1.81672882641893e+26 0 0)
(1.83914038035124e+26 0 0)
(1.86848778639587e+26 0 0)
(1.88869600189321e+26 0 0)
(1.91844572388788e+26 0 0)
(1.93902941323908e+26 0 0)
(1.96922105482661e+26 0 0)
(1.99017566105663e+26 0 0)
(2.02083663273048e+26 0 0)
(2.04217742256659e+26 0 0)
(2.07331406386594e+26 0 0)
(2.09507817100255e+26 0 0)
(2.1266801457733e+26 0 0)
(2.14891683870641e+26 0 0)
(2.18097362677472e+26 0 0)
(2.20372422236858e+26 0 0)
(2.23624322142704e+26 0 0)
(2.25952797347385e+26 0 0)
(2.29254028848235e+26 0 0)
(2.31636086484975e+26 0 0)
(2.34990879043932e+26 0 0)
(2.37427001046705e+26 0 0)
(2.40838131489372e+26 0 0)
(2.43331273114334e+26 0 0)
(2.46799077427173e+26 0 0)
(2.4935422342297e+26 0 0)
(2.52878570118276e+26 0 0)
(2.55499740535653e+26 0 0)
(2.59083125081792e+26 0 0)
(2.61770342449815e+26 0 0)
(2.6542047679722e+26 0 0)
(2.68169671806873e+26 0 0)
(2.71896379195964e+26 0 0)
(2.74703969344641e+26 0 0)
(2.78514582468585e+26 0 0)
(2.81382178832184e+26 0 0)
(2.85277482111731e+26 0 0)
(2.88213640932534e+26 0 0)
(2.92188831756239e+26 0 0)
(2.95205762436919e+26 0 0)
(2.99255261119522e+26 0 0)
(3.02362865357673e+26 0 0)
(3.06486902356013e+26 0 0)
(3.09688175751648e+26 0 0)
(3.13894586915836e+26 0 0)
(3.1718704536469e+26 0 0)
(3.21485545682882e+26 0 0)
(3.24870136402712e+26 0 0)
(3.29264167834054e+26 0 0)
(3.32749951267483e+26 0 0)
(3.37236283408255e+26 0 0)
(3.40835026385165e+26 0 0)
(3.45412954026032e+26 0 0)
(3.49127707084226e+26 0 0)
(3.53809559562747e+26 0 0)
(3.57629424028505e+26 0 0)
(3.62439698873019e+26 0 0)
(3.66349029498875e+26 0 0)
(3.71310484427992e+26 0 0)
(3.75304313851971e+26 0 0)
(3.80422560579718e+26 0 0)
(3.84517794710359e+26 0 0)
(3.89777721214528e+26 0 0)
(3.9400651669038e+26 0 0)
(3.9938672720908e+26 0 0)
(4.03775778828341e+26 0 0)
(4.09273240159865e+26 0 0)
(4.13824245154665e+26 0 0)
(4.19459677623816e+26 0 0)
(4.24159924584473e+26 0 0)
(4.29955700234531e+26 0 0)
(4.34807495356662e+26 0 0)
(4.40761232295021e+26 0 0)
(4.45792901709675e+26 0 0)
(4.51886859476205e+26 0 0)
(4.57121217716439e+26 0 0)
(4.63363759566093e+26 0 0)
(4.68784632077641e+26 0 0)
(4.75231116006518e+26 0 0)
(4.80784310069688e+26 0 0)
(4.87507456550825e+26 0 0)
(4.93153122703688e+26 0 0)
(5.00183742673091e+26 0 0)
(5.05944794018938e+26 0 0)
(5.13238344774313e+26 0 0)
(5.19201536935245e+26 0 0)
(5.26681027628994e+26 0 0)
(5.32917104936021e+26 0 0)
(5.405700916353e+26 0 0)
(5.47064234770329e+26 0 0)
(5.54959437478409e+26 0 0)
(5.61661165661339e+26 0 0)
(5.69835318452041e+26 0 0)
(5.76773645668356e+26 0 0)
(5.85177910201254e+26 0 0)
(5.92441885960771e+26 0 0)
(6.0103031265728e+26 0 0)
(6.08617982906364e+26 0 0)
(6.17490227065256e+26 0 0)
(6.25248034637639e+26 0 0)
(6.3463106528953e+26 0 0)
(6.42370451144197e+26 0 0)
(6.52375249028771e+26 0 0)
(6.60121112414528e+26 0 0)
(6.70600020565609e+26 0 0)
(6.78634107481461e+26 0 0)
(6.89333809941025e+26 0 0)
(6.97827082767667e+26 0 0)
(7.08770660914244e+26 0 0)
(7.17550316653949e+26 0 0)
(7.28923369745604e+26 0 0)
(7.3791677290416e+26 0 0)
(7.49639049560094e+26 0 0)
(7.59092654101407e+26 0 0)
(7.70912096939025e+26 0 0)
(7.8098053335281e+26 0 0)
(7.93041856939083e+26 0 0)
(8.03237315307718e+26 0 0)
(8.16270249168764e+26 0 0)
(8.2587559903676e+26 0 0)
(8.40216141004602e+26 0 0)
(8.49509812033793e+26 0 0)
(8.64344212153981e+26 0 0)
(8.74257185806281e+26 0 0)
(8.89044694566071e+26 0 0)
(8.99462552384308e+26 0 0)
(9.14765533954943e+26 0 0)
(9.25207592152158e+26 0 0)
(9.40974953865508e+26 0 0)
(9.52168433369838e+26 0 0)
(9.67235567662355e+26 0 0)
(9.79964963265219e+26 0 0)
(9.94962973533284e+26 0 0)
(1.00676167247285e+27 0 0)
(1.02486950393347e+27 0 0)
(1.03423627242491e+27 0 0)
(1.05420038539183e+27 0 0)
(1.06416520478782e+27 0 0)
(1.08365955381258e+27 0 0)
(1.09486402856339e+27 0 0)
(1.11601730280255e+27 0 0)
(1.12612895213749e+27 0 0)
(1.14806617812127e+27 0 0)
(1.16461137983146e+27 0 0)
(1.1837461070495e+27 0 0)
(1.20470344724057e+27 0 0)
(1.23688868892567e+27 0 0)
(1.25680958316741e+27 0 0)
(1.31042000774683e+27 0 0)
(1.38793493982348e+27 0 0)
(1.59036250485223e+27 0 0)
(1.96191192743584e+27 0 0)
(2.82663113640432e+27 0 0)
(4.13503313299256e+27 0 0)
(5.6925989505304e+27 0 0)
(6.78095551842973e+27 0 0)
(7.80826987149609e+27 0 0)
)
;

boundaryField
{
    electrode
    {
        type            calculated;
        value           uniform (-7.22687047671566e+27 0 0);
    }
    ground
    {
        type            calculated;
        value           uniform (7.80826987149609e+27 0 0);
    }
    otherfaces
    {
        type            empty;
    }
}


// ************************************************************************* //
