/*--------------------------------*- C++ -*----------------------------------*\
| =========                 |                                                 |
| \\      /  F ield         | foam-extend: Open Source CFD                    |
|  \\    /   O peration     | Version:     4.1                                |
|   \\  /    A nd           | Web:         http://www.foam-extend.org         |
|    \\/     M anipulation  |                                                 |
\*---------------------------------------------------------------------------*/
FoamFile
{
    version     2.0;
    format      ascii;
    class       volScalarField;
    location    "3.00031247849625e-06";
    object      eCollisionFrequency;
}
// * * * * * * * * * * * * * * * * * * * * * * * * * * * * * * * * * * * * * //

dimensions      [0 0 -1 0 0 0 0];

internalField   nonuniform List<scalar> 
500
(
42261484424.3532
42094178109.5227
42004234565.2712
41959915294.0729
41946087081.0438
41950057522.9901
41968186983.2738
41996412624.2776
42032111048.759
42073697568.7115
42120004106.7958
42170183808.1519
42223611270.2572
42279753225.591
42338105776.2539
42398121102.2673
42460203819.105
42525793618.9528
42591665085.5797
42657464577.2895
42722749919.852
42787098391.5254
42850196855.7014
42911903541.6152
42972055370.3543
43029965616.4077
43085721186.2147
43139582301.0387
43191599971.7481
43241694442.9636
43289780734.8581
43335987662.4144
43380512089.7906
43423333108.6399
43464368627.0576
43503736593.8712
43541638538.17
43578025405.0921
43612930697.2795
43646403976.0817
43678614432.3873
43709654805.0523
43739499248.0564
43768153160.6369
43795679405.1413
43822167399.8898
43847665454.9204
43872170057.3923
43895703953.4717
43918300590.879
43940019868.7593
43960922042.183
43981044092.2696
44000402225.6892
44018983890.3289
44036797615.2572
44053880991.3254
44070313943.6961
44086129263.2341
44101383628.0227
44116144478.1255
44130326305.89
44143901560.5295
44156898197.7155
44169373388.2335
44181376532.9012
44192935987.4836
44204080196.2434
44214840337.345
44225197280.4991
44235134535.124
44244627641.5713
44253715858.8244
44262435878.2016
44270816496.1957
44278883911.3471
44286648417.6182
44294133638.7115
44301325983.4615
44308230489.5495
44314846886.7011
44321185570.5731
44327243637.5401
44333031517.175
44338570323.4025
44343886533.1486
44348987986.8782
44353882538.7808
44358562046.888
44363037049.6267
44367310092.1472
44371383727.1975
44375281876.479
44378996435.3474
44382540666.7831
44385901131.6234
44389101793.009
44392139909.4582
44395031449.581
44397768337.2886
44400361208.1781
44402812685.2389
44405128069.1642
44407309991.3868
44409371784.0391
44411308064.5505
44413129499.0845
44414841409.2839
44416449120.1135
44417944582.9169
44419343828.0312
44420630783.2937
44421813456.5829
44422902534.9668
44423889976.513
44424802529.2741
44425626802.7028
44426368139.6713
44427031884.7362
44427620707.4431
44428137278.3977
44428578915.9407
44428956322.2532
44429264140.6597
44429505044.9966
44429689740.0908
44429812871.0067
44429882467.0436
44429890497.3696
44429844992.2274
44429743275.1878
44429596053.9816
44429395299.3636
44429157072.9041
44428870669.1943
44428538766.7104
44428169397.1956
44427759885.9999
44427318264.7395
44426831153.2899
44426314612.7076
44425765968.7672
44425187900.0568
44424569704.3328
44423930117.3417
44423263788.9769
44422562693.9653
44421842890.4317
44421101704.4788
44420331111.3746
44419544491.8239
44418725794.9409
44417891076.2495
44417043012.7857
44416170905.5857
44415282782.5303
44414378645.543
44413453146.9901
44412519662.9562
44411570170.7432
44410612695.7657
44409633867.3772
44408652407.9179
44407649599.0554
44406646835.4815
44405628074.0686
44404604011.9385
44403569302.6168
44402526621.075
44401478641.7928
44400422692.2975
44399356100.632
44398284214.2705
44397212379.6626
44396132578.674
44395052830.2085
44393967789.3636
44392872112.2842
44391776489.2878
44390680920.3703
44389580061.6855
44388476585.8122
44387367821.4903
44386264455.6007
44385155801.7867
44384044532.0993
44382935989.177
44381824830.6402
44380716398.593
44379605351.1901
44378489018.2425
44377378082.3579
44376269872.411
44375151037.0733
44374042938.3516
44372932225.0524
44371824237.1392
44370713634.9071
44369605757.7857
44368495266.604
44367395508.0088
44366285127.4602
44365185478.426
44364083215.0492
44362973000.2854
44361873515.4298
44360779421.9807
44359680045.8516
44358578056.0219
44357484125.1161
44356384912.3111
44355291089.5719
44354197320.7785
44353103605.9267
44352012612.4128
44350919005.301
44349825452.119
44348731952.8628
44347641174.4026
44346555783.0846
44345462445.0559
44344369160.937
44343278597.0736
44342193419.2873
44341100296.3483
44340007227.3032
44338916877.9732
44337823916.5727
44336731009.0543
44335632824.5525
44334540025.0489
44333439283.9141
44332341262.4709
44331240630.5142
44330140053.2065
44329034201.2691
44327925739.9993
44326819998.5336
44325706319.5188
44324590032.3604
44323476465.3939
44322354962.8747
44321230853.4089
44320101473.8343
44318972151.8152
44317834897.4735
44316697701.4957
44315560563.8773
44314407507.335
44313254510.7944
44312101574.2508
44310943372.7739
44309774582.5491
44308600529.6185
44307423876.863
44306241962.804
44305052126.5339
44303854369.3341
44302654015.4271
44301443081.2758
44300229552.1448
44299008106.4084
44297778745.3819
44296544131.121
44295298943.3436
44294048504.7034
44292790155.8142
44291523898.0301
44290249732.714
44288967661.237
44287669705.9778
44286371826.7934
44285068704.9685
44283749704.6503
44282420146.7544
44281085350.9404
44279737342.02
44278386756.6178
44277020303.2713
44275648617.8148
44274258410.9454
44272870949.2644
44271459655.0495
44270048450.8079
44268624049.6301
44267189111.2794
44265740980.7805
44264284974.4483
44262818437.1637
44261341371.0298
44259853778.1643
44258350348.407
44256841708.8534
44255317237.4486
44253784904.2682
44252244710.9565
44250688693.4846
44249116855.2025
44247539818.8857
44245946967.0248
44244346266.4431
44242737718.8566
44241113363.7555
44239475858.5157
44237827859.7541
44236174676.7989
44234505697.6845
44232820926.0008
44231130976.8882
44229430546.1958
44227716983.8854
44225992945.2883
44224255780.8147
44222513449.1114
44220760648.1432
44218992077.5672
44217218346.0271
44215428850.7924
44213631548.0504
44211826439.7229
44210013527.7398
44208192814.0392
44206359000.7481
44204514740.8332
44202665335.861
44200808137.8981
44198943148.9287
44197070370.9449
44195189805.9467
44193301455.9425
44191407971.0654
44189512000.546
44187610897.3827
44185691425.7571
44183782709.6955
44181866217.6082
44179941951.5403
44178017853.0814
44176085983.3646
44174154282.5988
44172222750.7617
44170291387.8311
44168352257.7195
44166421233.2294
44164482442.9045
44162551756.7661
44160621239.4234
44158690890.8541
44156768642.9367
44154846562.3648
44152922005.6094
44151008189.7239
44149102468.8871
44147202198.2022
44145320589.2617
44143436498.3363
44141560494.6651
44139700501.9763
44137856516.2423
44136020609.0193
44134198060.8401
44132383586.3172
44130593028.4738
44128818459.6408
44127057235.5676
44125319913.8832
44123598568.9671
44121909035.8564
44120232830.0935
44118580506.2373
44116957337.3392
44115358038.9552
44113782605.9064
44112236310.3652
44110729700.0405
44109244298.8492
44107806483.5724
44106397779.3347
44105028731.664
44103688782.722
44102401664.3458
44101154180.7304
44099956873.8261
44098812372.4966
44097712757.8233
44096660659.8691
44095666618.4542
44094727989.1866
44093842128.5549
44093006393.8637
44092233960.6343
44091514277.5776
44090871064.2519
44090304313.9648
44089811384.8648
44089387000.1912
44089052242.8897
44088788658.0405
44088614693.7665
44088522440.5419
44088514533.1406
44088606786.3321
44088788658.0405
44089068058.0809
44089463441.5478
44089953726.8955
44090552100.6698
44091263843.9289
44092099512.5645
44093061757.0117
44094150593.8428
44095363405.1922
44096713395.4135
44098213774.4946
44099872484.6027
44101702748.3412
44103704608.4155
44105872835.7883
44108194288.7363
44110676930.9664
44113334010.713
44116181425.6217
44119227167.7668
44122502997.5924
44126014298.0836
44129777025.9731
44133801874.6316
44138070495.2233
44142598882.6273
44147355482.4004
44152343085.235
44157606796.4859
44163199707.9515
44169153814.7341
44175482639.5034
44182186503.7477
44189276339.6008
44196733976.4386
44204546537.1142
44212719698.1084
44221341364.0857
44230470419.6385
44240141992.6986
44250359447.8422
44261110256.2916
44272403165.6948
44284246979.8172
44296687811.1387
44309790556.4874
44323622984.1665
44338186453.8942
44353490401.3558
44369552367.5145
44386403375.1639
44404085314.4162
44422677757.6592
44442199044.7105
44462632839.6331
44483981636.7423
44506323253.3987
44529741315.8236
44554209578.413
44579620974.9462
44606011064.3434
44633515639.0409
44662149585.1902
44691280711.4839
44720975979.4423
44751636765.23
44783258802.3016
44815660882.3289
44848677191.7686
44882337658.7254
44916634132.5125
44951383094.8662
44986386194.075
45021592269.8115
45056999394.5858
45092456740.4784
45127765582.362
45162864242.8719
45197771002.3836
45232457100.3794
45265937798.9608
45298433002.2912
45330593153.2418
45362525547.3461
45394332511.9657
45426108561.7809
45457920723.0083
45489937415.0386
45522482561.2604
45556042369.726
45591280757.4846
45629156812.4944
45671142975.8913
45719566054.344
45778004399.3975
45850958428.6167
45948060452.11
)
;

boundaryField
{
    electrode
    {
        type            zeroGradient;
    }
    ground
    {
        type            zeroGradient;
    }
    otherfaces
    {
        type            empty;
    }
}


// ************************************************************************* //
