/*--------------------------------*- C++ -*----------------------------------*\
| =========                 |                                                 |
| \\      /  F ield         | foam-extend: Open Source CFD                    |
|  \\    /   O peration     | Version:     4.1                                |
|   \\  /    A nd           | Web:         http://www.foam-extend.org         |
|    \\/     M anipulation  |                                                 |
\*---------------------------------------------------------------------------*/
FoamFile
{
    version     2.0;
    format      ascii;
    class       volScalarField;
    location    "3.00031247849625e-06";
    object      eDensity;
}
// * * * * * * * * * * * * * * * * * * * * * * * * * * * * * * * * * * * * * //

dimensions      [1 -1 -2 0 0 0 0];

internalField   nonuniform List<scalar> 
500
(
0.377577862269589
0.50564730957306
0.672358316434542
0.887479552089065
1.16268123997255
1.51165508475693
1.95021552054003
2.4963207888989
3.16998954748657
3.99308567604373
4.98896322095689
6.18199372565871
7.59696484979209
9.2582969424875
11.1890980629094
13.4101346762961
15.9388512169524
18.7885564696005
21.967743737713
25.4793896252306
29.3203740326805
33.4813687986147
37.9473140544829
42.6980713500447
47.7087775725719
52.9503580606917
58.3909867106567
63.9977278924055
69.737120419765
75.5753066461309
81.4794410711163
87.4196260748084
93.3688644335096
99.3017896796741
105.195377209542
111.031136472344
116.794699240059
122.473313699051
128.055649993792
133.533804684491
138.903503819179
144.161897041333
149.306453039166
154.335945179233
159.251165067154
164.054218654445
168.747313235127
173.332418569342
177.811974835251
182.189314962973
186.468392639363
190.653272785649
194.747446648254
198.753506920286
202.673650861091
206.510586464168
210.267955396068
213.949907575482
217.560343716393
221.102328946352
224.57769534893
227.987143484919
231.331387457283
234.612423726558
237.833424006279
240.997771221718
244.108465803588
247.167875871796
250.177421982948
253.137332990769
256.047113469204
258.906790475195
261.717730518369
264.482235316221
267.202729508393
269.881365619549
272.519898116435
275.119483011098
277.680563926197
280.203146947039
282.687199680111
285.132799657698
287.540319173226
289.910721397615
292.245471283149
294.546099502446
296.813879094161
299.049665304999
301.253908735155
303.426919641691
305.569110520376
307.680995714125
309.763087757875
311.815815559767
313.839481164995
315.834352712194
317.800875100051
319.739665858452
321.651275377419
323.536131226054
325.394679883816
327.227442307611
329.034973356294
330.817824253303
332.576525770408
334.311580863347
336.023455123829
337.712548122015
339.379124004829
341.023249701392
342.644852591186
344.243908598842
345.820616619578
347.375396829117
348.908755198185
350.421189106383
351.913167848652
353.38513157574
354.837484838207
356.27057490823
357.684677435452
359.080026286417
360.456858017232
361.81542150517
363.155964984284
364.47872518959
365.783918439347
367.071727711591
368.342289724101
369.595722977962
370.832205990254
372.052010739553
373.255452532862
374.442838834754
375.614455997475
376.770571154432
377.911435403709
379.03728509408
380.148343062384
381.244821174059
382.326926127509
383.394867446045
384.448855748094
385.489089354975
386.515746240517
387.528986820675
388.528958199262
389.515794961553
390.489615541353
391.450515258724
392.398570052932
393.333864336239
394.256516289012
395.166669707668
396.064471583318
396.950061721631
397.823572386624
398.685129419997
399.534852912942
400.372857684005
401.199253484277
402.014145476014
402.817634566052
403.609817491524
404.390787116499
405.160632709368
405.919439937612
406.667290943784
407.404264520627
408.130436337773
408.845878509437
409.550658842587
410.244839509738
410.928474163735
411.60161060833
412.264303208501
412.916619849414
413.558635616483
414.190425167377
414.812060444942
415.423611049572
416.025144608854
416.616726712125
417.198421137997
417.770290020753
418.332393801601
418.884791406281
419.427540330477
419.960696581265
420.484314904494
420.998448836208
421.50315055047
421.99847118561
422.484460801004
422.961168341345
423.428641869207
423.886928593868
424.336074931027
424.776126808543
425.207127139008
425.629113509444
426.042120453489
426.446180754149
426.841325664299
427.227585061682
427.604987615514
427.973560796121
428.333330933942
428.684323228064
429.026561947491
429.360070775653
429.684872545443
430.00098899797
430.308441217839
430.607249912926
430.897435272675
431.179017097306
431.452015029186
431.716448948473
431.972340090171
432.219711289771
432.458583922391
432.688973774315
432.91089132242
433.124345360283
433.329344961377
433.525899137401
433.71401650882
433.893705360054
434.064973380017
434.227827718877
434.382275387188
434.528323423579
434.665978638249
434.795247427106
434.916135775926
435.028649356372
435.132793626606
435.228573886665
435.315995361929
435.39506274526
435.465779926563
435.528150762187
435.582179772217
435.627871575072
435.665229611056
435.694256031175
435.714953241901
435.727323600005
435.731366363231
435.72709223691
435.714499571906
435.693589352362
435.664363241917
435.626822614512
435.580968274259
435.526800944733
435.464321206905
435.393529321381
435.314425286033
435.227008895277
435.131279680808
435.027236894384
434.914879427251
434.794205801218
434.665214536823
434.52790410296
434.382272465103
434.228316958918
434.066034479991
433.895421946399
433.71647623215
433.529193767875
433.333570595495
433.129602318357
432.917283737029
432.696609088403
432.467572712804
432.230168749311
431.98438972227
431.730224548767
431.467657725684
431.196671763435
430.917250057394
430.62937712298
430.333037715177
430.028216422267
429.714897281423
429.393063555803
429.062697824593
428.723781753714
428.376296251103
428.020221753376
427.655537942191
427.28222337562
426.900255486876
426.509610681231
426.110264219542
425.702190206612
425.285361393708
424.859748788708
424.425321159907
423.982043752809
423.529877382819
423.06877969306
422.598707053894
422.119615293684
421.631459396546
421.134193213271
420.627769664608
420.112140589695
419.587256482914
419.053066736299
418.509519484647
417.956561325613
417.394137623493
416.822192205509
416.240667224154
415.64950341463
415.048639765311
414.438013406842
413.817559792207
413.187212430168
412.546902497826
411.89655878049
411.236109212643
410.565487210879
409.884637112243
409.19350818901
408.492044497418
407.780182502799
407.057853425272
406.324985215082
405.581502917394
404.827328267492
404.062379714094
403.286572121306
402.499816653826
401.702020755491
400.893087806788
400.072916842965
399.241402415214
398.398434464268
397.543898025
396.677672980725
395.79963367048
394.909648245323
394.007577805159
393.093276473057
392.166600000195
391.227425060781
390.275656086762
389.31120380491
388.333961707109
387.343803220985
386.340587543327
385.324161671884
384.29435885473
383.250994173033
382.193861468895
381.122741344345
380.037416515695
378.937674000426
377.823296476382
376.694054923695
375.5497067424
374.389994493928
373.214644381679
372.023363468337
370.815837031858
369.591740762797
368.350787367959
367.092770555194
365.817536110207
364.524914920598
363.214698712639
361.886650709912
360.540516868381
359.176033536468
357.792937879669
356.390982655658
354.969926066483
353.529481363674
352.069283348306
350.588904728247
349.087880915786
347.565718324235
346.021895925208
344.455884301888
342.867234104771
341.255704148415
339.621272751017
337.96397767326
336.283722707639
334.58020987688
332.85300248398
331.101597359634
329.325453026753
327.523998392586
325.696641191009
323.842788623429
321.961891588806
320.053492401048
318.117161624645
316.152331984683
314.158333779198
312.134633669012
310.080864592039
307.996643353986
305.88147831715
303.734802447048
301.556055128958
299.344796714102
297.10071209274
294.82334478642
292.511811657629
290.164797461184
287.780726870769
285.358076274335
282.895791049584
280.393395829647
277.85074782286
275.267875544452
272.644812257606
269.981153010627
267.275760692815
264.526901244118
261.732456658224
258.89006098616
255.997481455592
253.053422849605
250.057974950792
247.011833810225
243.915024874498
240.766410462613
237.563953591738
234.305054223115
230.986811471794
227.606635470564
224.16321072096
220.656576491623
217.086870911539
213.453231340171
209.753708747533
205.985673728689
202.146444837528
198.234038112623
194.247473914036
190.186322899836
186.049904280203
181.836828072178
177.545320728186
173.173847449258
168.721399428222
164.187632619498
159.57255463145
154.875899077655
150.097318927206
145.237263655432
140.29742752414
135.280068809942
130.187076583773
125.020841200894
119.786122071734
114.489745241042
109.138656386529
103.740081673537
98.3040134248977
92.8437575191892
87.3739276261609
81.9099712138094
76.4699007887735
71.0749351867526
65.7480284989855
60.5129136739712
55.3946559555541
50.4197479840783
45.614816884813
41.0052874180928
36.6150229542688
32.4660005449207
28.5773149841741
24.9640653298179
21.6367772635522
18.601307621113
15.8588417619372
13.4057910140912
11.2339011729784
9.33073986482016
7.68041391649393
6.26441044387016
5.06240785775015
4.05300514869954
3.21444333987832
2.52527727569881
1.96497145390084
1.51433581008086
1.15583053432502
0.873743163730079
0.65430614527969
)
;

boundaryField
{
    electrode
    {
        type            energyDensity_wilsonBC5;
        seec            0;
        Tse             22000;
        value           uniform 0.377577862269589;
    }
    ground
    {
        type            energyDensity_wilsonBC5;
        seec            0;
        Tse             22000;
        value           uniform 0.65430614527969;
    }
    otherfaces
    {
        type            empty;
    }
}


// ************************************************************************* //
