/*--------------------------------*- C++ -*----------------------------------*\
| =========                 |                                                 |
| \\      /  F ield         | foam-extend: Open Source CFD                    |
|  \\    /   O peration     | Version:     4.1                                |
|   \\  /    A nd           | Web:         http://www.foam-extend.org         |
|    \\/     M anipulation  |                                                 |
\*---------------------------------------------------------------------------*/
FoamFile
{
    version     2.0;
    format      ascii;
    class       volVectorField;
    location    "1.50100000171593e-05";
    object      totalIonFlux;
}
// * * * * * * * * * * * * * * * * * * * * * * * * * * * * * * * * * * * * * //

dimensions      [0 -2 0 0 0 1 0];

internalField   nonuniform List<vector> 
500
(
(-307.205274753591 0 0)
(-306.663118097622 0 0)
(-300.304123749941 0 0)
(-295.879887528443 0 0)
(-291.467566944732 0 0)
(-287.587015536869 0 0)
(-281.615707876845 0 0)
(-275.877887191689 0 0)
(-271.007539852143 0 0)
(-266.590626718548 0 0)
(-260.639532518151 0 0)
(-254.375731888691 0 0)
(-250.024754354181 0 0)
(-245.194076625303 0 0)
(-239.285577874386 0 0)
(-234.21785523496 0 0)
(-230.070884705066 0 0)
(-225.289946161245 0 0)
(-219.88727839373 0 0)
(-216.683894501379 0 0)
(-213.117806470438 0 0)
(-209.340196412675 0 0)
(-205.996348290391 0 0)
(-204.327029652211 0 0)
(-202.558252539994 0 0)
(-200.943622488736 0 0)
(-199.60813393871 0 0)
(-199.710550246218 0 0)
(-200.458429375007 0 0)
(-201.534339066148 0 0)
(-203.18543076361 0 0)
(-205.531502175946 0 0)
(-208.569841217915 0 0)
(-212.332412710677 0 0)
(-216.761846547854 0 0)
(-221.79702816902 0 0)
(-227.576650190246 0 0)
(-234.246732669284 0 0)
(-241.67350840585 0 0)
(-249.654653682 0 0)
(-258.122059194781 0 0)
(-267.363999180037 0 0)
(-277.204141893183 0 0)
(-287.211533869111 0 0)
(-297.703840851406 0 0)
(-308.541175000123 0 0)
(-319.251766713264 0 0)
(-330.101606493275 0 0)
(-340.994540797075 0 0)
(-351.793693905511 0 0)
(-362.414367079068 0 0)
(-372.583225923782 0 0)
(-382.353579462018 0 0)
(-391.462972523611 0 0)
(-399.970749443436 0 0)
(-407.714685083726 0 0)
(-414.716016142424 0 0)
(-420.971197802442 0 0)
(-426.400843029605 0 0)
(-431.055247680055 0 0)
(-434.611136574967 0 0)
(-437.670279010456 0 0)
(-441.267206608163 0 0)
(-443.989482106945 0 0)
(-446.083246386769 0 0)
(-447.82660337823 0 0)
(-449.147162629718 0 0)
(-449.869046755917 0 0)
(-449.930885094136 0 0)
(-449.497878865574 0 0)
(-449.41479592979 0 0)
(-449.385637909562 0 0)
(-449.136910437312 0 0)
(-448.689621756101 0 0)
(-448.069019592714 0 0)
(-447.30196934321 0 0)
(-446.400001590276 0 0)
(-445.358186954236 0 0)
(-444.188769747101 0 0)
(-442.931077485484 0 0)
(-441.55888718479 0 0)
(-440.149060904512 0 0)
(-438.703589053341 0 0)
(-437.229877064158 0 0)
(-435.752406994751 0 0)
(-434.293666254286 0 0)
(-432.843768495272 0 0)
(-431.387451122958 0 0)
(-429.923012525796 0 0)
(-428.45014410185 0 0)
(-426.969133081942 0 0)
(-425.477801821381 0 0)
(-423.70071319313 0 0)
(-421.887977916114 0 0)
(-420.068948554727 0 0)
(-418.24445068798 0 0)
(-416.414293091917 0 0)
(-414.578223792063 0 0)
(-412.736048129915 0 0)
(-410.887535381512 0 0)
(-409.032643438446 0 0)
(-407.171244135347 0 0)
(-405.303460741478 0 0)
(-403.429341744723 0 0)
(-401.549262871367 0 0)
(-399.665716803663 0 0)
(-397.780744995464 0 0)
(-395.88857957029 0 0)
(-393.98111135347 0 0)
(-392.056693020698 0 0)
(-390.115665559195 0 0)
(-388.157531039295 0 0)
(-386.181959290374 0 0)
(-384.188717982798 0 0)
(-382.177685438857 0 0)
(-380.148737955581 0 0)
(-378.101883810421 0 0)
(-376.037070835959 0 0)
(-373.954354481555 0 0)
(-371.853742462446 0 0)
(-369.735333997155 0 0)
(-367.599140490746 0 0)
(-365.445285653663 0 0)
(-363.273800163629 0 0)
(-361.084846758498 0 0)
(-358.878464104858 0 0)
(-356.654789912519 0 0)
(-354.413893068743 0 0)
(-352.1558841753 0 0)
(-349.880912301313 0 0)
(-347.589056234731 0 0)
(-345.280433633034 0 0)
(-342.955166457335 0 0)
(-340.613369383352 0 0)
(-338.255160075956 0 0)
(-335.880673125536 0 0)
(-333.490004003407 0 0)
(-331.083257122848 0 0)
(-328.660569964014 0 0)
(-326.222060191768 0 0)
(-323.767852505804 0 0)
(-321.298052490102 0 0)
(-318.812794757324 0 0)
(-316.312195369273 0 0)
(-313.796398801976 0 0)
(-311.265505379708 0 0)
(-308.719667393617 0 0)
(-306.159017185712 0 0)
(-303.583644279559 0 0)
(-300.993710862788 0 0)
(-298.389336136158 0 0)
(-295.770642648076 0 0)
(-293.13777813388 0 0)
(-290.490870538635 0 0)
(-287.830028773067 0 0)
(-285.155407739229 0 0)
(-282.467121320307 0 0)
(-279.765307536517 0 0)
(-277.05012801098 0 0)
(-274.321663533639 0 0)
(-271.580100645255 0 0)
(-268.82554449223 0 0)
(-266.058122943071 0 0)
(-263.278005208139 0 0)
(-260.485301810562 0 0)
(-257.68014422737 0 0)
(-254.862684293504 0 0)
(-252.033037608748 0 0)
(-249.191358681754 0 0)
(-246.33778293511 0 0)
(-243.472410998902 0 0)
(-240.595418261715 0 0)
(-237.706925766744 0 0)
(-234.807073296884 0 0)
(-231.895984084313 0 0)
(-228.973800205066 0 0)
(-226.04068076274 0 0)
(-223.096717931374 0 0)
(-220.142072471647 0 0)
(-217.176888364493 0 0)
(-214.201277801138 0 0)
(-211.215401606709 0 0)
(-208.219373746118 0 0)
(-205.213341062692 0 0)
(-202.197449726154 0 0)
(-199.171815653294 0 0)
(-196.136600337439 0 0)
(-193.091907703887 0 0)
(-190.037899573213 0 0)
(-186.974695196183 0 0)
(-183.90245622614 0 0)
(-180.821289470595 0 0)
(-177.731343175494 0 0)
(-174.632752463808 0 0)
(-171.525665307646 0 0)
(-168.410191967023 0 0)
(-165.286493356858 0 0)
(-162.154705243892 0 0)
(-159.014951915415 0 0)
(-155.86735835435 0 0)
(-152.712094791574 0 0)
(-149.549263368236 0 0)
(-146.379011805908 0 0)
(-143.201486386845 0 0)
(-140.016802454777 0 0)
(-136.82511707731 0 0)
(-133.626536822992 0 0)
(-130.421228567603 0 0)
(-127.209301045702 0 0)
(-123.990911449642 0 0)
(-120.766180206212 0 0)
(-117.535264380252 0 0)
(-114.298286957809 0 0)
(-111.055390738065 0 0)
(-107.806720467611 0 0)
(-104.552423033 0 0)
(-101.292641405805 0 0)
(-98.0275296600251 0 0)
(-94.7572496253459 0 0)
(-91.4820390592576 0 0)
(-88.2017305501628 0 0)
(-84.9159607730317 0 0)
(-81.6260286242145 0 0)
(-78.3326381111623 0 0)
(-75.0341945693194 0 0)
(-71.7301073055806 0 0)
(-68.4206874032584 0 0)
(-65.1058986558256 0 0)
(-61.7857448120772 0 0)
(-58.4602380946383 0 0)
(-55.1294172596089 0 0)
(-51.7933146721111 0 0)
(-48.4519723683399 0 0)
(-45.1054348807051 0 0)
(-41.7537519443575 0 0)
(-38.3969765534784 0 0)
(-35.0351518457641 0 0)
(-31.6683369190768 0 0)
(-28.2965863894765 0 0)
(-24.9199578792647 0 0)
(-21.5385074057633 0 0)
(-18.1522884896068 0 0)
(-14.7613533880841 0 0)
(-11.3657490208186 0 0)
(-7.96551547555229 0 0)
(-4.5607102528809 0 0)
(-1.1628110550269 0 0)
(2.26447545826251 0 0)
(5.67107621392578 0 0)
(9.07942273953064 0 0)
(12.4844965195018 0 0)
(15.8882352304839 0 0)
(19.2901375336385 0 0)
(22.688661295011 0 0)
(26.0847627879066 0 0)
(29.4782216436912 0 0)
(32.8689653978053 0 0)
(36.2569252171226 0 0)
(39.6420209629689 0 0)
(43.0241809477138 0 0)
(46.4033338872197 0 0)
(49.7793993424165 0 0)
(53.1523188100326 0 0)
(56.5220242014281 0 0)
(59.8884611560635 0 0)
(63.251571808649 0 0)
(66.6113182787256 0 0)
(69.9676510508324 0 0)
(73.3205195138743 0 0)
(76.6698860669381 0 0)
(80.0157127462506 0 0)
(83.3579739463586 0 0)
(86.6966395143987 0 0)
(90.0317000619943 0 0)
(93.3631547627622 0 0)
(96.6910363374692 0 0)
(100.015213614843 0 0)
(103.335770123866 0 0)
(106.653183155763 0 0)
(109.967197403398 0 0)
(113.277421402356 0 0)
(116.583956778964 0 0)
(119.886778209142 0 0)
(123.185718432355 0 0)
(126.480663095406 0 0)
(129.771471862691 0 0)
(133.05801459191 0 0)
(136.340147139235 0 0)
(139.61772219535 0 0)
(142.890600459389 0 0)
(146.158619923394 0 0)
(149.421638541777 0 0)
(152.679502576269 0 0)
(155.932057186599 0 0)
(159.179147401105 0 0)
(162.420617873591 0 0)
(165.656325341276 0 0)
(168.886114834042 0 0)
(172.109806525311 0 0)
(175.327283994514 0 0)
(178.538367381514 0 0)
(181.742899863822 0 0)
(184.940736857176 0 0)
(188.131719747263 0 0)
(191.315676395218 0 0)
(194.492462244609 0 0)
(197.661904187994 0 0)
(200.823843513977 0 0)
(203.978121406147 0 0)
(207.124578960453 0 0)
(210.263057513367 0 0)
(213.393398015908 0 0)
(216.515425656935 0 0)
(219.628966906736 0 0)
(222.733892494038 0 0)
(225.830008682071 0 0)
(228.917161823583 0 0)
(231.995198333688 0 0)
(235.063945075221 0 0)
(238.123245410425 0 0)
(241.172925198125 0 0)
(244.21282808957 0 0)
(247.242780469786 0 0)
(250.262626462977 0 0)
(253.272191606527 0 0)
(256.271302504155 0 0)
(259.259804933197 0 0)
(262.237525613338 0 0)
(265.204272161235 0 0)
(268.159912014178 0 0)
(271.104273827032 0 0)
(274.037145382413 0 0)
(276.958396964083 0 0)
(279.867859516395 0 0)
(282.765321767281 0 0)
(285.65065745177 0 0)
(288.52365652123 0 0)
(291.384174099886 0 0)
(294.232000561273 0 0)
(297.06701415283 0 0)
(299.888983378341 0 0)
(302.697766528097 0 0)
(305.493177107231 0 0)
(308.275030950019 0 0)
(311.043171120455 0 0)
(313.797397174963 0 0)
(316.537534572433 0 0)
(319.263434243103 0 0)
(321.974900915312 0 0)
(324.671741067636 0 0)
(327.353812025915 0 0)
(330.020924845513 0 0)
(332.672892401925 0 0)
(335.309529887338 0 0)
(337.930681789559 0 0)
(340.536169961915 0 0)
(343.125767400452 0 0)
(345.699354768997 0 0)
(348.256738593898 0 0)
(350.797702508805 0 0)
(353.322086902386 0 0)
(355.829710995321 0 0)
(358.320426812567 0 0)
(360.79398007485 0 0)
(363.250259942152 0 0)
(365.689051806159 0 0)
(368.110174208266 0 0)
(370.513452031286 0 0)
(372.898688670068 0 0)
(375.265695036515 0 0)
(377.61431993746 0 0)
(379.944362303679 0 0)
(382.255658112609 0 0)
(384.547993879531 0 0)
(386.82119556484 0 0)
(389.075067762805 0 0)
(391.309455836254 0 0)
(393.524123599476 0 0)
(395.718905130062 0 0)
(397.893582713079 0 0)
(400.047978382472 0 0)
(402.181857643296 0 0)
(404.295022124326 0 0)
(406.387180793014 0 0)
(408.458135817903 0 0)
(410.507551515864 0 0)
(412.535107256625 0 0)
(414.540489217157 0 0)
(416.523209494472 0 0)
(418.482783108551 0 0)
(420.418658029011 0 0)
(422.330132895464 0 0)
(424.215006212832 0 0)
(426.07737932638 0 0)
(427.935740782343 0 0)
(429.80082419297 0 0)
(431.664926772362 0 0)
(433.520990761548 0 0)
(435.367518408071 0 0)
(437.203964073761 0 0)
(439.030419193328 0 0)
(440.84728215567 0 0)
(442.655505221268 0 0)
(444.454825867536 0 0)
(446.116387348777 0 0)
(447.585924049653 0 0)
(449.031865562626 0 0)
(450.45542774083 0 0)
(451.857582333939 0 0)
(453.241336134692 0 0)
(454.614345500834 0 0)
(455.982630690116 0 0)
(457.347787421637 0 0)
(458.712719144999 0 0)
(460.082788095192 0 0)
(461.471853549594 0 0)
(462.894365130622 0 0)
(464.331712540094 0 0)
(465.724258865156 0 0)
(467.14569126616 0 0)
(468.610368135679 0 0)
(470.13856574202 0 0)
(471.6887431698 0 0)
(473.209089313046 0 0)
(474.72876490557 0 0)
(476.288542802187 0 0)
(477.907479826407 0 0)
(480.528897354487 0 0)
(483.589683447864 0 0)
(486.916836523573 0 0)
(490.554700548323 0 0)
(494.342438305916 0 0)
(497.910823275805 0 0)
(503.249340504877 0 0)
(509.75046283416 0 0)
(516.531005408902 0 0)
(523.307891948106 0 0)
(531.813948438637 0 0)
(542.811451265112 0 0)
(553.232124739833 0 0)
(563.908658959129 0 0)
(578.907131087768 0 0)
(591.861052029612 0 0)
(607.497556445361 0 0)
(624.679129077701 0 0)
(639.518066913877 0 0)
(660.026728287883 0 0)
(674.637253767706 0 0)
(696.612219274591 0 0)
(712.580980490912 0 0)
(732.305255047377 0 0)
(748.776647804546 0 0)
(764.402253572949 0 0)
(780.666745236103 0 0)
(789.88955588392 0 0)
(805.351767258399 0 0)
(814.05198107054 0 0)
(820.26191769364 0 0)
(828.939113887881 0 0)
(832.372261703763 0 0)
(830.979561994276 0 0)
(835.504166352824 0 0)
(835.975107654344 0 0)
(833.220425555153 0 0)
(827.768029542672 0 0)
(824.663212325664 0 0)
(821.967725669546 0 0)
(817.391121114437 0 0)
(811.375788770158 0 0)
(804.158436840355 0 0)
(796.089697188088 0 0)
(788.192076665055 0 0)
(783.239745489816 0 0)
(777.378657662647 0 0)
(770.955766200084 0 0)
(764.102662891211 0 0)
(757.044339319225 0 0)
(749.650701610518 0 0)
(742.108436133496 0 0)
(734.407327102062 0 0)
(726.881914615858 0 0)
(719.219976693592 0 0)
(714.25213277012 0 0)
(708.939054002271 0 0)
(703.951549541773 0 0)
(698.369803853093 0 0)
(693.447663761515 0 0)
(687.972489609034 0 0)
(683.371497653689 0 0)
(677.735227671688 0 0)
(673.549128712038 0 0)
(668.073347101677 0 0)
(664.338334374873 0 0)
(658.649086305608 0 0)
(655.546530803587 0 0)
(649.886850516792 0 0)
(647.487931687804 0 0)
(641.395573138102 0 0)
(640.073431469861 0 0)
(630.224560748675 0 0)
)
;

boundaryField
{
    electrode
    {
        type            calculated;
        value           uniform (-314.233961277474 0 0);
    }
    ground
    {
        type            calculated;
        value           uniform (633.809154697286 0 0);
    }
    otherfaces
    {
        type            empty;
    }
}


// ************************************************************************* //
