/*--------------------------------*- C++ -*----------------------------------*\
| =========                 |                                                 |
| \\      /  F ield         | foam-extend: Open Source CFD                    |
|  \\    /   O peration     | Version:     4.1                                |
|   \\  /    A nd           | Web:         http://www.foam-extend.org         |
|    \\/     M anipulation  |                                                 |
\*---------------------------------------------------------------------------*/
FoamFile
{
    version     2.0;
    format      ascii;
    class       volVectorField;
    location    "1.62492829960975e-05";
    object      EField;
}
// * * * * * * * * * * * * * * * * * * * * * * * * * * * * * * * * * * * * * //

dimensions      [1 1 -3 0 0 -1 0];

internalField   nonuniform List<vector> 
500
(
(30364515450000 -0 -0)
(-3.26195580495e+15 -0 -0)
(-8.0119702554e+15 -0 -0)
(-7.1516643664825e+16 -0 -0)
(-1.52772207091056e+17 -0 -0)
(-1.22703619664868e+18 -0 -0)
(-2.64034211587945e+18 -0 -0)
(-1.8534525256183e+19 -0 -0)
(-3.9546865368466e+19 -0 -0)
(-3.56687393162958e+20 -0 -0)
(-7.64350750162165e+20 -0 -0)
(-4.09925024897589e+21 -0 -0)
(-7.26868852140222e+21 -0 -0)
(-1.63464465411577e+22 -0 -0)
(-2.47453045147322e+22 -0 -0)
(-2.27767938094037e+22 -0 -0)
(-1.91136586288075e+22 -0 -0)
(-1.43809295047355e+22 -0 -0)
(-1.06300181550577e+22 -0 -0)
(-7.95582729925865e+21 -0 -0)
(-5.45571696990058e+21 -0 -0)
(-3.24372219505159e+21 -0 -0)
(-1.71376915675252e+21 -0 -0)
(-9.39304951201684e+20 -0 -0)
(-5.64342733382179e+20 -0 -0)
(-2.9709329618003e+20 -0 -0)
(-2.60010192484594e+20 -0 -0)
(-2.89672280842017e+20 -0 -0)
(-2.35722582304394e+20 -0 -0)
(-1.41453699189502e+20 -0 -0)
(-8.86158553175534e+19 -0 -0)
(-6.07405329078857e+19 -0 -0)
(-4.39737229210939e+19 -0 -0)
(-3.37037336796142e+19 -0 -0)
(-2.75758189173341e+19 -0 -0)
(-2.38155785682616e+19 -0 -0)
(-2.13471147601319e+19 -0 -0)
(-1.94307861386962e+19 -0 -0)
(-1.75741499139161e+19 -0 -0)
(-1.53275705155761e+19 -0 -0)
(-1.18994699879883e+19 -0 -0)
(-7.59588447045895e+18 -0 -0)
(-5.91640101203615e+18 -0 -0)
(-5.64604958569334e+18 -0 -0)
(-2.95500253996582e+18 -0 -0)
(-6.86647178613282e+17 -0 -0)
(-2.18442789428712e+17 -0 -0)
(-5.18559755371092e+16 -0 -0)
(-1.20885936523438e+16 -0 -0)
(-2.59194614257813e+15 -0 -0)
(-547194213867184 -0 -0)
(-114879296875001 -0 -0)
(-24164550781249.9 -0 -0)
(-5179077148437.48 -0 -0)
(-1220190429687.49 -0 -0)
(-339086914062.503 -0 -0)
(-107324218750 -0 -0)
(-33300781249.9998 -0 -0)
(-2246093749.99999 -0 -0)
(317382812.500003 -0 -0)
(-24414062.4999999 -0 -0)
(-830078124.999998 -0 -0)
(-781249999.999995 -0 -0)
(-0 -0 -0)
(24414062.5000002 -0 -0)
(-24414062.4999999 -0 -0)
(-146484374.999999 -0 -0)
(-878906250.000001 -0 -0)
(-5175781250.00002 -0 -0)
(-14721679687.5 -0 -0)
(-27270507812.4999 -0 -0)
(-35083007812.4998 -0 -0)
(-18164062500.0002 -0 -0)
(-0 -0 -0)
(1.80901298828124e+15 -0 -0)
(1.80901313476563e+15 -0 -0)
(195312500.000001 -0 -0)
(268554687.500001 -0 -0)
(244140624.999998 -0 -0)
(244140625 -0 -0)
(219726562.500001 -0 -0)
(170898437.5 -0 -0)
(170898437.499999 -0 -0)
(170898437.5 -0 -0)
(146484375.000002 -0 -0)
(122070312.499999 -0 -0)
(170898437.5 -0 -0)
(244140624.999999 -0 -0)
(390625000.000005 -0 -0)
(1.4596507470703e+16 -0 -0)
(4.18111830078129e+16 -0 -0)
(5.40591300781247e+16 -0 -0)
(5.32595160400389e+16 -0 -0)
(5.24359315917973e+16 -0 -0)
(5.16676001464842e+16 -0 -0)
(5.09372115478512e+16 -0 -0)
(5.02480419189452e+16 -0 -0)
(4.95897456542973e+16 -0 -0)
(4.8947601245117e+16 -0 -0)
(4.83236173095705e+16 -0 -0)
(4.7736493554687e+16 -0 -0)
(4.71952080566405e+16 -0 -0)
(4.66956287109374e+16 -0 -0)
(4.62344338134778e+16 -0 -0)
(4.5808775195312e+16 -0 -0)
(4.54170003906252e+16 -0 -0)
(4.50573592529296e+16 -0 -0)
(4.47280218017577e+16 -0 -0)
(4.4430063867187e+16 -0 -0)
(4.41525792236327e+16 -0 -0)
(4.39376145507811e+16 -0 -0)
(4.3763673876954e+16 -0 -0)
(4.35800628906249e+16 -0 -0)
(4.34080853759767e+16 -0 -0)
(4.32607265136714e+16 -0 -0)
(4.31304568603514e+16 -0 -0)
(4.30272471435546e+16 -0 -0)
(4.2939000439453e+16 -0 -0)
(4.28771980468749e+16 -0 -0)
(4.28402804931649e+16 -0 -0)
(4.28267843261721e+16 -0 -0)
(4.28138894775386e+16 -0 -0)
(4.28443028564455e+16 -0 -0)
(4.28676913085933e+16 -0 -0)
(4.29303168945315e+16 -0 -0)
(4.29506512207024e+16 -0 -0)
(4.29526693359377e+16 -0 -0)
(4.28370419677736e+16 -0 -0)
(4.26315347167977e+16 -0 -0)
(4.23095245361327e+16 -0 -0)
(4.18996496826168e+16 -0 -0)
(4.14521404785158e+16 -0 -0)
(4.09002900634758e+16 -0 -0)
(5.14687383789065e+16 -0 -0)
(1.12895156518555e+17 -0 -0)
(2.61106467675781e+17 -0 -0)
(4.77499549902346e+17 -0 -0)
(6.80886267065433e+17 -0 -0)
(8.0513020344238e+17 -0 -0)
(8.59433690283207e+17 -0 -0)
(8.78435608520499e+17 -0 -0)
(8.83395723364262e+17 -0 -0)
(8.83269000708005e+17 -0 -0)
(8.81311337695304e+17 -0 -0)
(8.78597379907243e+17 -0 -0)
(8.75481329809568e+17 -0 -0)
(8.72080347387699e+17 -0 -0)
(8.68426594238273e+17 -0 -0)
(8.64531796630863e+17 -0 -0)
(8.60394101806626e+17 -0 -0)
(8.56014801245121e+17 -0 -0)
(8.51390881542966e+17 -0 -0)
(8.4652577595217e+17 -0 -0)
(8.41420943505845e+17 -0 -0)
(8.36085136621098e+17 -0 -0)
(8.3053034997559e+17 -0 -0)
(8.24777439794919e+17 -0 -0)
(8.18845702807609e+17 -0 -0)
(8.12754806054685e+17 -0 -0)
(8.06519280078128e+17 -0 -0)
(8.00148594213859e+17 -0 -0)
(7.93647467480484e+17 -0 -0)
(7.868807138916e+17 -0 -0)
(7.79557334130863e+17 -0 -0)
(7.71723191845695e+17 -0 -0)
(7.6374539616699e+17 -0 -0)
(7.55872874877922e+17 -0 -0)
(7.48205567114261e+17 -0 -0)
(7.40807287597659e+17 -0 -0)
(7.33697404321303e+17 -0 -0)
(7.26798054443357e+17 -0 -0)
(7.19965327587883e+17 -0 -0)
(7.13031953051756e+17 -0 -0)
(7.05912913793949e+17 -0 -0)
(6.9865058562011e+17 -0 -0)
(6.9127860595703e+17 -0 -0)
(6.83385317578128e+17 -0 -0)
(6.73556269555677e+17 -0 -0)
(6.59109487011712e+17 -0 -0)
(6.40443900146478e+17 -0 -0)
(6.29142341357429e+17 -0 -0)
(6.42986253002932e+17 -0 -0)
(7.04534233862292e+17 -0 -0)
(8.92892191723637e+17 -0 -0)
(1.33743260212401e+18 -0 -0)
(1.96006262719727e+18 -0 -0)
(2.50234637141118e+18 -0 -0)
(2.87667063124999e+18 -0 -0)
(3.05602846999509e+18 -0 -0)
(3.11540806062013e+18 -0 -0)
(3.16134835546874e+18 -0 -0)
(3.18323526833493e+18 -0 -0)
(3.19918497258302e+18 -0 -0)
(3.21561822351071e+18 -0 -0)
(3.2319161057618e+18 -0 -0)
(3.24597489079587e+18 -0 -0)
(3.26083197885746e+18 -0 -0)
(3.27746640769037e+18 -0 -0)
(3.29371930437016e+18 -0 -0)
(3.30965266933593e+18 -0 -0)
(3.3269650747558e+18 -0 -0)
(3.34684744509276e+18 -0 -0)
(3.36595242194823e+18 -0 -0)
(3.38238037333983e+18 -0 -0)
(3.39666278173827e+18 -0 -0)
(3.4090951314453e+18 -0 -0)
(3.42077957253432e+18 -0 -0)
(3.43610104692387e+18 -0 -0)
(3.45128206235346e+18 -0 -0)
(3.45797065095214e+18 -0 -0)
(3.4671951065186e+18 -0 -0)
(3.47993981271972e+18 -0 -0)
(3.48907461667475e+18 -0 -0)
(3.49833496440434e+18 -0 -0)
(3.50377423137201e+18 -0 -0)
(3.50913245771488e+18 -0 -0)
(3.5219050323974e+18 -0 -0)
(3.53479358708495e+18 -0 -0)
(3.54431603879394e+18 -0 -0)
(3.55287850815429e+18 -0 -0)
(3.5568645333496e+18 -0 -0)
(3.56434564541015e+18 -0 -0)
(3.57337946083984e+18 -0 -0)
(3.57319648410659e+18 -0 -0)
(3.57391444299321e+18 -0 -0)
(3.57932447155756e+18 -0 -0)
(3.58471154650878e+18 -0 -0)
(3.58986906196293e+18 -0 -0)
(3.59469105566405e+18 -0 -0)
(3.59857666281732e+18 -0 -0)
(3.59965706579589e+18 -0 -0)
(3.59740938498534e+18 -0 -0)
(3.59325759956059e+18 -0 -0)
(3.58832544621576e+18 -0 -0)
(3.58300429912108e+18 -0 -0)
(3.57721446010741e+18 -0 -0)
(3.57092861879882e+18 -0 -0)
(3.56412947229003e+18 -0 -0)
(3.55679767819823e+18 -0 -0)
(3.54891805307632e+18 -0 -0)
(3.54048361713866e+18 -0 -0)
(3.53149109814457e+18 -0 -0)
(3.52193590678705e+18 -0 -0)
(3.50952317456054e+18 -0 -0)
(3.49101387507323e+18 -0 -0)
(3.46775433110356e+18 -0 -0)
(3.44300696323236e+18 -0 -0)
(3.41774394135741e+18 -0 -0)
(3.39197258896484e+18 -0 -0)
(3.36569894902348e+18 -0 -0)
(3.33893079580072e+18 -0 -0)
(3.31067956635736e+18 -0 -0)
(3.27609562116703e+18 -0 -0)
(3.2325425095703e+18 -0 -0)
(3.18516802329101e+18 -0 -0)
(3.13789582099613e+18 -0 -0)
(3.09073032404793e+18 -0 -0)
(3.0403489935059e+18 -0 -0)
(2.98034378183589e+18 -0 -0)
(2.91141219475101e+18 -0 -0)
(2.84077089658198e+18 -0 -0)
(2.76747616237792e+18 -0 -0)
(2.68341680751952e+18 -0 -0)
(2.59006428994144e+18 -0 -0)
(2.49027199436031e+18 -0 -0)
(2.37889400756832e+18 -0 -0)
(2.25435518142099e+18 -0 -0)
(2.11727184255364e+18 -0 -0)
(1.96162491071777e+18 -0 -0)
(1.77840360297854e+18 -0 -0)
(1.55861361887207e+18 -0 -0)
(1.27941282382812e+18 -0 -0)
(8.80862299731468e+17 -0 -0)
(6.37586406420888e+17 -0 -0)
(8.65116809228526e+17 -0 -0)
(1.26720660058593e+18 -0 -0)
(1.57014329387207e+18 -0 -0)
(1.8130394411621e+18 -0 -0)
(2.0241513289551e+18 -0 -0)
(2.21263618703613e+18 -0 -0)
(2.38019166740719e+18 -0 -0)
(2.53456998124999e+18 -0 -0)
(2.67943895485839e+18 -0 -0)
(2.81595402614749e+18 -0 -0)
(2.94529753103022e+18 -0 -0)
(3.06796609096683e+18 -0 -0)
(3.17622956762695e+18 -0 -0)
(3.24261998007807e+18 -0 -0)
(3.22328212495116e+18 -0 -0)
(3.0748644141847e+18 -0 -0)
(2.83774489716796e+18 -0 -0)
(2.66576701352538e+18 -0 -0)
(2.66220790593261e+18 -0 -0)
(2.78302695275882e+18 -0 -0)
(2.92853498100581e+18 -0 -0)
(3.04087557651366e+18 -0 -0)
(3.136172387085e+18 -0 -0)
(3.24236455690917e+18 -0 -0)
(3.35986221206049e+18 -0 -0)
(3.49110410437006e+18 -0 -0)
(3.63014511679697e+18 -0 -0)
(3.76850941206048e+18 -0 -0)
(3.90981113342284e+18 -0 -0)
(4.05102933132323e+18 -0 -0)
(4.1968741943604e+18 -0 -0)
(4.36680479907244e+18 -0 -0)
(4.55748480695793e+18 -0 -0)
(4.73685633898918e+18 -0 -0)
(4.91086790187994e+18 -0 -0)
(5.09780065390624e+18 -0 -0)
(5.29622305146483e+18 -0 -0)
(5.51925047497565e+18 -0 -0)
(5.74507050798338e+18 -0 -0)
(5.94866256411131e+18 -0 -0)
(6.15798513754872e+18 -0 -0)
(6.38778415434569e+18 -0 -0)
(6.62975154431151e+18 -0 -0)
(6.85906960119627e+18 -0 -0)
(7.1379619134033e+18 -0 -0)
(6.62281461477059e+18 -0 -0)
(4.95874860393065e+18 -0 -0)
(3.62412268403314e+18 -0 -0)
(1.90189101835951e+18 -0 -0)
(3.76622164111316e+17 -0 -0)
(2.1430091027832e+17 -0 -0)
(2.7367554855957e+17 -0 -0)
(3.738916005127e+17 -0 -0)
(4.37605752294921e+17 -0 -0)
(4.67146001904289e+17 -0 -0)
(4.76605674121093e+17 -0 -0)
(4.80811906835943e+17 -0 -0)
(4.81378724829093e+17 -0 -0)
(4.89567496801757e+17 -0 -0)
(3.54546648168939e+17 -0 -0)
(1.9241920183106e+17 -0 -0)
(2.38220613476558e+17 -0 -0)
(3.52288542846679e+17 -0 -0)
(5.27339744360358e+17 -0 -0)
(4.32607448144549e+17 -0 -0)
(1.60913191503906e+17 -0 -0)
(1.0355100061035e+17 -0 -0)
(9.74722273437512e+16 -0 -0)
(1.15541838037107e+17 -0 -0)
(2.1936834465332e+17 -0 -0)
(2.52704356811523e+17 -0 -0)
(1.59711918041992e+17 -0 -0)
(1.14947446752931e+17 -0 -0)
(1.11925426440429e+17 -0 -0)
(1.15156307910153e+17 -0 -0)
(1.20940757177736e+17 -0 -0)
(1.27195353417968e+17 -0 -0)
(1.34233353100586e+17 -0 -0)
(1.42285124804689e+17 -0 -0)
(1.51541166748047e+17 -0 -0)
(1.62113865625e+17 -0 -0)
(1.74272601904304e+17 -0 -0)
(1.8789610571289e+17 -0 -0)
(2.03712452954098e+17 -0 -0)
(2.21951097680664e+17 -0 -0)
(2.43818633007808e+17 -0 -0)
(2.69642904589851e+17 -0 -0)
(2.96924994995116e+17 -0 -0)
(3.25355849414052e+17 -0 -0)
(3.56319750073257e+17 -0 -0)
(3.89417098046868e+17 -0 -0)
(4.2548854643554e+17 -0 -0)
(4.6171983029785e+17 -0 -0)
(4.88920984155279e+17 -0 -0)
(5.11272786059569e+17 -0 -0)
(5.34976111303702e+17 -0 -0)
(5.59458084399413e+17 -0 -0)
(5.8555230812989e+17 -0 -0)
(6.0942440754397e+17 -0 -0)
(6.30581667578123e+17 -0 -0)
(6.50156785034169e+17 -0 -0)
(6.67752800170906e+17 -0 -0)
(6.83757509716775e+17 -0 -0)
(6.99030912182626e+17 -0 -0)
(7.14507003784188e+17 -0 -0)
(7.30620979223631e+17 -0 -0)
(7.48039369384775e+17 -0 -0)
(7.67509618359362e+17 -0 -0)
(7.90541877368162e+17 -0 -0)
(8.19591835522447e+17 -0 -0)
(8.61815724511717e+17 -0 -0)
(9.31308081567394e+17 -0 -0)
(1.04136008996583e+18 -0 -0)
(1.1949964366943e+18 -0 -0)
(1.37846004575201e+18 -0 -0)
(1.59287417370607e+18 -0 -0)
(1.96052689475086e+18 -0 -0)
(2.67234779860851e+18 -0 -0)
(3.25634331525864e+18 -0 -0)
(2.67123533115253e+18 -0 -0)
(1.58897323032215e+18 -0 -0)
(1.15893091462407e+18 -0 -0)
(8.95769544287146e+17 -0 -0)
(5.71894244262686e+17 -0 -0)
(5.07300267822286e+17 -0 -0)
(7.10492634838835e+17 -0 -0)
(8.72517888867198e+17 -0 -0)
(8.21511032421837e+17 -0 -0)
(7.63485108520539e+17 -0 -0)
(8.51385230078086e+17 -0 -0)
(1.03338309973149e+18 -0 -0)
(1.18084153305659e+18 -0 -0)
(1.2745044091065e+18 -0 -0)
(1.41166926413568e+18 -0 -0)
(1.68476475766613e+18 -0 -0)
(2.12304013784164e+18 -0 -0)
(2.72657012285167e+18 -0 -0)
(3.5176600858641e+18 -0 -0)
(4.5423205300539e+18 -0 -0)
(5.89071950117212e+18 -0 -0)
(7.68931691752917e+18 -0 -0)
(1.00932569200932e+19 -0 -0)
(1.32719466123529e+19 -0 -0)
(1.70919827907717e+19 -0 -0)
(2.09421541015615e+19 -0 -0)
(1.28393994152837e+19 -0 -0)
(2.72923930761714e+18 -0 -0)
(6.46641397204616e+18 -0 -0)
(1.57453232925525e+19 -0 -0)
(2.49886148113299e+19 -0 -0)
(2.56575443157452e+19 -0 -0)
(2.2224771822999e+19 -0 -0)
(2.75863708166491e+19 -0 -0)
(3.52571279149683e+19 -0 -0)
(3.49335895883763e+19 -0 -0)
(2.84342610855725e+19 -0 -0)
(2.27792209136484e+19 -0 -0)
(2.44780114824947e+19 -0 -0)
(3.6335516224855e+19 -0 -0)
(5.28221196346152e+19 -0 -0)
(6.87941833511747e+19 -0 -0)
(8.52937438032187e+19 -0 -0)
(1.02613757809477e+20 -0 -0)
(1.21342943233735e+20 -0 -0)
(1.41993907168736e+20 -0 -0)
(1.63820429423303e+20 -0 -0)
(1.86210349742854e+20 -0 -0)
(2.10297397543008e+20 -0 -0)
(2.37885881015007e+20 -0 -0)
(2.70066512451616e+20 -0 -0)
(3.07432022727405e+20 -0 -0)
(3.50108283158504e+20 -0 -0)
(3.98275623299845e+20 -0 -0)
(4.49558834961762e+20 -0 -0)
(2.85922490738814e+20 -0 -0)
(7.52615257031281e+19 -0 -0)
(5.52846757434041e+19 -0 -0)
(5.84214601033227e+19 -0 -0)
(6.00307184618137e+19 -0 -0)
(5.55440587360374e+19 -0 -0)
(4.66988035513176e+19 -0 -0)
(4.81602023304463e+19 -0 -0)
(8.24736809717712e+19 -0 -0)
(1.42568299821861e+20 -0 -0)
(2.09444844870687e+20 -0 -0)
(2.87036374075622e+20 -0 -0)
(3.88829651286359e+20 -0 -0)
(5.39825451159055e+20 -0 -0)
(7.44550838973492e+20 -0 -0)
(7.14169302293839e+20 -0 -0)
(5.63398342587027e+20 -0 -0)
(7.45311510029898e+20 -0 -0)
(1.0294519601986e+21 -0 -0)
(1.28827629834412e+21 -0 -0)
(1.62610715592214e+21 -0 -0)
(2.04755968569351e+21 -0 -0)
(2.70144658025145e+21 -0 -0)
(3.62630039306946e+21 -0 -0)
(4.69755334686974e+21 -0 -0)
(5.68442661048307e+21 -0 -0)
(6.50120535758409e+21 -0 -0)
(7.21433807169742e+21 -0 -0)
(7.75640979978997e+21 -0 -0)
(8.10096698362404e+21 -0 -0)
(8.26054520216687e+21 -0 -0)
(8.31815101663222e+21 -0 -0)
(8.36775283595218e+21 -0 -0)
(8.36968342792088e+21 -0 -0)
(8.36342653808909e+21 -0 -0)
(8.42310811939757e+21 -0 -0)
(8.27217279745344e+21 -0 -0)
(8.04603944294328e+21 -0 -0)
(6.41016098520518e+21 -0 -0)
(4.53859175796996e+21 -0 -0)
(2.40384047661503e+21 -0 -0)
(4.82002224595504e+20 -0 -0)
(2.33069348485457e+20 -0 -0)
(2.89966707013357e+19 -0 -0)
(1.33342515549178e+19 -0 -0)
(1.34358484051865e+18 -0 -0)
(6.67984675181934e+17 -0 -0)
(9.47500220498027e+16 -0 -0)
(3.7843523710245e+16 -0 -0)
(423047419850017 -0 -0)
(168687518800015 -0 -0)
(-97187747199986.4 -0 -0)
)
;

boundaryField
{
    electrode
    {
        type            calculated;
        value           uniform (209766675800000 -0 -0);
    }
    ground
    {
        type            calculated;
        value           uniform (-247396026000096 -0 -0);
    }
    otherfaces
    {
        type            empty;
    }
}


// ************************************************************************* //
