/*--------------------------------*- C++ -*----------------------------------*\
| =========                 |                                                 |
| \\      /  F ield         | foam-extend: Open Source CFD                    |
|  \\    /   O peration     | Version:     4.1                                |
|   \\  /    A nd           | Web:         http://www.foam-extend.org         |
|    \\/     M anipulation  |                                                 |
\*---------------------------------------------------------------------------*/
FoamFile
{
    version     2.0;
    format      ascii;
    class       volScalarField;
    location    "2.50010000204314e-05";
    object      Arp1Mean;
}
// * * * * * * * * * * * * * * * * * * * * * * * * * * * * * * * * * * * * * //

dimensions      [0 -3 0 0 0 0 0];

internalField   nonuniform List<scalar> 
500
(
8.7319377954617e+17
1.10853917862447e+18
1.20953196487958e+18
1.58603517890575e+18
1.96980706300439e+18
2.62987290635801e+18
3.24090108565541e+18
3.9157066222547e+18
4.49692296814502e+18
5.08566245223628e+18
5.62303732689865e+18
6.16068865904297e+18
6.67358725702572e+18
7.18546921020487e+18
7.68426854033195e+18
8.18129931176376e+18
8.6709654465686e+18
9.158445853626e+18
9.64097382145566e+18
1.01212018564849e+19
1.05978051421276e+19
1.1072174570406e+19
1.15436939948073e+19
1.20131112305381e+19
1.24801523539678e+19
1.29452307625745e+19
1.34082354106821e+19
1.38694020685507e+19
1.43286949950964e+19
1.4786253246083e+19
1.52420739429425e+19
1.56962418761562e+19
1.61487667593565e+19
1.65997018272851e+19
1.70490600036212e+19
1.74968753959254e+19
1.79431600348989e+19
1.83879358848513e+19
1.88312125010621e+19
1.92730037619731e+19
1.97133163313416e+19
2.01521584509195e+19
2.05895339921463e+19
2.10254471034607e+19
2.14598991572536e+19
2.18928912268561e+19
2.23244225319634e+19
2.27544917736806e+19
2.31830963543908e+19
2.36102331087963e+19
2.40358979227031e+19
2.44600861423149e+19
2.48827923967917e+19
2.53040108346774e+19
2.57237350494888e+19
2.61419582217629e+19
2.65586730956183e+19
2.69738720682195e+19
2.73875471908689e+19
2.77996902283775e+19
2.82102926708733e+19
2.86193457754939e+19
2.90268405821361e+19
2.94327679442856e+19
2.98371185453976e+19
3.02398829226473e+19
3.06410514825247e+19
3.10406145198641e+19
3.14385622317597e+19
3.18348847332797e+19
3.22295720700368e+19
3.26226142309259e+19
3.30140011594328e+19
3.34037227641803e+19
3.3791768928895e+19
3.41781295215284e+19
3.45627944026085e+19
3.4945753433394e+19
3.53269964829341e+19
3.57065134351534e+19
3.60842941949292e+19
3.64603286943944e+19
3.68346068980874e+19
3.72071188083728e+19
3.75778544700986e+19
3.79468039751041e+19
3.83139574664177e+19
3.86793051422374e+19
3.90428372593631e+19
3.94045441366917e+19
3.97644161583838e+19
4.01224437768669e+19
4.04786175154128e+19
4.08329279708312e+19
4.11853658156415e+19
4.15359218005407e+19
4.18845867561585e+19
4.2231351595322e+19
4.25762073143495e+19
4.29191449949876e+19
4.32601558058374e+19
4.35992310037474e+19
4.39363619348161e+19
4.42715400360851e+19
4.46047568358423e+19
4.49360039553618e+19
4.52652731090347e+19
4.55925561057414e+19
4.59178448492404e+19
4.62411313387751e+19
4.65624076695977e+19
4.68816660337472e+19
4.7198898719897e+19
4.75140981143055e+19
4.78272567005137e+19
4.81383670599831e+19
4.84474218719302e+19
4.87544139137174e+19
4.90593360606695e+19
4.93621812861563e+19
4.96629426616154e+19
4.99616133562559e+19
5.02581866371505e+19
5.05526558688578e+19
5.0845014513476e+19
5.11352561299022e+19
5.1423374374201e+19
5.17093629985282e+19
5.19932158514732e+19
5.22749268771879e+19
5.25544901150844e+19
5.28318996996332e+19
5.31071498593275e+19
5.3380234916994e+19
5.36511492881895e+19
5.39198874818403e+19
5.41864440985916e+19
5.44508138310956e+19
5.47129914625638e+19
5.49729718670538e+19
5.52307500076061e+19
5.54863209370576e+19
5.57396797956962e+19
5.59908218123074e+19
5.6239742302023e+19
5.64864366661025e+19
5.67309003912617e+19
5.69731290489312e+19
5.72131182941927e+19
5.74508638652364e+19
5.76863615826037e+19
5.79196073479721e+19
5.81505971439176e+19
5.83793270325204e+19
5.86057931551012e+19
5.88299917307005e+19
5.90519190560845e+19
5.9271571504007e+19
5.94889455231013e+19
5.9704037636563e+19
5.99168444414987e+19
6.01273626080322e+19
6.03355888782824e+19
6.05415200655553e+19
6.07451530534268e+19
6.09464847949432e+19
6.11455123117208e+19
6.13422326930319e+19
6.15366430950447e+19
6.17287407398826e+19
6.19185229145634e+19
6.2105986970286e+19
6.22911303215152e+19
6.24739504453067e+19
6.26544448799248e+19
6.28326112246242e+19
6.30084471380848e+19
6.31819503382629e+19
6.33531186009331e+19
6.35219497591541e+19
6.36884417023407e+19
6.38525923753807e+19
6.40143997778348e+19
6.41738619630259e+19
6.43309770373013e+19
6.44857431591177e+19
6.46381585382972e+19
6.47882214349733e+19
6.49359301592341e+19
6.50812830698393e+19
6.52242785736055e+19
6.53649151247514e+19
6.55031912240861e+19
6.5639105417713e+19
6.57726562970408e+19
6.59038424973858e+19
6.60326626975731e+19
6.61591156188603e+19
6.62832000244968e+19
6.64049147187191e+19
6.65242585459134e+19
6.66412303904333e+19
6.67558291746539e+19
6.6868053859779e+19
6.69779034429454e+19
6.70853769592908e+19
6.71904734770032e+19
6.72931921016879e+19
6.73935319681579e+19
6.74914922488661e+19
6.7587072139396e+19
6.76802708742131e+19
6.77710877000379e+19
6.78595219060239e+19
6.79455727721429e+19
6.80292396252301e+19
6.81105217370773e+19
6.81894184211376e+19
6.82659288858064e+19
6.83400523201346e+19
6.84117885080326e+19
6.84811373188972e+19
6.85480988902847e+19
6.86126732295708e+19
6.86748604051101e+19
6.8734660631553e+19
6.87920732049821e+19
6.88470974156957e+19
6.88997324322716e+19
6.89499774738522e+19
6.8997831838315e+19
6.90432951281702e+19
6.908636728673e+19
6.91270480247921e+19
6.91653371759531e+19
6.92012344343558e+19
6.92347396573791e+19
6.92658525173755e+19
6.92945729576017e+19
6.93209005923349e+19
6.93448355156497e+19
6.93663772044762e+19
6.93855260156907e+19
6.94022811387673e+19
6.94166434002184e+19
6.94286114199644e+19
6.94381868809861e+19
6.94453673045559e+19
6.94501557368595e+19
6.9452548144343e+19
6.94525482280549e+19
6.94501559877916e+19
6.9445367723108e+19
6.94381874665577e+19
6.94286121727946e+19
6.94166443198672e+19
6.94022822252261e+19
6.93855272685592e+19
6.93663786236205e+19
6.93448371006562e+19
6.93209023428996e+19
6.92945748733126e+19
6.92658545977992e+19
6.92347419020093e+19
6.92012368427175e+19
6.91653397475665e+19
6.91270507590661e+19
6.90863701830821e+19
6.90432981860123e+19
6.89978350568819e+19
6.89499808525287e+19
6.88997359702622e+19
6.88471011121689e+19
6.87920770591966e+19
6.87346646425819e+19
6.86748645721127e+19
6.86126775516359e+19
6.8548103366448e+19
6.84811419481627e+19
6.84117932894955e+19
6.83400572526942e+19
6.82659339684575e+19
6.81894236526955e+19
6.81105271164711e+19
6.8029245151151e+19
6.79455784435742e+19
6.78595277215757e+19
6.77710936586272e+19
6.76802769743321e+19
6.75870783798984e+19
6.74914986282576e+19
6.73935384851901e+19
6.72931987548355e+19
6.71904802649634e+19
6.70853838804566e+19
6.69779104959828e+19
6.68680610430443e+19
6.67558364866661e+19
6.66412378295925e+19
6.65242661107364e+19
6.64049224074748e+19
6.62832078355773e+19
6.61591235506552e+19
6.60326707482877e+19
6.59038506654496e+19
6.57726645806037e+19
6.56391138150715e+19
6.55031997334791e+19
6.53649237444392e+19
6.52242873016954e+19
6.50812919044587e+19
6.49359390986814e+19
6.47882304772444e+19
6.46381676815553e+19
6.44857524014833e+19
6.43309863768037e+19
6.41738713976814e+19
6.40144093057763e+19
6.38526019946174e+19
6.36884514109106e+19
6.35219595550225e+19
6.33531284820991e+19
6.31819603027631e+19
6.30084571838952e+19
6.2832621349614e+19
6.26544550821543e+19
6.24739607226368e+19
6.22911406719377e+19
6.21059973916496e+19
6.19185334048233e+19
6.17287512969952e+19
6.15366537168612e+19
6.13422433774248e+19
6.1145523056569e+19
6.09464955980919e+19
6.07451639128724e+19
6.05415309790897e+19
6.03355998438162e+19
6.0127373623376e+19
5.99168555046736e+19
5.97040487452085e+19
5.94889566752721e+19
5.92715826974032e+19
5.90519302886614e+19
5.88300030003628e+19
5.8605804459583e+19
5.83793383697678e+19
5.81506085117708e+19
5.79196187443206e+19
5.76863730052475e+19
5.74508753122051e+19
5.72131297631927e+19
5.69731405380141e+19
5.6730911898206e+19
5.6486448188853e+19
5.62397538384412e+19
5.59908333604293e+19
5.57396913534068e+19
5.54863325022362e+19
5.52307615782313e+19
5.4972983441051e+19
5.4713003037961e+19
5.44508254058139e+19
5.41864556706676e+19
5.39198990491638e+19
5.36511608489891e+19
5.33802464690566e+19
5.31071614009329e+19
5.28319112286017e+19
5.25545016296661e+19
5.22749383752882e+19
5.199322733136e+19
5.17093744581438e+19
5.14233858118149e+19
5.11352675435453e+19
5.08450259014086e+19
5.05526672291968e+19
5.02581979681278e+19
4.99616246560411e+19
4.96629539284607e+19
4.93621925183426e+19
4.90593472563327e+19
4.87544250712539e+19
4.84474329896368e+19
4.81383781361432e+19
4.78272677334994e+19
4.75141091024838e+19
4.71989096616582e+19
4.68816769274293e+19
4.65624185137043e+19
4.62411421316566e+19
4.59178555894824e+19
4.55925667918505e+19
4.52652837394327e+19
4.49360145285916e+19
4.46047673505558e+19
4.42715504907303e+19
4.39363723281995e+19
4.35992413342826e+19
4.32601660723134e+19
4.29191551960118e+19
4.25762174486166e+19
4.22313616615476e+19
4.18845967531545e+19
4.15359317269188e+19
4.11853756702851e+19
4.0832937752554e+19
4.0478627223047e+19
4.01224534092151e+19
3.97644257143511e+19
3.94045536151359e+19
3.9042846659248e+19
3.86793144625451e+19
3.83139667060635e+19
3.79468131331214e+19
3.75778635454357e+19
3.72071278001628e+19
3.68346158053266e+19
3.64603375161683e+19
3.60843029303201e+19
3.57065220833237e+19
3.53270050429848e+19
3.4945761904535e+19
3.45628027839979e+19
3.41781378123833e+19
3.37917771284415e+19
3.34037308717276e+19
3.30140091741803e+19
3.26226221522245e+19
3.22295798971733e+19
3.18348924655921e+19
3.1438569868617e+19
3.10406220606307e+19
3.06410589266602e+19
3.02398902694574e+19
2.98371257943949e+19
2.94327750948929e+19
2.90268476338871e+19
2.8619352727764e+19
2.82102995232486e+19
2.77996969803669e+19
2.73875538420114e+19
2.697387861807e+19
2.65586795437324e+19
2.61419645677741e+19
2.57237412930091e+19
2.53040169752873e+19
2.48827984341779e+19
2.44600920760883e+19
2.40359037525526e+19
2.36102388343982e+19
2.31831019754735e+19
2.27544972899374e+19
2.23244279431069e+19
2.18928965326401e+19
2.1459904357398e+19
2.1025452197764e+19
2.05895389803817e+19
2.01521633328154e+19
1.97133211067599e+19
1.92730084306472e+19
1.88312170628661e+19
1.8387940339501e+19
1.7943164382327e+19
1.74968796358613e+19
1.70490641359777e+19
1.65997058518309e+19
1.61487706759788e+19
1.56962456846508e+19
1.52420776432087e+19
1.47862568379009e+19
1.43286984783306e+19
1.38694054430093e+19
1.34082386761724e+19
1.29452339189435e+19
1.24801554009608e+19
1.20131141680282e+19
1.15436968224107e+19
1.10721772880697e+19
1.05978077492806e+19
1.01212043531175e+19
9.64097620685422e+18
9.15844812785848e+18
8.67096760856296e+18
8.18130136181308e+18
7.68427047673262e+18
7.18547103416287e+18
6.67358896528517e+18
6.16069025337637e+18
5.62303880105149e+18
5.0856638094504e+18
4.49692419358753e+18
3.9157077204956e+18
3.24090201882541e+18
2.62987367041957e+18
1.9698076018911e+18
1.58603557291377e+18
1.20953222185592e+18
1.1085394028315e+18
8.73193933361067e+17
)
;

boundaryField
{
    electrode
    {
        type            calculated;
        value           uniform 8.7319377954617e+17;
    }
    ground
    {
        type            calculated;
        value           uniform 8.73193933361067e+17;
    }
    otherfaces
    {
        type            empty;
    }
}


// ************************************************************************* //
