/*--------------------------------*- C++ -*----------------------------------*\
| =========                 |                                                 |
| \\      /  F ield         | foam-extend: Open Source CFD                    |
|  \\    /   O peration     | Version:     4.1                                |
|   \\  /    A nd           | Web:         http://www.foam-extend.org         |
|    \\/     M anipulation  |                                                 |
\*---------------------------------------------------------------------------*/
FoamFile
{
    version     2.0;
    format      ascii;
    class       volScalarField;
    location    "2.50010000204314e-05";
    object      EPotential;
}
// * * * * * * * * * * * * * * * * * * * * * * * * * * * * * * * * * * * * * //

dimensions      [1 2 -3 0 0 -1 0];

internalField   nonuniform List<scalar> 
500
(
5.45706738657888
14.632169077888
21.6132175451505
26.4302986945676
29.1906511251023
30.751378143224
31.6568579259427
32.3046841015202
32.7883445051399
33.196702871723
33.5401363800808
33.846968702751
34.1199518715322
34.3705911457336
34.6000509899098
34.8138840933527
35.0130238411662
35.2002660677778
35.3764412616178
35.5432264452269
35.7013304802224
35.8518302654764
35.9953096290165
36.1325029661985
36.2638839701942
36.389979537122
36.5111726215943
36.627857226413
36.7403438489497
36.8489370192581
36.9538901260662
37.0554447968045
37.1538095419133
37.2491801258372
37.3417296927057
37.4316195506174
37.5189948012683
37.6039902223563
37.6867285054648
37.7673235851674
37.8458800855617
37.9224952897727
37.9972591230438
38.0702553795855
38.1415619187103
38.2112514720664
38.2793919090083
38.3460467943281
38.4112756569737
38.4751343943121
38.5376755176848
38.598948458132
38.6589997807148
38.7178734202917
38.7756108671843
38.8322513551614
38.8878320170748
38.9423880388501
38.995952790593
39.0485579526101
39.1002336270067
39.1510084430316
39.200909651094
39.2499632106453
39.2981938712528
39.3456252471161
39.3922798853909
39.4381793299606
39.483344180354
39.5277941469479
39.5715481007589
39.6146241209412
39.6570395389006
39.6988109784215
39.7399543941522
39.7804851075502
39.8204178393552
39.8597667407239
39.8985454231091
39.9367669844587
39.9744440345036
40.0115887194811
40.0482127445899
40.0843273950855
40.1199435552417
40.1550717280123
40.1897220524728
40.2239043200224
40.2576279903631
40.2909022062257
40.3237358075722
40.3561373442148
40.3881150885032
40.4196770475727
40.4508309738913
40.4815843761387
40.5119445293222
40.5419184842398
40.5715130767547
40.6007349357807
40.6295904920463
40.6580859855361
40.6862274729738
40.7140208346959
40.7414717814855
40.7685858609035
40.7953684635459
40.8218248285275
40.8479600488076
40.8737790771963
40.8992867308934
40.9244876962552
40.949386533209
40.9739876801264
40.998295457934
41.0223140737032
41.0460476248042
41.0695001028088
41.092675396625
41.1155772960711
41.1382094947799
41.1605755936189
41.182679103827
41.2045234492399
41.2261119697295
41.2474479234668
41.2685344893849
41.289374770112
41.3099717936439
41.3303285155907
41.350447821974
41.3703325309061
41.3899853946124
41.4094091011889
41.4286062764942
41.4475794863703
41.4663312379478
41.4848639810929
41.503180110484
41.5212819669993
41.5391718391351
41.5568519644084
41.5743245307183
41.5915916775879
41.6086554977214
41.6255180380518
41.6421813010998
41.6586472459855
41.6749177893544
41.6909948068265
41.7068801337824
41.7225755664422
41.7380828630235
41.753403744423
41.7685398951196
41.783492964308
41.7982645665514
41.812856282525
41.8272696599435
41.8415062143808
41.8555674300278
41.8694547603902
41.8831696287433
41.8967134291756
41.910087527013
41.9232932594682
41.9363319364652
41.9492048410105
41.9619132299719
41.9744583343128
41.9868413598316
41.9990634878807
42.0111258757674
42.0230296569694
42.0347759418851
42.0463658184948
42.0578003523928
42.0690805872895
42.0802075456286
42.0911822291498
42.1020056187856
42.112678675476
42.1232023404917
42.1335775357913
42.1438051641382
42.1538861095363
42.1638212378482
42.173611396941
42.1832574168859
42.1927601102739
42.2021202729466
42.2113386838438
42.220416105375
42.229353283648
42.2381509488691
42.2468098155726
42.2553305827653
42.263713934328
42.2719605392568
42.280071051735
42.2880461114991
42.2958863438258
42.303592360092
42.3111647575738
42.3186041201026
42.3259110180261
42.3330860084808
42.3401296349297
42.3470424288867
42.3538249078361
42.3604775782528
42.3670009321206
42.373395451775
42.3796616037772
42.3857998482872
42.3918106258034
42.3976943753944
42.4034515110472
42.4090824529208
42.4145875329288
42.4199670369965
42.4252214156406
42.4303509888771
42.4353562471551
42.4402374588958
42.4449951246092
42.4496296759299
42.4541413180673
42.4585304017785
42.4627971088278
42.4669417096458
42.470964356189
42.4748653409613
42.4786449343856
42.4823033658003
42.4858408677221
42.4892576506913
42.4925539186165
42.495729866403
42.498785671803
42.5017215152873
42.504537547231
42.5072339377719
42.5098108048487
42.5122683153789
42.5146065452422
42.5168256734024
42.518925713647
42.5209068788092
42.5227690832729
42.5245125617522
42.5261373787529
42.5276434399672
42.5290309604687
42.53029984879
42.5314502213802
42.5324820305432
42.5333953316583
42.5341900882451
42.5348663131256
42.535423967024
42.5358630305667
42.536183455831
42.5363851979733
42.5364681952996
42.5364323781976
42.5362776703247
42.5360039703297
42.5356111826897
42.5350991690351
42.5344677698385
42.5337169698824
42.5328466351768
42.5318567210444
42.5307470146496
42.5295174522034
42.5281677371834
42.5266975036979
42.5251066257665
42.5233947535848
42.5215617073941
42.5196071773354
42.5175310227643
42.5153330582969
42.513013006893
42.5105705991341
42.5080055424192
42.5053175435789
42.5025062911853
42.4995714684559
42.4965127434577
42.4933297759254
42.4900222124607
42.486589689593
42.4830318312097
42.4793482504349
42.4755385480033
42.4716023130659
42.4675391224477
42.463348540959
42.4590301207435
42.4545834015729
42.4500079103607
42.445303161238
42.4404686550663
42.4355038795078
42.4304083088686
42.4251814036782
42.4198226106547
42.4143313624657
42.4087070773603
42.402949159029
42.3970569966076
42.3910299642175
42.3848674207271
42.37856870947
42.372133157912
42.3655600776041
42.3588487639244
42.3519984956791
42.345008534558
42.3378781252002
42.3306064947896
42.3231928526528
42.3156363901244
42.3079362799357
42.3000916758571
42.2921017125619
42.2839655052767
42.2756821490136
42.2672507184076
42.2586702675604
42.2499398291481
42.2410584142866
42.2320250121092
42.2228385889194
42.2134980880583
42.2040024294739
42.1943505087628
42.1845411970431
42.1745733403366
42.1644457590031
42.1541572469502
42.1437065710951
42.1330924710733
42.1223136583796
42.1113688154808
42.1002565953466
42.0889756207931
42.0775244834784
42.0659017434096
42.0541059282456
42.0421355321786
42.029989015174
42.0176648021022
42.0051612818796
41.9924768066523
41.9796096906469
41.9665582091251
41.9533205975221
41.9398950502675
41.9262797196865
41.9124727150163
41.8984721009191
41.8842758962629
41.8698820730581
41.855288555126
41.8404932163479
41.825493879616
41.8102883151387
41.7948742388611
41.7792493108348
41.7634111337092
41.7473572511204
41.73108514534
41.7145922357371
41.697875876932
41.6809333566629
41.6637618934404
41.6463586343855
41.6287206533381
41.610844948116
41.5927284376522
41.5743679601738
41.5557602699895
41.5369020346622
41.5177898320602
41.4984201471838
41.4787893694048
41.4588937886071
41.4387295917596
41.4182928592596
41.3975795606595
41.3765855513931
41.3553065682017
41.3337382242157
41.3118760049966
41.2897152630904
41.2672512133792
41.2444789276827
41.2213933286448
41.1979891839845
41.1742611004201
41.1502035174717
41.1258106999201
41.1010767308262
41.0759955036644
41.0505607145699
41.0247658538711
40.9986041968424
40.9720687948046
40.945152464236
40.917847777357
40.8901470503755
40.862042331045
40.8335253872567
40.8045876935329
40.775220417018
40.7454144022741
40.7151601551222
40.6844478262639
40.6532671940176
40.6216076448272
40.5894581527054
40.5568072578153
40.5236430434365
40.4899531116688
40.4557245567641
40.4209439370195
40.3855972448806
40.3496698747587
40.3131465880202
40.2760114755106
40.2382479182297
40.1998385444634
40.1607651825298
40.1210088107126
40.0805495041604
40.0393663759307
39.9974375132945
39.9547399099306
39.9112493900089
39.8669405288855
39.8217865638379
39.7757592988512
39.7288289968771
39.680964269991
39.6321319477971
39.5822969459687
39.5314221059267
39.4794680402074
39.4263929285279
39.3721523413999
39.3166989772502
39.2599824624399
39.201948998171
39.1425411514487
39.0816973624014
39.0193517523494
38.9554334004891
38.8898662409114
38.8225679434655
38.7534500498686
38.6824161434368
38.6093625583614
38.5341752304947
38.4567316589635
38.3768952679975
38.2945200370229
38.2094400411205
38.1214796642769
38.0304336854411
37.9360890664142
37.8381862319566
37.7364647888453
37.6305869918734
37.5202329425571
37.4049472193731
37.2843366870132
37.1577593942833
37.024736242442
36.884312565143
36.7359186419202
36.5780437108498
36.4100466503275
36.2293641030815
36.0353369936615
35.8227748737471
35.5909408375594
35.3289225301236
35.0346826372265
34.6809639779968
34.2604757962225
33.6993486534591
32.9633687462557
31.820969157637
29.9932273174809
26.7305786815125
21.6660643214319
14.5124727297978
)
;

boundaryField
{
    electrode
    {
        type            fixedValue;
        value           uniform 1e-10;
    }
    ground
    {
        type            plasmaPower;
        frequency       10000000000;
        nCycles         1;
        power           0.0735;
        dampingFactor   0.01;
        amplitude       10.3328057421133;
        bias            0;
        value           uniform 10.0714795852925;
    }
    otherfaces
    {
        type            empty;
    }
}


// ************************************************************************* //
