/*--------------------------------*- C++ -*----------------------------------*\
| =========                 |                                                 |
| \\      /  F ield         | foam-extend: Open Source CFD                    |
|  \\    /   O peration     | Version:     4.1                                |
|   \\  /    A nd           | Web:         http://www.foam-extend.org         |
|    \\/     M anipulation  |                                                 |
\*---------------------------------------------------------------------------*/
FoamFile
{
    version     2.0;
    format      ascii;
    class       volScalarField;
    location    "2.50010000204314e-05";
    object      powerDissipatedMean;
}
// * * * * * * * * * * * * * * * * * * * * * * * * * * * * * * * * * * * * * //

dimensions      [1 2 -3 0 0 0 0];

internalField   nonuniform List<scalar> 
500
(
-0.0210217787213936
0.00744916285238944
0.014555275853358
0.00393845320554713
-0.00126123221723558
-0.0118987935442661
-0.0100014680275607
-0.00285865309365006
-0.00151337812345007
0.000367214727677135
0.000402243080419866
0.000917023383016499
0.000848055308403622
0.000986093378348398
0.000906356401067689
0.000932916768302091
0.000876231622238611
0.000862122213761151
0.000815889974661075
0.000792761529773479
0.000756582492176852
0.000732210413132066
0.000702796055155628
0.000679763282322662
0.000655133963822185
0.000634205857528551
0.00061313835887876
0.000594393453382097
0.00057608700895723
0.00055935980687984
0.000543266223565211
0.000528323705379019
0.000514043436271255
0.000500651039969089
0.000487883944176951
0.000475831353688786
0.00046434493031508
0.000453451196556755
0.000443061126986377
0.000433173260295954
0.000423730389601644
0.000414720029223029
0.000406102724967582
0.000397862125281714
0.000389969263540989
0.000382407434157063
0.000375154239537313
0.000368194002038596
0.000361508700425148
0.000355084160295123
0.000348905453980032
0.0003429599821802
0.000337235120784248
0.000331719749841548
0.000326403036063914
0.000321275184747402
0.000316326801163868
0.000311549253864167
0.000306934332038515
0.000302474415352361
0.000298162285373347
0.000293991198008768
0.000289954776912317
0.000286047038314187
0.000282262326445209
0.000278595318192333
0.000275040979746451
0.00027159456217559
0.000268251572018891
0.000265007761452435
0.000261859106895881
0.00025880179941035
0.000255832227051679
0.000252946964584875
0.000250142761493088
0.000247416530225861
0.000244765338103918
0.000242186395805889
0.00023967704997428
0.000237234775094303
0.000234857165644367
0.000232541929558002
0.000230286880712715
0.000228089934184219
0.000225949099349505
0.000223862475799333
0.000221828247158879
0.000219844677195501
0.000217910105208418
0.000216022942497655
0.000214181667465499
0.000212384823079964
0.000210631013777564
0.000208918900348253
0.000207247199411246
0.000205614679604841
0.000204020158505009
0.000202462500821929
0.000200940616434138
0.000199453457025854
0.00019800001510243
0.000196579321767479
0.000195190444813985
0.000193832486776492
0.000192504584003656
0.000191205904561526
0.000189935646520769
0.000188693037628311
0.000187477333035882
0.000186287814173235
0.000185123788437572
0.000183984586841789
0.000182869563922142
0.000181778096494151
0.000180709582261802
0.000179663439694646
0.000178639106345983
0.000177636039093351
0.000176653712173609
0.000175691617307546
0.000174749262334347
0.000173826171767199
0.000172921884474543
0.000172035954541075
0.000171167949603858
0.0001703174511009
0.000169484053418819
0.000168667363303422
0.0001678669997133
0.000167082592717032
0.000166313784196116
0.000165560225837105
0.000164821580764579
0.000164097520787969
0.000163387728137885
0.000162691894021589
0.000162009718762914
0.000161340910744556
0.000160685187019617
0.000160042272622889
0.000159411899913449
0.000158793808544685
0.000158187744133932
0.000157593464685514
0.000157010730357103
0.000156439309011342
0.000155878976076194
0.000155329508292706
0.000154790691427787
0.000154262317394895
0.000153744182771996
0.000153236090026064
0.000152737846369406
0.000152249264251163
0.000151770160779068
0.000151300357840175
0.000150839682084564
0.000150387963994427
0.000149945038774862
0.000149510745881423
0.000149084928691191
0.000148667434122732
0.000148258113357312
0.000147856820858231
0.000147463414712903
0.000147077756726007
0.000146699712247554
0.000146329149461055
0.000145965940121433
0.000145609958889439
0.000145261083279883
0.000144919194041535
0.000144584174742012
0.00014425591167502
0.000143934293966512
0.000143619213256549
0.000143310563740838
0.000143008242349366
0.00014271214821078
0.000142422183095448
0.000142138250919541
0.000141860257994472
0.00014158811283069
0.000141321726124325
0.000141061010602197
0.000140805881265728
0.000140556254955712
0.000140312050610366
0.000140073189186641
0.000139839593331904
0.000139611187709505
0.000139387898901307
0.000139169654951549
0.000138956386061239
0.000138748023845172
0.000138544501716894
0.000138345754830998
0.00013815171971666
0.000137962334886128
0.000137777539902505
0.000137597276459593
0.000137421487172354
0.000137250116744114
0.00013708311058796
0.000136920416538038
0.00013676198274389
0.000136607760077039
0.000136457699016116
0.000136311753845026
0.000136169876898123
0.000136032026547107
0.000135898156169579
0.000135768229023123
0.000135642198808075
0.000135520035842914
0.000135401693217527
0.000135287153834282
0.000135176363223488
0.000135069120883374
0.000134965547781586
0.00013486571343735
0.000134769553213305
0.000134676999664364
0.000134587959162421
0.000134502628607453
0.000134420799270722
0.000134342290004152
0.000134267218628922
0.000134195552751563
0.000134127254071356
0.000134062316600102
0.000134000831778582
0.000133942721706613
0.000133887923102278
0.000133836426600597
0.000133788231727631
0.000133743305083582
0.000133701659432631
0.000133663247420937
0.000133628101603939
0.000133596154963929
0.000133567467818291
0.000133541944776705
0.000133519682225991
0.000133500546595403
0.000133484692702629
0.000133471968124103
0.000133462365916687
0.000133455378248681
0.000133452043285191
0.000133452038387585
0.000133455363468701
0.000133462341514805
0.000133471934287043
0.000133484649216559
0.000133500493446029
0.000133519619395912
0.00013354187228106
0.000133567385649083
0.000133596063113653
0.000133628000075252
0.000133663136219233
0.000133701538530314
0.000133743174508003
0.00013378809144664
0.000133836276623097
0.0001338877634195
0.000133942552301481
0.000134000652665477
0.000134062127757367
0.000134127055496455
0.000134195344443601
0.000134267000591043
0.000134342062207363
0.000134420561735267
0.00013450238133223
0.000134587702086276
0.000134676732797113
0.000134769276538942
0.000134865426954997
0.000134965251453791
0.000135068814716522
0.000135176047205894
0.000135286827982137
0.000135401357455259
0.000135519690224961
0.00013564184327782
0.000135767863573674
0.000135897780788933
0.000136031641225478
0.000136169481608291
0.000136311348577911
0.000136457283747376
0.000136607334790986
0.000136761547428368
0.000136919971129382
0.00013708265515136
0.000137249651176214
0.000137421011505662
0.000137596790599131
0.00013777704394555
0.00013796182867433
0.000138151203325684
0.000138345228186979
0.000138543964791304
0.000138747476626879
0.000138955828520425
0.000139169087066269
0.000139387320570607
0.000139610599041481
0.000139838994146155
0.000140072579526334
0.000140311430466842
0.000140555624219142
0.000140805239935485
0.000141060358640425
0.000141321063506905
0.000141587439488049
0.000141859573903933
0.000142137556046113
0.000142421477358425
0.000142711431610617
0.000143007514801953
0.000143309825201988
0.000143618463666869
0.000143933533340578
0.00014425513989076
0.000144583391782182
0.000144918399803308
0.00014526027777227
0.000145609141990219
0.000145965111848447
0.000146328309632377
0.000146698860930956
0.000147076893787611
0.000147462540042802
0.000147855934452317
0.000148257215179593
0.000148666523996883
0.000149084006562311
0.00014950981178281
0.00014994409244702
0.000150387005566825
0.000150838711209104
0.000151299374727014
0.000151769165090032
0.000152248256028313
0.000152736825508618
0.000153235056374503
0.000153743136247549
0.000154261257965247
0.000154789618882768
0.000155328422582841
0.000155877877107818
0.000156438196680779
0.00015700960447099
0.000157592325088403
0.000158186590963949
0.000158792641306627
0.000159410718822729
0.00016004107725058
0.000160683977538114
0.000161339686689765
0.000162008480199998
0.000162690640781484
0.000163386460018596
0.000164096237653925
0.000164820282448267
0.000165558912252528
0.000166312454994235
0.000167081247946062
0.000167865639101137
0.000168665986597688
0.000169482660455807
0.000170316041812254
0.000171166523665575
0.000172034511812905
0.000172920424656654
0.000173824694821597
0.000174747767870554
0.000175690105223029
0.000176652182092297
0.00017763449090007
0.000178637539793546
0.000179661854396192
0.000180707978221955
0.000181776473079173
0.000182867921320544
0.000183982924338998
0.000185122105853226
0.000186286111528745
0.000187475609518258
0.000188691293305133
0.000189933880983982
0.000191204117278991
0.000192502774998297
0.000193830655265931
0.000195188590673198
0.000196577444787459
0.000197998114421485
0.000199451532716971
0.000200938667887508
0.000202460527543257
0.000204018160218471
0.000205612655677007
0.000207245149526664
0.000208916824004917
0.000210628910204963
0.000212382692311451
0.000214179508560809
0.000216020754905355
0.000217907888525937
0.000219842430860455
0.000221825970253499
0.000223860168068804
0.000225946760042104
0.000228087562333469
0.000230284475997131
0.000232539491231924
0.000234854692668975
0.000237232266887227
0.000239674505777335
0.000242183814536269
0.000244762719170862
0.000247413872611313
0.000250140064105555
0.000252944226663235
0.000255829447499008
0.00025879897697645
0.000261856240949652
0.000265004850120716
0.000268248614762053
0.000271591557388117
0.000275037926126257
0.000278592214447618
0.000282259171115313
0.000286043829733244
0.00028995151361191
0.000293987878575088
0.000298158907487529
0.000302470977777746
0.000306930832312795
0.000311545690326063
0.000316323171797163
0.000321271486711536
0.000326399267512615
0.000331715908101986
0.00033723120297001
0.000342955985893738
0.00034890137599077
0.000355079997274863
0.000361504449318064
0.000368189659179766
0.000375149800876814
0.000382402895868564
0.000389964621352954
0.000397857374049172
0.000406097860463629
0.000414715045384775
0.000423725281071965
0.000433168020771162
0.000443055750078706
0.000453445674640848
0.000464339255963903
0.000475825518302692
0.000487877938475976
0.00050064485428355
0.00051403705921952
0.000528317124969357
0.00054325942689566
0.000559352779062795
0.000576079733392259
0.000594385913210566
0.000613130532272943
0.000634197722989273
0.000655125495098119
0.000679754451589576
0.00070278682708778
0.000732200751328847
0.000756572351565264
0.000792750858293821
0.000815878710430784
0.000862110284845832
0.000876218939228988
0.00093290322757035
0.000906341852823601
0.00098607764757545
0.000848038139881953
0.000917004441045648
0.000402221791959048
0.000367190284376824
-0.00151340766668176
-0.00285869157074761
-0.0100015239499072
-0.0118988715395037
-0.00126130173607676
0.00393839326786458
0.0145552699487065
0.00744915915773991
-0.0210217789345182
)
;

boundaryField
{
    electrode
    {
        type            calculated;
        value           uniform -0.0210217787213936;
    }
    ground
    {
        type            calculated;
        value           uniform -0.0210217789345182;
    }
    otherfaces
    {
        type            empty;
    }
}


// ************************************************************************* //
