/*--------------------------------*- C++ -*----------------------------------*\
| =========                 |                                                 |
| \\      /  F ield         | foam-extend: Open Source CFD                    |
|  \\    /   O peration     | Version:     4.1                                |
|   \\  /    A nd           | Web:         http://www.foam-extend.org         |
|    \\/     M anipulation  |                                                 |
\*---------------------------------------------------------------------------*/
FoamFile
{
    version     2.0;
    format      ascii;
    class       volVectorField;
    location    "2.50010000204314e-05";
    object      totalIonFlux;
}
// * * * * * * * * * * * * * * * * * * * * * * * * * * * * * * * * * * * * * //

dimensions      [0 -2 0 0 0 1 0];

internalField   nonuniform List<vector> 
500
(
(-652.179074472615 0 0)
(-751.308461060962 0 0)
(-703.6530887628 0 0)
(-751.545678304199 0 0)
(-712.937905975085 0 0)
(-720.583220287559 0 0)
(-695.194864552858 0 0)
(-701.986842777758 0 0)
(-697.871084021677 0 0)
(-705.842228099346 0 0)
(-707.626885600453 0 0)
(-713.133415193223 0 0)
(-714.212119107107 0 0)
(-717.741915518877 0 0)
(-718.349801790722 0 0)
(-719.336992136833 0 0)
(-719.232191419856 0 0)
(-719.610333288933 0 0)
(-719.385689906769 0 0)
(-719.384267660549 0 0)
(-719.048286584809 0 0)
(-718.805261654521 0 0)
(-718.368478764134 0 0)
(-717.960424542732 0 0)
(-717.433588658088 0 0)
(-716.904223214807 0 0)
(-716.296308158935 0 0)
(-715.670839751059 0 0)
(-714.988607482064 0 0)
(-714.281762674517 0 0)
(-713.530041058109 0 0)
(-712.750561686055 0 0)
(-711.93282682799 0 0)
(-711.085991436915 0 0)
(-710.204652696957 0 0)
(-709.293767624277 0 0)
(-708.350573438018 0 0)
(-707.377822705307 0 0)
(-706.374126095191 0 0)
(-705.341005427171 0 0)
(-704.277943550764 0 0)
(-703.185730107461 0 0)
(-702.064170659285 0 0)
(-700.913877037661 0 0)
(-699.734837018794 0 0)
(-698.527415217433 0 0)
(-697.291690081483 0 0)
(-696.028023616501 0 0)
(-694.736499413283 0 0)
(-693.417395723128 0 0)
(-692.070920220656 0 0)
(-690.697243017434 0 0)
(-689.296571303027 0 0)
(-687.869128103903 0 0)
(-686.415039368369 0 0)
(-684.934559821802 0 0)
(-683.427791734057 0 0)
(-681.895002741423 0 0)
(-680.33629627938 0 0)
(-678.751825873182 0 0)
(-677.141834655968 0 0)
(-675.506454233407 0 0)
(-673.845793050482 0 0)
(-672.160043373213 0 0)
(-670.449328678566 0 0)
(-668.713795438942 0 0)
(-666.953611248494 0 0)
(-665.168868411903 0 0)
(-663.359781136666 0 0)
(-661.52638499515 0 0)
(-659.668875013582 0 0)
(-657.787369771019 0 0)
(-655.881999715451 0 0)
(-653.952906899767 0 0)
(-652.000157137807 0 0)
(-650.023922178156 0 0)
(-648.02433234013 0 0)
(-646.001441579398 0 0)
(-643.95545491434 0 0)
(-641.886435052992 0 0)
(-639.794552300933 0 0)
(-637.679898075484 0 0)
(-635.54257196875 0 0)
(-633.382719784453 0 0)
(-631.20040231672 0 0)
(-628.995832270961 0 0)
(-626.769085397198 0 0)
(-624.520288817455 0 0)
(-622.249486851026 0 0)
(-619.956912670979 0 0)
(-617.642619912453 0 0)
(-615.306709350311 0 0)
(-612.94938175348 0 0)
(-610.570661459179 0 0)
(-608.170707769471 0 0)
(-605.749598481137 0 0)
(-603.307547430951 0 0)
(-600.844597433794 0 0)
(-598.360879348328 0 0)
(-595.856526991539 0 0)
(-593.331679898769 0 0)
(-590.786392303846 0 0)
(-588.220850095337 0 0)
(-585.635155595264 0 0)
(-583.029415192271 0 0)
(-580.403781736977 0 0)
(-577.758324921075 0 0)
(-575.093195839221 0 0)
(-572.408511358829 0 0)
(-569.704434655537 0 0)
(-566.981042354804 0 0)
(-564.238452411119 0 0)
(-561.476828705068 0 0)
(-558.696259622953 0 0)
(-555.896870723437 0 0)
(-553.078827921408 0 0)
(-550.242184354064 0 0)
(-547.387153010965 0 0)
(-544.513786726373 0 0)
(-541.622257377874 0 0)
(-538.712659004121 0 0)
(-535.78513203016 0 0)
(-532.839812481911 0 0)
(-529.87683815979 0 0)
(-526.896275574766 0 0)
(-523.898340244396 0 0)
(-520.883063780645 0 0)
(-517.850666575783 0 0)
(-514.801248252205 0 0)
(-511.734917828302 0 0)
(-508.651788940277 0 0)
(-505.552045198687 0 0)
(-502.435795494802 0 0)
(-499.303148533056 0 0)
(-496.15425626383 0 0)
(-492.989235868268 0 0)
(-489.808268651184 0 0)
(-486.6113982471 0 0)
(-483.398815312812 0 0)
(-480.17067243416 0 0)
(-476.927052382886 0 0)
(-473.668107810242 0 0)
(-470.393956133853 0 0)
(-467.104751954371 0 0)
(-463.800617576388 0 0)
(-460.481709165672 0 0)
(-457.148150185288 0 0)
(-453.800060504593 0 0)
(-450.437563333906 0 0)
(-447.060816557748 0 0)
(-443.669975395778 0 0)
(-440.265134983129 0 0)
(-436.846454203507 0 0)
(-433.414056765848 0 0)
(-429.968070563797 0 0)
(-426.508686433701 0 0)
(-423.035968077231 0 0)
(-419.550073240618 0 0)
(-416.051161812511 0 0)
(-412.539364456849 0 0)
(-409.014812268676 0 0)
(-405.477633029461 0 0)
(-401.927956824453 0 0)
(-398.365973534297 0 0)
(-394.791754667964 0 0)
(-391.205490154692 0 0)
(-387.607284392179 0 0)
(-383.997270565079 0 0)
(-380.375635177583 0 0)
(-376.742479802876 0 0)
(-373.097940039878 0 0)
(-369.442153158089 0 0)
(-365.775277319413 0 0)
(-362.097443749832 0 0)
(-358.408791032934 0 0)
(-354.709454748445 0 0)
(-350.999590625209 0 0)
(-347.279307555746 0 0)
(-343.548770400974 0 0)
(-339.808113442202 0 0)
(-336.057470034231 0 0)
(-332.296979515948 0 0)
(-328.526804144514 0 0)
(-324.747054863835 0 0)
(-320.95788776142 0 0)
(-317.159418267873 0 0)
(-313.351832297974 0 0)
(-309.535242502747 0 0)
(-305.70978309655 0 0)
(-301.87561710325 0 0)
(-298.032863735234 0 0)
(-294.181680234764 0 0)
(-290.322202803847 0 0)
(-286.454569250551 0 0)
(-282.578919265634 0 0)
(-278.695390619323 0 0)
(-274.804141811126 0 0)
(-270.905294140416 0 0)
(-266.998986941764 0 0)
(-263.085378379323 0 0)
(-259.164624269285 0 0)
(-255.236826470537 0 0)
(-251.302142446137 0 0)
(-247.360711838426 0 0)
(-243.412695545913 0 0)
(-239.458216860793 0 0)
(-235.497408095844 0 0)
(-231.530433153201 0 0)
(-227.557427041093 0 0)
(-223.578534975772 0 0)
(-219.593889145185 0 0)
(-215.603623957145 0 0)
(-211.607893934505 0 0)
(-207.606856109423 0 0)
(-203.600613624058 0 0)
(-199.589362804672 0 0)
(-195.573173882934 0 0)
(-191.552268268154 0 0)
(-187.525786961756 0 0)
(-183.491969963951 0 0)
(-179.453334407257 0 0)
(-175.410972476788 0 0)
(-171.366078501333 0 0)
(-167.318300892592 0 0)
(-163.268309754315 0 0)
(-159.219384476916 0 0)
(-155.167033059538 0 0)
(-151.11036988454 0 0)
(-147.049481543212 0 0)
(-142.983474373007 0 0)
(-138.912324468534 0 0)
(-134.836882688778 0 0)
(-130.759665077653 0 0)
(-126.680070935191 0 0)
(-122.597932730346 0 0)
(-118.513405020523 0 0)
(-114.426470866353 0 0)
(-110.337343513516 0 0)
(-106.246036120719 0 0)
(-102.152778532212 0 0)
(-98.0575670464417 0 0)
(-93.9606843863184 0 0)
(-89.8620438890723 0 0)
(-85.7620494086662 0 0)
(-81.6604503558984 0 0)
(-77.5579122941431 0 0)
(-73.4538229301203 0 0)
(-69.3492247480217 0 0)
(-65.2428801750046 0 0)
(-61.1356087570261 0 0)
(-57.0304696286882 0 0)
(-52.9222348933508 0 0)
(-48.8139605996777 0 0)
(-44.7061613942016 0 0)
(-40.5975873743842 0 0)
(-36.4894597718971 0 0)
(-32.3811701844877 0 0)
(-28.2733763544069 0 0)
(-24.1657983779598 0 0)
(-20.0822820296469 0 0)
(-16.0019895284561 0 0)
(-11.9066189459385 0 0)
(-7.79619465370374 0 0)
(-3.67094029658239 0 0)
(0.470571692055616 0 0)
(4.66130437952397 0 0)
(8.7614131548711 0 0)
(12.8669691194054 0 0)
(16.9623166533154 0 0)
(21.039965528302 0 0)
(25.09732649915 0 0)
(29.1335142541734 0 0)
(33.1944024569046 0 0)
(37.2677452137062 0 0)
(41.3367007073354 0 0)
(45.40222314391 0 0)
(49.4689826007707 0 0)
(53.5335846531981 0 0)
(57.5952748503258 0 0)
(61.6544702803765 0 0)
(65.7100071721473 0 0)
(69.7607329910503 0 0)
(73.804056954869 0 0)
(77.8418033892566 0 0)
(81.8748919550337 0 0)
(85.9031021597162 0 0)
(89.9263248138905 0 0)
(93.9443805724083 0 0)
(97.9571547032915 0 0)
(101.964482539055 0 0)
(105.966253370845 0 0)
(109.962304287274 0 0)
(113.952512724653 0 0)
(117.936719527023 0 0)
(121.914796828368 0 0)
(125.886600312996 0 0)
(129.851994756298 0 0)
(133.810829647078 0 0)
(137.762975439229 0 0)
(141.70828402834 0 0)
(145.646627843626 0 0)
(149.577856920923 0 0)
(153.501832468635 0 0)
(157.418416818104 0 0)
(161.327473326444 0 0)
(165.228860923878 0 0)
(169.122441788599 0 0)
(173.008066786288 0 0)
(176.885609013637 0 0)
(180.754919887134 0 0)
(184.615864234631 0 0)
(188.468302113509 0 0)
(192.312107447546 0 0)
(196.147116765058 0 0)
(199.973207990596 0 0)
(203.790247397482 0 0)
(207.598099198424 0 0)
(211.396593865597 0 0)
(215.185623187094 0 0)
(218.965039960371 0 0)
(222.734726295878 0 0)
(226.494512701222 0 0)
(230.244263528818 0 0)
(233.98385844322 0 0)
(237.71316256667 0 0)
(241.432028202538 0 0)
(245.140321093306 0 0)
(248.837903522228 0 0)
(252.5246253901 0 0)
(256.200393195352 0 0)
(259.86501531361 0 0)
(263.518395079748 0 0)
(267.16040243826 0 0)
(270.79086393662 0 0)
(274.409649003311 0 0)
(278.016667891295 0 0)
(281.611726193407 0 0)
(285.194734771677 0 0)
(288.765545424089 0 0)
(292.324025576675 0 0)
(295.870022967407 0 0)
(299.40343082225 0 0)
(302.924080643818 0 0)
(306.431884827993 0 0)
(309.926689951912 0 0)
(313.408348389139 0 0)
(316.87673489414 0 0)
(320.331720981617 0 0)
(323.773181837623 0 0)
(327.200969795307 0 0)
(330.614979461332 0 0)
(334.015062138582 0 0)
(337.401071933632 0 0)
(340.772910517421 0 0)
(344.130431178511 0 0)
(347.473509850338 0 0)
(350.801998948573 0 0)
(354.115804760245 0 0)
(357.41475644497 0 0)
(360.698759055801 0 0)
(363.967694523991 0 0)
(367.221390400893 0 0)
(370.459754902669 0 0)
(373.682647850224 0 0)
(376.889953055259 0 0)
(380.081525095001 0 0)
(383.257250935525 0 0)
(386.417018302521 0 0)
(389.560713668743 0 0)
(392.688170973501 0 0)
(395.799281087257 0 0)
(398.893934267925 0 0)
(401.972018401103 0 0)
(405.033369383963 0 0)
(408.077913273143 0 0)
(411.105513532944 0 0)
(414.116033975794 0 0)
(417.109372973365 0 0)
(420.085402147493 0 0)
(423.044018838941 0 0)
(425.985090537811 0 0)
(428.908524756835 0 0)
(431.814163393488 0 0)
(434.701907789738 0 0)
(437.571666728336 0 0)
(440.423318789474 0 0)
(443.256712379945 0 0)
(446.071788503187 0 0)
(448.868394044373 0 0)
(451.646445936667 0 0)
(454.405828999925 0 0)
(457.146400615802 0 0)
(459.868114741451 0 0)
(462.570790348197 0 0)
(465.254390064908 0 0)
(467.918776271281 0 0)
(470.563811356826 0 0)
(473.189462933322 0 0)
(475.795560331405 0 0)
(478.382042979419 0 0)
(480.948821963579 0 0)
(483.495737845911 0 0)
(486.022768436652 0 0)
(488.529722534842 0 0)
(491.016591683646 0 0)
(493.48322901082 0 0)
(495.929561190219 0 0)
(498.355479751683 0 0)
(500.76091877372 0 0)
(503.145741462298 0 0)
(505.509927744393 0 0)
(507.853313827169 0 0)
(510.175882405346 0 0)
(512.477485112978 0 0)
(514.758085316508 0 0)
(517.017570326193 0 0)
(519.255872759001 0 0)
(521.472934181386 0 0)
(523.668632483202 0 0)
(525.84292702003 0 0)
(527.995737757795 0 0)
(530.126991425946 0 0)
(532.236629530022 0 0)
(534.324525645471 0 0)
(536.39071627153 0 0)
(538.435050973119 0 0)
(540.457467841216 0 0)
(542.457998102443 0 0)
(544.436525807015 0 0)
(546.392984420552 0 0)
(548.327323302076 0 0)
(550.239551608518 0 0)
(552.129571339962 0 0)
(553.997375643446 0 0)
(555.84294126518 0 0)
(557.666189774824 0 0)
(559.467138721921 0 0)
(561.245744526665 0 0)
(563.00199487974 0 0)
(564.735901909219 0 0)
(566.44742866633 0 0)
(568.136609380297 0 0)
(569.803426297612 0 0)
(571.447899911458 0 0)
(573.0701032894 0 0)
(574.669971428845 0 0)
(576.247576852251 0 0)
(577.80299722248 0 0)
(579.336252941201 0 0)
(580.847359324512 0 0)
(582.336484056203 0 0)
(583.803606822843 0 0)
(585.248886717573 0 0)
(586.672274947348 0 0)
(588.074078596556 0 0)
(589.454160947057 0 0)
(590.812860154833 0 0)
(592.150087401675 0 0)
(593.466253794295 0 0)
(594.761099385089 0 0)
(596.03532841891 0 0)
(597.288417604502 0 0)
(598.521527387257 0 0)
(599.733594567274 0 0)
(600.926685386284 0 0)
(602.098755262464 0 0)
(603.253367530368 0 0)
(604.386703105243 0 0)
(605.505331923627 0 0)
(606.601715448414 0 0)
(607.688146541631 0 0)
(608.750060160957 0 0)
(609.810550180131 0 0)
(610.841269979263 0 0)
(611.886022070565 0 0)
(612.889826917189 0 0)
(613.935844393889 0 0)
(614.917561298474 0 0)
(615.993806261298 0 0)
(616.957764103907 0 0)
(618.114081909578 0 0)
(619.060849069897 0 0)
(620.384865662684 0 0)
(621.304290995051 0 0)
(622.957148676891 0 0)
(623.836899452854 0 0)
(626.833349682379 0 0)
(628.891051269523 0 0)
(633.453819232962 0 0)
(634.755520482729 0 0)
(642.644580052487 0 0)
(640.086844925774 0 0)
(647.29333393381 0 0)
(629.499706416046 0 0)
(625.65378187644 0 0)
(586.387621674817 0 0)
(612.109533494576 0 0)
(586.470749137824 0 0)
(651.535083909068 0 0)
(581.657800842134 0 0)
)
;

boundaryField
{
    electrode
    {
        type            calculated;
        value           uniform (-707.945350619866 0 0);
    }
    ground
    {
        type            calculated;
        value           uniform (643.566236509098 0 0);
    }
    otherfaces
    {
        type            empty;
    }
}


// ************************************************************************* //
