/*--------------------------------*- C++ -*----------------------------------*\
| =========                 |                                                 |
| \\      /  F ield         | foam-extend: Open Source CFD                    |
|  \\    /   O peration     | Version:     4.1                                |
|   \\  /    A nd           | Web:         http://www.foam-extend.org         |
|    \\/     M anipulation  |                                                 |
\*---------------------------------------------------------------------------*/
FoamFile
{
    version     2.0;
    format      ascii;
    class       volVectorField;
    location    "1.49999999935008e-05";
    object      currentDensity;
}
// * * * * * * * * * * * * * * * * * * * * * * * * * * * * * * * * * * * * * //

dimensions      [0 -2 0 0 0 1 0];

internalField   nonuniform List<vector> 
500
(
(-728.74519566603 0 0)
(-659.768689147385 0 0)
(-541.664019694447 0 0)
(-365.482140093426 0 0)
(-125.644380808153 0 0)
(170.648537276308 0 0)
(477.09158705055 0 0)
(699.740562521648 0 0)
(674.510562112745 0 0)
(176.324047754616 0 0)
(-1067.70542555178 0 0)
(-3321.08661089882 0 0)
(-6786.61418155792 0 0)
(-11535.7365374926 0 0)
(-17481.147881568 0 0)
(-24385.7234706153 0 0)
(-31919.9644860887 0 0)
(-39711.2936451119 0 0)
(-47415.4388395998 0 0)
(-54787.7195380421 0 0)
(-61658.3335299264 0 0)
(-67919.4643318028 0 0)
(-73538.0142409112 0 0)
(-78509.8245110811 0 0)
(-82842.2651905714 0 0)
(-86561.6502473101 0 0)
(-89714.6969380607 0 0)
(-92358.3922847568 0 0)
(-94558.1094965489 0 0)
(-96316.02018052 0 0)
(-97726.4466884071 0 0)
(-98865.8818398414 0 0)
(-99778.5825874493 0 0)
(-100482.442138989 0 0)
(-100986.841575665 0 0)
(-101432.264575903 0 0)
(-101885.5789752 0 0)
(-102160.274497284 0 0)
(-102236.499890261 0 0)
(-102294.093276997 0 0)
(-102458.473823264 0 0)
(-102655.000983427 0 0)
(-102799.479516951 0 0)
(-102867.473783525 0 0)
(-102877.514215248 0 0)
(-102869.398580102 0 0)
(-102893.322931743 0 0)
(-102937.309003083 0 0)
(-102973.494744676 0 0)
(-103004.760259761 0 0)
(-103038.990673787 0 0)
(-103075.206273976 0 0)
(-103103.862627937 0 0)
(-103109.49890499 0 0)
(-103106.956172473 0 0)
(-103108.017745928 0 0)
(-103114.741001236 0 0)
(-103128.707635528 0 0)
(-103144.96427094 0 0)
(-103155.843839475 0 0)
(-103165.542324834 0 0)
(-103173.217458494 0 0)
(-103181.005718404 0 0)
(-103186.544134534 0 0)
(-103191.796500167 0 0)
(-103196.553900949 0 0)
(-103202.828495997 0 0)
(-103207.315901207 0 0)
(-103211.736143222 0 0)
(-103214.937006684 0 0)
(-103218.749720452 0 0)
(-103221.483195876 0 0)
(-103224.92934011 0 0)
(-103227.294191191 0 0)
(-103230.315788761 0 0)
(-103232.411584535 0 0)
(-103235.333649405 0 0)
(-103236.947040652 0 0)
(-103239.223594101 0 0)
(-103241.421063942 0 0)
(-103243.471051779 0 0)
(-103242.333567465 0 0)
(-103245.511775521 0 0)
(-103250.277861042 0 0)
(-103253.097277204 0 0)
(-103254.32271021 0 0)
(-103256.225849367 0 0)
(-103257.279440633 0 0)
(-103259.088417392 0 0)
(-103260.069612863 0 0)
(-103261.783530955 0 0)
(-103262.696419384 0 0)
(-103264.332110334 0 0)
(-103265.175529584 0 0)
(-103266.741197707 0 0)
(-103267.524700216 0 0)
(-103269.020884462 0 0)
(-103269.749258543 0 0)
(-103271.177823814 0 0)
(-103271.85540271 0 0)
(-103273.223999812 0 0)
(-103273.849372428 0 0)
(-103275.159325524 0 0)
(-103275.750099984 0 0)
(-103276.99989178 0 0)
(-103277.544295401 0 0)
(-103278.748901183 0 0)
(-103279.248740373 0 0)
(-103280.407713332 0 0)
(-103280.869186471 0 0)
(-103281.976585651 0 0)
(-103282.410531968 0 0)
(-103283.471090452 0 0)
(-103283.871909098 0 0)
(-103284.889833112 0 0)
(-103285.263009041 0 0)
(-103286.232944382 0 0)
(-103286.58291111 0 0)
(-103287.516094113 0 0)
(-103287.826961574 0 0)
(-103288.73435642 0 0)
(-103289.019240882 0 0)
(-103289.886425765 0 0)
(-103290.142817937 0 0)
(-103290.982841651 0 0)
(-103291.21817718 0 0)
(-103292.018659387 0 0)
(-103292.236899104 0 0)
(-103293.00484074 0 0)
(-103293.201657509 0 0)
(-103293.940730662 0 0)
(-103294.116995657 0 0)
(-103294.826072873 0 0)
(-103294.984098154 0 0)
(-103295.672433478 0 0)
(-103295.806967474 0 0)
(-103296.467213368 0 0)
(-103296.591532832 0 0)
(-103297.224612874 0 0)
(-103297.327919957 0 0)
(-103297.939558182 0 0)
(-103298.033854311 0 0)
(-103298.620804197 0 0)
(-103298.697780336 0 0)
(-103299.263491311 0 0)
(-103299.328363358 0 0)
(-103299.873475349 0 0)
(-103299.928695552 0 0)
(-103300.448454487 0 0)
(-103300.495971189 0 0)
(-103300.995361119 0 0)
(-103301.029149407 0 0)
(-103301.515966839 0 0)
(-103301.533602468 0 0)
(-103302.007214011 0 0)
(-103302.014687484 0 0)
(-103302.46809762 0 0)
(-103302.468459322 0 0)
(-103302.906414683 0 0)
(-103302.902719136 0 0)
(-103303.315024436 0 0)
(-103303.309955793 0 0)
(-103303.71188209 0 0)
(-103303.690635332 0 0)
(-103304.08345534 0 0)
(-103304.054026721 0 0)
(-103304.431054048 0 0)
(-103304.3987046 0 0)
(-103304.765249936 0 0)
(-103304.720321586 0 0)
(-103305.082959346 0 0)
(-103305.025093419 0 0)
(-103305.384256961 0 0)
(-103305.307787627 0 0)
(-103305.670760063 0 0)
(-103305.576735585 0 0)
(-103305.942078893 0 0)
(-103305.829282818 0 0)
(-103306.202106991 0 0)
(-103306.063816314 0 0)
(-103306.450894803 0 0)
(-103306.285990324 0 0)
(-103306.684358151 0 0)
(-103306.488444406 0 0)
(-103306.913825881 0 0)
(-103306.679930108 0 0)
(-103307.13231132 0 0)
(-103306.857396462 0 0)
(-103307.338641794 0 0)
(-103307.025363527 0 0)
(-103307.54235689 0 0)
(-103307.175118522 0 0)
(-103307.738909268 0 0)
(-103307.315731467 0 0)
(-103307.926607055 0 0)
(-103307.442813274 0 0)
(-103308.111586471 0 0)
(-103307.56839073 0 0)
(-103308.277265154 0 0)
(-103307.67592481 0 0)
(-103308.459064759 0 0)
(-103307.77575129 0 0)
(-103308.608036715 0 0)
(-103307.845799767 0 0)
(-103308.728065039 0 0)
(-103309.11015433 0 0)
(-103318.874909244 0 0)
(-103302.323017003 0 0)
(-103296.220700786 0 0)
(-103310.742847439 0 0)
(-103310.554922776 0 0)
(-103308.506414853 0 0)
(-103309.509913677 0 0)
(-103308.234369051 0 0)
(-103309.600584393 0 0)
(-103308.375790315 0 0)
(-103309.702408279 0 0)
(-103308.405781648 0 0)
(-103309.873660291 0 0)
(-103308.486275861 0 0)
(-103310.023641105 0 0)
(-103308.58405702 0 0)
(-103310.174012042 0 0)
(-103308.681113406 0 0)
(-103310.28161296 0 0)
(-103308.731810392 0 0)
(-103310.412265781 0 0)
(-103308.861190376 0 0)
(-103310.528571288 0 0)
(-103308.917190521 0 0)
(-103310.618420921 0 0)
(-103309.035206544 0 0)
(-103310.763933814 0 0)
(-103309.103925594 0 0)
(-103310.791102354 0 0)
(-103309.201751949 0 0)
(-103310.929383073 0 0)
(-103309.301857472 0 0)
(-103311.00123075 0 0)
(-103309.385266735 0 0)
(-103311.082135385 0 0)
(-103309.488904568 0 0)
(-103311.151181564 0 0)
(-103309.602662779 0 0)
(-103311.209879932 0 0)
(-103309.689796332 0 0)
(-103311.173885079 0 0)
(-103309.816503853 0 0)
(-103313.318949483 0 0)
(-103304.908283392 0 0)
(-103315.626682604 0 0)
(-103307.334289283 0 0)
(-103311.345111193 0 0)
(-103310.133971771 0 0)
(-103311.676035326 0 0)
(-103310.144662273 0 0)
(-103311.743408958 0 0)
(-103310.187044137 0 0)
(-103311.857670453 0 0)
(-103310.273880048 0 0)
(-103311.94025782 0 0)
(-103310.342746196 0 0)
(-103312.051027945 0 0)
(-103310.426467057 0 0)
(-103312.129011993 0 0)
(-103310.51120466 0 0)
(-103312.224145764 0 0)
(-103310.630508334 0 0)
(-103312.345232778 0 0)
(-103310.696286066 0 0)
(-103312.387086429 0 0)
(-103310.834567895 0 0)
(-103312.524538609 0 0)
(-103310.919097402 0 0)
(-103312.540240351 0 0)
(-103311.079485318 0 0)
(-103312.707398003 0 0)
(-103311.157438821 0 0)
(-103312.723333813 0 0)
(-103311.325997967 0 0)
(-103312.850112005 0 0)
(-103311.447158681 0 0)
(-103312.887790122 0 0)
(-103311.579318687 0 0)
(-103313.018044744 0 0)
(-103311.740599058 0 0)
(-103312.984830715 0 0)
(-103311.784617473 0 0)
(-103312.856646746 0 0)
(-103310.725160641 0 0)
(-103310.415015829 0 0)
(-103324.998193292 0 0)
(-103319.028177002 0 0)
(-103302.411405665 0 0)
(-103312.084060033 0 0)
(-103312.477439238 0 0)
(-103313.341740567 0 0)
(-103312.566474337 0 0)
(-103313.381127381 0 0)
(-103312.694377289 0 0)
(-103313.447124608 0 0)
(-103312.811281533 0 0)
(-103313.506722157 0 0)
(-103312.946035384 0 0)
(-103313.581264322 0 0)
(-103313.067568905 0 0)
(-103313.649685694 0 0)
(-103313.199983879 0 0)
(-103313.727131065 0 0)
(-103313.324046502 0 0)
(-103313.807093976 0 0)
(-103313.451414154 0 0)
(-103313.890514554 0 0)
(-103313.575168055 0 0)
(-103313.985653006 0 0)
(-103313.695726738 0 0)
(-103314.077351724 0 0)
(-103313.824360058 0 0)
(-103314.166619976 0 0)
(-103313.950825791 0 0)
(-103314.269289006 0 0)
(-103314.070378538 0 0)
(-103314.375674574 0 0)
(-103314.190571132 0 0)
(-103314.487488985 0 0)
(-103314.312064873 0 0)
(-103314.60081478 0 0)
(-103314.434928354 0 0)
(-103314.717878827 0 0)
(-103314.559319062 0 0)
(-103314.83084465 0 0)
(-103314.689904304 0 0)
(-103314.954744344 0 0)
(-103314.815844733 0 0)
(-103315.084175485 0 0)
(-103314.940638858 0 0)
(-103315.216758416 0 0)
(-103315.076991764 0 0)
(-103315.34574093 0 0)
(-103315.209600714 0 0)
(-103315.489129566 0 0)
(-103315.344698613 0 0)
(-103315.626743835 0 0)
(-103315.491299057 0 0)
(-103315.770566996 0 0)
(-103315.633418099 0 0)
(-103315.925566954 0 0)
(-103315.783486548 0 0)
(-103316.076741171 0 0)
(-103315.938103543 0 0)
(-103316.239698777 0 0)
(-103316.094294053 0 0)
(-103316.407131763 0 0)
(-103316.261182147 0 0)
(-103316.579066759 0 0)
(-103316.429547682 0 0)
(-103316.762201706 0 0)
(-103316.612685749 0 0)
(-103316.947680444 0 0)
(-103316.804107364 0 0)
(-103317.141016142 0 0)
(-103316.999720662 0 0)
(-103317.350799358 0 0)
(-103317.205571256 0 0)
(-103317.571209704 0 0)
(-103317.424248015 0 0)
(-103317.808187074 0 0)
(-103317.654348726 0 0)
(-103318.060419923 0 0)
(-103317.917609907 0 0)
(-103318.345120528 0 0)
(-103318.252435966 0 0)
(-103318.613734641 0 0)
(-103318.531498052 0 0)
(-103319.113100605 0 0)
(-103319.034405366 0 0)
(-103319.517182714 0 0)
(-103319.41151077 0 0)
(-103319.880221125 0 0)
(-103319.769735877 0 0)
(-103320.244083972 0 0)
(-103320.138263817 0 0)
(-103320.635556803 0 0)
(-103320.528906976 0 0)
(-103321.047570267 0 0)
(-103320.955141698 0 0)
(-103321.488344445 0 0)
(-103321.408286121 0 0)
(-103321.970656805 0 0)
(-103321.904102811 0 0)
(-103322.484429751 0 0)
(-103322.433693297 0 0)
(-103323.050111532 0 0)
(-103323.011860925 0 0)
(-103323.654678783 0 0)
(-103323.642351559 0 0)
(-103324.314328661 0 0)
(-103324.318778974 0 0)
(-103325.035838261 0 0)
(-103325.061680809 0 0)
(-103325.815503757 0 0)
(-103325.876529609 0 0)
(-103326.668897378 0 0)
(-103326.761178788 0 0)
(-103327.608647168 0 0)
(-103327.734496155 0 0)
(-103328.631316794 0 0)
(-103328.803877297 0 0)
(-103329.756706976 0 0)
(-103329.985701232 0 0)
(-103330.998689248 0 0)
(-103331.28397808 0 0)
(-103332.368726532 0 0)
(-103332.714426723 0 0)
(-103333.886598511 0 0)
(-103334.370707216 0 0)
(-103336.431596308 0 0)
(-103340.489701308 0 0)
(-103342.956474262 0 0)
(-103341.067598984 0 0)
(-103342.351695444 0 0)
(-103343.790117108 0 0)
(-103345.290122968 0 0)
(-103346.132381141 0 0)
(-103348.275554456 0 0)
(-103349.596579251 0 0)
(-103351.835401453 0 0)
(-103353.425801492 0 0)
(-103356.082842945 0 0)
(-103358.034557587 0 0)
(-103361.078602187 0 0)
(-103363.516645493 0 0)
(-103367.123312648 0 0)
(-103370.796156132 0 0)
(-103376.477412165 0 0)
(-103380.457682558 0 0)
(-103384.895814861 0 0)
(-103389.57407452 0 0)
(-103396.4670511 0 0)
(-103403.188193331 0 0)
(-103411.893114113 0 0)
(-103421.712135931 0 0)
(-103436.903189736 0 0)
(-103449.605634989 0 0)
(-103454.772861754 0 0)
(-103453.836631249 0 0)
(-103448.739436869 0 0)
(-103451.191993079 0 0)
(-103476.110652864 0 0)
(-103507.555783688 0 0)
(-103535.390613279 0 0)
(-103557.866891104 0 0)
(-103581.715233338 0 0)
(-103609.517051832 0 0)
(-103610.191486058 0 0)
(-103569.035918581 0 0)
(-103532.727429107 0 0)
(-103538.158634042 0 0)
(-103597.476728566 0 0)
(-103676.393166158 0 0)
(-103678.617960854 0 0)
(-103512.904832331 0 0)
(-103285.203813947 0 0)
(-103149.548571778 0 0)
(-103051.821876975 0 0)
(-102761.572646546 0 0)
(-102289.3228473 0 0)
(-101714.806988746 0 0)
(-100962.950611712 0 0)
(-99962.0765805814 0 0)
(-98642.3996094128 0 0)
(-96967.9974620938 0 0)
(-94890.458509011 0 0)
(-92287.4928928925 0 0)
(-89093.2745659796 0 0)
(-85254.5330615181 0 0)
(-80764.2062246017 0 0)
(-75608.868333808 0 0)
(-69847.5753072429 0 0)
(-63589.9556935612 0 0)
(-57020.5249894201 0 0)
(-50352.7510638436 0 0)
(-43801.1830124144 0 0)
(-37576.8437118316 0 0)
(-31828.0166772497 0 0)
(-26625.4946229423 0 0)
(-21993.7318299426 0 0)
(-17908.4164767547 0 0)
(-14322.7991345106 0 0)
(-11200.2682862271 0 0)
(-8514.71292842482 0 0)
(-6248.96144052073 0 0)
(-4394.40616528578 0 0)
(-2918.21347763506 0 0)
(-1784.79050989556 0 0)
(-945.078102031842 0 0)
(-345.991436965562 0 0)
(67.8264597048216 0 0)
(343.439638976562 0 0)
(510.938287178314 0 0)
)
;

boundaryField
{
    electrode
    {
        type            calculated;
        value           uniform (-841.928773604989 0 0);
    }
    ground
    {
        type            calculated;
        value           uniform (735.03765028757 0 0);
    }
    otherfaces
    {
        type            empty;
    }
}


// ************************************************************************* //
