/*--------------------------------*- C++ -*----------------------------------*\
| =========                 |                                                 |
| \\      /  F ield         | foam-extend: Open Source CFD                    |
|  \\    /   O peration     | Version:     4.1                                |
|   \\  /    A nd           | Web:         http://www.foam-extend.org         |
|    \\/     M anipulation  |                                                 |
\*---------------------------------------------------------------------------*/
FoamFile
{
    version     2.0;
    format      ascii;
    class       volScalarField;
    location    "1.49999999935008e-05";
    object      eCollisionFrequencyMean;
}
// * * * * * * * * * * * * * * * * * * * * * * * * * * * * * * * * * * * * * //

dimensions      [0 0 -1 0 0 0 0];

internalField   nonuniform List<scalar> 
500
(
17295287786.5501
16926923798.4028
16588872899.4818
16267815705.749
15965857748.5521
15686689204.0049
15438013809.7725
15225067915.8762
15049105453.3554
14908136889.9455
14802328163.5704
14726910102.715
14677605399.6467
14650287444.4726
14640683562.1979
14644678049.2725
14658167210.9272
14677613031.1747
14700621075.0598
14725562692.1306
14749571017.2856
14771184983.5178
14790537963.311
14807580385.6729
14822506558.1167
14834922328.4846
14845291497.8241
14854509351.0741
14862890214.0488
14871153253.2731
14878982115.1369
14886305116.9177
14893231415.3823
14899765319.3844
14905927098.7917
14911816538.5766
14917523992.9931
14923072192.6049
14928430451.7072
14933567602.2709
14938519227.8097
14943321374.7626
14948019003.1384
14952595484.441
14957027013.3957
14961305907.5546
14965449486.373
14969483292.5452
14973419014.4154
14977260017.9793
14981011909.151
14984681447.0359
14988272088.4314
14991780700.7814
14995204340.6827
14998547589.9158
15001828906.2641
15005050895.2312
15008207091.8234
15011297394.6065
15014321597.1373
15017280570.7722
15020175605.4967
15023007977.5004
15025778879.7018
15028489869.3063
15031142867.0584
15033739460.3058
15036280845.6227
15038768300.4224
15041203209.7002
15043586929.2367
15045920790.9289
15048206083.798
15050444039.0789
15052635870.9405
15054782787.3911
15056885876.2965
15058946157.8158
15060964845.0244
15062942966.2369
15064880932.9316
15066779946.4314
15068642037.4183
15070468055.5129
15072258245.3456
15074013295.2942
15075734009.3268
15077421173.0649
15079075543.659
15080697855.2523
15082288812.0538
15083849092.4782
15085379351.8159
15086880217.0053
15088352292.3107
15089796151.0739
15091212343.8486
15092601391.514
15093963784.4979
15095299979.3004
15096610393.6936
15097895391.8141
15099155266.405
15100390202.845
15101600335.3479
15102785501.441
15103944336.6437
15105076394.7105
15106187802.9275
15107279843.1873
15108352925.4633
15109407452.657
15110443812.0261
15111462384.6039
15112463537.0204
15113447629.1694
15114415008.0913
15115366014.5331
15116300977.7698
15117220220.2347
15118124055.116
15119012787.3852
15119886714.7287
15120746126.9619
15121591307.5032
15122422533.3872
15123240072.2403
15124044190.4779
15124835143.3138
15125613183.7135
15126378557.8554
15127131509.6014
15127872273.8075
15128601086.5931
15129318177.4704
15130023772.6387
15130718099.8148
15131401383.9179
15132073848.6529
15132735726.2799
15133387250.4633
15134028670.1467
15134660261.0699
15135282357.2233
15135895510.9268
15136500244.4814
15137096197.1949
15137682624.9202
15138259400.08
15138826651.1564
15139384507.0358
15139933096.2746
15140472543.2123
15141002972.3061
15141524499.988
15142037235.934
15142541284.7922
15143036749.3415
15143523741.3215
15144002363.9419
15144472718.561
15144934906.3936
15145389020.6404
15145835157.594
15146273404.6026
15146703850.0641
15147126576.8265
15147541666.3426
15147949195.3926
15148349238.8841
15148741864.2893
15149127141.0817
15149505129.0722
15149875887.2757
15150239465.2769
15150595910.7862
15150945259.125
15151287538.2996
15151622755.0886
15151950931.5338
15152272079.4116
15152586188.5436
15152893204.0364
15153193017.7918
15153485374.396
15153769529.5074
15154045314.1261
15154314362.9491
15154578042.1878
15154836462.2519
15155089668.9866
15155337719.5452
15155580655.1211
15155818531.6472
15156051386.014
15156279272.8875
15156502226.682
15156720300.017
15156933523.0659
15157141949.0476
15157345605.571
15157544540.8836
15157738781.2511
15157928368.6764
15158113443.0723
15158294895.2216
15158471242.1112
15158640773.0838
15158806526.5186
15158969309.8451
15159127441.6667
15159281060.6034
15159430279.4408
15159575155.0985
15159715711.1741
15159851980.7062
15159983985.318
15160111752.9324
15160235301.4272
15160354658.1562
15160469839.5927
15160580870.1364
15160687765.8167
15160790548.5885
15160889232.4364
15160983838.382
15161074381.3851
15161160877.8324
15161243340.7611
15161321787.1173
15161396227.8993
15161466678.5353
15161533149.6356
15161595651.7526
15161654198.868
15161708797.0286
15161759459.1019
15161806191.0693
15161849003.7784
15161887900.7929
15161922893.2682
15161953981.9571
15161981177.1835
15162004479.1838
15162023892.8898
15162039412.4323
15162051061.7624
15162059051.7724
15162062709.076
15162062726.9002
15162059107.5217
15162051152.4516
15162039539.9608
15162024057.1144
15162004679.156
15161981413.8289
15161954255.2722
15161923202.8237
15161888247.096
15161849386.5242
15161806610.6065
15161759914.5999
15161709289.4224
15161654727.0549
15161596217.5688
15161533750.6811
15161467316.2308
15161396902.5174
15161322498.3642
15161244087.6021
15161161661.7159
15161075202.2118
15160984695.9449
15160890125.0279
15160791478.5469
15160688733.3632
15160581874.3277
15160470879.5895
15160355735.8298
15160236415.2165
15160112903.6258
15159985171.6782
15159853204.6911
15159716971.2556
15159576451.5609
15159431613.4343
15159282430.467
15159128848.589
15158970753.6259
15158808005.9971
15158642289.2525
15158472794.738
15158296483.6388
15158115069.1488
15157930030.2206
15157740479.4264
15157546275.0869
15157347377.0525
15157143755.6492
15156935367.5931
15156722178.8434
15156504141.8072
15156281224.3316
15156053373.5104
15155820554.4885
15155582713.8138
15155339813.1149
15155091798.0098
15154838625.776
15154580240.5579
15154316596.9899
15154047582.7344
15153771833.2594
15153487711.8437
15153195390.4492
15152895611.8738
15152588632.1351
15152274557.22
15151953442.9246
15151625301.3912
15151290118.9823
15150947873.2712
15150598557.3996
15150242145.0981
15149878599.7375
15149507874.6937
15149129919.3407
15148744674.2941
15148352079.5521
15147952068.4178
15147544569.9768
15147129510.4684
15146706813.3553
15146276398.533
15145838179.5072
15145392072.5051
15144937984.5896
15144475825.5055
15144005498.6506
15143526901.7432
15143039936.2178
15142544495.0878
15142040471.7061
15141527760.2901
15141006256.3214
15140475850.5048
15139936424.9261
15139387856.5879
15138830020.7255
15138262790.2307
15137686034.968
15137099624.6282
15136503690.6047
15135898970.8996
15135285832.2108
15134663751.1673
15134032173.3966
15133390765.2349
15132739252.5967
15132077386.0357
15131404929.2722
15130721655.0223
15130027334.716
15129321745.0622
15128604659.6927
15127875851.4982
15127135089.6068
15126382139.7732
15125616765.6773
15124838724.5787
15124047767.8029
15123243647.0844
15122426102.7258
15121594870.7911
15120749681.8186
15119890260.351
15119016321.722
15118127576.7895
15117223728.0919
15116304471.6917
15115369490.8104
15114418465.4635
15113451065.9498
15112466952.6186
15111465776.1814
15110447178.3848
15109410791.414
15108356237.4107
15107283123.9356
15106191053.1862
15105079611.2536
15103947518.981
15102788645.8382
15101603442.5851
15100393269.7067
15099158291.5181
15097898374.7795
15096613331.192
15095302871.2386
15093966628.5616
15092604185.0183
15091215086.4577
15089798840.6829
15088354928.7143
15086882798.2888
15085381876.8004
15083851559.1897
15082291218.5009
15080700201.9269
15079077828.0848
15077423395.2351
15075736167.6229
15074015388.4788
15072260272.3367
15070470017.3932
15068643930.6313
15066781772.1011
15064882691.1855
15062944654.9668
15060966465.8801
15058947710.9532
15056887360.1768
15054784201.4518
15052637217.7692
15050445319.8907
15048207298.9493
15045921941.3262
15043588015.5912
15041204235.6506
15038769266.0369
15036281754.7892
15033740315.1098
15031143670.2398
15028490625.5931
15025779591.6552
15023008649.3976
15020176241.832
15017281178.1497
15014322182.0571
15011297962.4785
15008207651.8714
15005051455.7011
15001829474.842
14998548177.959
14995204958.1642
14991781360.877
14988272804.5194
14984682232.8973
14981012783.6964
14977260997.0617
14973420116.9453
14969484540.1157
14965450902.0014
14961307517.3285
14957028844.851
14952597571.6678
14948021378.3172
14943324078.3966
14938522302.3861
14933571094.104
14928434413.5197
14923076682.4608
14917529076.0519
14911822286.3787
14905933589.683
14899772642.8752
14893239666.6812
14886314390.6435
14878992503.4026
14871164861.4868
14862903153.4135
14854523721.5464
14845307417.162
14834939932.2666
14822525990.057
14807601784.1079
14790561423.5997
14771210581.7975
14749598842.4218
14725592898.079
14700653940.5843
14677648824.7811
14658206240.0609
14644720869.9267
14640730931.2202
14650340261.6599
14677664742.1878
14726977254.1374
14802404534.5676
14908224122.2887
15049205334.2089
15225181943.6169
15438143575.9933
15686836076.5406
15966022611.8944
16267998694.597
16589073061.0174
16927137818.9755
17295507471.4169
)
;

boundaryField
{
    electrode
    {
        type            calculated;
        value           uniform 17295287786.55;
    }
    ground
    {
        type            calculated;
        value           uniform 17295507471.4169;
    }
    otherfaces
    {
        type            empty;
    }
}


// ************************************************************************* //
