/*--------------------------------*- C++ -*----------------------------------*\
| =========                 |                                                 |
| \\      /  F ield         | foam-extend: Open Source CFD                    |
|  \\    /   O peration     | Version:     4.1                                |
|   \\  /    A nd           | Web:         http://www.foam-extend.org         |
|    \\/     M anipulation  |                                                 |
\*---------------------------------------------------------------------------*/
FoamFile
{
    version     2.0;
    format      ascii;
    class       volScalarField;
    location    "1.49999999935008e-05";
    object      EPotential;
}
// * * * * * * * * * * * * * * * * * * * * * * * * * * * * * * * * * * * * * //

dimensions      [1 2 -3 0 0 -1 0];

internalField   nonuniform List<scalar> 
500
(
1.31115116758627
3.84397467456272
6.28460277050227
8.63104692739897
10.8811808868819
13.0326566970137
15.0831760901513
17.0302695320843
18.8716568179094
20.6051016608046
22.2288767900181
23.7416971709099
25.1432187937827
26.433980548828
27.6158338292991
28.6917998957808
29.6663642037654
30.5450729637153
31.3345673458828
32.0420873965558
32.6753693199296
33.2420609340833
33.7497391306104
34.2054079849337
34.6156084564496
34.9860718775678
35.3219804761321
35.6277560855093
35.9073223186321
36.1639364667621
36.4004587272868
36.6192901262813
36.8225751545005
37.0120723758527
37.1893622350749
37.3557502675968
37.5125108707973
37.6605894778916
37.8007986278354
37.9338348736266
38.0604965957929
38.1814395426889
38.2972441182477
38.4082994430133
38.5149908779808
38.6176119439305
38.7165225151939
38.812006335232
38.9043719642901
38.9938290840566
39.0806245245788
39.1649145214844
39.2468921969994
39.3266607668549
39.4043715769041
39.4801122142174
39.5540277449102
39.626195937878
39.6967470742517
39.7657377222831
39.8332760974722
39.8994029111376
39.9642126507286
40.0277347899195
40.0900531900844
40.1511891668253
40.2112192098086
40.27015796057
40.3280743366517
40.3849772117906
40.4409301638375
40.4959378986095
40.5500595947933
40.6032965483399
40.6557041917584
40.7072809950099
40.7580792665563
40.8080951009002
40.8573779696085
40.9059221654328
40.9537750035059
41.0009286615995
41.0474286118327
41.0932675480942
41.1384883259321
41.183079861853
41.2270828564683
41.2704852137689
41.3133262427904
41.3555930161134
41.3973235826659
41.4385042897274
41.4791720370288
41.5193125367819
41.5589616385764
41.5981044984366
41.6367760013326
41.6749608156271
41.7126929388762
41.7499566109198
41.7867850086322
41.8231619958877
41.8591199897777
41.8946425219121
41.9297613035154
41.96445957626
41.9987683940049
42.0326707421915
42.0661970607628
42.0993301104764
42.1320997573906
42.1644885643976
42.1965258587476
42.2281940308993
42.2595219023411
42.2904917116635
42.3211318045554
42.3514242875481
42.3813970570399
42.4110321047729
42.4403569028231
42.4693533429694
42.4980484969361
42.5264241699848
42.5545070534053
42.582278878166
42.6097659759992
42.6369500146894
42.6638569836252
42.6904684968783
42.716810219014
42.7428637194784
42.7686543526896
42.7941636506651
42.8194166731732
42.8443949220995
42.8691231758894
42.8935829124653
42.9177986412727
42.9417518220298
42.9654667079048
42.9889247439093
43.0121499378085
43.0351237264869
43.0578698823588
43.0803698367759
43.1026471371127
43.1246832126676
43.1465013958007
43.1680831169543
43.1894515012476
43.2105879835928
43.2315154903452
43.2522154629934
43.2727106368098
43.2929824622763
43.3130534916217
43.332905185699
43.3525599198264
43.3719991676243
43.3912451347199
43.410279309259
43.4291237317491
43.4477599075077
43.4662097174997
43.4844546859095
43.5025165391542
43.5203768221119
43.5380571097753
43.5555389714934
43.5728438337302
43.5899532936113
43.606888630772
43.6236314744603
43.6402029579198
43.6565847475203
43.6727978293001
43.6888239133447
43.7046838356028
43.7203593582051
43.7358711629132
43.7512010730821
43.7663696098817
43.7813586693997
43.7961886035519
43.8108413939179
43.8253372136006
43.8396581455158
43.853824170368
43.867817488365
43.8816578728912
43.8953276621943
43.9088464053445
43.9221965973356
43.9353975450471
43.9484319255782
43.9613187800793
43.9740409913866
43.9866173136739
43.9990308620268
44.0113000814164
44.0234083413718
44.0353737523664
44.0471799701457
44.0588447489322
44.0703520652816
44.0817192932346
44.0929302390339
44.1039980920414
44.1149137605739
44.1256930352347
44.1363205821423
44.1468122762172
44.1571536528083
44.167360158928
44.1774178647471
44.18734163681
44.1971180554098
44.2067614254633
44.2162588658523
44.2256240619457
44.234844711244
44.2439338439051
44.2528797618143
44.2616948233663
44.2703679481774
44.278910822098
44.2873130090023
44.2955854832788
44.3037184583523
44.3117222027998
44.3195876003849
44.3273242056269
44.3349235555952
44.3423944795082
44.3497292058803
44.3569358531017
44.3640073082029
44.3709509661179
44.3777603871867
44.38444225609
44.3909907992769
44.3974119918451
44.4037007194593
44.4098622625215
44.4158921461569
44.4217949768594
44.4275669118948
44.4332119328245
44.4387267620985
44.4441139152116
44.4493736203988
44.4545035821528
44.4595074796723
44.4643816814262
44.4691303693646
44.4737492686805
44.4782431935819
44.4826072015205
44.4868467518421
44.4909562068103
44.4949416790764
44.4987968345721
44.5025284518994
44.5061294793119
44.5096073749005
44.5129543693149
44.5161785980216
44.5192715701567
44.5222420884629
44.52508094108
44.5277976210791
44.5303822048641
44.5328448344843
44.5351748760236
44.5373831453869
44.539458322774
44.5414118382402
44.5432316869015
44.5449299477373
44.5464939557242
44.5479363761943
44.5492438988183
44.5504297808592
44.5514801038327
44.5524086723513
44.5532009611927
44.5538713129547
44.5544046736039
44.5548158936746
44.5550894637146
44.5552411395883
44.5552555504984
44.5551421854304
44.5548882287925
44.5545103123733
44.5539914645732
44.5533481400622
44.552562995156
44.5516528121573
44.5505998995864
44.5494213304463
44.5480990835911
44.5466505056965
44.5450572714427
44.5433369639523
44.5414709818714
44.5394771247916
44.5373365367254
44.5350672077047
44.5326500481688
44.5301032179201
44.5274074130425
44.5245809412385
44.5216043029618
44.5184959360873
44.5152361608932
44.511843527995
44.5082981912236
44.5046187998829
44.5007853521075
44.4968165835505
44.4926923462515
44.4884314510012
44.4840136103651
44.4794577015699
44.4747433035186
44.469889352927
44.4648752983339
44.4597201294894
44.4544031667779
44.4489434487408
44.4433201676441
44.4375524078454
44.4316192333012
44.4255397712146
44.419292954936
44.4128979526556
44.4063335659466
44.3996190017972
44.3927329254587
44.3856945829903
44.3784825004383
44.3711159601943
44.3635733449113
44.3558739739045
44.3479960804531
44.3399590202346
44.3317408728623
44.3233610289328
44.3147974081648
44.3060694358841
44.2971548662663
44.2880731576886
44.2788018926605
44.2693605621436
44.2597265693405
44.2499194355755
44.2399163789602
44.2297369503581
44.2193581737338
44.2087996272349
44.1980381328644
44.1870932937209
44.1759417212271
44.1646030410872
44.1530536451114
44.1413131778532
44.1293578015056
44.1172071755929
44.1048372215986
44.0922676091946
44.0794740066738
44.0664760726075
44.0532491956115
44.0398130519871
44.0261427692283
44.0122580169726
43.9981336324463
43.9837892741454
43.9691994755189
43.9543838760576
43.9393166878014
43.9240175221943
43.9084602526172
43.892664450272
43.8766036299813
43.8602973118466
43.8437186294094
43.8268870378883
43.8097752679905
43.7924026947277
43.7747416191502
43.7568113182585
43.7385836363817
43.7200777331896
43.7012649642003
43.6821643490374
43.6627467200888
43.6430309304452
43.6229872511699
43.6026343389949
43.5819418604827
43.5609282420895
43.5395624973305
43.5178627828659
43.4957974048834
43.4733842046333
43.4505907198106
43.4274344224606
43.4038820119941
43.3799505312961
43.3556057619446
43.3308642459049
43.3056907553457
43.2801012488049
43.2540593836347
43.2275803877585
43.2006260910465
43.1732082754844
43.1452864848317
43.1168733394257
43.0879269250814
43.0584581439712
43.0284233493921
42.9978320761981
42.9666383209982
42.9348497351976
42.9024177258817
42.8693476784058
42.8355878651668
42.8011409020413
42.7659513589884
42.7300184139166
42.6932820938876
42.6557367014737
42.61731567576
42.5780076719078
42.5377398828626
42.4964940450182
42.4541880911824
42.41079402113
42.3662176893201
42.3204170569871
42.2732779203869
42.224739251843
42.1746744520619
42.1230152871487
42.0696317731201
42.0144433673254
41.9572820466932
41.8980184089115
41.8364353089483
41.7723549694575
41.7055040829586
41.6356369488427
41.5624355239791
41.4856516623295
41.4049497940867
41.3199948263705
41.2302656640611
41.1351708823946
41.0339821902517
40.9260789383351
40.8107309553874
40.6870820680469
40.5539547606286
40.4101495037764
40.2542021207482
40.0844832266954
39.8989933238229
39.6954966440154
39.4713231728268
39.2234383257397
38.9481782100811
38.6414262482353
38.2983536056294
37.9136311427552
37.4811646546023
36.9944293512121
36.4463351714533
35.8296920363768
35.1371445729043
34.3617161259025
33.4968657006601
32.5369468231853
31.4771710551806
30.3140277590028
29.0450319032808
27.6689195696934
26.1852860837524
24.5946961440271
22.8982281535206
21.0975705179403
19.1945635826659
17.191339319413
15.0899489621447
12.8925659090462
10.6011976564619
8.21775517445757
)
;

boundaryField
{
    electrode
    {
        type            fixedValue;
        value           uniform 1e-10;
    }
    ground
    {
        type            plasmaPower;
        frequency       4000000000;
        nCycles         1;
        power           0.098;
        dampingFactor   0.01;
        amplitude       37.8963061361272;
        bias            0;
        value           uniform 6.98133061241228;
    }
    otherfaces
    {
        type            empty;
    }
}


// ************************************************************************* //
