/*--------------------------------*- C++ -*----------------------------------*\
| =========                 |                                                 |
| \\      /  F ield         | foam-extend: Open Source CFD                    |
|  \\    /   O peration     | Version:     4.1                                |
|   \\  /    A nd           | Web:         http://www.foam-extend.org         |
|    \\/     M anipulation  |                                                 |
\*---------------------------------------------------------------------------*/
FoamFile
{
    version     2.0;
    format      ascii;
    class       volVectorField;
    location    "1.44009584938648e-05";
    object      totalElectronFlux;
}
// * * * * * * * * * * * * * * * * * * * * * * * * * * * * * * * * * * * * * //

dimensions      [0 -2 0 0 0 1 0];

internalField   nonuniform List<vector> 
500
(
(3788.9811543265 0 0)
(4522.46028291035 0 0)
(5534.15798213965 0 0)
(6757.89717093929 0 0)
(8216.08499774678 0 0)
(9914.52271481873 0 0)
(11883.901944964 0 0)
(14139.9046767345 0 0)
(16723.1170408293 0 0)
(19656.5987256962 0 0)
(23003.0851892523 0 0)
(26716.9587256631 0 0)
(30758.9059792476 0 0)
(35056.4952991996 0 0)
(39499.7813647725 0 0)
(43897.0675043099 0 0)
(48176.9798835634 0 0)
(52170.9508907976 0 0)
(55818.0222454235 0 0)
(59054.2599920136 0 0)
(61815.7458706858 0 0)
(64193.3343451086 0 0)
(66198.1927480599 0 0)
(67766.1876673529 0 0)
(69029.8102635985 0 0)
(70132.0617824503 0 0)
(70983.5132269653 0 0)
(71573.5848599102 0 0)
(71972.9941419116 0 0)
(72428.1532708028 0 0)
(72864.6119226821 0 0)
(72877.527890417 0 0)
(72904.1671326714 0 0)
(73219.3899396863 0 0)
(73377.1446892288 0 0)
(73265.9435820785 0 0)
(73125.5336494964 0 0)
(73134.2253475426 0 0)
(73252.6838265655 0 0)
(73275.8560405818 0 0)
(73187.9858003315 0 0)
(73079.8699021759 0 0)
(72993.6168343129 0 0)
(72938.6753400015 0 0)
(72918.4494026681 0 0)
(72918.9069827274 0 0)
(72886.6147320945 0 0)
(72827.7495764767 0 0)
(72774.6172202184 0 0)
(72723.973641873 0 0)
(72675.0000605239 0 0)
(72627.9646221487 0 0)
(72581.3799850873 0 0)
(72545.8272401588 0 0)
(72525.337859312 0 0)
(72500.9896499766 0 0)
(72471.6336722187 0 0)
(72444.6476214002 0 0)
(72413.5137812611 0 0)
(72380.4299947046 0 0)
(72350.5457064871 0 0)
(72323.0613183314 0 0)
(72297.2474259642 0 0)
(72272.7776445019 0 0)
(72249.4809268277 0 0)
(72227.2716405937 0 0)
(72205.2433378602 0 0)
(72183.1525276902 0 0)
(72162.3305264768 0 0)
(72142.7840404507 0 0)
(72123.7981548385 0 0)
(72105.3639584496 0 0)
(72087.4586524324 0 0)
(72070.0445890887 0 0)
(72053.1100074765 0 0)
(72036.622073814 0 0)
(72020.5499193105 0 0)
(72004.8973356725 0 0)
(71989.632127439 0 0)
(71974.7609949776 0 0)
(71960.2958714184 0 0)
(71946.5577347019 0 0)
(71933.7915249712 0 0)
(71919.4148255111 0 0)
(71902.8363780777 0 0)
(71888.1472247759 0 0)
(71875.4073560191 0 0)
(71862.6899905003 0 0)
(71850.1603758876 0 0)
(71837.8420192346 0 0)
(71825.7138944447 0 0)
(71813.7637742332 0 0)
(71801.9847944101 0 0)
(71790.3696532451 0 0)
(71778.8994037132 0 0)
(71767.5680441398 0 0)
(71756.3697272158 0 0)
(71745.1282653605 0 0)
(71734.3644866995 0 0)
(71723.5796958885 0 0)
(71712.9126012083 0 0)
(71702.389646773 0 0)
(71691.9768089143 0 0)
(71681.6894074707 0 0)
(71671.506988648 0 0)
(71661.4242018272 0 0)
(71651.4474431371 0 0)
(71641.5684393914 0 0)
(71631.7794279824 0 0)
(71622.0843705415 0 0)
(71612.4676018767 0 0)
(71602.9466950061 0 0)
(71593.4980146659 0 0)
(71584.13083181 0 0)
(71574.8393542398 0 0)
(71565.6180069691 0 0)
(71556.4692491544 0 0)
(71547.3929934991 0 0)
(71538.3757091325 0 0)
(71529.4230553264 0 0)
(71520.538308634 0 0)
(71511.7078806645 0 0)
(71502.9403420237 0 0)
(71494.2191741981 0 0)
(71485.5617249988 0 0)
(71476.9547688555 0 0)
(71468.3976239513 0 0)
(71459.8904498287 0 0)
(71451.4303451732 0 0)
(71443.0138349724 0 0)
(71434.6518510389 0 0)
(71426.3218126482 0 0)
(71418.0429072098 0 0)
(71409.800075108 0 0)
(71401.6004400322 0 0)
(71393.4364552819 0 0)
(71385.3130440726 0 0)
(71377.2233533885 0 0)
(71369.1744491466 0 0)
(71361.1515737808 0 0)
(71353.1684199887 0 0)
(71345.214133858 0 0)
(71337.2988076432 0 0)
(71329.4048840396 0 0)
(71321.5439759777 0 0)
(71313.7193883425 0 0)
(71305.9112368212 0 0)
(71298.1442343287 0 0)
(71290.3919316583 0 0)
(71282.674533954 0 0)
(71274.9777907067 0 0)
(71267.3124724663 0 0)
(71259.6635555298 0 0)
(71252.0451399533 0 0)
(71244.4468013959 0 0)
(71236.8721668816 0 0)
(71229.3207448673 0 0)
(71221.7888090687 0 0)
(71214.2788490912 0 0)
(71206.793818846 0 0)
(71199.3273649331 0 0)
(71191.8765395991 0 0)
(71184.4518045151 0 0)
(71177.0411149405 0 0)
(71169.6556300745 0 0)
(71162.2811792334 0 0)
(71154.9314493586 0 0)
(71147.5979263442 0 0)
(71140.279102311 0 0)
(71132.9810820717 0 0)
(71125.7013303493 0 0)
(71118.4337498581 0 0)
(71111.1880637604 0 0)
(71103.9543008886 0 0)
(71096.7377783436 0 0)
(71089.542176321 0 0)
(71082.3530184955 0 0)
(71075.1861298356 0 0)
(71068.0363096767 0 0)
(71060.8946848521 0 0)
(71053.7716821817 0 0)
(71046.6656306008 0 0)
(71039.5722782619 0 0)
(71032.4920780589 0 0)
(71025.4301658954 0 0)
(71018.3780335162 0 0)
(71011.3455476578 0 0)
(71004.3248978441 0 0)
(70997.3141258592 0 0)
(70990.3238577702 0 0)
(70983.3469640042 0 0)
(70976.3784164658 0 0)
(70969.4295489352 0 0)
(70962.4950794742 0 0)
(70955.5663162234 0 0)
(70948.6651477346 0 0)
(70941.771231816 0 0)
(70934.8945690819 0 0)
(70928.0377566936 0 0)
(70921.210910689 0 0)
(70914.3617027745 0 0)
(70907.5377550433 0 0)
(70900.7255627266 0 0)
(70893.930541298 0 0)
(70887.1470455403 0 0)
(70880.3709124496 0 0)
(70873.6201907233 0 0)
(70866.8819728354 0 0)
(70859.936238262 0 0)
(70853.3347117124 0 0)
(70847.0327931867 0 0)
(70840.0738738807 0 0)
(70833.1298582084 0 0)
(70826.5325319348 0 0)
(70819.8648688909 0 0)
(70813.2110314527 0 0)
(70806.5761658359 0 0)
(70799.9583113273 0 0)
(70793.3424099252 0 0)
(70786.7390460533 0 0)
(70780.1632469232 0 0)
(70773.6190236407 0 0)
(70767.0354643116 0 0)
(70760.4745107959 0 0)
(70753.9562128139 0 0)
(70747.4603943846 0 0)
(70740.9838842895 0 0)
(70734.5300557738 0 0)
(70728.0742855461 0 0)
(70721.6684392558 0 0)
(70715.2771293699 0 0)
(70708.9007391003 0 0)
(70702.5537527055 0 0)
(70696.2236698307 0 0)
(70689.9187723918 0 0)
(70683.6344695744 0 0)
(70677.3723690143 0 0)
(70671.1380308884 0 0)
(70664.914454766 0 0)
(70658.7241639439 0 0)
(70652.5509724934 0 0)
(70646.4017353679 0 0)
(70640.2733027994 0 0)
(70634.1732704302 0 0)
(70628.0857720166 0 0)
(70622.0336447809 0 0)
(70616.004573603 0 0)
(70609.778056674 0 0)
(70603.5561085695 0 0)
(70597.7247404227 0 0)
(70591.7888097085 0 0)
(70586.0923834371 0 0)
(70580.365284681 0 0)
(70574.3588626025 0 0)
(70568.5389010052 0 0)
(70562.7167539025 0 0)
(70556.915169977 0 0)
(70551.1370428285 0 0)
(70545.3855754083 0 0)
(70539.6530479002 0 0)
(70533.9558098682 0 0)
(70528.2711533995 0 0)
(70522.6224192037 0 0)
(70516.986815278 0 0)
(70511.3923551434 0 0)
(70505.8060521056 0 0)
(70500.2598045418 0 0)
(70494.7323777205 0 0)
(70489.2270492204 0 0)
(70483.7579010827 0 0)
(70478.3053079806 0 0)
(70472.8773248046 0 0)
(70467.4953999551 0 0)
(70462.1243644621 0 0)
(70456.7643253098 0 0)
(70451.4564546085 0 0)
(70446.1715575552 0 0)
(70440.916767632 0 0)
(70435.6794209634 0 0)
(70430.4658547323 0 0)
(70425.2855339824 0 0)
(70420.1410440732 0 0)
(70415.0180540641 0 0)
(70409.9231187563 0 0)
(70404.8473011408 0 0)
(70399.8082835917 0 0)
(70394.7919880992 0 0)
(70389.8899550439 0 0)
(70384.7504818868 0 0)
(70379.6267719286 0 0)
(70375.0614358637 0 0)
(70370.2847585817 0 0)
(70365.2929706868 0 0)
(70360.5250633559 0 0)
(70355.7710139288 0 0)
(70351.0451616119 0 0)
(70346.3468577967 0 0)
(70341.6845677223 0 0)
(70337.055202571 0 0)
(70332.4520382294 0 0)
(70327.888699844 0 0)
(70323.356829564 0 0)
(70318.8537255421 0 0)
(70314.3923194782 0 0)
(70309.9566835033 0 0)
(70305.5606610001 0 0)
(70301.2018222895 0 0)
(70296.8726876312 0 0)
(70292.5840118878 0 0)
(70288.3307395039 0 0)
(70284.1133942606 0 0)
(70279.9360239553 0 0)
(70275.7933689432 0 0)
(70271.6866767527 0 0)
(70267.6277558467 0 0)
(70263.5933758547 0 0)
(70259.6151729217 0 0)
(70255.6622638982 0 0)
(70251.762279294 0 0)
(70247.8929088691 0 0)
(70244.0705464607 0 0)
(70240.2913178202 0 0)
(70236.5494240737 0 0)
(70232.8554781957 0 0)
(70229.1999016886 0 0)
(70225.5997740091 0 0)
(70222.0283108251 0 0)
(70218.5174380045 0 0)
(70215.0411372478 0 0)
(70211.6164048981 0 0)
(70208.2415086895 0 0)
(70204.9076089576 0 0)
(70201.629429777 0 0)
(70198.3916064296 0 0)
(70195.2145336469 0 0)
(70192.0749880867 0 0)
(70188.9982451117 0 0)
(70185.9674995201 0 0)
(70182.9873020406 0 0)
(70180.0647229142 0 0)
(70177.1936843064 0 0)
(70174.3774349045 0 0)
(70171.6150223538 0 0)
(70168.9116484846 0 0)
(70166.2642257146 0 0)
(70163.6770583795 0 0)
(70161.1405262922 0 0)
(70158.671625319 0 0)
(70156.2602781793 0 0)
(70153.911370356 0 0)
(70151.6238642591 0 0)
(70149.3987911596 0 0)
(70147.2401811446 0 0)
(70145.1470336615 0 0)
(70143.1158121573 0 0)
(70141.1573316307 0 0)
(70139.2677780426 0 0)
(70137.4380822533 0 0)
(70135.6900056282 0 0)
(70134.0084992261 0 0)
(70132.403594963 0 0)
(70130.8668451137 0 0)
(70129.4090427524 0 0)
(70128.0300188076 0 0)
(70126.7281635353 0 0)
(70125.5011021661 0 0)
(70124.3658578583 0 0)
(70123.2995454547 0 0)
(70122.3298438538 0 0)
(70121.4357220023 0 0)
(70120.6361265661 0 0)
(70119.9179362045 0 0)
(70119.2990172538 0 0)
(70118.7650912953 0 0)
(70118.3304990194 0 0)
(70117.9868522973 0 0)
(70117.7459037688 0 0)
(70117.6028354349 0 0)
(70117.5575212268 0 0)
(70117.6200232421 0 0)
(70117.7892993736 0 0)
(70118.065928358 0 0)
(70118.4512434559 0 0)
(70118.9535615395 0 0)
(70119.5650657293 0 0)
(70120.3020556884 0 0)
(70121.1530338175 0 0)
(70122.1341933738 0 0)
(70123.2357050037 0 0)
(70124.4668202618 0 0)
(70125.8330132992 0 0)
(70127.331569883 0 0)
(70128.9717901336 0 0)
(70130.753313418 0 0)
(70132.6708129825 0 0)
(70134.7527981694 0 0)
(70136.9728729051 0 0)
(70139.356732467 0 0)
(70141.8996469363 0 0)
(70144.6007018939 0 0)
(70147.4808446987 0 0)
(70150.5261834641 0 0)
(70153.7460404549 0 0)
(70157.1577012796 0 0)
(70160.7464275736 0 0)
(70164.5316691301 0 0)
(70168.5197194855 0 0)
(70172.7012578744 0 0)
(70177.1023653841 0 0)
(70181.720486411 0 0)
(70186.5690539312 0 0)
(70191.6529998075 0 0)
(70196.9865334679 0 0)
(70202.5939096417 0 0)
(70208.5849245249 0 0)
(70212.6703503442 0 0)
(70215.1251800562 0 0)
(70220.8611651864 0 0)
(70229.1808424084 0 0)
(70237.1028860548 0 0)
(70244.9479082428 0 0)
(70252.9748149966 0 0)
(70261.1505321622 0 0)
(70269.5810204455 0 0)
(70278.3407679019 0 0)
(70287.4294705526 0 0)
(70296.8483390472 0 0)
(70306.6041095105 0 0)
(70316.6929363471 0 0)
(70327.1045541751 0 0)
(70337.870961309 0 0)
(70348.9899938673 0 0)
(70359.6812783951 0 0)
(70370.0578156088 0 0)
(70381.7074273766 0 0)
(70394.4416915816 0 0)
(70407.203528986 0 0)
(70419.9402321212 0 0)
(70432.6588455174 0 0)
(70445.2585596323 0 0)
(70456.9703053824 0 0)
(70466.8636044747 0 0)
(70479.4266022151 0 0)
(70496.9047737865 0 0)
(70514.4234926387 0 0)
(70540.6105019128 0 0)
(70572.437436018 0 0)
(70587.9592566197 0 0)
(70592.5730550667 0 0)
(70599.2190142336 0 0)
(70605.8533053551 0 0)
(70611.3806649268 0 0)
(70614.3997739019 0 0)
(70612.682822296 0 0)
(70638.6869014259 0 0)
(70694.6759933923 0 0)
(70715.1735100047 0 0)
(70689.2141525137 0 0)
(70627.0083432976 0 0)
(70529.4877531487 0 0)
(70428.5351503336 0 0)
(70406.6872448433 0 0)
(70427.0260960625 0 0)
(70273.2003081197 0 0)
(69903.463913671 0 0)
(69473.9000178778 0 0)
(69183.3700192574 0 0)
(68889.7180676665 0 0)
(68125.8871940559 0 0)
(67121.2742486376 0 0)
(66258.4025716474 0 0)
(65093.47817392 0 0)
(63494.4356122825 0 0)
(61650.6456688842 0 0)
(59567.0249971453 0 0)
(57154.1527060231 0 0)
(54236.959085165 0 0)
(50865.7615217527 0 0)
(47042.0571565504 0 0)
(42616.533213892 0 0)
(37539.3012587818 0 0)
(31901.4483884846 0 0)
(25782.3385542333 0 0)
(19446.6697349945 0 0)
(13294.7369575221 0 0)
(7727.64189481197 0 0)
(3165.26864830823 0 0)
(-170.631538763947 0 0)
(-2237.46275969964 0 0)
(-3188.25459583396 0 0)
(-3309.43797555672 0 0)
(-2929.20058120464 0 0)
(-2323.55181802644 0 0)
(-1695.62650426548 0 0)
(-1156.59078705312 0 0)
(-746.887479280633 0 0)
(-462.804546931027 0 0)
(-279.777262431039 0 0)
(-168.223499828453 0 0)
(-108.253004543871 0 0)
)
;

boundaryField
{
    electrode
    {
        type            calculated;
        value           uniform (2225.57290302287 0 0);
    }
    ground
    {
        type            calculated;
        value           uniform (-28.5174826072417 0 0);
    }
    otherfaces
    {
        type            empty;
    }
}


// ************************************************************************* //
