/*--------------------------------*- C++ -*----------------------------------*\
| =========                 |                                                 |
| \\      /  F ield         | foam-extend: Open Source CFD                    |
|  \\    /   O peration     | Version:     4.1                                |
|   \\  /    A nd           | Web:         http://www.foam-extend.org         |
|    \\/     M anipulation  |                                                 |
\*---------------------------------------------------------------------------*/
FoamFile
{
    version     2.0;
    format      ascii;
    class       volVectorField;
    location    "1.50100000171593e-05";
    object      Flux_electronMean;
}
// * * * * * * * * * * * * * * * * * * * * * * * * * * * * * * * * * * * * * //

dimensions      [0 -2 -1 0 0 0 0];

internalField   nonuniform List<vector> 
500
(
(-1.29901702859217e+21 0 0)
(-4.60822952824157e+21 0 0)
(-3.04693693681392e+21 0 0)
(-3.90817067476506e+21 0 0)
(-3.60754261350216e+21 0 0)
(-3.81233472532624e+21 0 0)
(-3.68562006835997e+21 0 0)
(-3.7738800363097e+21 0 0)
(-3.70929409652122e+21 0 0)
(-3.75142852525432e+21 0 0)
(-3.71504508580784e+21 0 0)
(-3.74120535101213e+21 0 0)
(-3.72264268150368e+21 0 0)
(-3.7417919534527e+21 0 0)
(-3.73057624463687e+21 0 0)
(-3.74270340043625e+21 0 0)
(-3.73386457739231e+21 0 0)
(-3.74103199054619e+21 0 0)
(-3.73633532221995e+21 0 0)
(-3.74430087333531e+21 0 0)
(-3.74531441279576e+21 0 0)
(-3.75310229541274e+21 0 0)
(-3.7566188655571e+21 0 0)
(-3.76278569280003e+21 0 0)
(-3.76644832964298e+21 0 0)
(-3.76981364721667e+21 0 0)
(-3.77268364893147e+21 0 0)
(-3.77356425119778e+21 0 0)
(-3.77571019691385e+21 0 0)
(-3.77482431523425e+21 0 0)
(-3.77651353342814e+21 0 0)
(-3.77447602156133e+21 0 0)
(-3.77590555576208e+21 0 0)
(-3.77310559742128e+21 0 0)
(-3.7743386422613e+21 0 0)
(-3.77094540006371e+21 0 0)
(-3.77193625437057e+21 0 0)
(-3.76801837892628e+21 0 0)
(-3.76869309807044e+21 0 0)
(-3.7643092768117e+21 0 0)
(-3.76456134629712e+21 0 0)
(-3.75976341712034e+21 0 0)
(-3.75948056368306e+21 0 0)
(-3.75433779052027e+21 0 0)
(-3.75343060947388e+21 0 0)
(-3.74801911380822e+21 0 0)
(-3.74642833592851e+21 0 0)
(-3.74081348973478e+21 0 0)
(-3.73850723616861e+21 0 0)
(-3.73273297845156e+21 0 0)
(-3.72970249493068e+21 0 0)
(-3.72379297168319e+21 0 0)
(-3.72004517553349e+21 0 0)
(-3.7140077644404e+21 0 0)
(-3.70955852757468e+21 0 0)
(-3.70339092471404e+21 0 0)
(-3.69826520194372e+21 0 0)
(-3.69195810442151e+21 0 0)
(-3.68617878359787e+21 0 0)
(-3.67971583062884e+21 0 0)
(-3.67330662463378e+21 0 0)
(-3.66667373365107e+21 0 0)
(-3.65965965677102e+21 0 0)
(-3.6528429513958e+21 0 0)
(-3.64524510070478e+21 0 0)
(-3.63822993784793e+21 0 0)
(-3.63006728691283e+21 0 0)
(-3.62284118494021e+21 0 0)
(-3.61413251019227e+21 0 0)
(-3.60668538889444e+21 0 0)
(-3.59744692009858e+21 0 0)
(-3.58976849277784e+21 0 0)
(-3.58001399700037e+21 0 0)
(-3.57209575867844e+21 0 0)
(-3.56183905298471e+21 0 0)
(-3.55367477123624e+21 0 0)
(-3.54292859951852e+21 0 0)
(-3.53451228875564e+21 0 0)
(-3.52328746948471e+21 0 0)
(-3.51461359624801e+21 0 0)
(-3.50292033010811e+21 0 0)
(-3.49398503528348e+21 0 0)
(-3.48183364554837e+21 0 0)
(-3.47263407927485e+21 0 0)
(-3.46003393651437e+21 0 0)
(-3.45056730874857e+21 0 0)
(-3.43752686746323e+21 0 0)
(-3.4277910648415e+21 0 0)
(-3.41431878667459e+21 0 0)
(-3.40431276629749e+21 0 0)
(-3.3904169806131e+21 0 0)
(-3.38014011181651e+21 0 0)
(-3.36582853985638e+21 0 0)
(-3.35528042261746e+21 0 0)
(-3.34056039009377e+21 0 0)
(-3.32974113727004e+21 0 0)
(-3.31461995647204e+21 0 0)
(-3.30353026262001e+21 0 0)
(-3.28801510646676e+21 0 0)
(-3.27665596635104e+21 0 0)
(-3.26075372276765e+21 0 0)
(-3.24912638214705e+21 0 0)
(-3.23284377425027e+21 0 0)
(-3.22094982770258e+21 0 0)
(-3.2042935026932e+21 0 0)
(-3.19213485697362e+21 0 0)
(-3.17511133952039e+21 0 0)
(-3.16269012368577e+21 0 0)
(-3.14530579659373e+21 0 0)
(-3.13262434645906e+21 0 0)
(-3.11488548731185e+21 0 0)
(-3.10194634628634e+21 0 0)
(-3.08385914569262e+21 0 0)
(-3.07066503894156e+21 0 0)
(-3.05223559371982e+21 0 0)
(-3.0387893986013e+21 0 0)
(-3.02002371750706e+21 0 0)
(-3.00632845146211e+21 0 0)
(-2.98723246527899e+21 0 0)
(-2.97329127098106e+21 0 0)
(-2.95387083509388e+21 0 0)
(-2.93968696345454e+21 0 0)
(-2.91994786203624e+21 0 0)
(-2.90552466025795e+21 0 0)
(-2.88547261214226e+21 0 0)
(-2.87081351399751e+21 0 0)
(-2.85045417642235e+21 0 0)
(-2.83556268862195e+21 0 0)
(-2.81490165795705e+21 0 0)
(-2.79978135006805e+21 0 0)
(-2.77882416569959e+21 0 0)
(-2.76347866240763e+21 0 0)
(-2.74223081135431e+21 0 0)
(-2.72666378551632e+21 0 0)
(-2.70513070480832e+21 0 0)
(-2.68934587050843e+21 0 0)
(-2.66753295014777e+21 0 0)
(-2.65153405568849e+21 0 0)
(-2.62944664000591e+21 0 0)
(-2.61323746190587e+21 0 0)
(-2.59088085279969e+21 0 0)
(-2.5744651918355e+21 0 0)
(-2.55184465157506e+21 0 0)
(-2.53522632830138e+21 0 0)
(-2.51234708109715e+21 0 0)
(-2.49552993181263e+21 0 0)
(-2.4723971660193e+21 0 0)
(-2.45538503909575e+21 0 0)
(-2.43200390852345e+21 0 0)
(-2.41480066111356e+21 0 0)
(-2.39117628736768e+21 0 0)
(-2.3737857831141e+21 0 0)
(-2.34992325735786e+21 0 0)
(-2.33234936397805e+21 0 0)
(-2.30825374896712e+21 0 0)
(-2.29050033654052e+21 0 0)
(-2.26617666797768e+21 0 0)
(-2.24824760680718e+21 0 0)
(-2.22370089505963e+21 0 0)
(-2.20560005422701e+21 0 0)
(-2.18083528563924e+21 0 0)
(-2.16256653177761e+21 0 0)
(-2.13758867053259e+21 0 0)
(-2.11915586671588e+21 0 0)
(-2.0939698553361e+21 0 0)
(-2.07537685923576e+21 0 0)
(-2.04998762023445e+21 0 0)
(-2.03123828453743e+21 0 0)
(-2.00565072170527e+21 0 0)
(-1.98674889217252e+21 0 0)
(-1.96096789125252e+21 0 0)
(-1.94191740682377e+21 0 0)
(-1.91594783721971e+21 0 0)
(-1.89675253014068e+21 0 0)
(-1.87059924688486e+21 0 0)
(-1.85126294206168e+21 0 0)
(-1.82493078525441e+21 0 0)
(-1.80545729902174e+21 0 0)
(-1.77895109457571e+21 0 0)
(-1.75934423394588e+21 0 0)
(-1.7326687935183e+21 0 0)
(-1.71293235387986e+21 0 0)
(-1.68609247317433e+21 0 0)
(-1.66623024084731e+21 0 0)
(-1.63923070869644e+21 0 0)
(-1.61924646511308e+21 0 0)
(-1.59209206224271e+21 0 0)
(-1.5719895814803e+21 0 0)
(-1.54468508108863e+21 0 0)
(-1.52446813684795e+21 0 0)
(-1.49701831996848e+21 0 0)
(-1.47669069296412e+21 0 0)
(-1.4491003409757e+21 0 0)
(-1.42866580906504e+21 0 0)
(-1.40093970341408e+21 0 0)
(-1.38040204329216e+21 0 0)
(-1.35254496374911e+21 0 0)
(-1.33190794754177e+21 0 0)
(-1.30392467142058e+21 0 0)
(-1.28319206648746e+21 0 0)
(-1.25508736879811e+21 0 0)
(-1.23426293761293e+21 0 0)
(-1.20604159156921e+21 0 0)
(-1.18512909133643e+21 0 0)
(-1.15679586817592e+21 0 0)
(-1.13579905065522e+21 0 0)
(-1.10735872011672e+21 0 0)
(-1.08628133179019e+21 0 0)
(-1.05773866243848e+21 0 0)
(-1.03658444413603e+21 0 0)
(-1.00794420324708e+21 0 0)
(-9.86716889729928e+20 0 0)
(-9.57983843264638e+20 0 0)
(-9.36687162852337e+20 0 0)
(-9.07866075574927e+20 0 0)
(-8.86503750239681e+20 0 0)
(-8.57599386001584e+20 0 0)
(-8.36175131042238e+20 0 0)
(-8.07192252552247e+20 0 0)
(-7.85709776003098e+20 0 0)
(-7.56653145059923e+20 0 0)
(-7.35116147738837e+20 0 0)
(-7.05990525077978e+20 0 0)
(-6.84402700399465e+20 0 0)
(-6.55212845634386e+20 0 0)
(-6.33577878970453e+20 0 0)
(-6.04328551532094e+20 0 0)
(-5.82650130987727e+20 0 0)
(-5.5334611247085e+20 0 0)
(-5.31627915822083e+20 0 0)
(-5.02273948396026e+20 0 0)
(-4.80519623924671e+20 0 0)
(-4.51120453048952e+20 0 0)
(-4.2933364000798e+20 0 0)
(-3.99894005999577e+20 0 0)
(-3.78078334993901e+20 0 0)
(-3.4860298121841e+20 0 0)
(-3.26762077202689e+20 0 0)
(-2.97255749051248e+20 0 0)
(-2.75393228443419e+20 0 0)
(-2.45860675709724e+20 0 0)
(-2.23980148423136e+20 0 0)
(-1.94426122377167e+20 0 0)
(-1.7253119299695e+20 0 0)
(-1.42960448450856e+20 0 0)
(-1.21054714853475e+20 0 0)
(-9.1472011316491e+19 0 0)
(-6.95590644797294e+19 0 0)
(-3.974122833811e+19 0 0)
(-1.56464967676099e+19 0 0)
(9.16174700437805e+18 0 0)
(3.31828515968303e+19 0 0)
(6.30538510526988e+19 0 0)
(8.49516006285936e+19 0 0)
(1.14549988989321e+20 0 0)
(1.36440483271592e+20 0 0)
(1.66026940064359e+20 0 0)
(1.87906716155868e+20 0 0)
(2.17476530469023e+20 0 0)
(2.39341997754405e+20 0 0)
(2.68890413535997e+20 0 0)
(2.90737969473744e+20 0 0)
(3.20260233590347e+20 0 0)
(3.42086268987177e+20 0 0)
(3.71577632219318e+20 0 0)
(3.93378529302702e+20 0 0)
(4.22834245786289e+20 0 0)
(4.44606381990241e+20 0 0)
(4.74021705455504e+20 0 0)
(4.95761450613679e+20 0 0)
(5.25131640486596e+20 0 0)
(5.46835356616805e+20 0 0)
(5.76155664096435e+20 0 0)
(5.97819705675351e+20 0 0)
(6.27085386547453e+20 0 0)
(6.48706077225185e+20 0 0)
(6.77912347894926e+20 0 0)
(6.99486002580106e+20 0 0)
(7.28628098746396e+20 0 0)
(7.50151035280609e+20 0 0)
(7.79224192676428e+20 0 0)
(8.00692720943732e+20 0 0)
(8.29692175007059e+20 0 0)
(8.51102596892825e+20 0 0)
(8.80023583210738e+20 0 0)
(9.01372192537319e+20 0 0)
(9.30209945885391e+20 0 0)
(9.51493029249717e+20 0 0)
(9.80242781443426e+20 0 0)
(1.0014566189248e+21 0 0)
(1.03011360152576e+21 0 0)
(1.05125446697706e+21 0 0)
(1.07981391141972e+21 0 0)
(1.10087807274381e+21 0 0)
(1.12933520888372e+21 0 0)
(1.15031892694705e+21 0 0)
(1.1786689823725e+21 0 0)
(1.19956851202104e+21 0 0)
(1.22780671356209e+21 0 0)
(1.24861830527056e+21 0 0)
(1.27673987935661e+21 0 0)
(1.29745977858085e+21 0 0)
(1.32545994909333e+21 0 0)
(1.34608439424996e+21 0 0)
(1.37395838123146e+21 0 0)
(1.39448360525269e+21 0 0)
(1.42222662794911e+21 0 0)
(1.44264886151022e+21 0 0)
(1.47025613891834e+21 0 0)
(1.49057160876159e+21 0 0)
(1.51803835643999e+21 0 0)
(1.53824328461647e+21 0 0)
(1.56556471535892e+21 0 0)
(1.58565532064782e+21 0 0)
(1.61282665001379e+21 0 0)
(1.63279916215134e+21 0 0)
(1.65981561678764e+21 0 0)
(1.679666265413e+21 0 0)
(1.70652306103925e+21 0 0)
(1.72624806299968e+21 0 0)
(1.75294040360128e+21 0 0)
(1.77253597102759e+21 0 0)
(1.79905905757026e+21 0 0)
(1.81852139893239e+21 0 0)
(1.84487042020419e+21 0 0)
(1.86419573194254e+21 0 0)
(1.89036585797318e+21 0 0)
(1.90955032100919e+21 0 0)
(1.93553670358555e+21 0 0)
(1.95457649095027e+21 0 0)
(1.98037427201177e+21 0 0)
(1.99926555586695e+21 0 0)
(2.02486986725556e+21 0 0)
(2.04360881222768e+21 0 0)
(2.06901476408864e+21 0 0)
(2.08759752123487e+21 0 0)
(2.11280020171734e+21 0 0)
(2.13122291599492e+21 0 0)
(2.15621739929552e+21 0 0)
(2.17447621683954e+21 0 0)
(2.19925756174812e+21 0 0)
(2.21734862335028e+21 0 0)
(2.24191186169536e+21 0 0)
(2.25983129614268e+21 0 0)
(2.28417143195092e+21 0 0)
(2.3019153672318e+21 0 0)
(2.32602738909643e+21 0 0)
(2.34359196189492e+21 0 0)
(2.36747083665266e+21 0 0)
(2.38485217756301e+21 0 0)
(2.40849283270656e+21 0 0)
(2.42568706498393e+21 0 0)
(2.44908440062192e+21 0 0)
(2.46608766386549e+21 0 0)
(2.4892365641958e+21 0 0)
(2.50604500888139e+21 0 0)
(2.52894031568811e+21 0 0)
(2.54555008419281e+21 0 0)
(2.56818659548656e+21 0 0)
(2.58459384888005e+21 0 0)
(2.60696634479884e+21 0 0)
(2.62316727387282e+21 0 0)
(2.64527049307523e+21 0 0)
(2.66126128908922e+21 0 0)
(2.68308991274068e+21 0 0)
(2.69886679227516e+21 0 0)
(2.72041547873988e+21 0 0)
(2.73597470702493e+21 0 0)
(2.75723806993582e+21 0 0)
(2.77257592600992e+21 0 0)
(2.79354850945585e+21 0 0)
(2.80866131124932e+21 0 0)
(2.82933762983806e+21 0 0)
(2.84422176552462e+21 0 0)
(2.86459628191586e+21 0 0)
(2.87924817291621e+21 0 0)
(2.89931527135611e+21 0 0)
(2.91373140447851e+21 0 0)
(2.93348543407471e+21 0 0)
(2.94766239077439e+21 0 0)
(2.96709763244719e+21 0 0)
(2.9810320527845e+21 0 0)
(3.00014270306776e+21 0 0)
(3.01383133374528e+21 0 0)
(3.03261154542337e+21 0 0)
(3.04605125457055e+21 0 0)
(3.06449508815698e+21 0 0)
(3.07768284113309e+21 0 0)
(3.09578427303592e+21 0 0)
(3.108717198573e+21 0 0)
(3.12647014326595e+21 0 0)
(3.13914552224367e+21 0 0)
(3.15654377587633e+21 0 0)
(3.16895905055973e+21 0 0)
(3.18599632626838e+21 0 0)
(3.19814916311808e+21 0 0)
(3.21481907247017e+21 0 0)
(3.22670733504874e+21 0 0)
(3.24300335378062e+21 0 0)
(3.25462515993574e+21 0 0)
(3.2705406635943e+21 0 0)
(3.28189441223949e+21 0 0)
(3.29742261908316e+21 0 0)
(3.30850699213008e+21 0 0)
(3.32364097764471e+21 0 0)
(3.33445502011293e+21 0 0)
(3.34918770364958e+21 0 0)
(3.35973081669834e+21 0 0)
(3.37405491696035e+21 0 0)
(3.38432692307191e+21 0 0)
(3.39823495895728e+21 0 0)
(3.40823609220974e+21 0 0)
(3.42172027355405e+21 0 0)
(3.43145128034596e+21 0 0)
(3.44450353682616e+21 0 0)
(3.45396569840283e+21 0 0)
(3.46657758533238e+21 0 0)
(3.47577275985923e+21 0 0)
(3.48793543178367e+21 0 0)
(3.49686615517226e+21 0 0)
(3.50857032320844e+21 0 0)
(3.51723985495123e+21 0 0)
(3.52847567851891e+21 0 0)
(3.53688809058435e+21 0 0)
(3.54764509396455e+21 0 0)
(3.55580529127845e+21 0 0)
(3.5660721010048e+21 0 0)
(3.57398604090038e+21 0 0)
(3.58375049584701e+21 0 0)
(3.59142523106115e+21 0 0)
(3.60067395243574e+21 0 0)
(3.60811768836117e+21 0 0)
(3.61683605176022e+21 0 0)
(3.6240583263846e+21 0 0)
(3.63223008346472e+21 0 0)
(3.63924182532985e+21 0 0)
(3.64684933846178e+21 0 0)
(3.65366363564775e+21 0 0)
(3.66068752842405e+21 0 0)
(3.66731803531972e+21 0 0)
(3.67373659134545e+21 0 0)
(3.68019776868512e+21 0 0)
(3.68598764915572e+21 0 0)
(3.69229547642848e+21 0 0)
(3.69743399821362e+21 0 0)
(3.70360478182694e+21 0 0)
(3.70806865860949e+21 0 0)
(3.7141123372823e+21 0 0)
(3.71787894991354e+21 0 0)
(3.72380156417512e+21 0 0)
(3.72685895144862e+21 0 0)
(3.732656442369e+21 0 0)
(3.73500041505229e+21 0 0)
(3.74065183547135e+21 0 0)
(3.74229551778187e+21 0 0)
(3.74776271470594e+21 0 0)
(3.74874433829041e+21 0 0)
(3.75396828273691e+21 0 0)
(3.7543529039888e+21 0 0)
(3.75926263742312e+21 0 0)
(3.75914345903717e+21 0 0)
(3.76367124081484e+21 0 0)
(3.76315930059009e+21 0 0)
(3.76725007875239e+21 0 0)
(3.76644786314894e+21 0 0)
(3.77003807585455e+21 0 0)
(3.76901220524932e+21 0 0)
(3.77202133016109e+21 0 0)
(3.77080216531996e+21 0 0)
(3.77304705896698e+21 0 0)
(3.77156280592026e+21 0 0)
(3.77265109299457e+21 0 0)
(3.77070212227473e+21 0 0)
(3.77001247194241e+21 0 0)
(3.76732107850901e+21 0 0)
(3.76412794662988e+21 0 0)
(3.76062566747119e+21 0 0)
(3.75461768134518e+21 0 0)
(3.75124640092176e+21 0 0)
(3.74360121393516e+21 0 0)
(3.74271117548181e+21 0 0)
(3.73487288253307e+21 0 0)
(3.73967814812777e+21 0 0)
(3.73262644202105e+21 0 0)
(3.74155853637703e+21 0 0)
(3.72953193062022e+21 0 0)
(3.74082322021891e+21 0 0)
(3.72176253091479e+21 0 0)
(3.74038070757434e+21 0 0)
(3.71429812194468e+21 0 0)
(3.7507149531387e+21 0 0)
(3.70865005322751e+21 0 0)
(3.77324617932688e+21 0 0)
(3.68505755595565e+21 0 0)
(3.8117517881943e+21 0 0)
(3.60705820767381e+21 0 0)
(3.90759768588986e+21 0 0)
(3.04665277575148e+21 0 0)
(4.60746088719136e+21 0 0)
(1.29899432824899e+21 0 0)
)
;

boundaryField
{
    electrode
    {
        type            calculated;
        value           uniform (-3.78814453608255e+21 0 0);
    }
    ground
    {
        type            calculated;
        value           uniform (3.78766126533476e+21 0 0);
    }
    otherfaces
    {
        type            empty;
    }
}


// ************************************************************************* //
