/*--------------------------------*- C++ -*----------------------------------*\
| =========                 |                                                 |
| \\      /  F ield         | foam-extend: Open Source CFD                    |
|  \\    /   O peration     | Version:     4.1                                |
|   \\  /    A nd           | Web:         http://www.foam-extend.org         |
|    \\/     M anipulation  |                                                 |
\*---------------------------------------------------------------------------*/
FoamFile
{
    version     2.0;
    format      ascii;
    class       volScalarField;
    location    "2.50010000204314e-05";
    object      Ar2p;
}
// * * * * * * * * * * * * * * * * * * * * * * * * * * * * * * * * * * * * * //

dimensions      [0 -3 0 0 0 0 0];

internalField   nonuniform List<scalar> 
500
(
5.72044080741154e+15
6.49151899305567e+15
7.4750048521817e+15
8.72558780506658e+15
1.06443694859362e+16
1.29569572058519e+16
1.58549122055891e+16
1.87268141001015e+16
2.17058254600045e+16
2.43599152083198e+16
2.70371859629067e+16
2.94035325587637e+16
3.18444562276426e+16
3.40234898902641e+16
3.63082524098218e+16
3.83488789912278e+16
4.0512738329099e+16
4.24431741774706e+16
4.45047816863975e+16
4.63369451634995e+16
4.83055076970147e+16
5.00471621733963e+16
5.19289187523678e+16
5.3585629454349e+16
5.53852288839905e+16
5.69613506654715e+16
5.86825266242005e+16
6.01817138404374e+16
6.18276573404022e+16
6.32531500944923e+16
6.48267231420267e+16
6.61815105524259e+16
6.76853674786761e+16
6.89722810295195e+16
7.04089398255342e+16
7.16307081469411e+16
7.30025930928606e+16
7.41618738298716e+16
7.54713414772176e+16
7.65707380459129e+16
7.78200888063479e+16
7.88621564361927e+16
8.00536421553299e+16
8.10408919730831e+16
8.21767208721028e+16
8.31116197694353e+16
8.41939580182194e+16
8.50789263155547e+16
8.61098980912495e+16
8.69473059615069e+16
8.79289925830818e+16
8.8721155775864e+16
8.96555943092106e+16
9.04047695799618e+16
9.12939511791194e+16
9.20023317165105e+16
9.28481998847728e+16
9.35179109515318e+16
9.43223598627036e+16
9.49554548375128e+16
9.57203277963946e+16
9.63187847346097e+16
9.7045872846274e+16
9.7611591653381e+16
9.83026327231994e+16
9.8837433001728e+16
9.94941106861101e+16
9.99997302883884e+16
1.00623673496021e+17
1.01101767778397e+17
1.0169455030212e+17
1.0214669207631e+17
1.02709832436757e+17
1.03137512573946e+17
1.03672474061992e+17
1.04077102699566e+17
1.04585293580375e+17
1.04968201875785e+17
1.05450975742913e+17
1.05813418107017e+17
1.06272074354673e+17
1.06615231086055e+17
1.07051015493726e+17
1.07375995738825e+17
1.07790101153763e+17
1.08097946126062e+17
1.08491513226606e+17
1.08783199603215e+17
1.09157317749396e+17
1.09433761180783e+17
1.09789469342927e+17
1.1005152801444e+17
1.1038981578052e+17
1.10638293961836e+17
1.10960102623342e+17
1.11195754164032e+17
1.11501977879492e+17
1.11725509607161e+17
1.12016996643589e+17
1.12229071625601e+17
1.12506625679909e+17
1.12707866327002e+17
1.12972247917253e+17
1.13163238906664e+17
1.13415166837941e+17
1.13596457843453e+17
1.13836610729926e+17
1.1400871895562e+17
1.14237736800198e+17
1.14401149313024e+17
1.1461963513132e+17
1.14774810998244e+17
1.14983332472731e+17
1.15130704706972e+17
1.15329795861982e+17
1.15469773201661e+17
1.15659936081095e+17
1.15792904595766e+17
1.15974610937644e+17
1.16100935487844e+17
1.16274628376553e+17
1.16394653941888e+17
1.16560749430653e+17
1.166748023194e+17
1.16833691006864e+17
1.16942079956693e+17
1.17094128515451e+17
1.17197145704268e+17
1.17342698350948e+17
1.17440620328149e+17
1.17580000226891e+17
1.17673088773723e+17
1.17806599374778e+17
1.17895102306085e+17
1.18023028611976e+17
1.18107180521957e+17
1.18229790284656e+17
1.18309813247839e+17
1.18427358093728e+17
1.18503462322892e+17
1.18616178809822e+17
1.18688563275502e+17
1.18796673881308e+17
1.18865526899246e+17
1.18969240945149e+17
1.19034740732505e+17
1.19134255243485e+17
1.19196570443656e+17
1.19292070952436e+17
1.19351361135788e+17
1.19443022426336e+17
1.19499438564572e+17
1.19587425366552e+17
1.19641110283221e+17
1.19725577914066e+17
1.19776666715142e+17
1.19857761677487e+17
1.19906382156331e+17
1.19984242692839e+17
1.20030515718929e+17
1.20105272322283e+17
1.20149312209291e+17
1.20221088101615e+17
1.20263002955408e+17
1.20331914527043e+17
1.20371806576795e+17
1.20437963797385e+17
1.20475929709714e+17
1.20539436507783e+17
1.20575567684519e+17
1.20636522302169e+17
1.2067090516217e+17
1.20729400483052e+17
1.20762116728617e+17
1.20818240584146e+17
1.20849367453923e+17
1.20903202910669e+17
1.20932813419816e+17
1.2098443904624e+17
1.21012602215069e+17
1.21062092334016e+17
1.21088873405284e+17
1.21136298331513e+17
1.21161758982166e+17
1.21207185247663e+17
1.21231383793754e+17
1.21274874363397e+17
1.21297865965416e+17
1.21339480444889e+17
1.21361317316635e+17
1.2140111216175e+17
1.21421843790609e+17
1.21459872516167e+17
1.2147954590414e+17
1.21515859315762e+17
1.21534519248931e+17
1.2156916571266e+17
1.21586855104194e+17
1.21619880837204e+17
1.21636639852595e+17
1.21668086256526e+17
1.21683955543871e+17
1.21713857764085e+17
1.21728867397495e+17
1.21757240450896e+17
1.21771417755232e+17
1.21798288497975e+17
1.2181163407555e+17
1.2183701594948e+17
1.21849571041922e+17
1.21873509789712e+17
1.21885324736908e+17
1.21907863978377e+17
1.21918965948141e+17
1.21940146298846e+17
1.21950558092549e+17
1.21970410727336e+17
1.21980148714193e+17
1.21998699668941e+17
1.22007778671064e+17
1.22025052601109e+17
1.22033486320701e+17
1.22049506162348e+17
1.22057307268803e+17
1.22072094141436e+17
1.22079274454153e+17
1.2209284778458e+17
1.22099418169411e+17
1.22111795683577e+17
1.22117766169758e+17
1.22128963905225e+17
1.221343436147e+17
1.22144376018594e+17
1.22149173186031e+17
1.22158053166422e+17
1.22162274996787e+17
1.22170014132652e+17
1.22173666671136e+17
1.22180275431469e+17
1.2218336324782e+17
1.22188851503629e+17
1.22191377127276e+17
1.22195754840512e+17
1.2219771794023e+17
1.22200996263007e+17
1.22202392546541e+17
1.22204585413098e+17
1.2220540555144e+17
1.22206532839812e+17
1.22206780426442e+17
1.22206780410683e+17
1.22206532851338e+17
1.22205405540405e+17
1.2220458541591e+17
1.22202392539855e+17
1.22200996262963e+17
1.22197717931376e+17
1.22195754841478e+17
1.22191377111731e+17
1.22188851507791e+17
1.22183363234981e+17
1.2218027543495e+17
1.22173666661027e+17
1.2217001412144e+17
1.22162274986831e+17
1.22158053160531e+17
1.22149173166538e+17
1.22144376014446e+17
1.22134343606964e+17
1.22128963897654e+17
1.22117766154085e+17
1.22111795675977e+17
1.2209941816294e+17
1.22092847782273e+17
1.22079274427036e+17
1.2207209414284e+17
1.22057307249344e+17
1.22049506151746e+17
1.2203348630769e+17
1.22025052622063e+17
1.2200777864474e+17
1.21998699671551e+17
1.21980148685576e+17
1.21970410716277e+17
1.21950558059927e+17
1.21940146286182e+17
1.21918965930874e+17
1.21907863951793e+17
1.21885324712552e+17
1.21873509776856e+17
1.21849571010795e+17
1.21837015924522e+17
1.21811634047078e+17
1.21798288461951e+17
1.21771417722711e+17
1.21757240439536e+17
1.21728867367086e+17
1.21713857740639e+17
1.21683955513875e+17
1.21668086239332e+17
1.21636639823413e+17
1.21619880819947e+17
1.21586855068401e+17
1.21569165696311e+17
1.21534519209906e+17
1.21515859297446e+17
1.21479545864396e+17
1.21459872496782e+17
1.21421843749847e+17
1.21401112142285e+17
1.21361317274071e+17
1.21339480425267e+17
1.21297865921273e+17
1.21274874342455e+17
1.21231383748845e+17
1.21207185225584e+17
1.21161758936098e+17
1.2113629830801e+17
1.21088873357941e+17
1.2106209230915e+17
1.21012602166339e+17
1.20984439020543e+17
1.2093281337029e+17
1.20903202883839e+17
1.2084936740351e+17
1.20818240556217e+17
1.20762116676997e+17
1.20729400453991e+17
1.20670905109646e+17
1.2063652227227e+17
1.20575567631133e+17
1.20539436476523e+17
1.20475929654646e+17
1.20437963764327e+17
1.20371806520572e+17
1.20331914492578e+17
1.20263002897714e+17
1.20221088065634e+17
1.20149312150343e+17
1.20105272284753e+17
1.20030515658472e+17
1.19984242652902e+17
1.19906382094406e+17
1.19857761636003e+17
1.19776666651608e+17
1.19725577870303e+17
1.19641110218246e+17
1.19587425320594e+17
1.19499438497786e+17
1.19443022378925e+17
1.19351361066891e+17
1.19292070902359e+17
1.19196570372732e+17
1.19134255191371e+17
1.19034740658924e+17
1.18969240890511e+17
1.18865526823801e+17
1.18796673824225e+17
1.18688563196853e+17
1.18616178750588e+17
1.18503462241435e+17
1.18427358032069e+17
1.18309813163542e+17
1.18229790220277e+17
1.18107180434796e+17
1.18023028544176e+17
1.17895102215756e+17
1.17806599303536e+17
1.17673088680005e+17
1.17580000152192e+17
1.17440620231457e+17
1.17342698272493e+17
1.1719714560338e+17
1.17094128433455e+17
1.16942079852413e+17
1.16833690920082e+17
1.166748022108e+17
1.1656074933893e+17
1.16394653829237e+17
1.16274628279859e+17
1.16100935370164e+17
1.15974610835821e+17
1.15792904473327e+17
1.15659935973784e+17
1.15469773073442e+17
1.15329795748468e+17
1.15130704572569e+17
1.14983332353078e+17
1.14774810857625e+17
1.14619635005152e+17
1.14401149165802e+17
1.14237736665743e+17
1.14008718801587e+17
1.13836610587284e+17
1.13596457681382e+17
1.13415166687215e+17
1.13163238735901e+17
1.12972247758554e+17
1.12707866147174e+17
1.12506625510719e+17
1.12229071437126e+17
1.12016996463438e+17
1.11725509408615e+17
1.11501977688052e+17
1.11195753953609e+17
1.10960102419739e+17
1.10638293738908e+17
1.10389815564263e+17
1.10051527779712e+17
1.09789469112551e+17
1.09433760933319e+17
1.09157317504845e+17
1.08783199341313e+17
1.08491512967321e+17
1.08097945850508e+17
1.07790100878794e+17
1.07375995446896e+17
1.07051015203374e+17
1.06615230776781e+17
1.06272074047356e+17
1.05813417781261e+17
1.05450975417908e+17
1.04968201531969e+17
1.04585293237958e+17
1.04077102337669e+17
1.03672473701359e+17
1.03137512193844e+17
1.02709832057332e+17
1.02146691677839e+17
1.01694549904284e+17
1.01101767361244e+17
1.00623673081524e+17
9.99997298528113e+16
9.94941102539312e+16
9.88374325497934e+16
9.83026322727265e+16
9.76115911852663e+16
9.70458723808451e+16
9.6318784251302e+16
9.5720327316319e+16
9.49554543411972e+16
9.43223593697079e+16
9.35179104450904e+16
9.28481993802257e+16
9.2002331200288e+16
9.12939506668167e+16
9.0404769057728e+16
8.96555937918922e+16
8.87211552505373e+16
8.79289920647057e+16
8.69473054364001e+16
8.61098975752342e+16
8.50789257967615e+16
8.41939575082193e+16
8.31116192602103e+16
8.21767203743232e+16
8.10408914787761e+16
8.0053641674616e+16
7.88621559610295e+16
7.78200883487215e+16
7.65707375957107e+16
7.54713410464425e+16
7.41618734108271e+16
7.30025926944817e+16
7.16307077639437e+16
7.04089394652076e+16
6.89722806890355e+16
6.76853671614715e+16
6.61815102571204e+16
6.48267228724315e+16
6.32531498503685e+16
6.18276571221536e+16
6.01817136498995e+16
5.86825264599797e+16
5.69613505311707e+16
5.5385228776026e+16
5.35856293776843e+16
5.19289187007498e+16
5.00471621532643e+16
4.8305507701483e+16
4.63369451998123e+16
4.45047817486455e+16
4.24431742696684e+16
4.05127384475037e+16
3.83488791697075e+16
3.63082526754212e+16
3.40234902271107e+16
3.18444566198157e+16
2.94035329649071e+16
2.70371861335625e+16
2.43599148120789e+16
2.17058240613429e+16
1.87268111210421e+16
1.58549080996316e+16
1.29569530542858e+16
1.06443672737774e+16
8.72558836194473e+15
7.47500681718976e+15
6.49152188181886e+15
5.72044246649248e+15
)
;

boundaryField
{
    electrode
    {
        type            zeroGradient;
    }
    ground
    {
        type            zeroGradient;
    }
    otherfaces
    {
        type            empty;
    }
}


// ************************************************************************* //
