/*--------------------------------*- C++ -*----------------------------------*\
| =========                 |                                                 |
| \\      /  F ield         | foam-extend: Open Source CFD                    |
|  \\    /   O peration     | Version:     4.1                                |
|   \\  /    A nd           | Web:         http://www.foam-extend.org         |
|    \\/     M anipulation  |                                                 |
\*---------------------------------------------------------------------------*/
FoamFile
{
    version     2.0;
    format      ascii;
    class       volScalarField;
    location    "2.50010000204314e-05";
    object      diffusionArp1;
}
// * * * * * * * * * * * * * * * * * * * * * * * * * * * * * * * * * * * * * //

dimensions      [0 2 -1 0 0 0 0];

internalField   nonuniform List<scalar> 
500
(
0.000350885788188316
0.000380330599721055
0.000420402768295025
0.000480064693312161
0.000568883628847543
0.000695485279583372
0.000848314465326257
0.00101207533204695
0.00115546787194908
0.00126910378641915
0.00135377148243599
0.0014223261791328
0.00147159470397048
0.00150834206844214
0.00153774592627306
0.00156179275702219
0.00157808731561061
0.00159213797137141
0.00160435889031272
0.00161517053901218
0.00162474869050086
0.00163336465501692
0.00164110149721149
0.00164815029149875
0.00165454601246864
0.00166043254455552
0.00166581824565772
0.00167081665460952
0.00167542108509224
0.00167972450265195
0.0016837114773225
0.00168746018759906
0.00169095018877648
0.00169424885837361
0.00169733266569208
0.00170026050176937
0.00170300742149353
0.00170562601533253
0.00170809043809306
0.00171044813692104
0.00171267326662317
0.00171480890252162
0.00171682932800613
0.00171877414665651
0.00172061789902858
0.00172239748845808
0.00172408771266695
0.00172572303191293
0.00172727901541628
0.00172878780893981
0.001730225496036
0.00173162242230494
0.00173295544279739
0.00173425310295075
0.00173549277214799
0.00173670196716208
0.0017378583145421
0.00173898804523051
0.00174006955727469
0.0017411280529527
0.00174214205889497
0.00174313587729819
0.00174408893487416
0.00174502437657211
0.00174592201485299
0.00174680435175076
0.00174765145689249
0.00174848531797994
0.00174928639038932
0.00175007601890713
0.00175083491607569
0.00175158391234931
0.00175230410601944
0.00175301581320819
0.00175370038937312
0.00175437763630413
0.00175502929520793
0.00175567491070833
0.00175629622401204
0.0017569123939937
0.00175750567619223
0.00175809458656702
0.00175866176640615
0.00175922534591984
0.00175976822356228
0.00176030840096064
0.00176082864798605
0.00176134683768265
0.00176184612567071
0.00176234387066215
0.00176282335686032
0.00176330194297712
0.00176376304179896
0.00176422375487164
0.0017646676235646
0.00176511149225757
0.00176553915948607
0.00176596721246373
0.00176637970689218
0.00176679297281895
0.00176719106594566
0.00176759031631984
0.00176797503680922
0.00176836117171217
0.00176873303389642
0.00176910682482645
0.00176946672878694
0.00176982869007625
0.00177017727872822
0.00177052818187512
0.0017708659695508
0.00177120645747054
0.00177153408708517
0.00177186454552691
0.00177218253141269
0.0017725036032917
0.00177281245978083
0.0017731246594293
0.00177342490085401
0.00177372848543804
0.00177402049754746
0.00177431598139927
0.00177460014994256
0.00177488804739434
0.00177516462953761
0.00177544532633852
0.00177571483641397
0.00177598846114706
0.0017762511563208
0.00177651822331827
0.00177677448933944
0.00177703525576741
0.00177728534980211
0.00177753994424362
0.00177778425204102
0.00177803306024522
0.00177827183897141
0.00177851511810441
0.0017787483677594
0.00177898650357034
0.00177921473848633
0.00177944773097523
0.00177967095115222
0.00177989918606821
0.00178011777725536
0.00178034138318151
0.00178055547396187
0.00178077457948122
0.00178098442702089
0.00178119928929955
0.00178140502218157
0.00178161576980259
0.00178181751661003
0.00178202453532256
0.00178222242463846
0.00178242558585946
0.00178261987484992
0.00178281956432853
0.00178301038157661
0.00178320659931283
0.00178339407340158
0.00178358694797847
0.00178377120749094
0.00178396086749155
0.00178414204101078
0.00178432874360122
0.00178450695971027
0.00178469070489053
0.00178486609217245
0.00178504700852558
0.00178521956698038
0.00178539791167248
0.00178556789846625
0.00178574354291428
0.00178591095804703
0.00178608415941708
0.0017862492600549
0.00178641988976393
0.00178658267590683
0.00178675111970399
0.00178691159135196
0.00178707784923725
0.00178723626355641
0.00178740033552982
0.00178755656393711
0.00178771870716475
0.00178787300682627
0.00178803309272509
0.00178818546364084
0.00178834362079389
0.00178849419154692
0.00178865054853726
0.00178879944771063
0.00178895400453825
0.00178910123213194
0.0017892541173799
0.00178939967339393
0.00178955101564527
0.00178969490007963
0.00178984469933435
0.00178998755510431
0.00179013671144377
0.00179027892429847
0.00179042718055658
0.00179056836474687
0.00179071662100498
0.00179085831952747
0.00179100181821268
0.00179113811624702
0.00179128032910172
0.00179141534130555
0.00179155601116363
0.00179168960895389
0.00179182925014757
0.00179196220502257
0.00179210107471794
0.00179223325809464
0.00179237122770865
0.00179250251100399
0.00179263958053663
0.00179276996375062
0.0017929061332019
0.00179303561633453
0.00179317088570446
0.00179329946875572
0.00179343396662734
0.00179356190676335
0.00179369550455362
0.00179382267319132
0.00179395562806632
0.00179408202520572
0.00179421433716547
0.00179433996280655
0.00179447163185105
0.00179459674315993
0.00179472764070611
0.00179485223768279
0.00179498262089677
0.00179510657495819
0.00179523644383997
0.00179535988356918
0.00179548923811875
0.00179561229209881
0.00179574113231618
0.00179586367196403
0.00179599212643225
0.001796114408914
0.00179624247763306
0.00179636424578261
0.00179649205733556
0.00179661343973596
0.00179674086553976
0.0017968621193571
0.00179698915941175
0.00179711015606299
0.00179723706753459
0.00179735780701973
0.00179748446132522
0.00179760507222731
0.00179773159794975
0.00179785208026879
0.00179797847740818
0.00179809883114416
0.0017982250997005
0.00179834532485344
0.00179847172199283
0.00179859194714576
0.0017987182157021
0.00179883844085503
0.00179896470941138
0.00179908506314736
0.00179921146028675
0.00179933181402273
0.00179945833974518
0.00179957869348116
0.00179970534778666
0.00179982595868874
0.00180206960435025
0.00180559753752779
0.00180931178754661
0.00181284550696146
0.00181656657188199
0.00182566009385046
0.00183818215429783
0.00182079155378044
0.00181537859307136
0.00181182635769714
0.0018080899913935
0.00180454045626335
0.00180079547489528
0.00179978699802421
0.00179965815780684
0.00179953536099289
0.00179940587786026
0.00179927832347341
0.0017991448542662
0.00179901871429291
0.00179888588800095
0.00179875961944461
0.00179862653598655
0.00179850039601326
0.0017983675697213
0.00179824104399886
0.0017981074462086
0.00179798014898784
0.00179784577969927
0.00179771771098021
0.00179758244161028
0.00179745347280987
0.00179731730335858
0.0017971874344768
0.00179705036494415
0.00179691946739797
0.00179678136920091
0.00179664944299031
0.00179651031612884
0.00179637723267078
0.00179623694856185
0.00179610283643939
0.00179596126649994
0.00179582599713001
0.00179568326994311
0.00179554658615962
0.0017954025731422
0.00179526460352819
0.00179511917609721
0.00179497979206964
0.00179483282164205
0.00179469202320091
0.00179454363835976
0.00179440129692201
0.00179425124050118
0.00179410722748376
0.00179395549948327
0.00179380981488619
0.00179365628672298
0.00179350893054623
0.00179335347363725
0.00179320418871474
0.00179304693164304
0.0017928955893917
0.00179273627499118
0.00179258300399408
0.00179242150368169
0.00179226604677271
0.00179210236054845
0.00179194458914455
0.00179177858842537
0.00179161850252654
0.00179144993014634
0.00179128740116954
0.00179111625712831
0.00179095115649048
0.00179077731220517
0.00179060938274022
0.00179043283821084
0.00179026207991876
0.00179008257797919
0.00178990886227693
0.00178972614576109
0.0017895493440656
0.00178936341297347
0.00178918326811865
0.00178899399386719
0.00178881037726998
0.00178861750269309
0.00178843028577045
0.00178823368228506
0.00178804260787088
0.00178784201831091
0.00178764695782214
0.00178744238218758
0.00178724307845812
0.00178703413099982
0.00178683045544662
0.00178661687899847
0.00178640844587237
0.00178619011185132
0.00178597692115232
0.00178575344380923
0.00178553510978818
0.00178530636053998
0.00178508249744773
0.00178484821912833
0.00178461869838182
0.00178437837665901
0.00178414281250909
0.00178389631879982
0.00178365432549734
0.0017834011454694
0.00178315246584825
0.00178289234233554
0.00178263646206353
0.0017823690093169
0.00178210554264486
0.0017818302463321
0.00178155880751088
0.00178127515329979
0.00178099522799719
0.00178070270155557
0.00178041377543937
0.00178011199101806
0.00177981342117302
0.00177950173585676
0.00177919287936762
0.0017788705216581
0.00177855086419266
0.00177821719117463
0.00177788596123457
0.00177754020140972
0.00177719649891369
0.00177683775220066
0.00177648080565035
0.00177610830055084
0.00177573708128184
0.00177534966054838
0.00177496326847933
0.00177455990344752
0.00177415692416485
0.00177373645758722
0.00177331586242653
0.00177287687988952
0.00177243712585419
0.00177197808436118
0.00177151775703765
0.00177103711359203
0.00177055441281758
0.00177005036725663
0.00176954336428549
0.00176901373069733
0.00176848036820069
0.00176792283209041
0.00176736066699028
0.0017667727852799
0.00176617911733221
0.00176555793261156
0.00176492967582308
0.00176427197351586
0.00176360565614421
0.001762907835925
0.00176219947189558
0.00176145703335758
0.00176070225084666
0.00175991056500003
0.0017591040921025
0.00175825737270992
0.00175739329460543
0.0017564852410974
0.00175555661430117
0.00175457951169461
0.00175357823547442
0.00175252334012184
0.00175143989933189
0.00175029679600615
0.00174911987533793
0.00174787634864915
0.00174659257546533
0.00174523358119652
0.00174382675403263
0.00174233467630576
0.00174078512195498
0.00173913784448523
0.00173742151791696
0.00173559216684662
0.00173367872246075
0.00173163309469819
0.00172948447191156
0.00172717962071765
0.00172474721513689
0.00172212746405043
0.00171934749848209
0.00171633878366556
0.00171312562179752
0.00170962751988787
0.00170586312247906
0.00170173547795042
0.00169725281561725
0.00169229311016388
0.00168684440336656
0.00168074506632984
0.00167394610891119
0.00166621916761156
0.00165744028836954
0.00164725483912975
0.00163534226234537
0.00162093003104441
0.00160323378861416
0.00158074859902263
0.00154853134403005
0.00149612732148729
0.00141771943415515
0.0013041721134074
0.00115705535829999
0.00098281027961988
0.000813518027199898
0.000661021678685211
0.000551076740701683
0.000472650980325416
0.000420344809484668
0.000383712430406595
)
;

boundaryField
{
    electrode
    {
        type            zeroGradient;
    }
    ground
    {
        type            zeroGradient;
    }
    otherfaces
    {
        type            empty;
    }
}


// ************************************************************************* //
