/*--------------------------------*- C++ -*----------------------------------*\
| =========                 |                                                 |
| \\      /  F ield         | foam-extend: Open Source CFD                    |
|  \\    /   O peration     | Version:     4.1                                |
|   \\  /    A nd           | Web:         http://www.foam-extend.org         |
|    \\/     M anipulation  |                                                 |
\*---------------------------------------------------------------------------*/
FoamFile
{
    version     2.0;
    format      ascii;
    class       volVectorField;
    location    "2.50010000204314e-05";
    object      EFieldMean;
}
// * * * * * * * * * * * * * * * * * * * * * * * * * * * * * * * * * * * * * //

dimensions      [1 1 -3 0 0 -1 0];

internalField   nonuniform List<vector> 
500
(
(-512793.403225407 0 0)
(-446480.604135232 0 0)
(-375215.254891886 0 0)
(-301940.602673572 0 0)
(-232695.26617668 0 0)
(-174862.912864246 0 0)
(-131983.25191293 0 0)
(-102349.119281612 0 0)
(-82122.8773506199 0 0)
(-67930.7922862947 0 0)
(-57561.2397598622 0 0)
(-49680.8881855672 0 0)
(-43509.5760247981 0 0)
(-38540.7402103918 0 0)
(-34464.5827733323 0 0)
(-31069.716216327 0 0)
(-28218.8758869577 0 0)
(-25797.0842018286 0 0)
(-23728.1641298022 0 0)
(-21944.5277111933 0 0)
(-20401.9874750731 0 0)
(-19055.8593496638 0 0)
(-17878.6050182657 0 0)
(-16839.0832735719 0 0)
(-15919.9314060769 0 0)
(-15098.8369287796 0 0)
(-14364.9564243928 0 0)
(-13701.731976316 0 0)
(-13102.7592281739 0 0)
(-12555.5787917426 0 0)
(-12056.6004217507 0 0)
(-11596.1525743754 0 0)
(-11172.7113005805 0 0)
(-10778.6513747435 0 0)
(-10413.7498885737 0 0)
(-10071.7430113809 0 0)
(-9753.21238870661 0 0)
(-9452.82464043098 0 0)
(-9171.64773188989 0 0)
(-8905.0476225977 0 0)
(-8654.47245074684 0 0)
(-8415.82721978592 0 0)
(-8190.75963201819 0 0)
(-7975.5628288055 0 0)
(-7772.00699562339 0 0)
(-7576.69473580494 0 0)
(-7391.46871544034 0 0)
(-7213.18388583142 0 0)
(-7043.72141339801 0 0)
(-6880.14600833273 0 0)
(-6724.35338988608 0 0)
(-6573.58555853941 0 0)
(-6429.73636251402 0 0)
(-6290.20014210716 0 0)
(-6156.85715062289 0 0)
(-6027.23435485363 0 0)
(-5903.19036004868 0 0)
(-5782.36898887782 0 0)
(-5666.60183262519 0 0)
(-5553.63693591904 0 0)
(-5445.27506123961 0 0)
(-5339.35787767299 0 0)
(-5237.65287603638 0 0)
(-5138.08656975862 0 0)
(-5042.39173082698 0 0)
(-4948.57240591665 0 0)
(-4858.3259009068 0 0)
(-4769.72749013963 0 0)
(-4684.43861657919 0 0)
(-4600.60033325878 0 0)
(-4519.83825536445 0 0)
(-4440.35447664804 0 0)
(-4363.73895094229 0 0)
(-4288.25073662748 0 0)
(-4215.44481484431 0 0)
(-4143.63362502646 0 0)
(-4074.33786800193 0 0)
(-4005.92015073512 0 0)
(-3939.86735543275 0 0)
(-3874.58951718304 0 0)
(-3811.54032762222 0 0)
(-3749.17451739909 0 0)
(-3688.91381971508 0 0)
(-3629.25535841334 0 0)
(-3571.58924118751 0 0)
(-3514.45310460173 0 0)
(-3459.20632961347 0 0)
(-3404.42515911446 0 0)
(-3351.43912529009 0 0)
(-3298.86105861972 0 0)
(-3247.99107802845 0 0)
(-3197.47745928495 0 0)
(-3148.59181784233 0 0)
(-3100.01624305323 0 0)
(-3052.99451231008 0 0)
(-3006.2413935885 0 0)
(-2960.97342072044 0 0)
(-2915.93661289579 0 0)
(-2872.32117251363 0 0)
(-2828.90337670988 0 0)
(-2786.84751138939 0 0)
(-2744.95894961441 0 0)
(-2704.3768571959 0 0)
(-2663.93505247213 0 0)
(-2624.74772350107 0 0)
(-2585.67575073338 0 0)
(-2547.80945641978 0 0)
(-2510.03636700696 0 0)
(-2473.4231990529 0 0)
(-2436.88303377494 0 0)
(-2401.45952844931 0 0)
(-2366.09091611641 0 0)
(-2331.79844727207 0 0)
(-2297.54442724361 0 0)
(-2264.32795075529 0 0)
(-2231.13503324355 0 0)
(-2198.94326843135 0 0)
(-2166.76167836645 0 0)
(-2135.54674409104 0 0)
(-2104.3298386303 0 0)
(-2074.04682791136 0 0)
(-2043.75096495786 0 0)
(-2014.35792592898 0 0)
(-1984.94213902376 0 0)
(-1956.39944268743 0 0)
(-1927.82509585845 0 0)
(-1900.09558322599 0 0)
(-1872.32642169821 0 0)
(-1845.37512366863 0 0)
(-1818.37691312998 0 0)
(-1792.1707108556 0 0)
(-1765.91106565259 0 0)
(-1740.41873065468 0 0)
(-1714.86712052229 0 0)
(-1690.05912397846 0 0)
(-1665.18657381757 0 0)
(-1641.03497832155 0 0)
(-1616.81418542711 0 0)
(-1593.29264259473 0 0)
(-1569.69776703404 0 0)
(-1546.78125135589 0 0)
(-1523.78766597741 0 0)
(-1501.45233745308 0 0)
(-1479.03665770244 0 0)
(-1457.25995676845 0 0)
(-1435.40000701236 0 0)
(-1414.16038429414 0 0)
(-1392.83486521788 0 0)
(-1372.11171989645 0 0)
(-1351.30036982765 0 0)
(-1331.07405266086 0 0)
(-1310.7574845337 0 0)
(-1291.0092352969 0 0)
(-1271.16896993507 0 0)
(-1251.88088635467 0 0)
(-1232.49922592253 0 0)
(-1213.65413718946 0 0)
(-1194.71410690919 0 0)
(-1176.29552775707 0 0)
(-1157.78077270599 0 0)
(-1139.77284695226 0 0)
(-1121.667694174 0 0)
(-1104.05522657569 0 0)
(-1086.3446181642 0 0)
(-1069.11299659358 0 0)
(-1051.78244019964 0 0)
(-1034.91760474512 0 0)
(-1017.95313834167 0 0)
(-1001.44151336852 0 0)
(-984.82963897581 0 0)
(-968.658119945342 0 0)
(-952.385807575859 0 0)
(-936.541763638961 0 0)
(-920.59645022518 0 0)
(-905.067659334554 0 0)
(-889.437149957143 0 0)
(-874.211763646762 0 0)
(-858.884236257302 0 0)
(-843.950760412955 0 0)
(-828.91477223244 0 0)
(-814.262123832888 0 0)
(-799.506623273028 0 0)
(-785.124039183648 0 0)
(-770.63821680525 0 0)
(-756.515172566009 0 0)
(-742.288522049838 0 0)
(-728.41481487246 0 0)
(-714.437129873147 0 0)
(-700.802838583716 0 0)
(-687.064166437058 0 0)
(-673.659628089793 0 0)
(-660.149864380552 0 0)
(-646.95914391295 0 0)
(-633.654426799276 0 0)
(-620.657640895155 0 0)
(-607.545847268248 0 0)
(-594.733298462545 0 0)
(-581.78918883456 0 0)
(-569.123897813395 0 0)
(-556.3756090186 0 0)
(-543.929461934278 0 0)
(-531.379711143276 0 0)
(-519.123680403834 0 0)
(-506.767115580973 0 0)
(-494.69795113674 0 0)
(-482.526246435639 0 0)
(-470.651265663068 0 0)
(-458.685811848015 0 0)
(-446.980117589774 0 0)
(-435.163908202154 0 0)
(-423.618316349767 0 0)
(-411.97276474339 0 0)
(-400.568303818017 0 0)
(-389.046739038147 0 0)
(-377.762082345963 0 0)
(-366.360241405615 0 0)
(-355.187838539736 0 0)
(-343.897578417594 0 0)
(-332.833543775178 0 0)
(-321.65179127944 0 0)
(-310.691154413488 0 0)
(-299.611873783726 0 0)
(-288.748320184653 0 0)
(-277.764856215026 0 0)
(-266.991734291038 0 0)
(-256.097229448028 0 0)
(-245.407769971512 0 0)
(-234.595300796064 0 0)
(-223.982701027396 0 0)
(-213.245328733319 0 0)
(-202.702787236204 0 0)
(-192.033585220807 0 0)
(-181.554314782109 0 0)
(-170.946375936323 0 0)
(-160.523616085938 0 0)
(-149.970059175607 0 0)
(-139.597074156169 0 0)
(-129.091045658352 0 0)
(-118.761126412624 0 0)
(-108.295797862235 0 0)
(-98.0022594691366 0 0)
(-87.5708269338849 0 0)
(-77.3070057332017 0 0)
(-66.9026862544626 0 0)
(-56.6619384484322 0 0)
(-46.2779694619689 0 0)
(-36.0536753862895 0 0)
(-25.6833612313302 0 0)
(-15.4691964751094 0 0)
(-5.10340978917316 0 0)
(5.10429441215656 0 0)
(15.4700826678316 0 0)
(25.684250490008 0 0)
(36.0545695134716 0 0)
(46.278869904941 0 0)
(56.662846843968 0 0)
(66.9036042228824 0 0)
(77.3079348948545 0 0)
(87.5717686960114 0 0)
(98.0032155103819 0 0)
(108.296769874646 0 0)
(118.76211567156 0 0)
(129.092053959516 0 0)
(139.598103349689 0 0)
(149.971110194931 0 0)
(160.524690612232 0 0)
(170.947475562048 0 0)
(181.55544134898 0 0)
(192.034739359078 0 0)
(202.703971186378 0 0)
(213.246544587395 0 0)
(223.983948421057 0 0)
(234.596582314626 0 0)
(245.409087344824 0 0)
(256.098584255569 0 0)
(266.993127170811 0 0)
(277.766288860718 0 0)
(288.749794246883 0 0)
(299.613390221244 0 0)
(310.692715068994 0 0)
(321.65339719323 0 0)
(332.83519631207 0 0)
(343.899278759493 0 0)
(355.1895881335 0 0)
(366.36204131246 0 0)
(377.763933817206 0 0)
(389.048643712691 0 0)
(400.570262776664 0 0)
(411.974779631823 0 0)
(423.620387509508 0 0)
(435.166040262467 0 0)
(446.982308834394 0 0)
(458.688063876178 0 0)
(470.653578739347 0 0)
(482.528622360818 0 0)
(494.700389811018 0 0)
(506.769618871407 0 0)
(519.126248356797 0 0)
(531.382346057802 0 0)
(543.932163965929 0 0)
(556.378379251056 0 0)
(569.12673674808 0 0)
(581.7920982147 0 0)
(594.736278969524 0 0)
(607.548900011134 0 0)
(620.660766198649 0 0)
(633.65762601075 0 0)
(646.962417163965 0 0)
(660.153212702789 0 0)
(673.663052445597 0 0)
(687.067667169571 0 0)
(700.806416486717 0 0)
(714.440785969724 0 0)
(728.418550000022 0 0)
(742.292336299515 0 0)
(756.51906681663 0 0)
(770.642191566802 0 0)
(785.12809500044 0 0)
(799.510761776331 0 0)
(814.26634492705 0 0)
(828.919076000893 0 0)
(843.955148848283 0 0)
(858.888709271761 0 0)
(874.21632118322 0 0)
(889.441794041073 0 0)
(905.07238880842 0 0)
(920.601266691526 0 0)
(936.54666698704 0 0)
(952.390797727338 0 0)
(968.66319811072 0 0)
(984.834805145663 0 0)
(1001.44676752116 0 0)
(1017.95848035034 0 0)
(1034.92303541946 0 0)
(1051.78795933854 0 0)
(1069.11860337766 0 0)
(1086.35031364284 0 0)
(1104.06101030012 0 0)
(1121.67356571482 0 0)
(1139.77880587786 0 0)
(1157.78681942478 0 0)
(1176.30166097537 0 0)
(1194.72032733071 0 0)
(1213.66044306824 0 0)
(1232.50561726219 0 0)
(1251.88736227784 0 0)
(1271.17553069726 0 0)
(1291.01587859164 0 0)
(1310.76421060645 0 0)
(1331.08086171146 0 0)
(1351.30725917288 0 0)
(1372.11868909167 0 0)
(1392.84191268828 0 0)
(1414.16751060437 0 0)
(1435.40721057899 0 0)
(1457.26723459203 0 0)
(1479.04400951495 0 0)
(1501.45976159029 0 0)
(1523.7951616796 0 0)
(1546.7888171408 0 0)
(1569.70540059617 0 0)
(1593.30034204455 0 0)
(1616.82195195366 0 0)
(1641.04280557135 0 0)
(1665.19446296157 0 0)
(1690.06707243895 0 0)
(1714.8751264267 0 0)
(1740.42679175456 0 0)
(1765.91918220308 0 0)
(1792.17888350831 0 0)
(1818.38514275425 0 0)
(1845.38340721672 0 0)
(1872.33476077208 0 0)
(1900.10397737563 0 0)
(1927.83354327195 0 0)
(1956.407943256 0 0)
(1984.95068737806 0 0)
(2014.36652116187 0 0)
(2043.75960913467 0 0)
(2074.05551734385 0 0)
(2104.33857019898 0 0)
(2135.55551262937 0 0)
(2166.77048738368 0 0)
(2198.95211445313 0 0)
(2231.14391174693 0 0)
(2264.33685763575 0 0)
(2297.55336326051 0 0)
(2331.80740727637 0 0)
(2366.09989815355 0 0)
(2401.46852826294 0 0)
(2436.89205061392 0 0)
(2473.43222872822 0 0)
(2510.04541285796 0 0)
(2547.81851352031 0 0)
(2585.68482338208 0 0)
(2624.75680804482 0 0)
(2663.94414563129 0 0)
(2704.38595675517 0 0)
(2744.96805544944 0 0)
(2786.85661863692 0 0)
(2828.91248612485 0 0)
(2872.33027761393 0 0)
(2915.94571114255 0 0)
(2960.98250614649 0 0)
(3006.25046670495 0 0)
(3053.00357029855 0 0)
(3100.02528037091 0 0)
(3148.60083575862 0 0)
(3197.48645817982 0 0)
(3248.00005738554 0 0)
(3298.87001549627 0 0)
(3351.44805953934 0 0)
(3404.43406969667 0 0)
(3459.21521545553 0 0)
(3514.46196438061 0 0)
(3571.59806349887 0 0)
(3629.26414659 0 0)
(3688.92256339929 0 0)
(3749.1832235304 0 0)
(3811.54899385027 0 0)
(3874.59813666467 0 0)
(3939.87594007221 0 0)
(4005.92870026943 0 0)
(4074.34637656433 0 0)
(4143.64209621891 0 0)
(4215.45324293496 0 0)
(4288.25911397046 0 0)
(4363.74728756224 0 0)
(4440.36275791356 0 0)
(4519.84648233358 0 0)
(4600.60853529723 0 0)
(4684.4467464931 0 0)
(4769.73556268107 0 0)
(4858.33397168085 0 0)
(4948.58041751918 0 0)
(5042.39967747983 0 0)
(5138.09450109536 0 0)
(5237.66077902111 0 0)
(5339.36574953506 0 0)
(5445.28288922562 0 0)
(5553.6447283317 0 0)
(5666.60961873578 0 0)
(5782.37675591099 0 0)
(5903.19810871074 0 0)
(6027.24208910569 0 0)
(6156.86488619553 0 0)
(6290.20787444822 0 0)
(6429.74409808462 0 0)
(6573.59331761607 0 0)
(6724.36116379593 0 0)
(6880.15382818336 0 0)
(7043.72929078142 0 0)
(7213.19181593743 0 0)
(7391.47670812864 0 0)
(7576.70281907356 0 0)
(7772.01518978863 0 0)
(7975.57112934446 0 0)
(8190.76809603113 0 0)
(8415.83588389183 0 0)
(8654.48132330772 0 0)
(8905.0567220593 0 0)
(9171.65708343739 0 0)
(9452.83428676838 0 0)
(9753.22238900902 0 0)
(10071.7534218851 0 0)
(10413.7607632159 0 0)
(10778.66278071 0 0)
(11172.7233141113 0 0)
(11596.1652706062 0 0)
(12056.6138909993 0 0)
(12555.5931473369 0 0)
(13102.7745732609 0 0)
(13701.7484132541 0 0)
(14364.9740358894 0 0)
(15098.8557802605 0 0)
(15919.9515257501 0 0)
(16839.1046357145 0 0)
(17878.6275176053 0 0)
(19055.8828076636 0 0)
(20402.0115996722 0 0)
(21944.5520874592 0 0)
(23728.188187839 0 0)
(25797.1072036273 0 0)
(28218.8968985426 0 0)
(31069.7340986254 0 0)
(34464.5961674208 0 0)
(38540.7475398193 0 0)
(43509.5754772587 0 0)
(49680.8776577257 0 0)
(57561.2168433585 0 0)
(67930.754427561 0 0)
(82122.8220852301 0 0)
(102349.04456252 0 0)
(131983.156564306 0 0)
(174862.796024774 0 0)
(232695.124116108 0 0)
(301940.427213276 0 0)
(375215.03773432 0 0)
(446480.341618966 0 0)
(512793.096279197 0 0)
)
;

boundaryField
{
    electrode
    {
        type            calculated;
        value           uniform (-544577.406219176 0 0);
    }
    ground
    {
        type            calculated;
        value           uniform (544577.077655616 0 0);
    }
    otherfaces
    {
        type            empty;
    }
}


// ************************************************************************* //
