/*--------------------------------*- C++ -*----------------------------------*\
| =========                 |                                                 |
| \\      /  F ield         | foam-extend: Open Source CFD                    |
|  \\    /   O peration     | Version:     4.1                                |
|   \\  /    A nd           | Web:         http://www.foam-extend.org         |
|    \\/     M anipulation  |                                                 |
\*---------------------------------------------------------------------------*/
FoamFile
{
    version     2.0;
    format      ascii;
    class       volVectorField;
    location    "2.50010000204314e-05";
    object      Flux_Ar2p;
}
// * * * * * * * * * * * * * * * * * * * * * * * * * * * * * * * * * * * * * //

dimensions      [0 -2 -1 0 0 0 0];

internalField   nonuniform List<vector> 
500
(
(-1.74908924952639e+19 0 0)
(-1.73005478587825e+19 0 0)
(-1.74347234057748e+19 0 0)
(-1.71885662671591e+19 0 0)
(-1.72729611553416e+19 0 0)
(-1.71081096038052e+19 0 0)
(-1.7207335931121e+19 0 0)
(-1.71135163557229e+19 0 0)
(-1.71660834592621e+19 0 0)
(-1.7057029683906e+19 0 0)
(-1.7061008334698e+19 0 0)
(-1.69397639217211e+19 0 0)
(-1.69156717787362e+19 0 0)
(-1.67880489704638e+19 0 0)
(-1.67458431137269e+19 0 0)
(-1.66138269593148e+19 0 0)
(-1.65579773618562e+19 0 0)
(-1.64224230761055e+19 0 0)
(-1.6355784934584e+19 0 0)
(-1.62172979316925e+19 0 0)
(-1.61418506434834e+19 0 0)
(-1.60009479929706e+19 0 0)
(-1.59182206410702e+19 0 0)
(-1.57753885602693e+19 0 0)
(-1.56866212585037e+19 0 0)
(-1.55423216881307e+19 0 0)
(-1.54485493963884e+19 0 0)
(-1.53032188962336e+19 0 0)
(-1.52053218161231e+19 0 0)
(-1.50593694010103e+19 0 0)
(-1.4958105651953e+19 0 0)
(-1.48119111198744e+19 0 0)
(-1.47079391228783e+19 0 0)
(-1.45618521095658e+19 0 0)
(-1.44557468131806e+19 0 0)
(-1.43100866031858e+19 0 0)
(-1.42023517386661e+19 0 0)
(-1.4057407633358e+19 0 0)
(-1.39484853164815e+19 0 0)
(-1.38045174418389e+19 0 0)
(-1.36947959221848e+19 0 0)
(-1.35520362814014e+19 0 0)
(-1.34418563453546e+19 0 0)
(-1.3300510139559e+19 0 0)
(-1.31901705583959e+19 0 0)
(-1.30504176159529e+19 0 0)
(-1.29401798316059e+19 0 0)
(-1.28021761190467e+19 0 0)
(-1.26922683231397e+19 0 0)
(-1.25561475063126e+19 0 0)
(-1.24467682376144e+19 0 0)
(-1.2312643251027e+19 0 0)
(-1.22039646026883e+19 0 0)
(-1.20719291977984e+19 0 0)
(-1.19640996700681e+19 0 0)
(-1.18342299430243e+19 0 0)
(-1.17273770150998e+19 0 0)
(-1.15997328821008e+19 0 0)
(-1.14939653085537e+19 0 0)
(-1.13685919423853e+19 0 0)
(-1.1264001822607e+19 0 0)
(-1.11409310077233e+19 0 0)
(-1.10375956477046e+19 0 0)
(-1.09168470957477e+19 0 0)
(-1.08148306738542e+19 0 0)
(-1.06964132555817e+19 0 0)
(-1.0595768314106e+19 0 0)
(-1.04796812240169e+19 0 0)
(-1.03804500101277e+19 0 0)
(-1.02666838716399e+19 0 0)
(-1.01688995204032e+19 0 0)
(-1.00574374092892e+19 0 0)
(-9.96112500828087e+18 0 0)
(-9.85194340930599e+18 0 0)
(-9.75712093710345e+18 0 0)
(-9.65019064114782e+18 0 0)
(-9.55686980067707e+18 0 0)
(-9.45215672235132e+18 0 0)
(-9.36034367582284e+18 0 0)
(-9.25780961344541e+18 0 0)
(-9.16750563490318e+18 0 0)
(-9.06710896916855e+18 0 0)
(-8.9783110216184e+18 0 0)
(-8.8800073426732e+18 0 0)
(-8.79270858053274e+18 0 0)
(-8.69645126414939e+18 0 0)
(-8.61064149234769e+18 0 0)
(-8.51638221743347e+18 0 0)
(-8.43204828361558e+18 0 0)
(-8.33973749413952e+18 0 0)
(-8.2568636453304e+18 0 0)
(-8.1664509601802e+18 0 0)
(-8.08501916206693e+18 0 0)
(-7.99645373388251e+18 0 0)
(-7.91644395492213e+18 0 0)
(-7.82967478905794e+18 0 0)
(-7.75106525456486e+18 0 0)
(-7.66604147957121e+18 0 0)
(-7.58880890633118e+18 0 0)
(-7.50548000394829e+18 0 0)
(-7.42959981674148e+18 0 0)
(-7.3479158189072e+18 0 0)
(-7.27336233156771e+18 0 0)
(-7.19327398474209e+18 0 0)
(-7.1200205865741e+18 0 0)
(-7.04147948049828e+18 0 0)
(-6.96949879812382e+18 0 0)
(-6.89245746862379e+18 0 0)
(-6.82172151519544e+18 0 0)
(-6.74613352788433e+18 0 0)
(-6.67661384253826e+18 0 0)
(-6.60243385202357e+18 0 0)
(-6.53410162344779e+18 0 0)
(-6.46128541077761e+18 0 0)
(-6.39411159911176e+18 0 0)
(-6.32261610344994e+18 0 0)
(-6.25657154598916e+18 0 0)
(-6.18635487102872e+18 0 0)
(-6.12141037512945e+18 0 0)
(-6.05243179409311e+18 0 0)
(-5.98855823336565e+18 0 0)
(-5.9207781795862e+18 0 0)
(-5.85794656912594e+18 0 0)
(-5.79132662505536e+18 0 0)
(-5.7295081881942e+18 0 0)
(-5.66401106354104e+18 0 0)
(-5.60317730259725e+18 0 0)
(-5.53876681086254e+18 0 0)
(-5.47888955424531e+18 0 0)
(-5.4155305856999e+18 0 0)
(-5.3565820396814e+18 0 0)
(-5.2942405340639e+18 0 0)
(-5.23619332240688e+18 0 0)
(-5.17483623690215e+18 0 0)
(-5.117663431086e+18 0 0)
(-5.05725871054927e+18 0 0)
(-5.00093386323011e+18 0 0)
(-4.94145040816726e+18 0 0)
(-4.88594757086052e+18 0 0)
(-4.82735520613725e+18 0 0)
(-4.7726489487083e+18 0 0)
(-4.71491839337387e+18 0 0)
(-4.66098381747622e+18 0 0)
(-4.6040866555772e+18 0 0)
(-4.55089939918562e+18 0 0)
(-4.49480804689589e+18 0 0)
(-4.44234429674562e+18 0 0)
(-4.38703197598803e+18 0 0)
(-4.33526846211832e+18 0 0)
(-4.28070917223587e+18 0 0)
(-4.22962317268219e+18 0 0)
(-4.17579166170718e+18 0 0)
(-4.12536099869996e+18 0 0)
(-4.07223273743093e+18 0 0)
(-4.02243577107522e+18 0 0)
(-3.96998692703662e+18 0 0)
(-3.92080254993084e+18 0 0)
(-3.86900996296967e+18 0 0)
(-3.82041759179749e+18 0 0)
(-3.76925874919803e+18 0 0)
(-3.7212383155869e+18 0 0)
(-3.67069132878209e+18 0 0)
(-3.62322326867596e+18 0 0)
(-3.5732668508238e+18 0 0)
(-3.52633209457315e+18 0 0)
(-3.47694553820215e+18 0 0)
(-3.4305254964397e+18 0 0)
(-3.38168865358556e+18 0 0)
(-3.33576520716089e+18 0 0)
(-3.28745846686051e+18 0 0)
(-3.24201395392139e+18 0 0)
(-3.19421822344996e+18 0 0)
(-3.14923542647529e+18 0 0)
(-3.1019321112361e+18 0 0)
(-3.05739424279284e+18 0 0)
(-3.0105652293711e+18 0 0)
(-2.96645592137796e+18 0 0)
(-2.92008355879796e+18 0 0)
(-2.87638684702585e+18 0 0)
(-2.83045392780489e+18 0 0)
(-2.78715424047671e+18 0 0)
(-2.74164398784157e+18 0 0)
(-2.69872613252437e+18 0 0)
(-2.65362218137856e+18 0 0)
(-2.61107133133243e+18 0 0)
(-2.5663577123251e+18 0 0)
(-2.52415939682582e+18 0 0)
(-2.47982052348811e+18 0 0)
(-2.43796061474434e+18 0 0)
(-2.39398127152887e+18 0 0)
(-2.35244597270721e+18 0 0)
(-2.30881130090514e+18 0 0)
(-2.2675871412206e+18 0 0)
(-2.22428262437527e+18 0 0)
(-2.18335644831351e+18 0 0)
(-2.14036790669246e+18 0 0)
(-2.09972686863465e+18 0 0)
(-2.05704045808584e+18 0 0)
(-2.01667202836453e+18 0 0)
(-1.97427422738598e+18 0 0)
(-1.93416658170033e+18 0 0)
(-1.89204406645122e+18 0 0)
(-1.852184748148e+18 0 0)
(-1.81032407257214e+18 0 0)
(-1.77070208072484e+18 0 0)
(-1.72909090018242e+18 0 0)
(-1.68969141363108e+18 0 0)
(-1.6483167994969e+18 0 0)
(-1.60913123059336e+18 0 0)
(-1.56798378654587e+18 0 0)
(-1.52899756989822e+18 0 0)
(-1.4880631842797e+18 0 0)
(-1.44926541633835e+18 0 0)
(-1.40853254339381e+18 0 0)
(-1.36991229598441e+18 0 0)
(-1.32936824112136e+18 0 0)
(-1.29091528373053e+18 0 0)
(-1.2505489145859e+18 0 0)
(-1.21225264382264e+18 0 0)
(-1.17205234882362e+18 0 0)
(-1.13390278184675e+18 0 0)
(-1.09385758301134e+18 0 0)
(-1.05584473758699e+18 0 0)
(-1.015943599541e+18 0 0)
(-9.78057567536766e+17 0 0)
(-9.38289485014882e+17 0 0)
(-9.00520419358941e+17 0 0)
(-8.6087443532141e+17 0 0)
(-8.23212633154387e+17 0 0)
(-7.83678289391611e+17 0 0)
(-7.46114373859538e+17 0 0)
(-7.06680798814336e+17 0 0)
(-6.69205080593825e+17 0 0)
(-6.29862050509846e+17 0 0)
(-5.92465239561621e+17 0 0)
(-5.5320223792993e+17 0 0)
(-5.15874979697714e+17 0 0)
(-4.76681743985879e+17 0 0)
(-4.39414754735084e+17 0 0)
(-4.00281112937913e+17 0 0)
(-3.63065148574423e+17 0 0)
(-3.23980949912641e+17 0 0)
(-2.86806700763113e+17 0 0)
(-2.47762032578679e+17 0 0)
(-2.10620119984996e+17 0 0)
(-1.71605247414385e+17 0 0)
(-1.34486159702673e+17 0 0)
(-9.54915396745415e+16 0 0)
(-5.83856925184756e+16 0 0)
(-1.9401873247e+16 0 0)
(1.76999110561519e+16 0 0)
(5.66836833703569e+16 0 0)
(9.37894211033758e+16 0 0)
(1.32783876525383e+17 0 0)
(1.69902784739766e+17 0 0)
(2.08917359052493e+17 0 0)
(2.46059019875743e+17 0 0)
(2.8510328192051e+17 0 0)
(3.22277147229344e+17 0 0)
(3.61360882281751e+17 0 0)
(3.9857629963189e+17 0 0)
(4.377094329165e+17 0 0)
(4.74975732349764e+17 0 0)
(5.14168332610776e+17 0 0)
(5.51494879720611e+17 0 0)
(5.9075708674884e+17 0 0)
(6.28153129074641e+17 0 0)
(6.67495249434545e+17 0 0)
(7.04970136231295e+17 0 0)
(7.4440248684048e+17 0 0)
(7.81965562824033e+17 0 0)
(8.21498892910124e+17 0 0)
(8.59159467231883e+17 0 0)
(8.98804039035178e+17 0 0)
(9.36572011507511e+17 0 0)
(9.76338789949655e+17 0 0)
(1.01422375012889e+18 0 0)
(1.05412349300003e+18 0 0)
(1.09213510935876e+18 0 0)
(1.13217877278963e+18 0 0)
(1.17032705970258e+18 0 0)
(1.21052579982514e+18 0 0)
(1.24882091407191e+18 0 0)
(1.2891865021796e+18 0 0)
(1.32763838231236e+18 0 0)
(1.36818114912901e+18 0 0)
(1.40680006976358e+18 0 0)
(1.44753162355822e+18 0 0)
(1.48632839064731e+18 0 0)
(1.52726122603733e+18 0 0)
(1.56624608900169e+18 0 0)
(1.60739167581251e+18 0 0)
(1.64657557141636e+18 0 0)
(1.68794821361502e+18 0 0)
(1.72734322760417e+18 0 0)
(1.76894954541511e+18 0 0)
(1.80856789324941e+18 0 0)
(1.85042476317849e+18 0 0)
(1.89028056923028e+18 0 0)
(1.93239950208437e+18 0 0)
(1.97250407146938e+18 0 0)
(2.01489884007517e+18 0 0)
(2.05526437244163e+18 0 0)
(2.0979475979629e+18 0 0)
(2.13858561366621e+18 0 0)
(2.18157082760757e+18 0 0)
(2.22249384710431e+18 0 0)
(2.26579489696631e+18 0 0)
(2.30701576449236e+18 0 0)
(2.35064682337732e+18 0 0)
(2.39217869476521e+18 0 0)
(2.43615427324489e+18 0 0)
(2.47801061989149e+18 0 0)
(2.52234557535859e+18 0 0)
(2.56454018867332e+18 0 0)
(2.60924973780287e+18 0 0)
(2.65179674329111e+18 0 0)
(2.69689646916546e+18 0 0)
(2.73981033571258e+18 0 0)
(2.78531620354622e+18 0 0)
(2.82861175484507e+18 0 0)
(2.8745401275305e+18 0 0)
(2.91823255345521e+18 0 0)
(2.96460020652549e+18 0 0)
(3.00870507588327e+18 0 0)
(3.05552921336155e+18 0 0)
(3.10006248778788e+18 0 0)
(3.14736075676139e+18 0 0)
(3.1923388019902e+18 0 0)
(3.24012931332783e+18 0 0)
(3.28556891369009e+18 0 0)
(3.33387025788924e+18 0 0)
(3.3797886282238e+18 0 0)
(3.42861989531594e+18 0 0)
(3.47503469422094e+18 0 0)
(3.52441549012557e+18 0 0)
(3.57134483342136e+18 0 0)
(3.62129530454947e+18 0 0)
(3.66875777726243e+18 0 0)
(3.71929862571053e+18 0 0)
(3.76731329584044e+18 0 0)
(3.81846580405209e+18 0 0)
(3.86705223081972e+18 0 0)
(3.91883828431158e+18 0 0)
(3.96801653296108e+18 0 0)
(4.02045863993937e+18 0 0)
(4.07024928962121e+18 0 0)
(4.12337060583272e+18 0 0)
(4.17379476006694e+18 0 0)
(4.22761911363812e+18 0 0)
(4.27869840774604e+18 0 0)
(4.33325032285787e+18 0 0)
(4.38500693182213e+18 0 0)
(4.44031165511889e+18 0 0)
(4.49276829597175e+18 0 0)
(4.54885182383012e+18 0 0)
(4.60203176066902e+18 0 0)
(4.65892086658443e+18 0 0)
(4.71284791077691e+18 0 0)
(4.77057017149188e+18 0 0)
(4.82526867830512e+18 0 0)
(4.88385250552925e+18 0 0)
(4.93934737059026e+18 0 0)
(4.99882203873244e+18 0 0)
(5.0551386880957e+18 0 0)
(5.11553436560394e+18 0 0)
(5.17269874177399e+18 0 0)
(5.23404652204564e+18 0 0)
(5.29208506918687e+18 0 0)
(5.35441700187903e+18 0 0)
(5.41335664106169e+18 0 0)
(5.47670576364093e+18 0 0)
(5.53657386706969e+18 0 0)
(5.60097423190004e+18 0 0)
(5.66179858906537e+18 0 0)
(5.72728530020718e+18 0 0)
(5.78909407692484e+18 0 0)
(5.85570331239252e+18 0 0)
(5.91852500451801e+18 0 0)
(5.98629404907573e+18 0 0)
(6.05015742319194e+18 0 0)
(6.11912468747213e+18 0 0)
(6.18405872771057e+18 0 0)
(6.25426376860813e+18 0 0)
(6.32029759695895e+18 0 0)
(6.39178113419347e+18 0 0)
(6.45894393760987e+18 0 0)
(6.53174786054171e+18 0 0)
(6.6000687975447e+18 0 0)
(6.6742361598209e+18 0 0)
(6.74374426718974e+18 0 0)
(6.81931927781677e+18 0 0)
(6.89004336141594e+18 0 0)
(6.96707136033542e+18 0 0)
(7.03903987825695e+18 0 0)
(7.11756729100199e+18 0 0)
(7.19080822888585e+18 0 0)
(7.27088250985067e+18 0 0)
(7.34542323764334e+18 0 0)
(7.42709279009896e+18 0 0)
(7.50295991865156e+18 0 0)
(7.586273988961e+18 0 0)
(7.66349319716403e+18 0 0)
(7.74850174637864e+18 0 0)
(7.82709761352327e+18 0 0)
(7.91385115154672e+18 0 0)
(7.99384696031308e+18 0 0)
(8.08239635188519e+18 0 0)
(8.1638138763718e+18 0 0)
(8.25421011097047e+18 0 0)
(8.33706938409131e+18 0 0)
(8.42936329981529e+18 0 0)
(8.51368236259124e+18 0 0)
(8.60792433591635e+18 0 0)
(8.69371894282864e+18 0 0)
(8.78995852762316e+18 0 0)
(8.87724183403744e+18 0 0)
(8.97552734837606e+18 0 0)
(9.06430956037853e+18 0 0)
(9.16468762582725e+18 0 0)
(9.25497559371043e+18 0 0)
(9.35749061768064e+18 0 0)
(9.44928739164753e+18 0 0)
(9.55398099754248e+18 0 0)
(9.64728531261534e+18 0 0)
(9.75419570510521e+18 0 0)
(9.84900141284067e+18 0 0)
(9.95816268163988e+18 0 0)
(1.00544580996024e+19 0 0)
(1.01658994592311e+19 0 0)
(1.02636666278082e+19 0 0)
(1.03774116079852e+19 0 0)
(1.04766254601789e+19 0 0)
(1.05926909974885e+19 0 0)
(1.06933184264455e+19 0 0)
(1.08117139168293e+19 0 0)
(1.09137127078146e+19 0 0)
(1.10344389775178e+19 0 0)
(1.11377566224735e+19 0 0)
(1.126080483285e+19 0 0)
(1.13653771953918e+19 0 0)
(1.14907276680241e+19 0 0)
(1.15964774942754e+19 0 0)
(1.17240984855091e+19 0 0)
(1.18309337324955e+19 0 0)
(1.19607801275698e+19 0 0)
(1.20685921085076e+19 0 0)
(1.22006040511317e+19 0 0)
(1.23092653738019e+19 0 0)
(1.24433668478209e+19 0 0)
(1.25527291009913e+19 0 0)
(1.26888264478464e+19 0 0)
(1.27987176543697e+19 0 0)
(1.29366980484248e+19 0 0)
(1.30469198002464e+19 0 0)
(1.3186649707491e+19 0 0)
(1.32969739684443e+19 0 0)
(1.34382975651732e+19 0 0)
(1.35484630729756e+19 0 0)
(1.36912007055024e+19 0 0)
(1.38009088850829e+19 0 0)
(1.39448555413002e+19 0 0)
(1.40537658269686e+19 0 0)
(1.41986897185993e+19 0 0)
(1.4306414111258e+19 0 0)
(1.44520553438338e+19 0 0)
(1.45581519933535e+19 0 0)
(1.47042215070912e+19 0 0)
(1.48081869436223e+19 0 0)
(1.49543656568998e+19 0 0)
(1.50556251622355e+19 0 0)
(1.52015636187045e+19 0 0)
(1.52994590134328e+19 0 0)
(1.5444777603625e+19 0 0)
(1.5538551029382e+19 0 0)
(1.56828409434235e+19 0 0)
(1.5771612494833e+19 0 0)
(1.59144374206563e+19 0 0)
(1.59971725698931e+19 0 0)
(1.61380710505406e+19 0 0)
(1.62135305370727e+19 0 0)
(1.6352017417474e+19 0 0)
(1.6418673851221e+19 0 0)
(1.6554234295424e+19 0 0)
(1.6610119419034e+19 0 0)
(1.67421843417832e+19 0 0)
(1.6784476037604e+19 0 0)
(1.69122004384599e+19 0 0)
(1.6936485011276e+19 0 0)
(1.70579887373905e+19 0 0)
(1.70544612911973e+19 0 0)
(1.71643664385312e+19 0 0)
(1.71134594658761e+19 0 0)
(1.72099823823579e+19 0 0)
(1.71140644599608e+19 0 0)
(1.72819267900909e+19 0 0)
(1.71984664196783e+19 0 0)
(1.74442886111405e+19 0 0)
(1.73091723681636e+19 0 0)
(1.74981033529419e+19 0 0)
)
;

boundaryField
{
    electrode
    {
        type            calculated;
        value           uniform (-1.74908924952639e+19 0 0);
    }
    ground
    {
        type            calculated;
        value           uniform (1.74981033529419e+19 0 0);
    }
    otherfaces
    {
        type            empty;
    }
}


// ************************************************************************* //
