/*--------------------------------*- C++ -*----------------------------------*\
| =========                 |                                                 |
| \\      /  F ield         | foam-extend: Open Source CFD                    |
|  \\    /   O peration     | Version:     4.1                                |
|   \\  /    A nd           | Web:         http://www.foam-extend.org         |
|    \\/     M anipulation  |                                                 |
\*---------------------------------------------------------------------------*/
FoamFile
{
    version     2.0;
    format      ascii;
    class       volVectorField;
    location    "2.50010000204314e-05";
    object      Flux_Arp1Mean;
}
// * * * * * * * * * * * * * * * * * * * * * * * * * * * * * * * * * * * * * //

dimensions      [0 -2 -1 0 0 0 0];

internalField   nonuniform List<vector> 
500
(
(-1.07304978465066e+21 0 0)
(-1.06762173406016e+21 0 0)
(-1.07216546694685e+21 0 0)
(-1.06454280087708e+21 0 0)
(-1.06714151412661e+21 0 0)
(-1.06242638297642e+21 0 0)
(-1.06709688633318e+21 0 0)
(-1.06679797133696e+21 0 0)
(-1.07138053504839e+21 0 0)
(-1.07118723854898e+21 0 0)
(-1.07438365879578e+21 0 0)
(-1.07392404980738e+21 0 0)
(-1.07635118761967e+21 0 0)
(-1.07585639665194e+21 0 0)
(-1.07789338463319e+21 0 0)
(-1.07743261134381e+21 0 0)
(-1.07920716768587e+21 0 0)
(-1.07877329990916e+21 0 0)
(-1.08034167265101e+21 0 0)
(-1.07991132183789e+21 0 0)
(-1.08129352848409e+21 0 0)
(-1.08083996879967e+21 0 0)
(-1.08204296024405e+21 0 0)
(-1.08154143966428e+21 0 0)
(-1.08256624871838e+21 0 0)
(-1.08199526119286e+21 0 0)
(-1.08284033634194e+21 0 0)
(-1.08218181160921e+21 0 0)
(-1.08284493866249e+21 0 0)
(-1.08208396506186e+21 0 0)
(-1.08256304082975e+21 0 0)
(-1.0816877363336e+21 0 0)
(-1.08198128556433e+21 0 0)
(-1.08098235028574e+21 0 0)
(-1.08108971623476e+21 0 0)
(-1.0799601622791e+21 0 0)
(-1.07988156157877e+21 0 0)
(-1.07861636847668e+21 0 0)
(-1.07835283920191e+21 0 0)
(-1.07694864874424e+21 0 0)
(-1.07650195257883e+21 0 0)
(-1.07495676807767e+21 0 0)
(-1.07432927614851e+21 0 0)
(-1.07264222488475e+21 0 0)
(-1.07183679599055e+21 0 0)
(-1.07000790041475e+21 0 0)
(-1.06902776351774e+21 0 0)
(-1.06705775146428e+21 0 0)
(-1.06590640692356e+21 0 0)
(-1.0637965576077e+21 0 0)
(-1.06247769099733e+21 0 0)
(-1.06022970384407e+21 0 0)
(-1.05874711418314e+21 0 0)
(-1.05636300518046e+21 0 0)
(-1.05472054870489e+21 0 0)
(-1.05220256581889e+21 0 0)
(-1.05040411124382e+21 0 0)
(-1.04775466838986e+21 0 0)
(-1.04580406459374e+21 0 0)
(-1.04302569277011e+21 0 0)
(-1.04092674660826e+21 0 0)
(-1.03802205474916e+21 0 0)
(-1.03577851435929e+21 0 0)
(-1.03275016026545e+21 0 0)
(-1.03036570482563e+21 0 0)
(-1.02721637413285e+21 0 0)
(-1.02469461015713e+21 0 0)
(-1.02142700212824e+21 0 0)
(-1.01877146031896e+21 0 0)
(-1.01538827586117e+21 0 0)
(-1.01260241100734e+21 0 0)
(-1.00910634477904e+21 0 0)
(-1.00619353677563e+21 0 0)
(-1.00258727065451e+21 0 0)
(-9.99550827004741e+20 0 0)
(-9.95837028350515e+20 0 0)
(-9.92680188978477e+20 0 0)
(-9.88861508106093e+20 0 0)
(-9.8558744796589e+20 0 0)
(-9.81666515773608e+20 0 0)
(-9.78278347752687e+20 0 0)
(-9.74257774316271e+20 0 0)
(-9.70758551911567e+20 0 0)
(-9.66640925475694e+20 0 0)
(-9.63033647056819e+20 0 0)
(-9.58821534248758e+20 0 0)
(-9.55109144887105e+20 0 0)
(-9.50805089100986e+20 0 0)
(-9.46990482514749e+20 0 0)
(-9.42597003119472e+20 0 0)
(-9.38683023606886e+20 0 0)
(-9.34202615169309e+20 0 0)
(-9.30192059199983e+20 0 0)
(-9.25627190727124e+20 0 0)
(-9.21522807859591e+20 0 0)
(-9.16875922039296e+20 0 0)
(-9.12680417644748e+20 0 0)
(-9.07953931042789e+20 0 0)
(-9.03669966400419e+20 0 0)
(-8.98866267943582e+20 0 0)
(-8.94496460890534e+20 0 0)
(-8.89617910826597e+20 0 0)
(-8.85164836296024e+20 0 0)
(-8.80213765561658e+20 0 0)
(-8.75679956006318e+20 0 0)
(-8.70658665313399e+20 0 0)
(-8.6604661118671e+20 0 0)
(-8.60957370116558e+20 0 0)
(-8.56269519979583e+20 0 0)
(-8.51114566172638e+20 0 0)
(-8.46353326614858e+20 0 0)
(-8.41134865275334e+20 0 0)
(-8.36302602231197e+20 0 0)
(-8.31022805739529e+20 0 0)
(-8.26121843518584e+20 0 0)
(-8.20782849762689e+20 0 0)
(-8.15815471102714e+20 0 0)
(-8.10419383330426e+20 0 0)
(-8.05387829853013e+20 0 0)
(-7.99936716067034e+20 0 0)
(-7.94843187982816e+20 0 0)
(-7.89339080080517e+20 0 0)
(-7.8418573617383e+20 0 0)
(-7.78630629199726e+20 0 0)
(-7.73419586372843e+20 0 0)
(-7.67815437787319e+20 0 0)
(-7.62548771067431e+20 0 0)
(-7.56897500201363e+20 0 0)
(-7.51577242389337e+20 0 0)
(-7.45880729607867e+20 0 0)
(-7.40508871149706e+20 0 0)
(-7.34768957377677e+20 0 0)
(-7.29347445862244e+20 0 0)
(-7.23565931727124e+20 0 0)
(-7.1809667198826e+20 0 0)
(-7.12275318003076e+20 0 0)
(-7.06760172509593e+20 0 0)
(-7.00900698375634e+20 0 0)
(-6.95341486407147e+20 0 0)
(-6.89445570382989e+20 0 0)
(-6.83844067890021e+20 0 0)
(-6.7791334630451e+20 0 0)
(-6.72271285777047e+20 0 0)
(-6.66307352713293e+20 0 0)
(-6.60626423115615e+20 0 0)
(-6.5463083008259e+20 0 0)
(-6.48912676649019e+20 0 0)
(-6.42886932467354e+20 0 0)
(-6.37133156807851e+20 0 0)
(-6.31078727260649e+20 0 0)
(-6.25290887329284e+20 0 0)
(-6.19209195160249e+20 0 0)
(-6.13388805311662e+20 0 0)
(-6.07281230154336e+20 0 0)
(-6.01429761271907e+20 0 0)
(-5.9529763960294e+20 0 0)
(-5.89416519264869e+20 0 0)
(-5.83261144557383e+20 0 0)
(-5.7735175713828e+20 0 0)
(-5.71174379787376e+20 0 0)
(-5.6523806682984e+20 0 0)
(-5.59039894525721e+20 0 0)
(-5.53077954905044e+20 0 0)
(-5.46860152715269e+20 0 0)
(-5.4087384314473e+20 0 0)
(-5.34637533871112e+20 0 0)
(-5.28628069105935e+20 0 0)
(-5.22374333560093e+20 0 0)
(-5.16342886862892e+20 0 0)
(-5.10072764311028e+20 0 0)
(-5.04020468002653e+20 0 0)
(-4.97734956472438e+20 0 0)
(-4.9166290236693e+20 0 0)
(-4.85362959166297e+20 0 0)
(-4.79272199071157e+20 0 0)
(-4.72958741455641e+20 0 0)
(-4.66850287784528e+20 0 0)
(-4.60524193301905e+20 0 0)
(-4.54399019754286e+20 0 0)
(-4.48061126919678e+20 0 0)
(-4.41920169042769e+20 0 0)
(-4.35571278028046e+20 0 0)
(-4.29415433993563e+20 0 0)
(-4.23056307294493e+20 0 0)
(-4.16886438406956e+20 0 0)
(-4.10517801489928e+20 0 0)
(-4.04334733155686e+20 0 0)
(-3.9795727518642e+20 0 0)
(-3.91761797634299e+20 0 0)
(-3.85376172404791e+20 0 0)
(-3.79169041221974e+20 0 0)
(-3.72775867739887e+20 0 0)
(-3.66557804768161e+20 0 0)
(-3.6015766805847e+20 0 0)
(-3.53929363629557e+20 0 0)
(-3.47522818595177e+20 0 0)
(-3.41284934731253e+20 0 0)
(-3.34872507357313e+20 0 0)
(-3.2862567927431e+20 0 0)
(-3.22207873125669e+20 0 0)
(-3.15952713607797e+20 0 0)
(-3.09530001685172e+20 0 0)
(-3.03267083918248e+20 0 0)
(-2.96839892159991e+20 0 0)
(-2.90569747815113e+20 0 0)
(-2.84138462926878e+20 0 0)
(-2.77861588713019e+20 0 0)
(-2.71426553350185e+20 0 0)
(-2.65143387289882e+20 0 0)
(-2.58704960142022e+20 0 0)
(-2.52415969843969e+20 0 0)
(-2.45974485640235e+20 0 0)
(-2.39680114367069e+20 0 0)
(-2.33235876538913e+20 0 0)
(-2.26936543373997e+20 0 0)
(-2.20489833452571e+20 0 0)
(-2.14185931785913e+20 0 0)
(-2.07737006748074e+20 0 0)
(-2.01428909580473e+20 0 0)
(-1.94978006894164e+20 0 0)
(-1.88666068233583e+20 0 0)
(-1.82213406069472e+20 0 0)
(-1.75897961393021e+20 0 0)
(-1.69443739744992e+20 0 0)
(-1.63125107193131e+20 0 0)
(-1.56669509075468e+20 0 0)
(-1.50347990608131e+20 0 0)
(-1.43891183056953e+20 0 0)
(-1.37567065464041e+20 0 0)
(-1.31109200989488e+20 0 0)
(-1.24782757209449e+20 0 0)
(-1.18323974716526e+20 0 0)
(-1.11995464933894e+20 0 0)
(-1.05535891184648e+20 0 0)
(-9.92055640512998e+19 0 0)
(-9.27453147199757e+19 0 0)
(-8.64134084891564e+19 0 0)
(-7.99525895256498e+19 0 0)
(-7.36193332957516e+19 0 0)
(-6.71580419606889e+19 0 0)
(-6.0823656968922e+19 0 0)
(-5.43619831587465e+19 0 0)
(-4.80266837043162e+19 0 0)
(-4.156471137313e+19 0 0)
(-3.52287062276261e+19 0 0)
(-2.87665143447443e+19 0 0)
(-2.24300080231761e+19 0 0)
(-1.59676719133626e+19 0 0)
(-9.63084190161033e+18 0 0)
(-3.16825710261465e+18 0 0)
(3.1682476366518e+18 0 0)
(9.63083263653284e+18 0 0)
(1.59676629732958e+19 0 0)
(2.24299997496068e+19 0 0)
(2.87665067768018e+19 0 0)
(3.52286997199054e+19 0 0)
(4.15647059894799e+19 0 0)
(4.80266797556932e+19 0 0)
(5.43619807725897e+19 0 0)
(6.08236563533804e+19 0 0)
(6.71580432754405e+19 0 0)
(7.36193368436514e+19 0 0)
(7.99525953107584e+19 0 0)
(8.64134168921867e+19 0 0)
(9.27453257536869e+19 0 0)
(9.92055780045189e+19 0 0)
(1.05535908168974e+20 0 0)
(1.11995485142857e+20 0 0)
(1.18323998332234e+20 0 0)
(1.24782784476421e+20 0 0)
(1.31109232018833e+20 0 0)
(1.37567100498854e+20 0 0)
(1.43891222193032e+20 0 0)
(1.50348034040344e+20 0 0)
(1.56669556946639e+20 0 0)
(1.63125159748191e+20 0 0)
(1.6944379698204e+20 0 0)
(1.75898023593855e+20 0 0)
(1.82213473306892e+20 0 0)
(1.88666140772574e+20 0 0)
(1.949780847557e+20 0 0)
(2.01428993028607e+20 0 0)
(2.07737095795853e+20 0 0)
(2.14186026718668e+20 0 0)
(2.20489934220896e+20 0 0)
(2.26936650272594e+20 0 0)
(2.33235989586588e+20 0 0)
(2.39680233715782e+20 0 0)
(2.45974611402269e+20 0 0)
(2.52416102126208e+20 0 0)
(2.58705099087969e+20 0 0)
(2.65143532933719e+20 0 0)
(2.71426705873817e+20 0 0)
(2.7786174808968e+20 0 0)
(2.84138629394145e+20 0 0)
(2.9056992123832e+20 0 0)
(2.96840072908163e+20 0 0)
(3.032672717825e+20 0 0)
(3.09530196990286e+20 0 0)
(3.1595291613302e+20 0 0)
(3.22208083269505e+20 0 0)
(3.28625896758007e+20 0 0)
(3.34872732526707e+20 0 0)
(3.41285167386849e+20 0 0)
(3.47523058945126e+20 0 0)
(3.53929611569399e+20 0 0)
(3.60157923749727e+20 0 0)
(3.66558068110045e+20 0 0)
(3.72776138807104e+20 0 0)
(3.79169320046632e+20 0 0)
(3.85376458959058e+20 0 0)
(3.91762091909635e+20 0 0)
(3.97957577256851e+20 0 0)
(4.04335042906845e+20 0 0)
(4.10518118956714e+20 0 0)
(4.16886763543772e+20 0 0)
(4.23056640117736e+20 0 0)
(4.29415774419791e+20 0 0)
(4.35571626052848e+20 0 0)
(4.41920524607851e+20 0 0)
(4.48061489950098e+20 0 0)
(4.54399390204704e+20 0 0)
(4.60524571079997e+20 0 0)
(4.66850672822652e+20 0 0)
(4.72959133682752e+20 0 0)
(4.79272598443968e+20 0 0)
(4.85363365572521e+20 0 0)
(4.91663315705293e+20 0 0)
(4.97735376629884e+20 0 0)
(5.04020894891986e+20 0 0)
(5.10073197827332e+20 0 0)
(5.16343326873956e+20 0 0)
(5.22374779939652e+20 0 0)
(5.28628521712129e+20 0 0)
(5.34637992618292e+20 0 0)
(5.40874307748731e+20 0 0)
(5.46860623206914e+20 0 0)
(5.5307843100214e+20 0 0)
(5.5904037616947e+20 0 0)
(5.65238553661749e+20 0 0)
(5.71174871929119e+20 0 0)
(5.77352254096655e+20 0 0)
(5.83261646481825e+20 0 0)
(5.89417025597551e+20 0 0)
(5.95298150544185e+20 0 0)
(6.01430276253999e+20 0 0)
(6.07281749275565e+20 0 0)
(6.13389328119695e+20 0 0)
(6.19209721633351e+20 0 0)
(6.25291417044277e+20 0 0)
(6.31079260209026e+20 0 0)
(6.37133692567344e+20 0 0)
(6.42887470948861e+20 0 0)
(6.48913217514508e+20 0 0)
(6.54631373165028e+20 0 0)
(6.60626968047579e+20 0 0)
(6.66307899289475e+20 0 0)
(6.72271833798539e+20 0 0)
(6.7791389542005e+20 0 0)
(6.8384461792526e+20 0 0)
(6.89446120992168e+20 0 0)
(6.95342037390102e+20 0 0)
(7.00901249386484e+20 0 0)
(7.06760723266627e+20 0 0)
(7.12275868315225e+20 0 0)
(7.18097221444699e+20 0 0)
(7.23566480161667e+20 0 0)
(7.29347992851203e+20 0 0)
(7.34769502823145e+20 0 0)
(7.40509414529659e+20 0 0)
(7.45881270885056e+20 0 0)
(7.51577781028772e+20 0 0)
(7.56898036101748e+20 0 0)
(7.62549303697428e+20 0 0)
(7.67815967142642e+20 0 0)
(7.73420111856237e+20 0 0)
(7.7863115078313e+20 0 0)
(7.84186253257938e+20 0 0)
(7.89339592695638e+20 0 0)
(7.94843695474843e+20 0 0)
(7.99937218446886e+20 0 0)
(8.05388326494245e+20 0 0)
(8.10419874218101e+20 0 0)
(8.15815955659705e+20 0 0)
(8.20783327928866e+20 0 0)
(8.26122314771996e+20 0 0)
(8.31023269975011e+20 0 0)
(8.36303058934037e+20 0 0)
(8.41135314330989e+20 0 0)
(8.46353767441789e+20 0 0)
(8.51114998869353e+20 0 0)
(8.56269943786375e+20 0 0)
(8.60957785168691e+20 0 0)
(8.66047016822044e+20 0 0)
(8.70659061561646e+20 0 0)
(8.75680342289662e+20 0 0)
(8.80214141863006e+20 0 0)
(8.85165202019943e+20 0 0)
(8.89618266103189e+20 0 0)
(8.94496804974495e+20 0 0)
(8.98866601056664e+20 0 0)
(9.03670287822595e+20 0 0)
(9.07954240893827e+20 0 0)
(9.12680715281274e+20 0 0)
(9.16876207556222e+20 0 0)
(9.21523080635285e+20 0 0)
(9.25627450899946e+20 0 0)
(9.30192306096818e+20 0 0)
(9.34202849058985e+20 0 0)
(9.3868324382259e+20 0 0)
(9.42597209790463e+20 0 0)
(9.46990675070677e+20 0 0)
(9.50805267705271e+20 0 0)
(9.55109308930896e+20 0 0)
(9.58821683931586e+20 0 0)
(9.63033781818574e+20 0 0)
(9.66641045439141e+20 0 0)
(9.70758656628228e+20 0 0)
(9.74257863916457e+20 0 0)
(9.78278421716583e+20 0 0)
(9.81666574293031e+20 0 0)
(9.85587490597273e+20 0 0)
(9.88861534972562e+20 0 0)
(9.92680199700273e+20 0 0)
(9.9583702306225e+20 0 0)
(9.99550805302719e+20 0 0)
(1.00258723273119e+21 0 0)
(1.00619348222198e+21 0 0)
(1.00910627378248e+21 0 0)
(1.01260232324056e+21 0 0)
(1.01538817149218e+21 0 0)
(1.01877133906212e+21 0 0)
(1.02142686421036e+21 0 0)
(1.0246944552007e+21 0 0)
(1.02721620245881e+21 0 0)
(1.03036551604372e+21 0 0)
(1.03274995473115e+21 0 0)
(1.03577829166396e+21 0 0)
(1.03802181538704e+21 0 0)
(1.04092649011112e+21 0 0)
(1.04302541963528e+21 0 0)
(1.04580377439188e+21 0 0)
(1.04775436165289e+21 0 0)
(1.05040378758596e+21 0 0)
(1.05220222572632e+21 0 0)
(1.05472019185599e+21 0 0)
(1.05636263212862e+21 0 0)
(1.0587467245246e+21 0 0)
(1.06022929822601e+21 0 0)
(1.06247726906119e+21 0 0)
(1.06379611996804e+21 0 0)
(1.06590595327396e+21 0 0)
(1.06705728246285e+21 0 0)
(1.06902727888932e+21 0 0)
(1.07000740082621e+21 0 0)
(1.07183628116247e+21 0 0)
(1.07264169551514e+21 0 0)
(1.07432873206481e+21 0 0)
(1.07495620995164e+21 0 0)
(1.07650138022199e+21 0 0)
(1.07694806291528e+21 0 0)
(1.07835223970025e+21 0 0)
(1.07861575612328e+21 0 0)
(1.07988093611685e+21 0 0)
(1.07995952464647e+21 0 0)
(1.08108906612981e+21 0 0)
(1.08098168873703e+21 0 0)
(1.08198061222917e+21 0 0)
(1.08168705231313e+21 0 0)
(1.08256234575542e+21 0 0)
(1.08208326014127e+21 0 0)
(1.08284422343664e+21 0 0)
(1.08218108739296e+21 0 0)
(1.08283960263003e+21 0 0)
(1.08199451937804e+21 0 0)
(1.08256549823784e+21 0 0)
(1.08154068204837e+21 0 0)
(1.08204219482917e+21 0 0)
(1.08083919721026e+21 0 0)
(1.08129274998644e+21 0 0)
(1.07991053817804e+21 0 0)
(1.08034088296507e+21 0 0)
(1.07877250611013e+21 0 0)
(1.07920636878801e+21 0 0)
(1.07743180937073e+21 0 0)
(1.07789257847036e+21 0 0)
(1.07585558846705e+21 0 0)
(1.07635037604738e+21 0 0)
(1.07392323724534e+21 0 0)
(1.07438284367539e+21 0 0)
(1.07118642373536e+21 0 0)
(1.07137971863019e+21 0 0)
(1.06679715678881e+21 0 0)
(1.06709607105785e+21 0 0)
(1.06242557043268e+21 0 0)
(1.06714069839336e+21 0 0)
(1.06454198709714e+21 0 0)
(1.0721646482208e+21 0 0)
(1.06762091848747e+21 0 0)
(1.0730489658319e+21 0 0)
)
;

boundaryField
{
    electrode
    {
        type            calculated;
        value           uniform (-1.07304978465066e+21 0 0);
    }
    ground
    {
        type            calculated;
        value           uniform (1.0730489658319e+21 0 0);
    }
    otherfaces
    {
        type            empty;
    }
}


// ************************************************************************* //
