/*--------------------------------*- C++ -*----------------------------------*\
| =========                 |                                                 |
| \\      /  F ield         | foam-extend: Open Source CFD                    |
|  \\    /   O peration     | Version:     4.1                                |
|   \\  /    A nd           | Web:         http://www.foam-extend.org         |
|    \\/     M anipulation  |                                                 |
\*---------------------------------------------------------------------------*/
FoamFile
{
    version     2.0;
    format      ascii;
    class       volVectorField;
    location    "2.50010000204314e-05";
    object      totalElectronFlux;
}
// * * * * * * * * * * * * * * * * * * * * * * * * * * * * * * * * * * * * * //

dimensions      [0 -2 0 0 0 1 0];

internalField   nonuniform List<vector> 
500
(
(681.607238850662 0 0)
(148.100602567505 0 0)
(-383.980576777212 0 0)
(-1267.76593157092 0 0)
(-7428.8713021282 0 0)
(-19673.7055307065 0 0)
(-23287.8706574036 0 0)
(-24789.0406502124 0 0)
(-27689.0659835872 0 0)
(-30203.9231167207 0 0)
(-31791.2442130612 0 0)
(-32563.8955660038 0 0)
(-33088.3766925378 0 0)
(-33302.3991692394 0 0)
(-33409.5624224146 0 0)
(-33419.8670028719 0 0)
(-33474.6343617839 0 0)
(-33448.0676992367 0 0)
(-33452.9219506974 0 0)
(-33409.3318033656 0 0)
(-33410.5287232999 0 0)
(-33365.5055176368 0 0)
(-33366.3221704049 0 0)
(-33322.3163213239 0 0)
(-33324.0431237121 0 0)
(-33281.8701617985 0 0)
(-33284.8270235109 0 0)
(-33244.6466868891 0 0)
(-33248.8200705984 0 0)
(-33210.5975385913 0 0)
(-33215.910832281 0 0)
(-33179.3982462127 0 0)
(-33185.8561200214 0 0)
(-33151.0639499908 0 0)
(-33158.1457366651 0 0)
(-33124.8088782239 0 0)
(-33132.6724662551 0 0)
(-33100.7022712159 0 0)
(-33109.2544378076 0 0)
(-33078.4967389692 0 0)
(-33087.6590400751 0 0)
(-33057.9936177831 0 0)
(-33067.7209194804 0 0)
(-33039.039853073 0 0)
(-33049.2875677483 0 0)
(-33021.4948920037 0 0)
(-33032.2237953658 0 0)
(-33005.2372253432 0 0)
(-33016.4142870838 0 0)
(-32990.1527971019 0 0)
(-33001.7512792847 0 0)
(-32976.1480589336 0 0)
(-32988.1400470049 0 0)
(-32963.1263937238 0 0)
(-32975.4935908668 0 0)
(-32951.0110654253 0 0)
(-32963.734232382 0 0)
(-32939.7303182353 0 0)
(-32952.7941958609 0 0)
(-32929.2146161724 0 0)
(-32942.6078114148 0 0)
(-32919.4074526948 0 0)
(-32933.1160225986 0 0)
(-32910.2525620735 0 0)
(-32924.269276768 0 0)
(-32901.7008853748 0 0)
(-32916.0196892546 0 0)
(-32893.7109415372 0 0)
(-32908.3256058354 0 0)
(-32886.2463159332 0 0)
(-32901.1466999261 0 0)
(-32879.2631450729 0 0)
(-32894.451401432 0 0)
(-32872.7329673081 0 0)
(-32888.2024442043 0 0)
(-32866.6231385518 0 0)
(-32882.3796753452 0 0)
(-32860.9094609388 0 0)
(-32876.9479781246 0 0)
(-32855.5708396417 0 0)
(-32871.8866311169 0 0)
(-32850.5820453396 0 0)
(-32867.173369094 0 0)
(-32845.9212449124 0 0)
(-32862.7923740634 0 0)
(-32841.5715848969 0 0)
(-32858.718643473 0 0)
(-32837.5138895393 0 0)
(-32854.9395689776 0 0)
(-32833.7347744867 0 0)
(-32851.4385194747 0 0)
(-32830.2179855538 0 0)
(-32848.2034170655 0 0)
(-32826.955969181 0 0)
(-32845.2104741817 0 0)
(-32823.9304371675 0 0)
(-32842.4618439906 0 0)
(-32821.1322502662 0 0)
(-32839.9367214513 0 0)
(-32818.547820215 0 0)
(-32837.6281341787 0 0)
(-32816.1751992441 0 0)
(-32835.5217084268 0 0)
(-32813.9966243705 0 0)
(-32833.6123228856 0 0)
(-32812.0085161576 0 0)
(-32831.8918999254 0 0)
(-32810.198648619 0 0)
(-32830.350040897 0 0)
(-32808.56397326 0 0)
(-32828.9787607043 0 0)
(-32807.0996482093 0 0)
(-32827.7675135333 0 0)
(-32805.7944190315 0 0)
(-32826.7168427728 0 0)
(-32804.64271495 0 0)
(-32825.8170261864 0 0)
(-32803.6413235525 0 0)
(-32825.062052496 0 0)
(-32802.78303449 0 0)
(-32824.4455644372 0 0)
(-32802.0609703361 0 0)
(-32823.9606064558 0 0)
(-32801.4746420185 0 0)
(-32823.6074351303 0 0)
(-32801.0150395473 0 0)
(-32823.3792999995 0 0)
(-32800.6809975925 0 0)
(-32823.2680117393 0 0)
(-32800.4678759704 0 0)
(-32823.2720051742 0 0)
(-32800.3701863164 0 0)
(-32823.3879061331 0 0)
(-32800.3867305231 0 0)
(-32823.6125379158 0 0)
(-32800.5122891675 0 0)
(-32823.9384293725 0 0)
(-32800.7443655982 0 0)
(-32824.3643437958 0 0)
(-32801.0824260347 0 0)
(-32824.887298205 0 0)
(-32801.5158079746 0 0)
(-32825.5054648043 0 0)
(-32802.0488761247 0 0)
(-32826.2129274613 0 0)
(-32802.6745992925 0 0)
(-32827.0101306099 0 0)
(-32803.3906357892 0 0)
(-32827.893329121 0 0)
(-32804.1944390527 0 0)
(-32828.8591977413 0 0)
(-32805.0895537787 0 0)
(-32829.9031674529 0 0)
(-32806.0677298151 0 0)
(-32831.0241204602 0 0)
(-32807.1244964043 0 0)
(-32832.2271891141 0 0)
(-32808.2625990647 0 0)
(-32833.4969619892 0 0)
(-32809.4780749524 0 0)
(-32834.8433536565 0 0)
(-32810.7695941857 0 0)
(-32836.2545077992 0 0)
(-32812.1380474688 0 0)
(-32837.7348585016 0 0)
(-32813.5733283286 0 0)
(-32839.2835802147 0 0)
(-32815.0779144493 0 0)
(-32840.8936941493 0 0)
(-32816.6536021799 0 0)
(-32842.569229656 0 0)
(-32818.2914477926 0 0)
(-32844.306703213 0 0)
(-32819.9947226394 0 0)
(-32846.0998248392 0 0)
(-32821.7652066851 0 0)
(-32847.9504631105 0 0)
(-32823.5939929944 0 0)
(-32849.8611435736 0 0)
(-32825.4815683993 0 0)
(-32851.8256907896 0 0)
(-32827.4290252493 0 0)
(-32853.8416384435 0 0)
(-32829.4360378891 0 0)
(-32855.9128082406 0 0)
(-32831.4949882178 0 0)
(-32858.034606548 0 0)
(-32833.6079925645 0 0)
(-32860.2086918439 0 0)
(-32835.7751068979 0 0)
(-32862.428127594 0 0)
(-32837.9963533355 0 0)
(-32864.6943712405 0 0)
(-32840.2654829205 0 0)
(-32867.0092789763 0 0)
(-32842.5845392398 0 0)
(-32869.3709527267 0 0)
(-32844.9481573098 0 0)
(-32871.7755557043 0 0)
(-32847.9724520485 0 0)
(-32875.4094622445 0 0)
(-32850.2836851506 0 0)
(-32877.2236057304 0 0)
(-32852.4720419921 0 0)
(-32881.699102561 0 0)
(-32856.2823523639 0 0)
(-32873.7214532444 0 0)
(-32857.3794760015 0 0)
(-32884.3062140509 0 0)
(-32859.9226167352 0 0)
(-32886.6521765973 0 0)
(-32862.7223810315 0 0)
(-32890.1237911373 0 0)
(-32866.1352018772 0 0)
(-32892.5909440387 0 0)
(-32868.5342979885 0 0)
(-32895.2348472694 0 0)
(-32871.2578530817 0 0)
(-32897.9868918371 0 0)
(-32874.066169983 0 0)
(-32900.7944736726 0 0)
(-32876.9308523749 0 0)
(-32903.6443721553 0 0)
(-32879.8309481927 0 0)
(-32906.5310007227 0 0)
(-32882.7743455583 0 0)
(-32909.4485794417 0 0)
(-32885.7487807148 0 0)
(-32912.406344237 0 0)
(-32888.758736189 0 0)
(-32915.3892028373 0 0)
(-32891.8027161121 0 0)
(-32918.411891067 0 0)
(-32894.8750154262 0 0)
(-32921.4582603323 0 0)
(-32897.978473474 0 0)
(-32924.5406280958 0 0)
(-32901.1141935196 0 0)
(-32927.6492385821 0 0)
(-32904.2754133344 0 0)
(-32930.7898301509 0 0)
(-32907.4674111891 0 0)
(-32933.9562769448 0 0)
(-32910.6849917402 0 0)
(-32937.1533839606 0 0)
(-32913.9287862317 0 0)
(-32940.3820484099 0 0)
(-32917.2053168779 0 0)
(-32943.6879254969 0 0)
(-32920.3430009447 0 0)
(-32946.735030284 0 0)
(-32923.4107456478 0 0)
(-32950.2632885118 0 0)
(-32927.1255164652 0 0)
(-32953.6085964155 0 0)
(-32930.4487016921 0 0)
(-32956.9934537805 0 0)
(-32933.8114567732 0 0)
(-32960.4014814727 0 0)
(-32937.1978951572 0 0)
(-32963.8371515663 0 0)
(-32940.6034065053 0 0)
(-32967.2947634523 0 0)
(-32944.0353748876 0 0)
(-32970.7779735033 0 0)
(-32947.4861666232 0 0)
(-32974.2820324351 0 0)
(-32950.9624154189 0 0)
(-32977.8047977145 0 0)
(-32954.4601193754 0 0)
(-32981.3510068255 0 0)
(-32957.9781024033 0 0)
(-32984.9186842982 0 0)
(-32961.514503559 0 0)
(-32988.5051279584 0 0)
(-32965.0734910396 0 0)
(-32992.1072412694 0 0)
(-32968.6516922433 0 0)
(-32995.7269898605 0 0)
(-32972.2440098149 0 0)
(-32999.3709079545 0 0)
(-32975.8667745064 0 0)
(-33003.0195462154 0 0)
(-32979.4853402208 0 0)
(-33006.636875696 0 0)
(-32983.0283590204 0 0)
(-33009.9536657805 0 0)
(-32986.4554562758 0 0)
(-33014.3661235987 0 0)
(-32990.9487823067 0 0)
(-33018.2227902074 0 0)
(-32994.3917284901 0 0)
(-33021.8885284926 0 0)
(-33006.1268209304 0 0)
(-33024.1705433672 0 0)
(-32999.3555034704 0 0)
(-33029.210944728 0 0)
(-33005.1050705472 0 0)
(-33032.702420199 0 0)
(-33008.2535382211 0 0)
(-33036.3807570993 0 0)
(-33013.2848025858 0 0)
(-33040.8352105194 0 0)
(-33017.1529923742 0 0)
(-33044.6980397146 0 0)
(-33021.0424535537 0 0)
(-33048.5814061173 0 0)
(-33024.9548975203 0 0)
(-33052.4819378146 0 0)
(-33028.8899613456 0 0)
(-33056.4003732165 0 0)
(-33032.8494631867 0 0)
(-33060.3390868853 0 0)
(-33036.8300064519 0 0)
(-33064.3008196083 0 0)
(-33040.8337234343 0 0)
(-33068.2803887294 0 0)
(-33044.8625675854 0 0)
(-33072.278773692 0 0)
(-33048.9160103253 0 0)
(-33076.3013677771 0 0)
(-33052.9922753847 0 0)
(-33080.3432692363 0 0)
(-33057.0975021457 0 0)
(-33084.4072214062 0 0)
(-33061.2269392205 0 0)
(-33088.4976151403 0 0)
(-33065.3818839251 0 0)
(-33092.6062784323 0 0)
(-33069.568943241 0 0)
(-33096.7406774781 0 0)
(-33073.7830547768 0 0)
(-33100.9006687481 0 0)
(-33078.0231451228 0 0)
(-33105.0872717551 0 0)
(-33082.2965415834 0 0)
(-33109.2988332688 0 0)
(-33086.6059271559 0 0)
(-33113.5388951182 0 0)
(-33090.9429409678 0 0)
(-33117.806910078 0 0)
(-33095.3162590696 0 0)
(-33122.1038918137 0 0)
(-33099.7270126337 0 0)
(-33126.4327691497 0 0)
(-33104.1718491578 0 0)
(-33130.7935403141 0 0)
(-33108.6561127799 0 0)
(-33135.1916906897 0 0)
(-33113.1791949142 0 0)
(-33139.6259528969 0 0)
(-33117.7452225099 0 0)
(-33144.0933998064 0 0)
(-33122.3555270923 0 0)
(-33148.6024736963 0 0)
(-33127.0106228208 0 0)
(-33153.1526822171 0 0)
(-33131.7140962776 0 0)
(-33157.7502554571 0 0)
(-33136.4647409511 0 0)
(-33162.3914425661 0 0)
(-33141.2686249714 0 0)
(-33167.0798771725 0 0)
(-33146.1295475671 0 0)
(-33171.8213608571 0 0)
(-33151.0460034153 0 0)
(-33176.6180023796 0 0)
(-33156.0223211059 0 0)
(-33181.4719288865 0 0)
(-33161.0601034503 0 0)
(-33186.3886472694 0 0)
(-33166.1679846128 0 0)
(-33191.3653869627 0 0)
(-33171.3438031415 0 0)
(-33196.4135418398 0 0)
(-33176.5940780937 0 0)
(-33201.5343257218 0 0)
(-33181.9181898439 0 0)
(-33206.7322745632 0 0)
(-33187.3290903664 0 0)
(-33212.013155166 0 0)
(-33192.8273491898 0 0)
(-33217.3787039435 0 0)
(-33198.4158043145 0 0)
(-33222.8368661044 0 0)
(-33204.0996358584 0 0)
(-33228.397312817 0 0)
(-33209.8870744084 0 0)
(-33234.0590925208 0 0)
(-33215.781349813 0 0)
(-33239.8390292314 0 0)
(-33221.7917216993 0 0)
(-33245.7338651301 0 0)
(-33227.9238876896 0 0)
(-33251.7542201645 0 0)
(-33234.1922460127 0 0)
(-33257.9129753764 0 0)
(-33240.5942066191 0 0)
(-33264.216366665 0 0)
(-33247.1460490524 0 0)
(-33270.6762176344 0 0)
(-33253.8568894108 0 0)
(-33277.3007266277 0 0)
(-33260.7345538009 0 0)
(-33284.106599451 0 0)
(-33267.7930988557 0 0)
(-33291.1017884403 0 0)
(-33275.0437333257 0 0)
(-33298.3020850175 0 0)
(-33282.5033510834 0 0)
(-33305.722060785 0 0)
(-33290.1830876601 0 0)
(-33313.3784419659 0 0)
(-33298.102385711 0 0)
(-33321.2912007725 0 0)
(-33306.2784947636 0 0)
(-33329.4759777749 0 0)
(-33314.7334843747 0 0)
(-33337.9590516369 0 0)
(-33323.4820455972 0 0)
(-33346.7637745508 0 0)
(-33332.5607729261 0 0)
(-33355.9096544643 0 0)
(-33341.9844937765 0 0)
(-33365.4342231691 0 0)
(-33351.7893208537 0 0)
(-33375.3657275715 0 0)
(-33362.0088193243 0 0)
(-33385.7397592922 0 0)
(-33372.6754008307 0 0)
(-33396.596590868 0 0)
(-33383.8328536115 0 0)
(-33407.9795820169 0 0)
(-33395.5255766057 0 0)
(-33419.9375452048 0 0)
(-33407.8107602271 0 0)
(-33432.5289479535 0 0)
(-33420.7422644817 0 0)
(-33445.8147186857 0 0)
(-33434.383085203 0 0)
(-33459.8674832627 0 0)
(-33448.8152285543 0 0)
(-33474.7654517204 0 0)
(-33464.1208423185 0 0)
(-33490.5993335176 0 0)
(-33480.3998407397 0 0)
(-33507.4830380101 0 0)
(-33497.7598838958 0 0)
(-33525.5360230469 0 0)
(-33516.333781508 0 0)
(-33544.8919414254 0 0)
(-33536.2798123391 0 0)
(-33565.7218322417 0 0)
(-33557.7643973146 0 0)
(-33588.2184338875 0 0)
(-33581.0076278014 0 0)
(-33612.6091849376 0 0)
(-33606.2521809437 0 0)
(-33639.1675505848 0 0)
(-33633.8030492072 0 0)
(-33668.2286985005 0 0)
(-33664.0365922967 0 0)
(-33700.2246478692 0 0)
(-33697.4717703469 0 0)
(-33735.5508486204 0 0)
(-33734.6479631742 0 0)
(-33775.2772228925 0 0)
(-33776.220427914 0 0)
(-33819.7762806459 0 0)
(-33823.3407167572 0 0)
(-33870.5026443539 0 0)
(-33877.4131750115 0 0)
(-33929.1030938789 0 0)
(-33940.4173718507 0 0)
(-33997.8712800554 0 0)
(-34015.4121466883 0 0)
(-34080.4296125939 0 0)
(-34106.0994881952 0 0)
(-34182.5140406458 0 0)
(-34220.59150141 0 0)
(-34313.0091015123 0 0)
(-34370.315524364 0 0)
(-34487.9098010178 0 0)
(-34586.0327574801 0 0)
(-34782.2610118656 0 0)
(-34948.1604470499 0 0)
(-35227.1434943643 0 0)
(-35609.0915449124 0 0)
(-36252.1224623143 0 0)
(-36927.8602542708 0 0)
(-37861.221850808 0 0)
(-38636.495777566 0 0)
(-38267.9662253912 0 0)
(-34247.9779700922 0 0)
(-25475.8952518475 0 0)
(-17862.2513406028 0 0)
(-15072.7932972558 0 0)
(-5895.76161590213 0 0)
(-2403.3542017453 0 0)
(-1974.58441031983 0 0)
)
;

boundaryField
{
    electrode
    {
        type            calculated;
        value           uniform (97.9603336752474 0 0);
    }
    ground
    {
        type            calculated;
        value           uniform (-456.970578080734 0 0);
    }
    otherfaces
    {
        type            empty;
    }
}


// ************************************************************************* //
