/*--------------------------------*- C++ -*----------------------------------*\
| =========                 |                                                 |
| \\      /  F ield         | foam-extend: Open Source CFD                    |
|  \\    /   O peration     | Version:     4.1                                |
|   \\  /    A nd           | Web:         http://www.foam-extend.org         |
|    \\/     M anipulation  |                                                 |
\*---------------------------------------------------------------------------*/
FoamFile
{
    version     2.0;
    format      ascii;
    class       volVectorField;
    location    "3.00031247849625e-06";
    object      EField;
}
// * * * * * * * * * * * * * * * * * * * * * * * * * * * * * * * * * * * * * //

dimensions      [1 1 -3 0 0 -1 0];

internalField   nonuniform List<vector> 
500
(
(-9178178.03649583 -0 -0)
(-8953437.69972372 -0 -0)
(-8724547.69339276 -0 -0)
(-8492806.80197805 -0 -0)
(-8258169.63552217 -0 -0)
(-8020787.91011477 -0 -0)
(-7780509.19426384 -0 -0)
(-7537423.88799155 -0 -0)
(-7291462.66322582 -0 -0)
(-7042764.86908041 -0 -0)
(-6791547.53953894 -0 -0)
(-6538440.06569209 -0 -0)
(-6283991.04963729 -0 -0)
(-6028658.96208437 -0 -0)
(-5772797.61503552 -0 -0)
(-5516939.82368033 -0 -0)
(-5261888.67573807 -0 -0)
(-5008753.00610073 -0 -0)
(-4758547.57402268 -0 -0)
(-4512008.81250121 -0 -0)
(-4269824.07195597 -0 -0)
(-4032976.12006483 -0 -0)
(-3802624.90269759 -0 -0)
(-3579689.09358766 -0 -0)
(-3364615.36765939 -0 -0)
(-3157897.92612098 -0 -0)
(-2960361.61851876 -0 -0)
(-2772628.76178776 -0 -0)
(-2594715.02198 -0 -0)
(-2426482.69590438 -0 -0)
(-2268247.7243389 -0 -0)
(-2120283.29697729 -0 -0)
(-1982165.03152329 -0 -0)
(-1853193.83890129 -0 -0)
(-1733222.45754017 -0 -0)
(-1622348.82450214 -0 -0)
(-1520003.31304129 -0 -0)
(-1425259.09821042 -0 -0)
(-1337635.63317281 -0 -0)
(-1257036.51973333 -0 -0)
(-1183070.1969349 -0 -0)
(-1114982.79197902 -0 -0)
(-1052179.70016829 -0 -0)
(-994351.079987405 -0 -0)
(-941220.559581877 -0 -0)
(-892379.430594604 -0 -0)
(-847325.503820803 -0 -0)
(-805664.215248079 -0 -0)
(-767167.471988936 -0 -0)
(-731629.138517421 -0 -0)
(-698833.985195698 -0 -0)
(-668512.304281176 -0 -0)
(-640323.088617133 -0 -0)
(-613966.488897879 -0 -0)
(-589284.725336631 -0 -0)
(-566255.484215416 -0 -0)
(-544868.712186527 -0 -0)
(-525023.890720537 -0 -0)
(-506536.227241447 -0 -0)
(-489176.033626259 -0 -0)
(-472693.163977246 -0 -0)
(-456925.206849504 -0 -0)
(-441920.738792961 -0 -0)
(-427819.44600704 -0 -0)
(-414650.37857507 -0 -0)
(-402337.481180156 -0 -0)
(-390773.318928833 -0 -0)
(-379828.925959442 -0 -0)
(-369341.567828111 -0 -0)
(-359153.777344567 -0 -0)
(-349226.632142962 -0 -0)
(-339671.844514811 -0 -0)
(-330616.026405366 -0 -0)
(-322087.557485791 -0 -0)
(-314046.169432734 -0 -0)
(-306434.821719517 -0 -0)
(-299184.687043775 -0 -0)
(-292206.554839847 -0 -0)
(-285420.336847765 -0 -0)
(-278797.269761127 -0 -0)
(-272337.951038818 -0 -0)
(-266048.056202782 -0 -0)
(-259964.923445539 -0 -0)
(-254145.518035104 -0 -0)
(-248609.342418813 -0 -0)
(-243333.071954072 -0 -0)
(-238274.220680692 -0 -0)
(-233380.94371829 -0 -0)
(-228618.248376678 -0 -0)
(-223984.863975971 -0 -0)
(-219489.751616629 -0 -0)
(-215131.763609285 -0 -0)
(-210901.171480533 -0 -0)
(-206782.846149785 -0 -0)
(-202761.694688113 -0 -0)
(-198839.834600503 -0 -0)
(-195036.463971276 -0 -0)
(-191353.561889329 -0 -0)
(-187773.545007941 -0 -0)
(-184289.634345527 -0 -0)
(-180906.639680525 -0 -0)
(-177627.127784567 -0 -0)
(-174449.305294206 -0 -0)
(-171369.133434368 -0 -0)
(-168381.53053293 -0 -0)
(-165480.72950458 -0 -0)
(-162659.965168536 -0 -0)
(-159909.015635813 -0 -0)
(-157210.693059151 -0 -0)
(-154546.689882196 -0 -0)
(-151910.762878666 -0 -0)
(-149315.071999749 -0 -0)
(-146780.982279152 -0 -0)
(-144320.802513876 -0 -0)
(-141934.764471694 -0 -0)
(-139619.355074483 -0 -0)
(-137370.666861486 -0 -0)
(-135184.683975742 -0 -0)
(-133056.360804548 -0 -0)
(-130978.601885852 -0 -0)
(-128944.829484062 -0 -0)
(-126952.769574374 -0 -0)
(-125002.67685237 -0 -0)
(-123094.119694338 -0 -0)
(-121225.659456521 -0 -0)
(-119395.261789012 -0 -0)
(-117600.178014805 -0 -0)
(-115836.469117063 -0 -0)
(-114099.826606917 -0 -0)
(-112390.70876012 -0 -0)
(-110716.097272491 -0 -0)
(-109081.670470167 -0 -0)
(-107487.658651241 -0 -0)
(-105931.93838802 -0 -0)
(-104412.235053945 -0 -0)
(-102926.563964759 -0 -0)
(-101473.190599227 -0 -0)
(-100050.496559091 -0 -0)
(-98656.8958576758 -0 -0)
(-97291.1159796711 -0 -0)
(-95952.6902161126 -0 -0)
(-94641.5554640873 -0 -0)
(-93356.8400317373 -0 -0)
(-92096.714779714 -0 -0)
(-90859.3049287791 -0 -0)
(-89643.1192472286 -0 -0)
(-88446.8339198154 -0 -0)
(-87269.0550533454 -0 -0)
(-86108.0789078291 -0 -0)
(-84961.7668061225 -0 -0)
(-83829.0368181196 -0 -0)
(-82711.5490996146 -0 -0)
(-81611.8840468369 -0 -0)
(-80530.9042497586 -0 -0)
(-79468.0427596397 -0 -0)
(-78422.4777914386 -0 -0)
(-77393.4515882895 -0 -0)
(-76380.2753825942 -0 -0)
(-75382.3011619712 -0 -0)
(-74398.9041604422 -0 -0)
(-73429.5162441592 -0 -0)
(-72473.6157891367 -0 -0)
(-71530.6990016242 -0 -0)
(-70600.3003055582 -0 -0)
(-69681.9822838918 -0 -0)
(-68775.3156598276 -0 -0)
(-67879.8935184962 -0 -0)
(-66995.3277571546 -0 -0)
(-66121.2282475166 -0 -0)
(-65257.1997310837 -0 -0)
(-64402.8391696984 -0 -0)
(-63557.6794940383 -0 -0)
(-62721.0868920937 -0 -0)
(-61892.254843385 -0 -0)
(-61070.9613810248 -0 -0)
(-60258.0345762785 -0 -0)
(-59454.2784375378 -0 -0)
(-58659.7791438876 -0 -0)
(-57874.2795258003 -0 -0)
(-57097.4891710762 -0 -0)
(-56329.1383081317 -0 -0)
(-55568.9684797693 -0 -0)
(-54816.7429126422 -0 -0)
(-54072.2346943332 -0 -0)
(-53335.2317674897 -0 -0)
(-52605.5288002885 -0 -0)
(-51882.9234023398 -0 -0)
(-51167.2278898228 -0 -0)
(-50458.2601621709 -0 -0)
(-49755.8526014086 -0 -0)
(-49059.8407480211 -0 -0)
(-48370.0610387765 -0 -0)
(-47686.3606784075 -0 -0)
(-47008.5910307684 -0 -0)
(-46336.6186522456 -0 -0)
(-45670.3130849444 -0 -0)
(-45009.5506901623 -0 -0)
(-44354.2487492613 -0 -0)
(-43704.2227396044 -0 -0)
(-43059.0903684599 -0 -0)
(-42418.4902217237 -0 -0)
(-41782.2053913272 -0 -0)
(-41150.0633446 -0 -0)
(-40521.8889386602 -0 -0)
(-39897.5438567371 -0 -0)
(-39276.8966982607 -0 -0)
(-38659.834213817 -0 -0)
(-38046.2550509355 -0 -0)
(-37436.019868093 -0 -0)
(-36829.0138809681 -0 -0)
(-36225.1484520622 -0 -0)
(-35624.3172223102 -0 -0)
(-35026.4316434126 -0 -0)
(-34431.4334963362 -0 -0)
(-33839.2364024582 -0 -0)
(-33249.747825101 -0 -0)
(-32662.9139722169 -0 -0)
(-32078.7228023315 -0 -0)
(-31497.1790851969 -0 -0)
(-30918.3539932032 -0 -0)
(-30342.2842815198 -0 -0)
(-29768.6507044866 -0 -0)
(-29196.984752064 -0 -0)
(-28627.0339263727 -0 -0)
(-28058.6966853174 -0 -0)
(-27491.9318942786 -0 -0)
(-26926.6996901371 -0 -0)
(-26362.9252431186 -0 -0)
(-25800.5451281092 -0 -0)
(-25239.5305562345 -0 -0)
(-24679.8352066221 -0 -0)
(-24121.385852296 -0 -0)
(-23564.1418235779 -0 -0)
(-23008.0574016517 -0 -0)
(-22453.0596585697 -0 -0)
(-21899.0944500783 -0 -0)
(-21346.1348103314 -0 -0)
(-20794.1536404125 -0 -0)
(-20243.0769196747 -0 -0)
(-19692.8219153937 -0 -0)
(-19143.3698847937 -0 -0)
(-18594.6971398839 -0 -0)
(-18046.7218441791 -0 -0)
(-17499.3866841757 -0 -0)
(-16952.666131569 -0 -0)
(-16406.5049038541 -0 -0)
(-15860.8449017732 -0 -0)
(-15315.6649947357 -0 -0)
(-14770.9061221542 -0 -0)
(-14226.536697428 -0 -0)
(-13682.5565024205 -0 -0)
(-13138.7314572463 -0 -0)
(-12595.0479890502 -0 -0)
(-12051.656293899 -0 -0)
(-11508.4590006449 -0 -0)
(-10965.3408484055 -0 -0)
(-10422.2417296571 -0 -0)
(-9879.14562751191 -0 -0)
(-9335.99888682505 -0 -0)
(-8792.74908012177 -0 -0)
(-8249.36524699822 -0 -0)
(-7705.79604158813 -0 -0)
(-7161.97072954575 -0 -0)
(-6617.85018959577 -0 -0)
(-6073.41104855266 -0 -0)
(-5528.58583801827 -0 -0)
(-4983.3003256399 -0 -0)
(-4437.52533052356 -0 -0)
(-3891.22849050541 -0 -0)
(-3344.34674292328 -0 -0)
(-2796.82046147527 -0 -0)
(-2248.60283597095 -0 -0)
(-1699.64070527256 -0 -0)
(-1149.88021240473 -0 -0)
(-599.265333549516 -0 -0)
(-47.7426999668167 -0 -0)
(504.750521512171 -0 -0)
(1058.28023325352 -0 -0)
(1612.91184578851 -0 -0)
(2168.88266468813 -0 -0)
(2726.56625043443 -0 -0)
(3286.20910078525 -0 -0)
(3847.83494023387 -0 -0)
(4411.39096776349 -0 -0)
(4976.90202153005 -0 -0)
(5544.39762984359 -0 -0)
(6113.90891523527 -0 -0)
(6685.52119983713 -0 -0)
(7259.31996391095 -0 -0)
(7835.38026826131 -0 -0)
(8413.79490757053 -0 -0)
(8994.65097591028 -0 -0)
(9578.02908940358 -0 -0)
(10164.0388691218 -0 -0)
(10752.7984685645 -0 -0)
(11344.4037104241 -0 -0)
(11938.9479943516 -0 -0)
(12536.5697189654 -0 -0)
(13137.440384429 -0 -0)
(13741.7059287749 -0 -0)
(14349.4988150939 -0 -0)
(14961.0445910517 -0 -0)
(15576.728743911 -0 -0)
(16196.9293866138 -0 -0)
(16821.8215514221 -0 -0)
(17451.4934610277 -0 -0)
(18086.0579604672 -0 -0)
(18725.6277377087 -0 -0)
(19370.3298018213 -0 -0)
(20020.2947523667 -0 -0)
(20675.6587422451 -0 -0)
(21336.5631971281 -0 -0)
(22003.1540539408 -0 -0)
(22675.5910356752 -0 -0)
(23354.0373086376 -0 -0)
(24038.6653815758 -0 -0)
(24729.6513210601 -0 -0)
(25427.1749244688 -0 -0)
(26131.4310234625 -0 -0)
(26842.6188301103 -0 -0)
(27560.9500170884 -0 -0)
(28286.6418805732 -0 -0)
(29019.9225742789 -0 -0)
(29761.0483995289 -0 -0)
(30510.249290194 -0 -0)
(31267.4842869024 -0 -0)
(32032.1196810895 -0 -0)
(32803.5066303492 -0 -0)
(33581.8376415497 -0 -0)
(34367.7771539385 -0 -0)
(35161.877373525 -0 -0)
(35964.5559544569 -0 -0)
(36776.1727718227 -0 -0)
(37597.0735714667 -0 -0)
(38427.620447084 -0 -0)
(39268.1992607808 -0 -0)
(40119.1907127244 -0 -0)
(40980.9749325923 -0 -0)
(41853.9723392874 -0 -0)
(42738.6237548743 -0 -0)
(43635.3671907897 -0 -0)
(44544.6865320227 -0 -0)
(45467.0863164914 -0 -0)
(46403.0871998766 -0 -0)
(47353.2617887542 -0 -0)
(48318.2203148459 -0 -0)
(49298.6484146768 -0 -0)
(50295.291233132 -0 -0)
(51308.6733184898 -0 -0)
(52338.1515528723 -0 -0)
(53381.6081975932 -0 -0)
(54437.6679841887 -0 -0)
(55507.2792522554 -0 -0)
(56592.3248813789 -0 -0)
(57694.3391327087 -0 -0)
(58814.5685820145 -0 -0)
(59954.2830335754 -0 -0)
(61114.9707633441 -0 -0)
(62298.5229808936 -0 -0)
(63506.8312364455 -0 -0)
(64740.6575826476 -0 -0)
(65999.8294012364 -0 -0)
(67284.6244899886 -0 -0)
(68596.07620527 -0 -0)
(69935.5863743873 -0 -0)
(71304.7367655003 -0 -0)
(72705.2019301617 -0 -0)
(74138.8329218039 -0 -0)
(75607.7640535056 -0 -0)
(77114.0617142924 -0 -0)
(78657.6925964009 -0 -0)
(80233.7360485041 -0 -0)
(81836.0041281785 -0 -0)
(83463.9241805474 -0 -0)
(85121.2148166441 -0 -0)
(86811.45936621 -0 -0)
(88537.261147756 -0 -0)
(90300.4535144132 -0 -0)
(92102.1525138364 -0 -0)
(93942.4636458769 -0 -0)
(95820.6501705705 -0 -0)
(97738.6505035454 -0 -0)
(99703.2651164573 -0 -0)
(101721.835150748 -0 -0)
(103799.22937509 -0 -0)
(105939.081201131 -0 -0)
(108144.895319266 -0 -0)
(110419.769103111 -0 -0)
(112763.26263375 -0 -0)
(115163.934499956 -0 -0)
(117601.764070921 -0 -0)
(120064.40978941 -0 -0)
(122557.42750699 -0 -0)
(125099.446751112 -0 -0)
(127707.915223561 -0 -0)
(130392.834195582 -0 -0)
(133160.35295761 -0 -0)
(136015.130345774 -0 -0)
(138961.244370103 -0 -0)
(142001.995152331 -0 -0)
(145138.345372559 -0 -0)
(148366.542576175 -0 -0)
(151680.421454558 -0 -0)
(155086.670105639 -0 -0)
(158604.924353434 -0 -0)
(162236.600419663 -0 -0)
(165965.149862072 -0 -0)
(169788.395095136 -0 -0)
(173719.472942777 -0 -0)
(177770.996800978 -0 -0)
(181949.866302007 -0 -0)
(186254.362756182 -0 -0)
(190672.785627613 -0 -0)
(195205.106255724 -0 -0)
(199887.398857626 -0 -0)
(204772.692776689 -0 -0)
(209903.157918702 -0 -0)
(215301.532951629 -0 -0)
(220950.024275234 -0 -0)
(226793.950380034 -0 -0)
(232793.338343489 -0 -0)
(238935.721001033 -0 -0)
(245212.984250807 -0 -0)
(251649.242355753 -0 -0)
(258324.201956615 -0 -0)
(265326.026796376 -0 -0)
(272719.810770757 -0 -0)
(280557.812776971 -0 -0)
(288874.375476705 -0 -0)
(297635.17254515 -0 -0)
(306707.492889061 -0 -0)
(315970.086735013 -0 -0)
(325450.100140259 -0 -0)
(335293.196298095 -0 -0)
(345648.648776536 -0 -0)
(356629.51276878 -0 -0)
(368324.467976362 -0 -0)
(380785.197654772 -0 -0)
(393953.105678029 -0 -0)
(407664.31720598 -0 -0)
(421848.687105632 -0 -0)
(436632.747438099 -0 -0)
(452219.226159807 -0 -0)
(468787.37373681 -0 -0)
(486464.144799584 -0 -0)
(505279.113291805 -0 -0)
(525174.40803619 -0 -0)
(546112.204642145 -0 -0)
(568167.608961068 -0 -0)
(591534.409221243 -0 -0)
(616440.599353729 -0 -0)
(643029.043010796 -0 -0)
(671383.275674459 -0 -0)
(701581.916945914 -0 -0)
(733706.105797012 -0 -0)
(767980.837791282 -0 -0)
(804730.460942565 -0 -0)
(844179.320484064 -0 -0)
(886417.999151086 -0 -0)
(931570.437623276 -0 -0)
(980042.216792335 -0 -0)
(1032398.16433079 -0 -0)
(1088850.56878247 -0 -0)
(1149339.60995215 -0 -0)
(1214216.22712491 -0 -0)
(1284298.20595033 -0 -0)
(1360082.18829058 -0 -0)
(1441464.1676636 -0 -0)
(1528645.90253416 -0 -0)
(1622421.44085328 -0 -0)
(1723374.7102793 -0 -0)
(1831501.38789799 -0 -0)
(1946843.01304229 -0 -0)
(2069930.78542844 -0 -0)
(2201203.19667263 -0 -0)
(2340597.35781551 -0 -0)
(2487916.40906616 -0 -0)
(2643289.35282219 -0 -0)
(2806884.85824045 -0 -0)
(2978425.75776112 -0 -0)
(3157395.76794639 -0 -0)
(3343391.63091362 -0 -0)
(3536203.15829024 -0 -0)
(3735486.64424507 -0 -0)
(3940556.30740628 -0 -0)
(4150549.85290476 -0 -0)
(4364786.4475626 -0 -0)
(4582741.15897954 -0 -0)
(4803977.76077043 -0 -0)
(5027879.85598837 -0 -0)
(5253694.70618736 -0 -0)
(5480547.59094429 -0 -0)
(5707917.25954712 -0 -0)
(5935336.23757169 -0 -0)
(6162547.06270181 -0 -0)
(6389137.82763246 -0 -0)
(6614953.62138331 -0 -0)
(6839555.53965412 -0 -0)
(7062724.58641326 -0 -0)
(7282931.50197612 -0 -0)
)
;

boundaryField
{
    electrode
    {
        type            calculated;
        value           uniform (-9288959.18489419 -0 -0);
    }
    ground
    {
        type            calculated;
        value           uniform (7391718.47291075 -0 -0);
    }
    otherfaces
    {
        type            empty;
    }
}


// ************************************************************************* //
