/*--------------------------------*- C++ -*----------------------------------*\
| =========                 |                                                 |
| \\      /  F ield         | foam-extend: Open Source CFD                    |
|  \\    /   O peration     | Version:     4.1                                |
|   \\  /    A nd           | Web:         http://www.foam-extend.org         |
|    \\/     M anipulation  |                                                 |
\*---------------------------------------------------------------------------*/
FoamFile
{
    version     2.0;
    format      ascii;
    class       volVectorField;
    location    "3.00031247849625e-06";
    object      Flux_Arm;
}
// * * * * * * * * * * * * * * * * * * * * * * * * * * * * * * * * * * * * * //

dimensions      [0 -2 -1 0 0 0 0];

internalField   nonuniform List<vector> 
500
(
(3.99651460258256e+16 -0 -0)
(1.10256527768096e+17 -0 -0)
(1.61460973221861e+17 -0 -0)
(1.9224879907397e+17 -0 -0)
(1.9897051227777e+17 -0 -0)
(1.76742100059251e+17 -0 -0)
(1.19533738587261e+17 -0 -0)
(2.0085673993843e+16 -0 -0)
(-1.30085509428e+17 -0 -0)
(-3.40426859537292e+17 -0 -0)
(-6.21165156094421e+17 -0 -0)
(-9.8301086771287e+17 -0 -0)
(-1.43655202325487e+18 -0 -0)
(-1.99131775831929e+18 -0 -0)
(-2.65438185335671e+18 -0 -0)
(-3.4299381942597e+18 -0 -0)
(-4.32091209866603e+18 -0 -0)
(-5.33041289852616e+18 -0 -0)
(-6.46074398737974e+18 -0 -0)
(-7.7120010422215e+18 -0 -0)
(-9.08250705908223e+18 -0 -0)
(-1.05698253263401e+19 -0 -0)
(-1.21709816120191e+19 -0 -0)
(-1.38813815223369e+19 -0 -0)
(-1.5694152114639e+19 -0 -0)
(-1.76013145245974e+19 -0 -0)
(-1.95939214002872e+19 -0 -0)
(-2.16565691735574e+19 -0 -0)
(-2.37731693162764e+19 -0 -0)
(-2.59343461412959e+19 -0 -0)
(-2.81335378340897e+19 -0 -0)
(-3.03615710028501e+19 -0 -0)
(-3.26051033648033e+19 -0 -0)
(-3.48541749682798e+19 -0 -0)
(-3.71058760132721e+19 -0 -0)
(-3.93597678212483e+19 -0 -0)
(-4.16115031280479e+19 -0 -0)
(-4.38536085756649e+19 -0 -0)
(-4.60820341994906e+19 -0 -0)
(-4.82965094904639e+19 -0 -0)
(-5.04947155901477e+19 -0 -0)
(-5.2670582676605e+19 -0 -0)
(-5.48185362622643e+19 -0 -0)
(-5.69360386194748e+19 -0 -0)
(-5.90212556677093e+19 -0 -0)
(-6.10702930275176e+19 -0 -0)
(-6.30775304402047e+19 -0 -0)
(-6.50379324821669e+19 -0 -0)
(-6.6947671794321e+19 -0 -0)
(-6.88023137734897e+19 -0 -0)
(-7.05897362576134e+19 -0 -0)
(-7.22898564716388e+19 -0 -0)
(-7.38912478346556e+19 -0 -0)
(-7.53930465517723e+19 -0 -0)
(-7.67966861781771e+19 -0 -0)
(-7.81060403810542e+19 -0 -0)
(-7.9325395733983e+19 -0 -0)
(-8.04573635818244e+19 -0 -0)
(-8.15023367198784e+19 -0 -0)
(-8.24590652722427e+19 -0 -0)
(-8.33259863498715e+19 -0 -0)
(-8.41038415632431e+19 -0 -0)
(-8.47975356341418e+19 -0 -0)
(-8.54140898755738e+19 -0 -0)
(-8.59589068064381e+19 -0 -0)
(-8.64347161969155e+19 -0 -0)
(-8.68426046548448e+19 -0 -0)
(-8.71825618494169e+19 -0 -0)
(-8.74536517571965e+19 -0 -0)
(-8.76554496895563e+19 -0 -0)
(-8.77905521837477e+19 -0 -0)
(-8.78650259122479e+19 -0 -0)
(-8.78856041043472e+19 -0 -0)
(-8.78569597263516e+19 -0 -0)
(-8.77815775169857e+19 -0 -0)
(-8.76608370238976e+19 -0 -0)
(-8.74954165904308e+19 -0 -0)
(-8.72854051973934e+19 -0 -0)
(-8.70311476328989e+19 -0 -0)
(-8.6734156350181e+19 -0 -0)
(-8.63969204530426e+19 -0 -0)
(-8.60224854159484e+19 -0 -0)
(-8.56145727819668e+19 -0 -0)
(-8.51771072413421e+19 -0 -0)
(-8.47130651421768e+19 -0 -0)
(-8.42240390177757e+19 -0 -0)
(-8.37106674258771e+19 -0 -0)
(-8.31732231306052e+19 -0 -0)
(-8.26124347761025e+19 -0 -0)
(-8.20298942079035e+19 -0 -0)
(-8.14275545525592e+19 -0 -0)
(-8.0807135110958e+19 -0 -0)
(-8.01699721402091e+19 -0 -0)
(-7.95171145841499e+19 -0 -0)
(-7.8849638326187e+19 -0 -0)
(-7.81690364867114e+19 -0 -0)
(-7.7477042081776e+19 -0 -0)
(-7.67749654128959e+19 -0 -0)
(-7.6063583293881e+19 -0 -0)
(-7.5343778758726e+19 -0 -0)
(-7.4616730771706e+19 -0 -0)
(-7.3883605381923e+19 -0 -0)
(-7.3145389292904e+19 -0 -0)
(-7.24028934915981e+19 -0 -0)
(-7.16568230475222e+19 -0 -0)
(-7.09078258355552e+19 -0 -0)
(-7.01564169782483e+19 -0 -0)
(-6.94028908361017e+19 -0 -0)
(-6.86472955924732e+19 -0 -0)
(-6.78896305228858e+19 -0 -0)
(-6.71303292381852e+19 -0 -0)
(-6.63704181429999e+19 -0 -0)
(-6.56111797816823e+19 -0 -0)
(-6.48536419092434e+19 -0 -0)
(-6.40984187317191e+19 -0 -0)
(-6.33458844925477e+19 -0 -0)
(-6.25963130799429e+19 -0 -0)
(-6.18499348721732e+19 -0 -0)
(-6.11069108599732e+19 -0 -0)
(-6.03673110619986e+19 -0 -0)
(-5.96312134800751e+19 -0 -0)
(-5.8898810347613e+19 -0 -0)
(-5.81703845521279e+19 -0 -0)
(-5.74462061332853e+19 -0 -0)
(-5.67264570846995e+19 -0 -0)
(-5.60112740050402e+19 -0 -0)
(-5.53007531289782e+19 -0 -0)
(-5.45949201427163e+19 -0 -0)
(-5.38938066247373e+19 -0 -0)
(-5.31976268466298e+19 -0 -0)
(-5.25067589562341e+19 -0 -0)
(-5.18215296081673e+19 -0 -0)
(-5.11421125889276e+19 -0 -0)
(-5.0468550225515e+19 -0 -0)
(-4.9800837367828e+19 -0 -0)
(-4.91389771851181e+19 -0 -0)
(-4.84829590730156e+19 -0 -0)
(-4.78327747064266e+19 -0 -0)
(-4.71884281738778e+19 -0 -0)
(-4.6549919091905e+19 -0 -0)
(-4.59172733441004e+19 -0 -0)
(-4.52905124090068e+19 -0 -0)
(-4.46696217221099e+19 -0 -0)
(-4.40545539628157e+19 -0 -0)
(-4.34452411845883e+19 -0 -0)
(-4.28416112187795e+19 -0 -0)
(-4.22435981086883e+19 -0 -0)
(-4.1651137478986e+19 -0 -0)
(-4.10641456356912e+19 -0 -0)
(-4.04825318559499e+19 -0 -0)
(-3.9906253657686e+19 -0 -0)
(-3.9335344763643e+19 -0 -0)
(-3.87698663065914e+19 -0 -0)
(-3.82098385775728e+19 -0 -0)
(-3.76552140628952e+19 -0 -0)
(-3.7105931561692e+19 -0 -0)
(-3.65619272013667e+19 -0 -0)
(-3.60231218041888e+19 -0 -0)
(-3.54894512450938e+19 -0 -0)
(-3.49608511590354e+19 -0 -0)
(-3.44372506156407e+19 -0 -0)
(-3.39185866009024e+19 -0 -0)
(-3.34047884008545e+19 -0 -0)
(-3.28957794342353e+19 -0 -0)
(-3.23914922231301e+19 -0 -0)
(-3.18918661270888e+19 -0 -0)
(-3.13968105956521e+19 -0 -0)
(-3.09062729553848e+19 -0 -0)
(-3.04201886343455e+19 -0 -0)
(-2.99384623215548e+19 -0 -0)
(-2.94610309836033e+19 -0 -0)
(-2.89878132750639e+19 -0 -0)
(-2.85187341385035e+19 -0 -0)
(-2.80537087807238e+19 -0 -0)
(-2.75926674803306e+19 -0 -0)
(-2.71355784407372e+19 -0 -0)
(-2.66824197141398e+19 -0 -0)
(-2.62331504782143e+19 -0 -0)
(-2.57876995149573e+19 -0 -0)
(-2.53459945347604e+19 -0 -0)
(-2.49079712975777e+19 -0 -0)
(-2.4473559335144e+19 -0 -0)
(-2.4042685776078e+19 -0 -0)
(-2.36152738595693e+19 -0 -0)
(-2.31912756176257e+19 -0 -0)
(-2.27706234301439e+19 -0 -0)
(-2.23532476573713e+19 -0 -0)
(-2.1939093187732e+19 -0 -0)
(-2.1528084199862e+19 -0 -0)
(-2.11201608964039e+19 -0 -0)
(-2.07152615706377e+19 -0 -0)
(-2.03133306921103e+19 -0 -0)
(-1.99143022529492e+19 -0 -0)
(-1.95181101698937e+19 -0 -0)
(-1.91246935795749e+19 -0 -0)
(-1.87340109191809e+19 -0 -0)
(-1.83459904427158e+19 -0 -0)
(-1.79605643393236e+19 -0 -0)
(-1.75776942937001e+19 -0 -0)
(-1.71973060596018e+19 -0 -0)
(-1.68193201186793e+19 -0 -0)
(-1.64436785119763e+19 -0 -0)
(-1.60703294229557e+19 -0 -0)
(-1.56992068333284e+19 -0 -0)
(-1.53302565593828e+19 -0 -0)
(-1.49634165447875e+19 -0 -0)
(-1.45986387363987e+19 -0 -0)
(-1.42358857143509e+19 -0 -0)
(-1.38750872417575e+19 -0 -0)
(-1.35161778432947e+19 -0 -0)
(-1.31591161719039e+19 -0 -0)
(-1.28038631436675e+19 -0 -0)
(-1.24503576163119e+19 -0 -0)
(-1.20985483128816e+19 -0 -0)
(-1.17483952037583e+19 -0 -0)
(-1.13998341676503e+19 -0 -0)
(-1.10528188551793e+19 -0 -0)
(-1.07073145294096e+19 -0 -0)
(-1.03632700451559e+19 -0 -0)
(-1.00206471807337e+19 -0 -0)
(-9.67939838169398e+18 -0 -0)
(-9.33946735066219e+18 -0 -0)
(-9.00079586019669e+18 -0 -0)
(-8.66330813749863e+18 -0 -0)
(-8.32697268676295e+18 -0 -0)
(-7.9917485572835e+18 -0 -0)
(-7.65757339377313e+18 -0 -0)
(-7.32441744468862e+18 -0 -0)
(-6.99222723191202e+18 -0 -0)
(-6.66097007826382e+18 -0 -0)
(-6.33058359304033e+18 -0 -0)
(-6.00102385575887e+18 -0 -0)
(-5.67226746679707e+18 -0 -0)
(-5.34426255649262e+18 -0 -0)
(-5.016960861676e+18 -0 -0)
(-4.69030048200588e+18 -0 -0)
(-4.36426694138371e+18 -0 -0)
(-4.03881644875211e+18 -0 -0)
(-3.7138907984132e+18 -0 -0)
(-3.38945180514185e+18 -0 -0)
(-3.06545411617019e+18 -0 -0)
(-2.74186417776012e+18 -0 -0)
(-2.4186417898526e+18 -0 -0)
(-2.09573170454748e+18 -0 -0)
(-1.7730862183074e+18 -0 -0)
(-1.45067341462565e+18 -0 -0)
(-1.12845730357855e+18 -0 -0)
(-8.06393180051229e+17 -0 -0)
(-4.84423121417324e+17 -0 -0)
(-1.62509542839032e+17 -0 -0)
(1.59388708602495e+17 -0 -0)
(4.81312534004454e+17 -0 -0)
(8.03277571179147e+17 -0 -0)
(1.1253512419242e+18 -0 -0)
(1.4475825737285e+18 -0 -0)
(1.76998497498839e+18 -0 -0)
(2.09263137411436e+18 -0 -0)
(2.41556017169574e+18 -0 -0)
(2.73880253398235e+18 -0 -0)
(3.0624037991585e+18 -0 -0)
(3.38640696622763e+18 -0 -0)
(3.71086767462478e+18 -0 -0)
(4.03580542893943e+18 -0 -0)
(4.36127678826328e+18 -0 -0)
(4.68732574794915e+18 -0 -0)
(5.01398635561265e+18 -0 -0)
(5.34131921147114e+18 -0 -0)
(5.669358771081e+18 -0 -0)
(5.99814339063089e+18 -0 -0)
(6.32771836898183e+18 -0 -0)
(6.6581282826033e+18 -0 -0)
(6.98942572966959e+18 -0 -0)
(7.32165365150209e+18 -0 -0)
(7.65484019965225e+18 -0 -0)
(7.98903320135406e+18 -0 -0)
(8.3242993324463e+18 -0 -0)
(8.66067721669357e+18 -0 -0)
(8.998193017766e+18 -0 -0)
(9.33690155218728e+18 -0 -0)
(9.67687409056303e+18 -0 -0)
(1.00181673617757e+19 -0 -0)
(1.03608298810769e+19 -0 -0)
(1.07049138426076e+19 -0 -0)
(1.10504664084999e+19 -0 -0)
(1.13975234533138e+19 -0 -0)
(1.17461298699242e+19 -0 -0)
(1.20963404462068e+19 -0 -0)
(1.24481927534585e+19 -0 -0)
(1.28017479650699e+19 -0 -0)
(1.31570722547993e+19 -0 -0)
(1.35141850780169e+19 -0 -0)
(1.38731383851136e+19 -0 -0)
(1.42340026058154e+19 -0 -0)
(1.45968229273955e+19 -0 -0)
(1.49616521098764e+19 -0 -0)
(1.5328538441166e+19 -0 -0)
(1.56975547373078e+19 -0 -0)
(1.60687488419411e+19 -0 -0)
(1.64421674811339e+19 -0 -0)
(1.68178693126648e+19 -0 -0)
(1.71959202152429e+19 -0 -0)
(1.75763795985931e+19 -0 -0)
(1.79593156869842e+19 -0 -0)
(1.83448106790952e+19 -0 -0)
(1.87329067849979e+19 -0 -0)
(1.91236690936912e+19 -0 -0)
(1.9517161641181e+19 -0 -0)
(1.9913432435562e+19 -0 -0)
(2.03125388186033e+19 -0 -0)
(2.07145494775895e+19 -0 -0)
(2.1119526617942e+19 -0 -0)
(2.15275374354127e+19 -0 -0)
(2.19386348867718e+19 -0 -0)
(2.23528674814124e+19 -0 -0)
(2.27703236364636e+19 -0 -0)
(2.31910677868952e+19 -0 -0)
(2.36151451216725e+19 -0 -0)
(2.40426315156733e+19 -0 -0)
(2.44735962611295e+19 -0 -0)
(2.49081012419805e+19 -0 -0)
(2.53462184631945e+19 -0 -0)
(2.57880155603811e+19 -0 -0)
(2.62335703998075e+19 -0 -0)
(2.66829333300556e+19 -0 -0)
(2.71361748778561e+19 -0 -0)
(2.7593357917496e+19 -0 -0)
(2.8054498245388e+19 -0 -0)
(2.85196295864921e+19 -0 -0)
(2.89888022486261e+19 -0 -0)
(2.94621139788276e+19 -0 -0)
(2.99396374622841e+19 -0 -0)
(3.04214536216276e+19 -0 -0)
(3.0907655676844e+19 -0 -0)
(3.1398292813748e+19 -0 -0)
(3.1893430327716e+19 -0 -0)
(3.23931627956232e+19 -0 -0)
(3.28975538347218e+19 -0 -0)
(3.34066599593162e+19 -0 -0)
(3.39205566328323e+19 -0 -0)
(3.44393161594596e+19 -0 -0)
(3.49630115044623e+19 -0 -0)
(3.54917130001714e+19 -0 -0)
(3.60254817363767e+19 -0 -0)
(3.65643842376255e+19 -0 -0)
(3.71084848265082e+19 -0 -0)
(3.76578659477864e+19 -0 -0)
(3.82125924366941e+19 -0 -0)
(3.87727179596258e+19 -0 -0)
(3.93382937178805e+19 -0 -0)
(3.99092980536345e+19 -0 -0)
(4.04856719489436e+19 -0 -0)
(4.10673833181694e+19 -0 -0)
(4.16544643713068e+19 -0 -0)
(4.22469987870949e+19 -0 -0)
(4.28450972174619e+19 -0 -0)
(4.34488235788854e+19 -0 -0)
(4.40582226422223e+19 -0 -0)
(4.4673368071312e+19 -0 -0)
(4.52943400298075e+19 -0 -0)
(4.59211824707429e+19 -0 -0)
(4.65539107950834e+19 -0 -0)
(4.7192502608027e+19 -0 -0)
(4.78369166001314e+19 -0 -0)
(4.84871570297224e+19 -0 -0)
(4.91432426425265e+19 -0 -0)
(4.98051738134214e+19 -0 -0)
(5.04729444355367e+19 -0 -0)
(5.11465633877253e+19 -0 -0)
(5.18260353525224e+19 -0 -0)
(5.25113147084156e+19 -0 -0)
(5.32022295843775e+19 -0 -0)
(5.38984497430143e+19 -0 -0)
(5.45996012617165e+19 -0 -0)
(5.53054720382815e+19 -0 -0)
(5.60160233946626e+19 -0 -0)
(5.67312192922234e+19 -0 -0)
(5.74509879063348e+19 -0 -0)
(5.81751849188398e+19 -0 -0)
(5.89036104052073e+19 -0 -0)
(5.96360153735973e+19 -0 -0)
(6.0372106886156e+19 -0 -0)
(6.11116928332809e+19 -0 -0)
(6.18546967149866e+19 -0 -0)
(6.26010519757362e+19 -0 -0)
(6.33505954809287e+19 -0 -0)
(6.41030957108919e+19 -0 -0)
(6.48582687195323e+19 -0 -0)
(6.56157394204287e+19 -0 -0)
(6.63749132585054e+19 -0 -0)
(6.71347524696725e+19 -0 -0)
(6.78939665256423e+19 -0 -0)
(6.86515415218601e+19 -0 -0)
(6.94070378900665e+19 -0 -0)
(7.0160443393753e+19 -0 -0)
(7.09117376619264e+19 -0 -0)
(7.16606099482106e+19 -0 -0)
(7.2406532157614e+19 -0 -0)
(7.31488780664461e+19 -0 -0)
(7.388693651836e+19 -0 -0)
(7.4619880641992e+19 -0 -0)
(7.53467354646218e+19 -0 -0)
(7.60663436683338e+19 -0 -0)
(7.67775152503872e+19 -0 -0)
(7.74793639231386e+19 -0 -0)
(7.81711104468924e+19 -0 -0)
(7.88514560298459e+19 -0 -0)
(7.95186687440684e+19 -0 -0)
(8.01712514675254e+19 -0 -0)
(8.08081119516376e+19 -0 -0)
(8.14282117146332e+19 -0 -0)
(8.20302253275958e+19 -0 -0)
(8.26124242083192e+19 -0 -0)
(8.31728506637195e+19 -0 -0)
(8.37099214869083e+19 -0 -0)
(8.42229018528996e+19 -0 -0)
(8.4711512235371e+19 -0 -0)
(8.51751268192319e+19 -0 -0)
(8.56121503187101e+19 -0 -0)
(8.60196063545863e+19 -0 -0)
(8.63935609683117e+19 -0 -0)
(8.67302841273897e+19 -0 -0)
(8.70267491700324e+19 -0 -0)
(8.7280477249949e+19 -0 -0)
(8.74899356883273e+19 -0 -0)
(8.76547756536071e+19 -0 -0)
(8.77749175149353e+19 -0 -0)
(8.78496905224008e+19 -0 -0)
(8.78777031526535e+19 -0 -0)
(8.78564672973059e+19 -0 -0)
(8.77813261583472e+19 -0 -0)
(8.7645540586461e+19 -0 -0)
(8.74430356150616e+19 -0 -0)
(8.71712216972349e+19 -0 -0)
(8.68305297973685e+19 -0 -0)
(8.64219017529043e+19 -0 -0)
(8.59453298771797e+19 -0 -0)
(8.53997262665415e+19 -0 -0)
(8.47823886742066e+19 -0 -0)
(8.40879116578826e+19 -0 -0)
(8.3309271966936e+19 -0 -0)
(8.24415644533972e+19 -0 -0)
(8.14840444582584e+19 -0 -0)
(8.04382840694556e+19 -0 -0)
(7.93055477210362e+19 -0 -0)
(7.80854530658283e+19 -0 -0)
(7.67753878581725e+19 -0 -0)
(7.53710744003758e+19 -0 -0)
(7.38686454412409e+19 -0 -0)
(7.22666625077448e+19 -0 -0)
(7.0566411426668e+19 -0 -0)
(6.87792420229213e+19 -0 -0)
(6.69245502805848e+19 -0 -0)
(6.50145879703292e+19 -0 -0)
(6.30540697629364e+19 -0 -0)
(6.10468184603433e+19 -0 -0)
(5.89979249677843e+19 -0 -0)
(5.69130421746438e+19 -0 -0)
(5.47960407167488e+19 -0 -0)
(5.26487936094523e+19 -0 -0)
(5.04738536624903e+19 -0 -0)
(4.8276779428229e+19 -0 -0)
(4.60637155666451e+19 -0 -0)
(4.38369626391277e+19 -0 -0)
(4.15967650285675e+19 -0 -0)
(3.93472106947004e+19 -0 -0)
(3.70957506585227e+19 -0 -0)
(3.48467434411861e+19 -0 -0)
(3.26006136745318e+19 -0 -0)
(3.03600612585892e+19 -0 -0)
(2.81349651512906e+19 -0 -0)
(2.59389116175138e+19 -0 -0)
(2.37810965059926e+19 -0 -0)
(2.16679430488751e+19 -0 -0)
(1.96090247004103e+19 -0 -0)
(1.76201056072902e+19 -0 -0)
(1.57161269985703e+19 -0 -0)
(1.39061191913864e+19 -0 -0)
(1.21980873231129e+19 -0 -0)
(1.05988660235746e+19 -0 -0)
(9.11300245931585e+18 -0 -0)
(7.74346333657048e+18 -0 -0)
(6.49270299681784e+18 -0 -0)
(5.36240664815499e+18 -0 -0)
(4.35249022003856e+18 -0 -0)
(3.46071287200042e+18 -0 -0)
(2.68403069910704e+18 -0 -0)
(2.01945920237592e+18 -0 -0)
(1.4628629881997e+18 -0 -0)
(1.00733600810004e+18 -0 -0)
(6.43394179768253e+17 -0 -0)
(3.6050854396777e+17 -0 -0)
(1.48031651431103e+17 -0 -0)
(-4.21805048502662e+15 -0 -0)
(-1.05648639392141e+17 -0 -0)
(-1.64712543392048e+17 -0 -0)
(-1.88648930778726e+17 -0 -0)
(-1.83484528393649e+17 -0 -0)
(-1.54097764794021e+17 -0 -0)
(-1.04115802929979e+17 -0 -0)
(-3.71752402096848e+16 -0 -0)
)
;

boundaryField
{
    electrode
    {
        type            calculated;
        value           uniform (-0 -0 -0);
    }
    ground
    {
        type            calculated;
        value           uniform (0 -0 -0);
    }
    otherfaces
    {
        type            empty;
    }
}


// ************************************************************************* //
