/*--------------------------------*- C++ -*----------------------------------*\
| =========                 |                                                 |
| \\      /  F ield         | foam-extend: Open Source CFD                    |
|  \\    /   O peration     | Version:     4.1                                |
|   \\  /    A nd           | Web:         http://www.foam-extend.org         |
|    \\/     M anipulation  |                                                 |
\*---------------------------------------------------------------------------*/
FoamFile
{
    version     2.0;
    format      ascii;
    class       volScalarField;
    location    "3.00031247849625e-06";
    object      powerDissipatedIon;
}
// * * * * * * * * * * * * * * * * * * * * * * * * * * * * * * * * * * * * * //

dimensions      [1 -1 -3 0 0 0 0];

internalField   nonuniform List<scalar> 
500
(
819575654518.071
812054503634.705
787990423551.811
772773167401.406
750972834474.022
732975900617.813
710881120746.092
690988919443.163
668407739622.408
646894224332.14
622831176639.939
601936596678.355
580039258640.76
558087075741.961
535255952280.328
511950061315.625
487294642750.249
465020510198.086
443006535568.338
420760780740.69
397959741272.801
374487556912.262
353923131786.484
333618755849.731
313396848100.347
292893453576.646
274253138293.003
256966734134.259
240035366821.872
223283012310.454
208241421223.912
194427287723.843
181144804600.06
168300063063.324
157047379947.032
146616268295.576
136759069351.662
127357402472.557
119219371232.835
111744599676.75
104681275502.977
98015676299.7769
91987269851.0813
86852015677.3009
81932052287.2085
77282363440.6626
72901356495.1464
69012993308.6574
65657306020.6129
62442607968.534
59389831317.7497
56517945731.4564
53807909549.4171
51496012011.5829
49374042327.4641
47319508650.282
45366073195.5901
43527594932.0983
41796294272.7508
40155811536.2275
38761062764.0577
37434528604.1913
36116836010.7249
34849634197.0193
33653600608.2055
32524702082.057
31456031976.4748
30438096243.6987
29500407622.6468
28670112375.1754
27825445913.9949
26985071779.1211
26176493831.0539
25409270042.6439
24680296952.7453
23985670819.4983
23320354951.6634
22675341422.9781
22048759758.6758
21506552286.0084
20964669153.4366
20424200422.8696
19889871731.9053
19372514648.7223
18877631724.0765
18403297718.3349
17946019059.5695
17500112098.6125
17060856045.7778
16629139224.7111
16210744100.6746
15852965816.7318
15500358635.1676
15152199524.1634
14807048992.1411
14465119046.8418
14130289163.508
13804238651.4808
13484427593.1367
13170280778.309
12863314054.8319
12564312638.7228
12273404903.1171
11990461957.701
11718634100.0317
11481454488.5211
11248483564.4051
11019242466.3179
10792286809.1645
10565589855.6354
10338404189.2196
10112258044.4637
9890153934.73288
9673874199.17374
9463446092.90305
9258653569.27114
9059269876.87151
8865055482.42012
8675676776.01154
8490488062.45816
8313125346.15176
8151861766.19302
7992882145.87062
7836315212.55484
7682159359.28786
7530355604.38995
7380785140.48955
7233196563.55347
7087154679.38259
6942668931.06479
6800689285.69624
6662002219.48579
6526634337.82474
6394406273.34382
6265159907.65502
6138760787.72451
6015092240.27261
5894048106.5919
5779192105.64034
5671421411.25181
5565468094.36919
5461418940.15504
5359262450.91054
5258866169.15919
5160098298.15316
5062872637.2858
4967113814.51376
4872736799.83509
4779635776.20234
4687628989.08096
4596599282.75713
4506749401.99226
4418400061.39744
4331647376.79295
4246438708.42582
4162719502.17554
4080441419.93856
3999561062.56306
3922090192.54581
3846984494.04412
3772963418.73417
3700004349.717
3628084681.74986
3557182832.00892
3487280543.12857
3418357725.83788
3350394815.00855
3283374651.08166
3217278490.15921
3152085503.51362
3087775364.62196
3024323309.18838
2961692081.45958
2899816814.72437
2838674847.68507
2778360485.3855
2718958323.98241
2660473950.64174
2602798583.36833
2545833892.14865
2489751745.43424
2434535839.16544
2380171554.05027
2326644741.96624
2273942263.54659
2222051854.23003
2170960253.72038
2120656315.98851
2071128042.95118
2022365624.00501
1974358469.28015
1927096265.26235
1880569660.19897
1834768793.69587
1789685636.9863
1745311875.88908
1701638461.35243
1658631642.67321
1615467272.87678
1573017655.01778
1531251907.68624
1490160445.11446
1449731583.80893
1409952607.01403
1370814645.57805
1332308739.39318
1294427427.2292
1257165014.33811
1220511963.62712
1184460876.02278
1149007535.8573
1114144806.01063
1079867499.04356
1046173112.4858
1013056589.26213
980512361.098757
948537556.655995
917132255.326651
886295662.159597
856031645.199678
826345721.199055
797218950.498336
768623783.638457
740550080.950406
712994938.351477
685958175.589838
659439849.299529
633437501.487706
607949669.911502
582977198.541555
558519896.021118
534575587.407251
511144767.812147
488227520.012537
465822274.36857
443928747.688377
422547979.294943
401681258.116402
381327546.804998
361485270.974501
342156419.824905
323342835.131095
305043145.533676
287257779.462868
269988710.657703
253236412.277561
237001191.345947
221285559.78558
206089920.951425
191416012.517772
177266945.537486
163638576.684351
150534056.198864
137960293.353583
125917610.998687
114406041.894102
103427506.780355
92985266.0697905
83081321.6517832
73717974.2742706
64898279.7772688
56624871.1912402
48900108.4116228
41727190.8563336
35109736.1489782
29050639.1187867
23552961.7995465
18620638.3518733
14257550.5185807
10467371.9638698
7254074.89337549
4621911.65467613
2575228.77215281
1118565.54286853
256633.114969539
-5653.8263919434
336809.607721869
1289378.78925831
2884732.26422771
5030676.82106092
7816833.88434047
11218640.6959521
15238249.6296348
19877020.1038187
25137083.7455428
31020446.3622122
37528977.8016504
44665549.615874
52433162.2068201
60834742.7640363
69873888.6820125
79554278.729224
89879526.4875998
100854215.793671
112483470.026974
124772064.171067
137724834.320848
151348107.502425
165649695.993796
180637003.082199
196317009.559521
212699626.17613
229801277.329268
247639904.343364
266226573.049487
285570451.769416
305682416.680143
326573111.207353
348254174.319726
370737403.591552
394035141.10264
418160233.967204
443125842.373625
468946186.932073
495635748.135483
523209893.371398
551684402.349274
581075506.668853
611400713.395885
642677736.982001
674925740.419202
708164253.334314
742413551.389665
777696004.482771
814034968.173311
851442946.236529
889890616.113739
929341589.324482
969816984.67735
1011364026.69048
1054018856.89372
1097811813.31059
1142771580.94854
1188926424.1428
1236306948.53037
1284945849.0343
1334875882.1017
1386129783.68454
1438744505.25772
1492758927.9493
1548211285.24656
1605144854.7844
1663604485.71129
1723635938.06742
1785284446.57766
1847656608.36215
1911113669.63312
1976225413.68421
2043046454.86494
2111540809.99769
2181518957.41185
2252854996.4447
2325636449.67443
2400007321.54971
2476066437.86399
2553893950.37947
2633575453.93353
2715210962.97423
2798660929.60651
2884163710.67528
2971912706.39263
3061851136.45985
3153979778.1562
3248361907.75188
3345080346.09866
3444228031.9586
3545897502.25249
3650190868.98939
3757229870.87671
3867154781.19793
3979958417.51997
4097400847.09741
4219889919.29904
4344419390.07709
4471322415.59696
4600820710.58736
4733045297.20363
4868059777.84359
5005866498.97125
5146371487.94759
5289302797.36774
5434667001.04486
5583032105.74043
5734901030.00316
5895854655.66418
6069697032.62413
6248895671.31669
6433634035.72669
6623880680.32141
6818237374.51691
7014233918.96192
7210386425.4816
7407214500.53278
7606584251.28326
7809849889.25575
8017452299.98903
8229531141.8637
8469878186.46094
8719417692.07229
8976206349.66736
9240060496.36477
9510172246.08182
9785008257.38074
10064977520.7524
10352560138.2409
10646758383.9345
10944326273.5948
11244825027.5357
11557599689.4642
11911950190.8131
12275404246.2322
12647203847.0513
13024573412.7885
13406404491.1241
13796948882.9915
14201355938.2005
14622534879.0917
15061886540.3429
15514777671.8932
16001952358.9957
16536836441.8226
17077524632.0379
17620317888.1751
18166952367.5401
18727466782.5928
19309619035.825
19917029475.5556
20552134756.0832
21216335697.6211
21989784033.8085
22804681466.8994
23611703694.6241
24418245359.1947
25243286189.3885
26099010392.6133
26991430323.3556
27923777579.8713
28936536860.2878
30128271364.2277
31330243841.258
32533859403.5862
33759501764.1819
35024636392.8567
36338291144.3286
37701071763.1401
39320088014.9012
41048878571.8807
42809715745.3933
44604455122.1648
46449052341.0078
48353075580.9895
50389891399.9242
52815766332.3967
55320900252.7942
57878510946.618
60514110403.9829
63230494974.5775
66278478618.7226
69748762227.499
73304101418.94
77006527260.9315
80894060156.9779
85063522920.9643
89889338831.8041
94914178564.1152
100276868613.263
105763336121.859
111898450154.864
118760767497.248
126049292626.728
133563221877.717
141341305456.361
150580463078.772
160315827451.891
170308316689.412
180168602855.772
192177650324.608
204735347337.056
217594586390.646
230276623419.48
244410621471.918
259749800942.012
275500951280.353
291210931613.146
306490151402.744
324123175127.873
342187369749.368
360120023132.273
378365722218.628
395759351675.406
414464184267.125
433581494246.651
453558870624.843
471882402096.628
491735958484.673
508827133581.272
528453351263.38
545779186305.542
568317623610.71
578557310658.191
)
;

boundaryField
{
    electrode
    {
        type            calculated;
        value           uniform 839007633141.733;
    }
    ground
    {
        type            calculated;
        value           uniform 595548435715.057;
    }
    otherfaces
    {
        type            empty;
    }
}


// ************************************************************************* //
