/*--------------------------------*- C++ -*----------------------------------*\
| =========                 |                                                 |
| \\      /  F ield         | foam-extend: Open Source CFD                    |
|  \\    /   O peration     | Version:     4.1                                |
|   \\  /    A nd           | Web:         http://www.foam-extend.org         |
|    \\/     M anipulation  |                                                 |
\*---------------------------------------------------------------------------*/
FoamFile
{
    version     2.0;
    format      ascii;
    class       volVectorField;
    location    "1.49999999935008e-05";
    object      term2;
}
// * * * * * * * * * * * * * * * * * * * * * * * * * * * * * * * * * * * * * //

dimensions      [0 -2 -2 0 0 0 0];

internalField   nonuniform List<vector> 
500
(
(-5.59687049085435e+27 0 0)
(-5.51792513247477e+27 0 0)
(-5.42862252715563e+27 0 0)
(-5.32511829714299e+27 0 0)
(-5.23740618491885e+27 0 0)
(-5.13634351295221e+27 0 0)
(-5.04986534307531e+27 0 0)
(-4.95121342552842e+27 0 0)
(-4.86585263857266e+27 0 0)
(-4.74343966396548e+27 0 0)
(-4.61998984430082e+27 0 0)
(-4.489138443781e+27 0 0)
(-4.37129794693644e+27 0 0)
(-4.2477728514173e+27 0 0)
(-4.0990150325509e+27 0 0)
(-3.9372267426831e+27 0 0)
(-3.79280758741916e+27 0 0)
(-3.63547124141581e+27 0 0)
(-3.45688675860336e+27 0 0)
(-3.2930307931876e+27 0 0)
(-3.11811619952578e+27 0 0)
(-2.94072499644572e+27 0 0)
(-2.77865416011493e+27 0 0)
(-2.60143555470027e+27 0 0)
(-2.452055472082e+27 0 0)
(-2.28744334870213e+27 0 0)
(-2.15370046232977e+27 0 0)
(-2.00945468760159e+27 0 0)
(-1.89602309098435e+27 0 0)
(-1.7730720243433e+27 0 0)
(-1.68094575543114e+27 0 0)
(-1.57963156526595e+27 0 0)
(-1.50196019634076e+27 0 0)
(-1.42578793681634e+27 0 0)
(-1.3593235093242e+27 0 0)
(-1.30635027998716e+27 0 0)
(-1.25195294877342e+27 0 0)
(-1.20378504354542e+27 0 0)
(-1.16550848644263e+27 0 0)
(-1.13005736145499e+27 0 0)
(-1.09530156413642e+27 0 0)
(-1.06443252910331e+27 0 0)
(-1.03881258876644e+27 0 0)
(-1.01692586121813e+27 0 0)
(-9.95228984855743e+26 0 0)
(-9.72943845043586e+26 0 0)
(-9.5272177394367e+26 0 0)
(-9.34725558432732e+26 0 0)
(-9.20560315577305e+26 0 0)
(-9.07324532632638e+26 0 0)
(-8.93950767680401e+26 0 0)
(-8.78546958224013e+26 0 0)
(-8.65626783307238e+26 0 0)
(-8.54697386081419e+26 0 0)
(-8.45307361039199e+26 0 0)
(-8.34648909012683e+26 0 0)
(-8.23801509775045e+26 0 0)
(-8.13456985887606e+26 0 0)
(-8.05660324370889e+26 0 0)
(-7.98732671563486e+26 0 0)
(-7.91907499932256e+26 0 0)
(-7.8344517654821e+26 0 0)
(-7.75128365946817e+26 0 0)
(-7.67570883087954e+26 0 0)
(-7.62081984417824e+26 0 0)
(-7.56872600819909e+26 0 0)
(-7.51362952866083e+26 0 0)
(-7.44294032862856e+26 0 0)
(-7.37264003539045e+26 0 0)
(-7.30704108102001e+26 0 0)
(-7.25847179668903e+26 0 0)
(-7.21366403609283e+26 0 0)
(-7.17088748950054e+26 0 0)
(-7.11871594865329e+26 0 0)
(-7.06467059343368e+26 0 0)
(-7.00825590455813e+26 0 0)
(-6.96162418819777e+26 0 0)
(-6.91830806289328e+26 0 0)
(-6.88090943629e+26 0 0)
(-6.83783363965606e+26 0 0)
(-6.79326399293846e+26 0 0)
(-6.74220405343719e+26 0 0)
(-6.69461705122325e+26 0 0)
(-6.64730446979621e+26 0 0)
(-6.60714034087097e+26 0 0)
(-6.56641527262549e+26 0 0)
(-6.52854094958229e+26 0 0)
(-6.48567331793927e+26 0 0)
(-6.4433623365537e+26 0 0)
(-6.39689476479571e+26 0 0)
(-6.35356215508545e+26 0 0)
(-6.30886016331569e+26 0 0)
(-6.26862526728984e+26 0 0)
(-6.22683697101284e+26 0 0)
(-6.18807584341695e+26 0 0)
(-6.14623978478169e+26 0 0)
(-6.10634409397784e+26 0 0)
(-6.06329993033838e+26 0 0)
(-6.02274059320295e+26 0 0)
(-5.97999400850118e+26 0 0)
(-5.94036957341757e+26 0 0)
(-5.89880519888064e+26 0 0)
(-5.8599743096493e+26 0 0)
(-5.81866111954563e+26 0 0)
(-5.77948481654041e+26 0 0)
(-5.73763238398385e+26 0 0)
(-5.69795089687438e+26 0 0)
(-5.65597114181805e+26 0 0)
(-5.61649289125775e+26 0 0)
(-5.57506043111819e+26 0 0)
(-5.53618002780897e+26 0 0)
(-5.49529148805041e+26 0 0)
(-5.45665703021492e+26 0 0)
(-5.4157843173745e+26 0 0)
(-5.37692356572305e+26 0 0)
(-5.3358273646529e+26 0 0)
(-5.29677719306941e+26 0 0)
(-5.25567210007461e+26 0 0)
(-5.21667844406241e+26 0 0)
(-5.17573554503425e+26 0 0)
(-5.13687221945778e+26 0 0)
(-5.09609303288677e+26 0 0)
(-5.0573199132478e+26 0 0)
(-5.0166282641821e+26 0 0)
(-4.97784471603713e+26 0 0)
(-4.9371469115307e+26 0 0)
(-4.89830986580973e+26 0 0)
(-4.85762540720864e+26 0 0)
(-4.8187911698524e+26 0 0)
(-4.77816308148392e+26 0 0)
(-4.73933221836524e+26 0 0)
(-4.69872920344667e+26 0 0)
(-4.6598781737918e+26 0 0)
(-4.61930641045585e+26 0 0)
(-4.58045942547765e+26 0 0)
(-4.53992810704266e+26 0 0)
(-4.50106516966389e+26 0 0)
(-4.46053797588172e+26 0 0)
(-4.42163844188863e+26 0 0)
(-4.3811272234894e+26 0 0)
(-4.34222266228271e+26 0 0)
(-4.30174583858359e+26 0 0)
(-4.26282379443301e+26 0 0)
(-4.22234822001719e+26 0 0)
(-4.18338585687047e+26 0 0)
(-4.14291672003057e+26 0 0)
(-4.10394136909835e+26 0 0)
(-4.06350173585942e+26 0 0)
(-4.02451079679902e+26 0 0)
(-3.98407381421532e+26 0 0)
(-3.94504132906488e+26 0 0)
(-3.90460231894832e+26 0 0)
(-3.86554852877848e+26 0 0)
(-3.82513407367504e+26 0 0)
(-3.78606922350369e+26 0 0)
(-3.74566412675327e+26 0 0)
(-3.70656145347787e+26 0 0)
(-3.6661493669258e+26 0 0)
(-3.6270166065218e+26 0 0)
(-3.58662086778489e+26 0 0)
(-3.54747862841937e+26 0 0)
(-3.50710118802352e+26 0 0)
(-3.46793187065041e+26 0 0)
(-3.42754989404731e+26 0 0)
(-3.38834454919917e+26 0 0)
(-3.34796838390525e+26 0 0)
(-3.30874945119871e+26 0 0)
(-3.26839584638331e+26 0 0)
(-3.22916312556329e+26 0 0)
(-3.18881676681332e+26 0 0)
(-3.14955198849511e+26 0 0)
(-3.1092043711446e+26 0 0)
(-3.06991590454885e+26 0 0)
(-3.02958571608308e+26 0 0)
(-2.99029006471098e+26 0 0)
(-2.94998103149251e+26 0 0)
(-2.91066828587645e+26 0 0)
(-2.87036435714879e+26 0 0)
(-2.83102449907376e+26 0 0)
(-2.79072776943427e+26 0 0)
(-2.75137381919343e+26 0 0)
(-2.71109970783542e+26 0 0)
(-2.6717411207257e+26 0 0)
(-2.63148813903249e+26 0 0)
(-2.59211525116155e+26 0 0)
(-2.55187224913536e+26 0 0)
(-2.51248049864648e+26 0 0)
(-2.47225177026703e+26 0 0)
(-2.43285168512849e+26 0 0)
(-2.39264840829508e+26 0 0)
(-2.35324637582275e+26 0 0)
(-2.3130676308327e+26 0 0)
(-2.27365813678112e+26 0 0)
(-2.23349712143013e+26 0 0)
(-2.19407669152403e+26 0 0)
(-2.15393525103082e+26 0 0)
(-2.11451080533482e+26 0 0)
(-2.07439677020449e+26 0 0)
(-2.03497435740916e+26 0 0)
(-1.9948900785689e+26 0 0)
(-1.95546872102321e+26 0 0)
(-1.91541056223209e+26 0 0)
(-1.87598729127719e+26 0 0)
(-1.83595492607133e+26 0 0)
(-1.7965325928823e+26 0 0)
(-1.75652949824036e+26 0 0)
(-1.7171127099236e+26 0 0)
(-1.67714359371743e+26 0 0)
(-1.63773582932803e+26 0 0)
(-1.59780021959367e+26 0 0)
(-1.55839998247832e+26 0 0)
(-1.5184984121699e+26 0 0)
(-1.47910901650106e+26 0 0)
(-1.43923990146521e+26 0 0)
(-1.39986023634586e+26 0 0)
(-1.36003130801729e+26 0 0)
(-1.32066768736291e+26 0 0)
(-1.28086299951625e+26 0 0)
(-1.2415087743327e+26 0 0)
(-1.20176331546414e+26 0 0)
(-1.162440406868e+26 0 0)
(-1.12273261129273e+26 0 0)
(-1.08342593833198e+26 0 0)
(-1.04375718093489e+26 0 0)
(-1.00447558373688e+26 0 0)
(-9.64848171731924e+25 0 0)
(-9.2558961881459e+25 0 0)
(-8.86006793180994e+25 0 0)
(-8.46775827747217e+25 0 0)
(-8.07236850014694e+25 0 0)
(-7.68035990703604e+25 0 0)
(-7.28543654254773e+25 0 0)
(-6.89374467018649e+25 0 0)
(-6.4992855359369e+25 0 0)
(-6.10794325377945e+25 0 0)
(-5.71395967397564e+25 0 0)
(-5.32298369402692e+25 0 0)
(-4.92949169328835e+25 0 0)
(-4.53890669883307e+25 0 0)
(-4.14592039309662e+25 0 0)
(-3.75575877887409e+25 0 0)
(-3.36328804975501e+25 0 0)
(-2.97356672558076e+25 0 0)
(-2.58162898365542e+25 0 0)
(-2.19237618208681e+25 0 0)
(-1.80098711333136e+25 0 0)
(-1.41218670388624e+25 0 0)
(-1.02144142321953e+25 0 0)
(-6.33069210065639e+24 0 0)
(-2.42995615739754e+24 0 0)
(1.44873411280293e+24 0 0)
(5.34369934384906e+24 0 0)
(9.21598031730884e+24 0 0)
(1.30054433608923e+25 0 0)
(1.68621586685146e+25 0 0)
(2.08802326583053e+25 0 0)
(2.47611249898626e+25 0 0)
(2.86687804697923e+25 0 0)
(3.25543848110102e+25 0 0)
(3.64673359696275e+25 0 0)
(4.0357388510335e+25 0 0)
(4.42755221358016e+25 0 0)
(4.81697914107024e+25 0 0)
(5.20930086078933e+25 0 0)
(5.5991231113269e+25 0 0)
(5.99193323424223e+25 0 0)
(6.38212901874709e+25 0 0)
(6.77542166287684e+25 0 0)
(7.16595742675509e+25 0 0)
(7.55971512397379e+25 0 0)
(7.95057562502599e+25 0 0)
(8.34477846646304e+25 0 0)
(8.73593008827997e+25 0 0)
(9.13058629179704e+25 0 0)
(9.52200760734717e+25 0 0)
(9.91708532013928e+25 0 0)
(1.03087736400958e+26 0 0)
(1.07042734721263e+26 0 0)
(1.1096165429291e+26 0 0)
(1.14920898473015e+26 0 0)
(1.18841949051716e+26 0 0)
(1.22804606946724e+26 0 0)
(1.26727882459768e+26 0 0)
(1.30695023824498e+26 0 0)
(1.34619821818258e+26 0 0)
(1.38590724632032e+26 0 0)
(1.42516585404155e+26 0 0)
(1.46490893385855e+26 0 0)
(1.50418044886723e+26 0 0)
(1.54395988005523e+26 0 0)
(1.58324054769171e+26 0 0)
(1.62305258801075e+26 0 0)
(1.66234167609176e+26 0 0)
(1.70218648785804e+26 0 0)
(1.74148049010828e+26 0 0)
(1.7813557818583e+26 0 0)
(1.82065457998931e+26 0 0)
(1.86055971187103e+26 0 0)
(1.89986082873896e+26 0 0)
(1.93979356972443e+26 0 0)
(1.97909496183393e+26 0 0)
(2.01905392399484e+26 0 0)
(2.0583537089433e+26 0 0)
(2.09833777628005e+26 0 0)
(2.13763498069519e+26 0 0)
(2.17764291323862e+26 0 0)
(2.21693505731635e+26 0 0)
(2.25696465168902e+26 0 0)
(2.29624999296987e+26 0 0)
(2.33630043120367e+26 0 0)
(2.37557807234914e+26 0 0)
(2.41564838172262e+26 0 0)
(2.45491694715176e+26 0 0)
(2.49500548016486e+26 0 0)
(2.5342627308973e+26 0 0)
(2.57436797288186e+26 0 0)
(2.61361234683799e+26 0 0)
(2.65373279702765e+26 0 0)
(2.69296198024383e+26 0 0)
(2.73309451619036e+26 0 0)
(2.77230567918849e+26 0 0)
(2.8124496591057e+26 0 0)
(2.85164426302878e+26 0 0)
(2.8918028082446e+26 0 0)
(2.9309831402919e+26 0 0)
(2.97115704365163e+26 0 0)
(3.01032090019254e+26 0 0)
(3.0505050374873e+26 0 0)
(3.08964433316209e+26 0 0)
(3.12982982639217e+26 0 0)
(3.16893686889736e+26 0 0)
(3.20911971563622e+26 0 0)
(3.2481963059239e+26 0 0)
(3.28838622772839e+26 0 0)
(3.32744725552015e+26 0 0)
(3.36765977374045e+26 0 0)
(3.40671302573062e+26 0 0)
(3.44694225865258e+26 0 0)
(3.48596694145308e+26 0 0)
(3.52618419763835e+26 0 0)
(3.56515362214655e+26 0 0)
(3.60534671304705e+26 0 0)
(3.64427119979153e+26 0 0)
(3.68447304753319e+26 0 0)
(3.72339773143073e+26 0 0)
(3.76364957854201e+26 0 0)
(3.80258967199287e+26 0 0)
(3.84286699567191e+26 0 0)
(3.88175744727992e+26 0 0)
(3.92197480369989e+26 0 0)
(3.96074575808725e+26 0 0)
(4.00088761927807e+26 0 0)
(4.03959922780808e+26 0 0)
(4.07979044505897e+26 0 0)
(4.11858334842088e+26 0 0)
(4.15891380728287e+26 0 0)
(4.1977690808773e+26 0 0)
(4.23810313745007e+26 0 0)
(4.27681544351843e+26 0 0)
(4.31697476580335e+26 0 0)
(4.35549620234713e+26 0 0)
(4.39561197834244e+26 0 0)
(4.43420799687909e+26 0 0)
(4.47455179071502e+26 0 0)
(4.51334049214819e+26 0 0)
(4.55378458967016e+26 0 0)
(4.59243254148307e+26 0 0)
(4.63261648425878e+26 0 0)
(4.67096003063383e+26 0 0)
(4.71104901952101e+26 0 0)
(4.74951697388263e+26 0 0)
(4.78995544523092e+26 0 0)
(4.8287116122865e+26 0 0)
(4.86924618225781e+26 0 0)
(4.90775205431184e+26 0 0)
(4.94790927542802e+26 0 0)
(4.98610013006948e+26 0 0)
(5.02631115561682e+26 0 0)
(5.06484465558851e+26 0 0)
(5.10553420368894e+26 0 0)
(5.14426889922023e+26 0 0)
(5.1847976593117e+26 0 0)
(5.22305165566547e+26 0 0)
(5.26322706637455e+26 0 0)
(5.30148433684885e+26 0 0)
(5.34213258826855e+26 0 0)
(5.38092130753756e+26 0 0)
(5.42183457064784e+26 0 0)
(5.46034977977214e+26 0 0)
(5.50077823101316e+26 0 0)
(5.53896905333725e+26 0 0)
(5.57964339452446e+26 0 0)
(5.61842404216319e+26 0 0)
(5.65965941914439e+26 0 0)
(5.69845471029369e+26 0 0)
(5.7392904172774e+26 0 0)
(5.7776308844271e+26 0 0)
(5.81855074884136e+26 0 0)
(5.8574579978662e+26 0 0)
(5.89908569714229e+26 0 0)
(5.93819245809157e+26 0 0)
(5.97952478315039e+26 0 0)
(6.01817685684544e+26 0 0)
(6.05958867891459e+26 0 0)
(6.09885926940364e+26 0 0)
(6.14108173222858e+26 0 0)
(6.18063310255933e+26 0 0)
(6.22261810460502e+26 0 0)
(6.26179437011669e+26 0 0)
(6.30401137672321e+26 0 0)
(6.34396179809866e+26 0 0)
(6.38706422202891e+26 0 0)
(6.42727614163307e+26 0 0)
(6.47018257190112e+26 0 0)
(6.51023179138787e+26 0 0)
(6.55370856313055e+26 0 0)
(6.59476254432408e+26 0 0)
(6.63913427114134e+26 0 0)
(6.6803683573951e+26 0 0)
(6.7246889308422e+26 0 0)
(6.76621199524572e+26 0 0)
(6.811661150496e+26 0 0)
(6.85449590192718e+26 0 0)
(6.90085700237345e+26 0 0)
(6.94396629642929e+26 0 0)
(6.99085217392021e+26 0 0)
(7.03511424543609e+26 0 0)
(7.08373604284494e+26 0 0)
(7.12937797327864e+26 0 0)
(7.1789228570483e+26 0 0)
(7.22536166008268e+26 0 0)
(7.2765396669228e+26 0 0)
(7.32905693441958e+26 0 0)
(7.3884094455068e+26 0 0)
(7.44490661054717e+26 0 0)
(7.50661819095014e+26 0 0)
(7.56623200292978e+26 0 0)
(7.63231153149184e+26 0 0)
(7.69646915423472e+26 0 0)
(7.76704601885139e+26 0 0)
(7.83592374347058e+26 0 0)
(7.91267400015239e+26 0 0)
(7.9888402158169e+26 0 0)
(8.07355341656021e+26 0 0)
(8.15898505830957e+26 0 0)
(8.25349193650248e+26 0 0)
(8.34845392948067e+26 0 0)
(8.45507767496939e+26 0 0)
(8.56400121342403e+26 0 0)
(8.68747554982396e+26 0 0)
(8.81731173474209e+26 0 0)
(8.96685830300092e+26 0 0)
(9.10972737160741e+26 0 0)
(9.26026361778302e+26 0 0)
(9.41342596030308e+26 0 0)
(9.58333274377927e+26 0 0)
(9.76113490889108e+26 0 0)
(9.96893968651164e+26 0 0)
(1.01933952658401e+27 0 0)
(1.04130570289532e+27 0 0)
(1.06533160224648e+27 0 0)
(1.09247519408116e+27 0 0)
(1.12044271282383e+27 0 0)
(1.15107008510635e+27 0 0)
(1.17573081346453e+27 0 0)
(1.2050074864466e+27 0 0)
(1.23787691921489e+27 0 0)
(1.27705466778194e+27 0 0)
(1.31655752093444e+27 0 0)
(1.35167792165267e+27 0 0)
(1.38802296684698e+27 0 0)
(1.42880248979337e+27 0 0)
(1.47239899118262e+27 0 0)
(1.51506385225975e+27 0 0)
(1.55746064889003e+27 0 0)
(1.61081740155297e+27 0 0)
(1.6716798445049e+27 0 0)
(1.73084867613809e+27 0 0)
(1.78355117487517e+27 0 0)
(1.84931363948754e+27 0 0)
(1.93352431461093e+27 0 0)
(2.01767049375915e+27 0 0)
(2.11407419293108e+27 0 0)
(2.2256038836676e+27 0 0)
(2.30950095382101e+27 0 0)
(2.4167156258426e+27 0 0)
(2.54621336891643e+27 0 0)
(2.66665298306428e+27 0 0)
(2.79758425761954e+27 0 0)
(2.93058088116657e+27 0 0)
(3.03970301323698e+27 0 0)
(3.1753094051839e+27 0 0)
(3.31536100116741e+27 0 0)
(3.43131885978826e+27 0 0)
(3.54560202393637e+27 0 0)
(3.67871821031826e+27 0 0)
(3.79806737055591e+27 0 0)
(3.90298383801176e+27 0 0)
(4.0016009230377e+27 0 0)
(4.11362533728267e+27 0 0)
)
;

boundaryField
{
    electrode
    {
        type            calculated;
        value           uniform (-5.59687049085435e+27 0 0);
    }
    ground
    {
        type            calculated;
        value           uniform (4.11362533728267e+27 0 0);
    }
    otherfaces
    {
        type            empty;
    }
}


// ************************************************************************* //
