/*--------------------------------*- C++ -*----------------------------------*\
| =========                 |                                                 |
| \\      /  F ield         | foam-extend: Open Source CFD                    |
|  \\    /   O peration     | Version:     4.1                                |
|   \\  /    A nd           | Web:         http://www.foam-extend.org         |
|    \\/     M anipulation  |                                                 |
\*---------------------------------------------------------------------------*/
FoamFile
{
    version     2.0;
    format      ascii;
    class       volVectorField;
    location    "1.49999999935008e-05";
    object      velocityelectronMean;
}
// * * * * * * * * * * * * * * * * * * * * * * * * * * * * * * * * * * * * * //

dimensions      [0 1 -1 0 0 0 0];

internalField   nonuniform List<vector> 
500
(
(-370256.480134606 0 0)
(-247476.186386333 0 0)
(-166387.562685064 0 0)
(-121879.944176526 0 0)
(-94512.1257026074 0 0)
(-72346.0769960563 0 0)
(-55152.6389493966 0 0)
(-39687.6382024901 0 0)
(-27759.3392227027 0 0)
(-20430.4879334526 0 0)
(-15493.8580099399 0 0)
(-11940.8577740482 0 0)
(-9539.40657284503 0 0)
(-7803.78569594778 0 0)
(-6584.5401164069 0 0)
(-5633.74098769983 0 0)
(-4916.06696936453 0 0)
(-4319.76947619296 0 0)
(-3847.16939555043 0 0)
(-3442.53046845728 0 0)
(-3110.50188984507 0 0)
(-2821.78093995829 0 0)
(-2578.72645267544 0 0)
(-2365.72345939848 0 0)
(-2182.56648000671 0 0)
(-2021.74768851912 0 0)
(-1881.27094292283 0 0)
(-1758.1748473205 0 0)
(-1649.06918297387 0 0)
(-1553.68873685687 0 0)
(-1467.87113296041 0 0)
(-1392.99085421484 0 0)
(-1324.53256669483 0 0)
(-1264.85447262966 0 0)
(-1209.34085459717 0 0)
(-1160.95229823086 0 0)
(-1115.13941209113 0 0)
(-1075.20822270745 0 0)
(-1036.74270020379 0 0)
(-1003.24728572409 0 0)
(-970.454181413208 0 0)
(-941.91241107275 0 0)
(-913.514060140809 0 0)
(-888.821654969559 0 0)
(-863.915370201223 0 0)
(-842.321700533969 0 0)
(-820.274743237634 0 0)
(-801.207232920071 0 0)
(-781.498088848381 0 0)
(-764.491790061756 0 0)
(-746.716127056442 0 0)
(-731.420341655784 0 0)
(-715.272394503874 0 0)
(-701.42327415381 0 0)
(-686.665639704154 0 0)
(-674.04828355527 0 0)
(-660.479246139554 0 0)
(-648.914022308004 0 0)
(-636.36925958251 0 0)
(-625.712045316762 0 0)
(-614.057800329287 0 0)
(-604.190017537588 0 0)
(-593.313337232633 0 0)
(-584.135013718813 0 0)
(-573.94177584327 0 0)
(-565.370744239779 0 0)
(-555.782220716483 0 0)
(-547.749487678958 0 0)
(-538.699277780514 0 0)
(-531.147015718635 0 0)
(-522.578867515656 0 0)
(-515.457801506728 0 0)
(-507.322994284447 0 0)
(-500.590396108795 0 0)
(-492.846544690858 0 0)
(-486.465603758237 0 0)
(-479.076136369687 0 0)
(-473.015055919064 0 0)
(-465.947863894326 0 0)
(-460.178579426806 0 0)
(-453.40513077243 0 0)
(-447.90273647882 0 0)
(-441.398160633253 0 0)
(-436.141503468261 0 0)
(-429.884384085133 0 0)
(-424.854811493769 0 0)
(-418.825946388868 0 0)
(-414.006680866968 0 0)
(-408.188844155284 0 0)
(-403.564884054673 0 0)
(-397.942702949731 0 0)
(-393.500636648999 0 0)
(-388.060310393942 0 0)
(-383.788025252488 0 0)
(-378.517054615986 0 0)
(-374.403533852831 0 0)
(-369.290582671861 0 0)
(-365.325834795897 0 0)
(-360.360636027362 0 0)
(-356.535576797932 0 0)
(-351.708808035133 0 0)
(-348.015134343476 0 0)
(-343.318277298839 0 0)
(-339.748365900397 0 0)
(-335.173612449357 0 0)
(-331.720443159831 0 0)
(-327.260624532303 0 0)
(-323.917729930505 0 0)
(-319.566267786781 0 0)
(-316.327686050215 0 0)
(-312.078516202706 0 0)
(-308.938717207046 0 0)
(-304.786227583314 0 0)
(-301.740067115327 0 0)
(-297.67905499714 0 0)
(-294.721745705298 0 0)
(-290.747386681976 0 0)
(-287.874468232103 0 0)
(-283.982281412106 0 0)
(-281.189590771073 0 0)
(-277.375403344365 0 0)
(-274.659040561061 0 0)
(-270.918959252619 0 0)
(-268.275268247682 0 0)
(-264.605655280427 0 0)
(-262.03120315413 0 0)
(-258.428652541683 0 0)
(-255.920210266387 0 0)
(-252.381532992466 0 0)
(-249.936063033956 0 0)
(-246.458267306165 0 0)
(-244.072902151644 0 0)
(-240.65317157858 0 0)
(-238.325199791311 0 0)
(-234.960880399822 0 0)
(-232.687737712987 0 0)
(-229.376331821468 0 0)
(-227.155594245639 0 0)
(-223.89474783541 0 0)
(-221.724116854231 0 0)
(-218.511603850515 0 0)
(-216.388896962865 0 0)
(-213.222613493003 0 0)
(-211.145759938267 0 0)
(-208.023715022773 0 0)
(-205.99074673285 0 0)
(-202.911053697555 0 0)
(-200.920100417943 0 0)
(-197.880969449359 0 0)
(-195.930250947371 0 0)
(-192.929982085699 0 0)
(-191.017799846247 0 0)
(-188.054774257395 0 0)
(-186.179508562628 0 0)
(-183.252186218612 0 0)
(-181.412291688543 0 0)
(-178.519204194047 0 0)
(-176.713203835346 0 0)
(-173.852950060169 0 0)
(-172.079433369027 0 0)
(-169.250675903837 0 0)
(-167.508293631836 0 0)
(-164.70975325922 0 0)
(-162.997213106942 0 0)
(-160.227664234976 0 0)
(-158.54372896198 0 0)
(-155.801999055542 0 0)
(-154.145486227544 0 0)
(-151.430451707821 0 0)
(-149.800225620138 0 0)
(-147.110805646697 0 0)
(-145.505776518689 0 0)
(-142.84093201549 0 0)
(-141.26005365726 0 0)
(-138.618784420572 0 0)
(-137.061051408637 0 0)
(-134.442393156829 0 0)
(-132.906838422565 0 0)
(-130.309860348991 0 0)
(-128.795553171364 0 0)
(-126.219356129811 0 0)
(-124.725400738445 0 0)
(-122.169115714177 0 0)
(-120.694649793345 0 0)
(-118.157436002984 0 0)
(-116.701628086748 0 0)
(-114.182670252484 0 0)
(-112.744718168398 0 0)
(-110.243225353514 0 0)
(-108.822354915391 0 0)
(-106.337558763509 0 0)
(-104.933021976577 0 0)
(-102.464175486247 0 0)
(-101.075249526144 0 0)
(-98.6216252365962 0 0)
(-97.2476105838065 0 0)
(-94.8084994922939 0 0)
(-93.4487187099411 0 0)
(-91.0234294700331 0 0)
(-89.6772262409254 0 0)
(-87.2650832234871 0 0)
(-85.931820990065 0 0)
(-83.5321640757513 0 0)
(-82.2112252880167 0 0)
(-79.8234089982384 0 0)
(-78.514194356809 0 0)
(-76.1375862559183 0 0)
(-74.839513076368 0 0)
(-72.4734930306652 0 0)
(-71.1859946296548 0 0)
(-68.8299540748844 0 0)
(-67.5524785597209 0 0)
(-65.2058198555477 0 0)
(-63.9378297878689 0 0)
(-61.5999663725561 0 0)
(-60.3409390453613 0 0)
(-58.0112966981162 0 0)
(-56.7607191313727 0 0)
(-54.4387282451536 0 0)
(-53.196114273758 0 0)
(-50.8811768097362 0 0)
(-49.6460250318449 0 0)
(-47.337601822832 0 0)
(-46.1094256390653 0 0)
(-43.8069695931173 0 0)
(-42.5852964127556 0 0)
(-40.2882691057439 0 0)
(-39.0726392518024 0 0)
(-36.7805100054738 0 0)
(-35.5704704052762 0 0)
(-33.2827148308955 0 0)
(-32.0778186724968 0 0)
(-29.7939193240304 0 0)
(-28.5937217914342 0 0)
(-26.3131705334745 0 0)
(-25.1172276098392 0 0)
(-22.8395297109082 0 0)
(-21.6473902502058 0 0)
(-19.3720707611755 0 0)
(-18.1832693296511 0 0)
(-15.9098701649056 0 0)
(-14.7239410466335 0 0)
(-12.4519899703778 0 0)
(-11.2685005337225 0 0)
(-8.99749774543842 0 0)
(-7.81602971459693 0 0)
(-5.54546279973703 0 0)
(-4.36559011070479 0 0)
(-2.07731390738243 0 0)
(-0.752106902013804 0 0)
(1.19037405544913 0 0)
(2.51471526305074 0 0)
(4.80368225340234 0 0)
(5.98331709302349 0 0)
(8.2540722563436 0 0)
(9.43534411804819 0 0)
(11.7065110549392 0 0)
(12.8898201358965 0 0)
(15.1619181990356 0 0)
(16.3476790411951 0 0)
(18.6212051349095 0 0)
(19.8098477501909 0 0)
(22.0852825546465 0 0)
(23.2772651075396 0 0)
(25.5550741643975 0 0)
(26.7508573866275 0 0)
(29.0315172497068 0 0)
(30.2315550735395 0 0)
(32.5155583670653 0 0)
(33.7202967713978 0 0)
(36.0081521485143 0 0)
(37.2180340292225 0 0)
(39.5102604579614 0 0)
(40.7257321219857 0 0)
(43.0228545353937 0 0)
(44.2443691150635 0 0)
(46.5469185607983 0 0)
(47.7749367485583 0 0)
(50.0834515155559 0 0)
(51.318446206889 0 0)
(53.6334744294802 0 0)
(54.8759330749523 0 0)
(57.1980127813191 0 0)
(58.4484365176525 0 0)
(60.7781686896502 0 0)
(62.0370444726343 0 0)
(64.3749981889041 0 0)
(65.6428394696663 0 0)
(67.9895893592173 0 0)
(69.2669191250622 0 0)
(71.623052162789 0 0)
(72.910408115465 0 0)
(75.2765224516345 0 0)
(76.574457226766 0 0)
(78.9511622623923 0 0)
(80.2602433070665 0 0)
(82.6481598880892 0 0)
(83.9689705151341 0 0)
(86.3687321497679 0 0)
(87.7018726845342 0 0)
(90.1141258410873 0 0)
(91.4602144312759 0 0)
(93.8856199710032 0 0)
(95.2452936062159 0 0)
(97.684527770744 0 0)
(99.0584437208196 0 0)
(101.512199471333 0 0)
(102.901036410777 0 0)
(105.370024074564 0 0)
(106.774483103219 0 0)
(109.259431651248 0 0)
(110.680237471731 0 0)
(113.181895342049 0 0)
(114.619796483189 0 0)
(117.138932330211 0 0)
(118.59470430448 0 0)
(121.132111016929 0 0)
(122.606557999564 0 0)
(125.163052887568 0 0)
(126.65700819461 0 0)
(129.233434149541 0 0)
(130.747762368346 0 0)
(133.344989946838 0 0)
(134.880588222428 0 0)
(137.499518024805 0 0)
(139.057318298085 0 0)
(141.698882002093 0 0)
(143.279852955741 0 0)
(145.945016683346 0 0)
(147.550165672959 0 0)
(150.239931571833 0 0)
(151.87030679161 0 0)
(154.585715735158 0 0)
(156.242409215648 0 0)
(158.984543760342 0 0)
(160.668692459821 0 0)
(163.438678953464 0 0)
(165.151468985776 0 0)
(167.950481692192 0 0)
(169.693151402685 0 0)
(172.522416670778 0 0)
(174.296258459139 0 0)
(177.157056130591 0 0)
(178.96342078916 0 0)
(181.857089614816 0 0)
(183.697389120447 0 0)
(186.625330480557 0 0)
(188.501040720401 0 0)
(191.464721199946 0 0)
(193.377387583531 0 0)
(196.378349030581 0 0)
(198.329594668324 0 0)
(201.369458400344 0 0)
(203.360984260415 0 0)
(206.441453751866 0 0)
(208.475043457352 0 0)
(211.597908501902 0 0)
(213.675431768567 0 0)
(216.842577571658 0 0)
(218.9659996613 0 0)
(222.179416191137 0 0)
(224.350809158116 0 0)
(227.612603253513 0 0)
(229.834150189034 0 0)
(233.146546435078 0 0)
(235.420541850876 0 0)
(238.785889109443 0 0)
(241.114753358184 0 0)
(244.5355472459 0 0)
(246.921842749953 0 0)
(250.400736585007 0 0)
(252.847174042707 0 0)
(256.386977927346 0 0)
(258.896417872188 0 0)
(262.50012083247 0 0)
(265.075599253796 0 0)
(268.746393420414 0 0)
(271.391143954275 0 0)
(275.13243874212 0 0)
(277.849895198401 0 0)
(281.665321393759 0 0)
(284.459125386963 0 0)
(288.352568239852 0 0)
(291.226614941389 0 0)
(295.202254026715 0 0)
(298.160715200315 0 0)
(302.223032495275 0 0)
(305.270357488707 0 0)
(309.424163903935 0 0)
(312.565123215836 0 0)
(316.815614389538 0 0)
(320.055347094222 0 0)
(324.408136099353 0 0)
(327.752169372156 0 0)
(332.21331849028 0 0)
(335.667609604314 0 0)
(340.243697567974 0 0)
(343.814708414525 0 0)
(348.512898846211 0 0)
(352.207629030234 0 0)
(357.035709891234 0 0)
(360.861758923005 0 0)
(365.828245919292 0 0)
(369.793928550128 0 0)
(374.908167666241 0 0)
(379.022573217406 0 0)
(384.294809361412 0 0)
(388.567897918566 0 0)
(394.009427277955 0 0)
(398.452192986774 0 0)
(404.075506508397 0 0)
(408.700080333619 0 0)
(414.519006793551 0 0)
(419.338828655055 0 0)
(425.36874751525 0 0)
(430.398789378736 0 0)
(436.656861124203 0 0)
(441.913822768345 0 0)
(448.419203523251 0 0)
(453.921778115834 0 0)
(460.696000169788 0 0)
(466.465460768518 0 0)
(473.533407578062 0 0)
(479.594543809201 0 0)
(486.984598447628 0 0)
(493.365416987519 0 0)
(501.109819754094 0 0)
(507.842389311325 0 0)
(515.977920665233 0 0)
(523.099094933101 0 0)
(531.667986778587 0 0)
(539.2203542777 0 0)
(548.271440579505 0 0)
(556.304595008583 0 0)
(565.894483807553 0 0)
(574.466423361496 0 0)
(584.661310458091 0 0)
(593.840698221513 0 0)
(604.71917640692 0 0)
(614.58836504356 0 0)
(626.244835050346 0 0)
(636.903823188876 0 0)
(649.450802777394 0 0)
(661.017652670817 0 0)
(674.58877113273 0 0)
(687.207863353069 0 0)
(701.967716915001 0 0)
(715.818537119199 0 0)
(731.968216246087 0 0)
(747.265390316722 0 0)
(765.042578258798 0 0)
(782.050280629058 0 0)
(801.760618621375 0 0)
(820.828950069583 0 0)
(842.876311291381 0 0)
(864.470447951642 0 0)
(889.376925275534 0 0)
(914.069494969398 0 0)
(942.467444850745 0 0)
(971.00925752285 0 0)
(1003.80193018341 0 0)
(1037.29762071363 0 0)
(1075.76233445182 0 0)
(1115.6936057103 0 0)
(1161.5060612871 0 0)
(1209.89576264836 0 0)
(1265.40991494385 0 0)
(1325.0901646826 0 0)
(1393.54984366218 0 0)
(1468.43390737888 0 0)
(1554.25318210817 0 0)
(1649.6375151235 0 0)
(1758.74596507684 0 0)
(1881.84614349376 0 0)
(2022.3270671398 0 0)
(2183.15101170502 0 0)
(2366.31235448259 0 0)
(2579.31825474948 0 0)
(2822.37140232288 0 0)
(3111.09235963614 0 0)
(3443.11834645372 0 0)
(3847.76538216249 0 0)
(4320.3665698074 0 0)
(4916.6697812534 0 0)
(5634.33476821912 0 0)
(6585.14807571043 0 0)
(7804.4425349848 0 0)
(9540.15604068028 0 0)
(11941.875433464 0 0)
(15495.3126255464 0 0)
(20432.6228279677 0 0)
(27762.3198799527 0 0)
(39691.0021093314 0 0)
(55152.5571959794 0 0)
(72348.7622670678 0 0)
(94510.5612193065 0 0)
(121881.504540122 0 0)
(166388.410354853 0 0)
(247478.658361559 0 0)
(370255.232221021 0 0)
)
;

boundaryField
{
    electrode
    {
        type            calculated;
        value           uniform (-667717.418825935 0 0);
    }
    ground
    {
        type            calculated;
        value           uniform (667718.030731078 0 0);
    }
    otherfaces
    {
        type            empty;
    }
}


// ************************************************************************* //
