/*--------------------------------*- C++ -*----------------------------------*\
| =========                 |                                                 |
| \\      /  F ield         | foam-extend: Open Source CFD                    |
|  \\    /   O peration     | Version:     4.1                                |
|   \\  /    A nd           | Web:         http://www.foam-extend.org         |
|    \\/     M anipulation  |                                                 |
\*---------------------------------------------------------------------------*/
FoamFile
{
    version     2.0;
    format      ascii;
    class       volVectorField;
    location    "2.50010000204314e-05";
    object      Flux_Arp1;
}
// * * * * * * * * * * * * * * * * * * * * * * * * * * * * * * * * * * * * * //

dimensions      [0 -2 -1 0 0 0 0];

internalField   nonuniform List<vector> 
500
(
(-2.91041527072594e+21 0 0)
(-2.87967470198855e+21 0 0)
(-2.89751516725942e+21 0 0)
(-2.85731846023919e+21 0 0)
(-2.87017518342758e+21 0 0)
(-2.86179704423237e+21 0 0)
(-2.8894828550308e+21 0 0)
(-2.88730007608933e+21 0 0)
(-2.90174184242088e+21 0 0)
(-2.89493942233847e+21 0 0)
(-2.90350377658e+21 0 0)
(-2.89586616855535e+21 0 0)
(-2.90192685532094e+21 0 0)
(-2.89437025570836e+21 0 0)
(-2.89901697770343e+21 0 0)
(-2.89161999170653e+21 0 0)
(-2.8952737611949e+21 0 0)
(-2.88803772895074e+21 0 0)
(-2.89091746860084e+21 0 0)
(-2.88379592857652e+21 0 0)
(-2.88603254584255e+21 0 0)
(-2.87898071717232e+21 0 0)
(-2.88066060074457e+21 0 0)
(-2.87363986769195e+21 0 0)
(-2.87482332583088e+21 0 0)
(-2.86780125110943e+21 0 0)
(-2.86853224638879e+21 0 0)
(-2.86148176625514e+21 0 0)
(-2.8617934947419e+21 0 0)
(-2.85469203037595e+21 0 0)
(-2.8546103156044e+21 0 0)
(-2.84743897861314e+21 0 0)
(-2.84698443213469e+21 0 0)
(-2.83972735982719e+21 0 0)
(-2.83891679911555e+21 0 0)
(-2.83156061588161e+21 0 0)
(-2.83040803309153e+21 0 0)
(-2.82294140868546e+21 0 0)
(-2.82145864067288e+21 0 0)
(-2.81387193899487e+21 0 0)
(-2.81206915057122e+21 0 0)
(-2.80435414678471e+21 0 0)
(-2.80224018231437e+21 0 0)
(-2.79438983193678e+21 0 0)
(-2.79197247864357e+21 0 0)
(-2.78398073605747e+21 0 0)
(-2.78126692872498e+21 0 0)
(-2.77312859905898e+21 0 0)
(-2.77012457584441e+21 0 0)
(-2.76183519217652e+21 0 0)
(-2.75854662058913e+21 0 0)
(-2.75010235207473e+21 0 0)
(-2.74653442626074e+21 0 0)
(-2.73793199248071e+21 0 0)
(-2.7340895155821e+21 0 0)
(-2.72532612161145e+21 0 0)
(-2.72121356963175e+21 0 0)
(-2.71228684864822e+21 0 0)
(-2.70790842279896e+21 0 0)
(-2.69881639057031e+21 0 0)
(-2.69417606101916e+21 0 0)
(-2.68491707104192e+21 0 0)
(-2.68001861320417e+21 0 0)
(-2.67059132453512e+21 0 0)
(-2.66543834514799e+21 0 0)
(-2.65584169013318e+21 0 0)
(-2.65043765341136e+21 0 0)
(-2.64067080932382e+21 0 0)
(-2.63501905681924e+21 0 0)
(-2.62508142605504e+21 0 0)
(-2.61918519013339e+21 0 0)
(-2.60907637443977e+21 0 0)
(-2.60293879501399e+21 0 0)
(-2.59265858044131e+21 0 0)
(-2.58628271597543e+21 0 0)
(-2.57583105613202e+21 0 0)
(-2.56921989126781e+21 0 0)
(-2.55859689179739e+21 0 0)
(-2.55175335008517e+21 0 0)
(-2.54095925676524e+21 0 0)
(-2.53388620353471e+21 0 0)
(-2.52292139265649e+21 0 0)
(-2.51562164324066e+21 0 0)
(-2.50448660836367e+21 0 0)
(-2.49696293566423e+21 0 0)
(-2.48565828161263e+21 0 0)
(-2.47791341898459e+21 0 0)
(-2.46643985252806e+21 0 0)
(-2.45847649754809e+21 0 0)
(-2.44683482167747e+21 0 0)
(-2.43865564254927e+21 0 0)
(-2.42684674938797e+21 0 0)
(-2.41845438435905e+21 0 0)
(-2.40647925244766e+21 0 0)
(-2.39787631304473e+21 0 0)
(-2.38573600494459e+21 0 0)
(-2.37692507963375e+21 0 0)
(-2.36462072849732e+21 0 0)
(-2.35560439023237e+21 0 0)
(-2.34313719871469e+21 0 0)
(-2.33391800462497e+21 0 0)
(-2.32128924016677e+21 0 0)
(-2.31186973559506e+21 0 0)
(-2.29908072638461e+21 0 0)
(-2.28946344671403e+21 0 0)
(-2.27651558042469e+21 0 0)
(-2.26670305115918e+21 0 0)
(-2.25359777016755e+21 0 0)
(-2.24359250923933e+21 0 0)
(-2.23033130923505e+21 0 0)
(-2.22013583084937e+21 0 0)
(-2.20672025677977e+21 0 0)
(-2.19633706825043e+21 0 0)
(-2.18276871306401e+21 0 0)
(-2.17220032028236e+21 0 0)
(-2.15848082232311e+21 0 0)
(-2.14772973016161e+21 0 0)
(-2.133860768861e+21 0 0)
(-2.12292948053084e+21 0 0)
(-2.10891277931614e+21 0 0)
(-2.09780379811322e+21 0 0)
(-2.08364111620969e+21 0 0)
(-2.07235694872407e+21 0 0)
(-2.05805008481713e+21 0 0)
(-2.0465932383925e+21 0 0)
(-2.03214402352448e+21 0 0)
(-2.02051700833979e+21 0 0)
(-2.00592731078554e+21 0 0)
(-1.9941326416819e+21 0 0)
(-1.97940435872822e+21 0 0)
(-1.96744455391542e+21 0 0)
(-1.95257961365951e+21 0 0)
(-1.94045719734419e+21 0 0)
(-1.92545755732371e+21 0 0)
(-1.91317505789033e+21 0 0)
(-1.89804270249565e+21 0 0)
(-1.88560265610842e+21 0 0)
(-1.87033959528618e+21 0 0)
(-1.85774454292606e+21 0 0)
(-1.84235281174955e+21 0 0)
(-1.82960530216765e+21 0 0)
(-1.8140869582326e+21 0 0)
(-1.80118954776546e+21 0 0)
(-1.78554667067568e+21 0 0)
(-1.77250192167517e+21 0 0)
(-1.75673661235183e+21 0 0)
(-1.74354709624856e+21 0 0)
(-1.72766147450886e+21 0 0)
(-1.71432977123509e+21 0 0)
(-1.69832597482555e+21 0 0)
(-1.68485467116913e+21 0 0)
(-1.66873485680756e+21 0 0)
(-1.65512654916355e+21 0 0)
(-1.63889288825172e+21 0 0)
(-1.62515018122433e+21 0 0)
(-1.60880486125605e+21 0 0)
(-1.59493036768934e+21 0 0)
(-1.57847559040369e+21 0 0)
(-1.56447193335871e+21 0 0)
(-1.54790991205662e+21 0 0)
(-1.53377972328698e+21 0 0)
(-1.51711268630334e+21 0 0)
(-1.50285860494465e+21 0 0)
(-1.48608879134329e+21 0 0)
(-1.47171346723872e+21 0 0)
(-1.45484312556031e+21 0 0)
(-1.44034921735928e+21 0 0)
(-1.42338060737087e+21 0 0)
(-1.4087707819201e+21 0 0)
(-1.39170617208028e+21 0 0)
(-1.37698310558184e+21 0 0)
(-1.35982477321892e+21 0 0)
(-1.34499115153919e+21 0 0)
(-1.32774138104652e+21 0 0)
(-1.31279989738287e+21 0 0)
(-1.29546098069484e+21 0 0)
(-1.28041433865217e+21 0 0)
(-1.26298857402828e+21 0 0)
(-1.24783948478343e+21 0 0)
(-1.23032917643e+21 0 0)
(-1.21508035947421e+21 0 0)
(-1.19748781628024e+21 0 0)
(-1.18214200094807e+21 0 0)
(-1.16446953769297e+21 0 0)
(-1.14902945928406e+21 0 0)
(-1.13127939473747e+21 0 0)
(-1.11574779780686e+21 0 0)
(-1.09792245462284e+21 0 0)
(-1.08230209100859e+21 0 0)
(-1.06440379455097e+21 0 0)
(-1.04869742429745e+21 0 0)
(-1.03072850389658e+21 0 0)
(-1.0149388933879e+21 0 0)
(-9.96901680556341e+20 0 0)
(-9.81031604149351e+20 0 0)
(-9.62928432910685e+20 0 0)
(-9.46980670910983e+20 0 0)
(-9.28813877662934e+20 0 0)
(-9.12791217229568e+20 0 0)
(-8.94563139745696e+20 0 0)
(-8.78468374291691e+20 0 0)
(-8.60181352395288e+20 0 0)
(-8.44017280983693e+20 0 0)
(-8.25673655933462e+20 0 0)
(-8.09443082839334e+20 0 0)
(-7.91045196519005e+20 0 0)
(-7.74750931727446e+20 0 0)
(-7.56301127326029e+20 0 0)
(-7.39945985446578e+20 0 0)
(-7.21446606667697e+20 0 0)
(-7.05033407811467e+20 0 0)
(-6.86486800188274e+20 0 0)
(-6.70018615522674e+20 0 0)
(-6.5142710940919e+20 0 0)
(-6.34906314538118e+20 0 0)
(-6.16272190458986e+20 0 0)
(-5.99701926801515e+20 0 0)
(-5.81028477104737e+20 0 0)
(-5.64409986127552e+20 0 0)
(-5.45698254885739e+20 0 0)
(-5.29037571317459e+20 0 0)
(-5.10291392062564e+20 0 0)
(-4.93589154831747e+20 0 0)
(-4.7481031926833e+20 0 0)
(-4.58069695814295e+20 0 0)
(-4.39260458709578e+20 0 0)
(-4.22483984804022e+20 0 0)
(-4.03646553614418e+20 0 0)
(-3.86837094140888e+20 0 0)
(-3.67973919810759e+20 0 0)
(-3.51134308994356e+20 0 0)
(-3.32247775201363e+20 0 0)
(-3.15380943219368e+20 0 0)
(-2.96473373352319e+20 0 0)
(-2.79582150095577e+20 0 0)
(-2.60655863687217e+20 0 0)
(-2.43743139757965e+20 0 0)
(-2.24800547619855e+20 0 0)
(-2.07869180007596e+20 0 0)
(-1.88912542387241e+20 0 0)
(-1.71965369698031e+20 0 0)
(-1.52997052138038e+20 0 0)
(-1.36036969051068e+20 0 0)
(-1.17059319833537e+20 0 0)
(-1.00089185212123e+20 0 0)
(-8.11045257033774e+19 0 0)
(-6.4127209050991e+19 0 0)
(-4.51378793186151e+19 0 0)
(-2.81558950742011e+19 0 0)
(-9.16430432619804e+18 0 0)
(7.81823099938859e+18 0 0)
(2.68098265672712e+19 0 0)
(4.37918279046548e+19 0 0)
(6.27811674644185e+19 0 0)
(7.97585252831008e+19 0 0)
(9.87431965096778e+19 0 0)
(1.1571339422042e+20 0 0)
(1.34691071359214e+20 0 0)
(1.51651238078485e+20 0 0)
(1.70619586455528e+20 0 0)
(1.87566852521664e+20 0 0)
(2.0652353899068e+20 0 0)
(2.23455032105667e+20 0 0)
(2.42397682230997e+20 0 0)
(2.59310559062798e+20 0 0)
(2.78236906216895e+20 0 0)
(2.95128360244265e+20 0 0)
(3.14036153262178e+20 0 0)
(3.30903343235848e+20 0 0)
(3.49790224299004e+20 0 0)
(3.66630436076096e+20 0 0)
(3.85494298648044e+20 0 0)
(4.02304421581159e+20 0 0)
(4.21142397974653e+20 0 0)
(4.37919529929617e+20 0 0)
(4.567293860181e+20 0 0)
(4.73470999469941e+20 0 0)
(4.9225059996047e+20 0 0)
(5.08953461754884e+20 0 0)
(5.27700175480704e+20 0 0)
(5.44361459542331e+20 0 0)
(5.63073721416031e+20 0 0)
(5.79690673809042e+20 0 0)
(5.98362382749117e+20 0 0)
(6.14932038265521e+20 0 0)
(6.33565318824871e+20 0 0)
(6.50085672558305e+20 0 0)
(6.6867658714458e+20 0 0)
(6.85144752861363e+20 0 0)
(7.03691356414673e+20 0 0)
(7.20104800318859e+20 0 0)
(7.3860416861737e+20 0 0)
(7.54959565028288e+20 0 0)
(7.73409353367062e+20 0 0)
(7.89703881065819e+20 0 0)
(8.08101745909462e+20 0 0)
(8.24332591258216e+20 0 0)
(8.42676189841043e+20 0 0)
(8.58840543207748e+20 0 0)
(8.77127533104432e+20 0 0)
(8.93222589615095e+20 0 0)
(9.11450630135679e+20 0 0)
(9.27473590054456e+20 0 0)
(9.45640342130729e+20 0 0)
(9.61588412424331e+20 0 0)
(9.79691538168599e+20 0 0)
(9.95561932243446e+20 0 0)
(1.01359909458852e+21 0 0)
(1.02938903183944e+21 0 0)
(1.04735789716564e+21 0 0)
(1.06306460336682e+21 0 0)
(1.08096284038565e+21 0 0)
(1.09658354921642e+21 0 0)
(1.11440882850719e+21 0 0)
(1.12994078059508e+21 0 0)
(1.14769077599538e+21 0 0)
(1.16313121962274e+21 0 0)
(1.18080360938375e+21 0 0)
(1.1961497997992e+21 0 0)
(1.21374226503058e+21 0 0)
(1.22899146624884e+21 0 0)
(1.24650169249314e+21 0 0)
(1.26165117689775e+21 0 0)
(1.27907685464414e+21 0 0)
(1.29412390192376e+21 0 0)
(1.3114627274878e+21 0 0)
(1.32640462636436e+21 0 0)
(1.34365430180504e+21 0 0)
(1.35848835018586e+21 0 0)
(1.37564658281761e+21 0 0)
(1.39037008617843e+21 0 0)
(1.40743459214747e+21 0 0)
(1.42204486583197e+21 0 0)
(1.43901336806217e+21 0 0)
(1.45350773530235e+21 0 0)
(1.47037796439976e+21 0 0)
(1.48475375902299e+21 0 0)
(1.50152345738452e+21 0 0)
(1.51577802015871e+21 0 0)
(1.53244493761689e+21 0 0)
(1.54657561982006e+21 0 0)
(1.56313751756795e+21 0 0)
(1.57714167926801e+21 0 0)
(1.59359633061767e+21 0 0)
(1.60747134040462e+21 0 0)
(1.62381653009574e+21 0 0)
(1.63755976657921e+21 0 0)
(1.65379329416317e+21 0 0)
(1.66740214285762e+21 0 0)
(1.6835218209161e+21 0 0)
(1.69699367818591e+21 0 0)
(1.71299733446935e+21 0 0)
(1.72632960434967e+21 0 0)
(1.74221508388374e+21 0 0)
(1.75540517948072e+21 0 0)
(1.77117034328375e+21 0 0)
(1.78421568461906e+21 0 0)
(1.79985841424828e+21 0 0)
(1.81275643128927e+21 0 0)
(1.82827462499236e+21 0 0)
(1.8410227546261e+21 0 0)
(1.85641433390305e+21 0 0)
(1.86901002021822e+21 0 0)
(1.88427292589981e+21 0 0)
(1.89671362155166e+21 0 0)
(1.91184582067527e+21 0 0)
(1.92412898308422e+21 0 0)
(1.93912846485188e+21 0 0)
(1.95125156019877e+21 0 0)
(1.96611634136111e+21 0 0)
(1.97807684015843e+21 0 0)
(1.99280496272758e+21 0 0)
(2.0046003423372e+21 0 0)
(2.01918987791627e+21 0 0)
(2.03081761982661e+21 0 0)
(2.04526667228738e+21 0 0)
(2.05672426195556e+21 0 0)
(2.07103096372646e+21 0 0)
(2.08231589153018e+21 0 0)
(2.09647841101972e+21 0 0)
(2.10758817079981e+21 0 0)
(2.12160470969124e+21 0 0)
(2.1325367942478e+21 0 0)
(2.14640559461943e+21 0 0)
(2.15715750194864e+21 0 0)
(2.17087683999912e+21 0 0)
(2.1814460669772e+21 0 0)
(2.1950142638811e+21 0 0)
(2.20539830715954e+21 0 0)
(2.2188137239827e+21 0 0)
(2.22901007933433e+21 0 0)
(2.24227112442955e+21 0 0)
(2.25227728198839e+21 0 0)
(2.26538241108817e+21 0 0)
(2.27519586000773e+21 0 0)
(2.28814357789533e+21 0 0)
(2.29776180032435e+21 0 0)
(2.31055066511259e+21 0 0)
(2.31997113649075e+21 0 0)
(2.33259976124344e+21 0 0)
(2.3418199474242e+21 0 0)
(2.35428700520948e+21 0 0)
(2.36330436147777e+21 0 0)
(2.37560858476507e+21 0 0)
(2.38442055504419e+21 0 0)
(2.39656074184489e+21 0 0)
(2.40516475455327e+21 0 0)
(2.417139773049e+21 0 0)
(2.42553324163512e+21 0 0)
(2.43734203052981e+21 0 0)
(2.44552234419591e+21 0 0)
(2.45716392582451e+21 0 0)
(2.46512844708258e+21 0 0)
(2.47660193046186e+21 0 0)
(2.48434799441288e+21 0 0)
(2.49565257785167e+21 0 0)
(2.50317748767743e+21 0 0)
(2.51431246573432e+21 0 0)
(2.52161348986576e+21 0 0)
(2.53257825975122e+21 0 0)
(2.53965262922074e+21 0 0)
(2.55044669717153e+21 0 0)
(2.55729159726551e+21 0 0)
(2.56791459097717e+21 0 0)
(2.57452715953976e+21 0 0)
(2.58497883379152e+21 0 0)
(2.59135615080721e+21 0 0)
(2.60163640232755e+21 0 0)
(2.60777548535847e+21 0 0)
(2.6178843634756e+21 0 0)
(2.62378215817619e+21 0 0)
(2.63371988005389e+21 0 0)
(2.63937325122609e+21 0 0)
(2.64914021624241e+21 0 0)
(2.65454593399311e+21 0 0)
(2.66414274558844e+21 0 0)
(2.66929747492805e+21 0 0)
(2.67872495959768e+21 0 0)
(2.68362524189194e+21 0 0)
(2.69288447157201e+21 0 0)
(2.69752670711575e+21 0 0)
(2.70661902899953e+21 0 0)
(2.71099945050257e+21 0 0)
(2.71992651640964e+21 0 0)
(2.72404116185157e+21 0 0)
(2.73280496691596e+21 0 0)
(2.7366496463565e+21 0 0)
(2.74525256463068e+21 0 0)
(2.74882281491668e+21 0 0)
(2.75726765417285e+21 0 0)
(2.76055868679987e+21 0 0)
(2.7688487410157e+21 0 0)
(2.77185537798794e+21 0 0)
(2.7799944937539e+21 0 0)
(2.78271109045099e+21 0 0)
(2.79070375283788e+21 0 0)
(2.79312409171463e+21 0 0)
(2.80097551549077e+21 0 0)
(2.80309268966247e+21 0 0)
(2.81080894491624e+21 0 0)
(2.81261519572769e+21 0 0)
(2.82020335233824e+21 0 0)
(2.82168986776231e+21 0 0)
(2.82915817811826e+21 0 0)
(2.83031482969751e+21 0 0)
(2.83767296278067e+21 0 0)
(2.83848795169353e+21 0 0)
(2.8457472675498e+21 0 0)
(2.84620664680792e+21 0 0)
(2.85338055828643e+21 0 0)
(2.85346756054056e+21 0 0)
(2.86057197363109e+21 0 0)
(2.86026605208358e+21 0 0)
(2.8673199138832e+21 0 0)
(2.86659533112373e+21 0 0)
(2.87362130938004e+21 0 0)
(2.8724450003745e+21 0 0)
(2.8794703005254e+21 0 0)
(2.87779851601824e+21 0 0)
(2.88485582950147e+21 0 0)
(2.88262862315694e+21 0 0)
(2.8897570146102e+21 0 0)
(2.88688863938535e+21 0 0)
(2.89413371644672e+21 0 0)
(2.8904944313982e+21 0 0)
(2.89790423797658e+21 0 0)
(2.89328801392395e+21 0 0)
(2.90088164630044e+21 0 0)
(2.89487373917294e+21 0 0)
(2.90256530158265e+21 0 0)
(2.89408360509554e+21 0 0)
(2.90096922155346e+21 0 0)
(2.88672874636141e+21 0 0)
(2.88938181749976e+21 0 0)
(2.86257046213331e+21 0 0)
(2.87202542830575e+21 0 0)
(2.85988984509449e+21 0 0)
(2.90030150158454e+21 0 0)
(2.88215906585822e+21 0 0)
(2.91247007090194e+21 0 0)
)
;

boundaryField
{
    electrode
    {
        type            calculated;
        value           uniform (-2.91041527072594e+21 0 0);
    }
    ground
    {
        type            calculated;
        value           uniform (2.91247007090194e+21 0 0);
    }
    otherfaces
    {
        type            empty;
    }
}


// ************************************************************************* //
