/*--------------------------------*- C++ -*----------------------------------*\
| =========                 |                                                 |
| \\      /  F ield         | foam-extend: Open Source CFD                    |
|  \\    /   O peration     | Version:     4.1                                |
|   \\  /    A nd           | Web:         http://www.foam-extend.org         |
|    \\/     M anipulation  |                                                 |
\*---------------------------------------------------------------------------*/
FoamFile
{
    version     2.0;
    format      ascii;
    class       volVectorField;
    location    "2.50010000204314e-05";
    object      Flux_Arm;
}
// * * * * * * * * * * * * * * * * * * * * * * * * * * * * * * * * * * * * * //

dimensions      [0 -2 -1 0 0 0 0];

internalField   nonuniform List<vector> 
500
(
(1.7251255346568e+17 -0 -0)
(5.14582360005632e+17 -0 -0)
(8.4977205870155e+17 -0 -0)
(1.16896010032928e+18 -0 -0)
(1.45642350537852e+18 -0 -0)
(1.68778812231911e+18 -0 -0)
(1.83050140405001e+18 -0 -0)
(1.87919310222422e+18 -0 -0)
(1.85705218037516e+18 -0 -0)
(1.78787938735004e+18 -0 -0)
(1.69002650550209e+18 -0 -0)
(1.57570499284951e+18 -0 -0)
(1.4531216474044e+18 -0 -0)
(1.32787600945701e+18 -0 -0)
(1.20370865511688e+18 -0 -0)
(1.08319639867365e+18 -0 -0)
(9.68144630134347e+17 -0 -0)
(8.59709980723134e+17 -0 -0)
(7.58569596916994e+17 -0 -0)
(6.65070531031137e+17 -0 -0)
(5.7930415149444e+17 -0 -0)
(5.01167381166902e+17 -0 -0)
(4.30412328533648e+17 -0 -0)
(3.66687678666292e+17 -0 -0)
(3.09572060339305e+17 -0 -0)
(2.58601386845401e+17 -0 -0)
(2.13290374164348e+17 -0 -0)
(1.73149557861976e+17 -0 -0)
(1.37698166799899e+17 -0 -0)
(1.06473698319733e+17 -0 -0)
(7.90385580811084e+16 -0 -0)
(5.49845029559809e+16 -0 -0)
(3.39351386661563e+16 -0 -0)
(1.55469604143108e+16 -0 -0)
(-490764445890783 -0 -0)
(-1.4456953992263e+16 -0 -0)
(-2.66002711901366e+16 -0 -0)
(-3.71411484448769e+16 -0 -0)
(-4.62739841232951e+16 -0 -0)
(-5.4169528017588e+16 -0 -0)
(-6.09772296590691e+16 -0 -0)
(-6.68275887650332e+16 -0 -0)
(-7.1834318463763e+16 -0 -0)
(-7.6096466481116e+16 -0 -0)
(-7.9700257374133e+16 -0 -0)
(-8.27208241228005e+16 -0 -0)
(-8.52237311871334e+16 -0 -0)
(-8.72663388021952e+16 -0 -0)
(-8.88989563654605e+16 -0 -0)
(-9.01658871567566e+16 -0 -0)
(-9.11062733936355e+16 -0 -0)
(-9.17548858991798e+16 -0 -0)
(-9.21427022675876e+16 -0 -0)
(-9.22974846709602e+16 -0 -0)
(-9.22441750767452e+16 -0 -0)
(-9.20053099342281e+16 -0 -0)
(-9.16012844419811e+16 -0 -0)
(-9.10506374120893e+16 -0 -0)
(-9.03702363203941e+16 -0 -0)
(-8.95754808843945e+16 -0 -0)
(-8.86804096142245e+16 -0 -0)
(-8.76978697192152e+16 -0 -0)
(-8.66395908481878e+16 -0 -0)
(-8.55162792124055e+16 -0 -0)
(-8.43376940596243e+16 -0 -0)
(-8.31127480458511e+16 -0 -0)
(-8.18495201709772e+16 -0 -0)
(-8.05553579500184e+16 -0 -0)
(-7.92369057966266e+16 -0 -0)
(-7.79001612620041e+16 -0 -0)
(-7.65505156621927e+16 -0 -0)
(-7.51928211306928e+16 -0 -0)
(-7.38313925608199e+16 -0 -0)
(-7.2470073490182e+16 -0 -0)
(-7.11122749736556e+16 -0 -0)
(-6.9761016506548e+16 -0 -0)
(-6.84189285470502e+16 -0 -0)
(-6.70883049926365e+16 -0 -0)
(-6.5771121347952e+16 -0 -0)
(-6.4469103846019e+16 -0 -0)
(-6.31836996207747e+16 -0 -0)
(-6.19161501033647e+16 -0 -0)
(-6.06674689681124e+16 -0 -0)
(-5.94384997457915e+16 -0 -0)
(-5.82299106372622e+16 -0 -0)
(-5.70422131030515e+16 -0 -0)
(-5.58757997875108e+16 -0 -0)
(-5.47309707578494e+16 -0 -0)
(-5.36078717082253e+16 -0 -0)
(-5.25065900374531e+16 -0 -0)
(-5.14271498961872e+16 -0 -0)
(-5.03694781583474e+16 -0 -0)
(-4.93334452327822e+16 -0 -0)
(-4.83188986518248e+16 -0 -0)
(-4.732561461815e+16 -0 -0)
(-4.63533352923397e+16 -0 -0)
(-4.54017925099133e+16 -0 -0)
(-4.44706551596735e+16 -0 -0)
(-4.35596044794739e+16 -0 -0)
(-4.26683012425272e+16 -0 -0)
(-4.17963764574272e+16 -0 -0)
(-4.09434723063725e+16 -0 -0)
(-4.01092063840131e+16 -0 -0)
(-3.92931796502428e+16 -0 -0)
(-3.84950157436972e+16 -0 -0)
(-3.77143412741088e+16 -0 -0)
(-3.69507515272422e+16 -0 -0)
(-3.62038634538208e+16 -0 -0)
(-3.5473302469847e+16 -0 -0)
(-3.4758697532306e+16 -0 -0)
(-3.4059666116335e+16 -0 -0)
(-3.33758209624961e+16 -0 -0)
(-3.27068370518415e+16 -0 -0)
(-3.20523434199491e+16 -0 -0)
(-3.1411975878636e+16 -0 -0)
(-3.07854107689499e+16 -0 -0)
(-3.0172299195021e+16 -0 -0)
(-2.95723154892638e+16 -0 -0)
(-2.8985134580799e+16 -0 -0)
(-2.84104406297343e+16 -0 -0)
(-2.78479507859259e+16 -0 -0)
(-2.72973421889279e+16 -0 -0)
(-2.67583243496534e+16 -0 -0)
(-2.62306184869484e+16 -0 -0)
(-2.5713949313682e+16 -0 -0)
(-2.52080431276026e+16 -0 -0)
(-2.47126465628203e+16 -0 -0)
(-2.42274882515327e+16 -0 -0)
(-2.37523188300921e+16 -0 -0)
(-2.32868965717119e+16 -0 -0)
(-2.2830994611454e+16 -0 -0)
(-2.23843738461719e+16 -0 -0)
(-2.19468078402194e+16 -0 -0)
(-2.15180733511215e+16 -0 -0)
(-2.10979711072986e+16 -0 -0)
(-2.06862953039649e+16 -0 -0)
(-2.02828416012351e+16 -0 -0)
(-1.98873958790129e+16 -0 -0)
(-1.94997749199643e+16 -0 -0)
(-1.91198227770334e+16 -0 -0)
(-1.87473248799253e+16 -0 -0)
(-1.83820960210538e+16 -0 -0)
(-1.80239856819264e+16 -0 -0)
(-1.76728284465417e+16 -0 -0)
(-1.73284709457707e+16 -0 -0)
(-1.69907074120773e+16 -0 -0)
(-1.66594223464922e+16 -0 -0)
(-1.6334471540741e+16 -0 -0)
(-1.60156889352326e+16 -0 -0)
(-1.57029298778985e+16 -0 -0)
(-1.53960523662392e+16 -0 -0)
(-1.50949478123201e+16 -0 -0)
(-1.47994796730284e+16 -0 -0)
(-1.45094745301382e+16 -0 -0)
(-1.42248424302317e+16 -0 -0)
(-1.39454542053565e+16 -0 -0)
(-1.36711882120178e+16 -0 -0)
(-1.34019319989718e+16 -0 -0)
(-1.31375688920575e+16 -0 -0)
(-1.28779807229267e+16 -0 -0)
(-1.26230722236407e+16 -0 -0)
(-1.23727359299398e+16 -0 -0)
(-1.2126852038663e+16 -0 -0)
(-1.1885334270605e+16 -0 -0)
(-1.16480808831647e+16 -0 -0)
(-1.14149818274129e+16 -0 -0)
(-1.1185966097322e+16 -0 -0)
(-1.09609259611789e+16 -0 -0)
(-1.07397775448249e+16 -0 -0)
(-1.05224275213748e+16 -0 -0)
(-1.03087884371347e+16 -0 -0)
(-1.0098774081832e+16 -0 -0)
(-9.89232476764865e+15 -0 -0)
(-9.68934608364684e+15 -0 -0)
(-9.48975203397908e+15 -0 -0)
(-9.29346271468584e+15 -0 -0)
(-9.10040710727029e+15 -0 -0)
(-8.9105062067369e+15 -0 -0)
(-8.72370465434311e+15 -0 -0)
(-8.53993336621589e+15 -0 -0)
(-8.35908777642366e+15 -0 -0)
(-8.1811341072517e+15 -0 -0)
(-8.00601603156622e+15 -0 -0)
(-7.83362794465376e+15 -0 -0)
(-7.66392212559744e+15 -0 -0)
(-7.49684591759896e+15 -0 -0)
(-7.33233633614291e+15 -0 -0)
(-7.17032407223031e+15 -0 -0)
(-7.01075823033831e+15 -0 -0)
(-6.85354841593422e+15 -0 -0)
(-6.69867855147507e+15 -0 -0)
(-6.54610557593574e+15 -0 -0)
(-6.39573335297516e+15 -0 -0)
(-6.24751923560728e+15 -0 -0)
(-6.10143922466277e+15 -0 -0)
(-5.95741835789469e+15 -0 -0)
(-5.81539442732435e+15 -0 -0)
(-5.67532750941112e+15 -0 -0)
(-5.53719903649236e+15 -0 -0)
(-5.40093903405975e+15 -0 -0)
(-5.26652074143909e+15 -0 -0)
(-5.1339309178511e+15 -0 -0)
(-5.00310076124472e+15 -0 -0)
(-4.87399766805476e+15 -0 -0)
(-4.74662959611893e+15 -0 -0)
(-4.62099828593928e+15 -0 -0)
(-4.49712662451909e+15 -0 -0)
(-4.37502719441722e+15 -0 -0)
(-4.25477765568437e+15 -0 -0)
(-4.13658484803678e+15 -0 -0)
(-4.02060893957347e+15 -0 -0)
(-3.90615281890393e+15 -0 -0)
(-3.79105635594986e+15 -0 -0)
(-3.67446835662715e+15 -0 -0)
(-3.55758214552639e+15 -0 -0)
(-3.44121293150117e+15 -0 -0)
(-3.32240047282166e+15 -0 -0)
(-3.19624488487436e+15 -0 -0)
(-3.0738377480173e+15 -0 -0)
(-2.96804212154941e+15 -0 -0)
(-2.86941214471092e+15 -0 -0)
(-2.7691689650745e+15 -0 -0)
(-2.6687811245196e+15 -0 -0)
(-2.56906246006317e+15 -0 -0)
(-2.46954869945013e+15 -0 -0)
(-2.36912878854412e+15 -0 -0)
(-2.26759283581529e+15 -0 -0)
(-2.16583396301629e+15 -0 -0)
(-2.06449766094386e+15 -0 -0)
(-1.96373382462218e+15 -0 -0)
(-1.86361450825857e+15 -0 -0)
(-1.76415790767457e+15 -0 -0)
(-1.66534257395501e+15 -0 -0)
(-1.56708412122994e+15 -0 -0)
(-1.46938565077424e+15 -0 -0)
(-1.37222897119163e+15 -0 -0)
(-1.27554892114195e+15 -0 -0)
(-1.17931851292537e+15 -0 -0)
(-1.08350749458075e+15 -0 -0)
(-988067827913429 -0 -0)
(-892984766841242 -0 -0)
(-798183456916813 -0 -0)
(-703676559836830 -0 -0)
(-609428094040779 -0 -0)
(-515387349041119 -0 -0)
(-421542601361760 -0 -0)
(-327879574017966 -0 -0)
(-234387796507702 -0 -0)
(-140827557549792 -0 -0)
(-46994560471916.3 -0 -0)
(46972116534115.6 -0 -0)
(140794295946668 -0 -0)
(234366238778565 -0 -0)
(327871507106006 -0 -0)
(421519875939531 -0 -0)
(515359399743870 -0 -0)
(609412543751024 -0 -0)
(703669662882756 -0 -0)
(798160941911528 -0 -0)
(892956811296310 -0 -0)
(988069200296366 -0 -0)
(1.08349855960446e+15 -0 -0)
(1.17929582610866e+15 -0 -0)
(1.27551899054632e+15 -0 -0)
(1.37220471006139e+15 -0 -0)
(1.46937894885215e+15 -0 -0)
(1.56706281929169e+15 -0 -0)
(1.66530505085518e+15 -0 -0)
(1.76415416020655e+15 -0 -0)
(1.8636076462395e+15 -0 -0)
(1.96371333865809e+15 -0 -0)
(2.06448772568652e+15 -0 -0)
(2.16582912457163e+15 -0 -0)
(2.26757404198565e+15 -0 -0)
(2.3691044570754e+15 -0 -0)
(2.46953755758178e+15 -0 -0)
(2.56903534113574e+15 -0 -0)
(2.66875889060828e+15 -0 -0)
(2.76915313384701e+15 -0 -0)
(2.86937487115428e+15 -0 -0)
(2.96800714209208e+15 -0 -0)
(3.07382774809637e+15 -0 -0)
(3.19622868305475e+15 -0 -0)
(3.32237810997375e+15 -0 -0)
(3.44120425064953e+15 -0 -0)
(3.55756487438887e+15 -0 -0)
(3.67443682555574e+15 -0 -0)
(3.79102629852613e+15 -0 -0)
(3.90614038024965e+15 -0 -0)
(4.02059174713081e+15 -0 -0)
(4.13656822887154e+15 -0 -0)
(4.25476798569355e+15 -0 -0)
(4.37499564694562e+15 -0 -0)
(4.49709632137883e+15 -0 -0)
(4.62097598879608e+15 -0 -0)
(4.74660983181496e+15 -0 -0)
(4.87397208246659e+15 -0 -0)
(5.00306255514239e+15 -0 -0)
(5.13390674720817e+15 -0 -0)
(5.2665099177864e+15 -0 -0)
(5.40092550403848e+15 -0 -0)
(5.53718551886203e+15 -0 -0)
(5.67531042502742e+15 -0 -0)
(5.81536021107426e+15 -0 -0)
(5.95737725895628e+15 -0 -0)
(6.10141045254496e+15 -0 -0)
(6.2475004564597e+15 -0 -0)
(6.39572047138562e+15 -0 -0)
(6.54608941607991e+15 -0 -0)
(6.69865513714101e+15 -0 -0)
(6.8535159020753e+15 -0 -0)
(7.01072854262173e+15 -0 -0)
(7.17030761740532e+15 -0 -0)
(7.33231812459777e+15 -0 -0)
(7.49681215227575e+15 -0 -0)
(7.66389499321162e+15 -0 -0)
(7.83361288478149e+15 -0 -0)
(8.00599131159542e+15 -0 -0)
(8.18111526872503e+15 -0 -0)
(8.35906781622861e+15 -0 -0)
(8.53989065386377e+15 -0 -0)
(8.72367591827951e+15 -0 -0)
(8.91048199881662e+15 -0 -0)
(9.10037395463695e+15 -0 -0)
(9.29342817303536e+15 -0 -0)
(9.48971717905913e+15 -0 -0)
(9.68931015620693e+15 -0 -0)
(9.89230576923326e+15 -0 -0)
(1.00987706086114e+16 -0 -0)
(1.03087650465419e+16 -0 -0)
(1.0522385342393e+16 -0 -0)
(1.0739733339483e+16 -0 -0)
(1.09608808988365e+16 -0 -0)
(1.11859299665197e+16 -0 -0)
(1.14149519124108e+16 -0 -0)
(1.16480506450785e+16 -0 -0)
(1.18853097945022e+16 -0 -0)
(1.21268308127644e+16 -0 -0)
(1.23727107534714e+16 -0 -0)
(1.26230487522185e+16 -0 -0)
(1.2877958009557e+16 -0 -0)
(1.31375382517766e+16 -0 -0)
(1.34018972842081e+16 -0 -0)
(1.36711461502062e+16 -0 -0)
(1.39454088092313e+16 -0 -0)
(1.42247994179123e+16 -0 -0)
(1.45094377279701e+16 -0 -0)
(1.47994453374731e+16 -0 -0)
(1.50949115610932e+16 -0 -0)
(1.53960208396976e+16 -0 -0)
(1.57028933718968e+16 -0 -0)
(1.601564303255e+16 -0 -0)
(1.6334436827748e+16 -0 -0)
(1.66594024016819e+16 -0 -0)
(1.6990669921804e+16 -0 -0)
(1.73284198483173e+16 -0 -0)
(1.76728018218328e+16 -0 -0)
(1.80239674671011e+16 -0 -0)
(1.83820599375777e+16 -0 -0)
(1.87472700865209e+16 -0 -0)
(1.91197705853494e+16 -0 -0)
(1.94997362763155e+16 -0 -0)
(1.98873443502857e+16 -0 -0)
(2.02827898541526e+16 -0 -0)
(2.06862589531396e+16 -0 -0)
(2.10979446013473e+16 -0 -0)
(2.15180481537749e+16 -0 -0)
(2.19467661400196e+16 -0 -0)
(2.23843282359591e+16 -0 -0)
(2.2830950823614e+16 -0 -0)
(2.32868543411607e+16 -0 -0)
(2.37522774149683e+16 -0 -0)
(2.42274434723938e+16 -0 -0)
(2.47125975020089e+16 -0 -0)
(2.52079920041429e+16 -0 -0)
(2.57138926758298e+16 -0 -0)
(2.623056504117e+16 -0 -0)
(2.67582761041137e+16 -0 -0)
(2.72972839567179e+16 -0 -0)
(2.78478945054412e+16 -0 -0)
(2.84103969563833e+16 -0 -0)
(2.89850794736821e+16 -0 -0)
(2.95722504455624e+16 -0 -0)
(3.01722321161865e+16 -0 -0)
(3.07853543423996e+16 -0 -0)
(3.14119320436789e+16 -0 -0)
(3.20522883444358e+16 -0 -0)
(3.27067841170717e+16 -0 -0)
(3.33757654152828e+16 -0 -0)
(3.40595962780014e+16 -0 -0)
(3.47586397155648e+16 -0 -0)
(3.54732442627071e+16 -0 -0)
(3.62037860181651e+16 -0 -0)
(3.69506745414503e+16 -0 -0)
(3.77142710418549e+16 -0 -0)
(3.84949444689172e+16 -0 -0)
(3.92931008597257e+16 -0 -0)
(4.01091250788781e+16 -0 -0)
(4.09434010449988e+16 -0 -0)
(4.17963056214137e+16 -0 -0)
(4.26682253956607e+16 -0 -0)
(4.35595316660925e+16 -0 -0)
(4.44705845796099e+16 -0 -0)
(4.5401722040092e+16 -0 -0)
(4.63532718257134e+16 -0 -0)
(4.73255404436052e+16 -0 -0)
(4.83188166889926e+16 -0 -0)
(4.93333654842314e+16 -0 -0)
(5.03693898876162e+16 -0 -0)
(5.14270545683968e+16 -0 -0)
(5.25064942074856e+16 -0 -0)
(5.36077667238257e+16 -0 -0)
(5.47308660478852e+16 -0 -0)
(5.58757000986318e+16 -0 -0)
(5.7042103105743e+16 -0 -0)
(5.82298014823527e+16 -0 -0)
(5.94383956885755e+16 -0 -0)
(6.06673673523408e+16 -0 -0)
(6.19160539473404e+16 -0 -0)
(6.31836012150148e+16 -0 -0)
(6.44689897201849e+16 -0 -0)
(6.5770994850969e+16 -0 -0)
(6.7088172196751e+16 -0 -0)
(6.8418803773832e+16 -0 -0)
(6.97608982246429e+16 -0 -0)
(7.1112157701594e+16 -0 -0)
(7.24699529421381e+16 -0 -0)
(7.38312687216573e+16 -0 -0)
(7.5192696874227e+16 -0 -0)
(7.65503937657738e+16 -0 -0)
(7.7900034094566e+16 -0 -0)
(7.92367741869727e+16 -0 -0)
(8.05552262412394e+16 -0 -0)
(8.18493807449137e+16 -0 -0)
(8.31126107788419e+16 -0 -0)
(8.43375578963913e+16 -0 -0)
(8.55161416693001e+16 -0 -0)
(8.66394551034211e+16 -0 -0)
(8.76977316222554e+16 -0 -0)
(8.86802666358804e+16 -0 -0)
(8.95753350754922e+16 -0 -0)
(9.03700876666258e+16 -0 -0)
(9.10504909144092e+16 -0 -0)
(9.1601136732704e+16 -0 -0)
(9.20051617356889e+16 -0 -0)
(9.22440224432252e+16 -0 -0)
(9.22973249978642e+16 -0 -0)
(9.21425392452097e+16 -0 -0)
(9.1754724582154e+16 -0 -0)
(9.11061083055375e+16 -0 -0)
(9.01657106908768e+16 -0 -0)
(8.88987749766202e+16 -0 -0)
(8.72661529385969e+16 -0 -0)
(8.52235440136358e+16 -0 -0)
(8.27206420685505e+16 -0 -0)
(7.97000781531366e+16 -0 -0)
(7.60962957768044e+16 -0 -0)
(7.18341619465058e+16 -0 -0)
(6.68274447710508e+16 -0 -0)
(6.09771141356826e+16 -0 -0)
(5.41694501757275e+16 -0 -0)
(4.62739549926917e+16 -0 -0)
(3.71411822914216e+16 -0 -0)
(2.66003808983054e+16 -0 -0)
(1.4457155989943e+16 -0 -0)
(491083253279653 -0 -0)
(-1.55464974717992e+16 -0 -0)
(-3.39345068920801e+16 -0 -0)
(-5.49836745062204e+16 -0 -0)
(-7.90375046615875e+16 -0 -0)
(-1.06472382638426e+17 -0 -0)
(-1.37696554543412e+17 -0 -0)
(-1.73147610236457e+17 -0 -0)
(-2.13288064387602e+17 -0 -0)
(-2.58598690624721e+17 -0 -0)
(-3.09568945070607e+17 -0 -0)
(-3.66684119796224e+17 -0 -0)
(-4.30408314544417e+17 -0 -0)
(-5.0116291289702e+17 -0 -0)
(-5.79299244591109e+17 -0 -0)
(-6.65065220972743e+17 -0 -0)
(-7.58563938760831e+17 -0 -0)
(-8.59704046577684e+17 -0 -0)
(-9.68138518268593e+17 -0 -0)
(-1.08319024337856e+18 -0 -0)
(-1.20370261268774e+18 -0 -0)
(-1.32787026735188e+18 -0 -0)
(-1.45311642322219e+18 -0 -0)
(-1.5757005391763e+18 -0 -0)
(-1.69002318768913e+18 -0 -0)
(-1.78787784392476e+18 -0 -0)
(-1.85705331070826e+18 -0 -0)
(-1.87919666793498e+18 -0 -0)
(-1.83050586095738e+18 -0 -0)
(-1.68778228669585e+18 -0 -0)
(-1.45639934232089e+18 -0 -0)
(-1.16893362198067e+18 -0 -0)
(-8.49755931714324e+17 -0 -0)
(-5.14575046392982e+17 -0 -0)
(-1.72510969129411e+17 -0 -0)
)
;

boundaryField
{
    electrode
    {
        type            calculated;
        value           uniform (-0 -0 -0);
    }
    ground
    {
        type            calculated;
        value           uniform (0 -0 -0);
    }
    otherfaces
    {
        type            empty;
    }
}


// ************************************************************************* //
