/*--------------------------------*- C++ -*----------------------------------*\
| =========                 |                                                 |
| \\      /  F ield         | foam-extend: Open Source CFD                    |
|  \\    /   O peration     | Version:     4.1                                |
|   \\  /    A nd           | Web:         http://www.foam-extend.org         |
|    \\/     M anipulation  |                                                 |
\*---------------------------------------------------------------------------*/
FoamFile
{
    version     2.0;
    format      ascii;
    class       volVectorField;
    location    "2.50010000204314e-05";
    object      velocityelectronMean;
}
// * * * * * * * * * * * * * * * * * * * * * * * * * * * * * * * * * * * * * //

dimensions      [0 1 -1 0 0 0 0];

internalField   nonuniform List<vector> 
500
(
(-3124957.22100848 0 0)
(-238277.129722433 0 0)
(-104441.152897956 0 0)
(-116328.871139905 0 0)
(-46128.8790616537 0 0)
(-46663.6720124029 0 0)
(-38902.7554359264 0 0)
(-25185.2675666291 0 0)
(-14752.2405674022 0 0)
(-8948.39903685771 0 0)
(-5536.33542805557 0 0)
(-3768.13698439177 0 0)
(-2507.58844575187 0 0)
(-1956.84431319935 0 0)
(-1459.17925939236 0 0)
(-1241.1846880478 0 0)
(-968.766381218405 0 0)
(-901.109285043883 0 0)
(-727.157045910284 0 0)
(-707.628570434462 0 0)
(-580.114928716818 0 0)
(-582.737354102784 0 0)
(-482.463936704743 0 0)
(-496.000725826143 0 0)
(-413.367577906496 0 0)
(-432.39878694622 0 0)
(-362.008852153871 0 0)
(-384.07883785797 0 0)
(-322.789608792534 0 0)
(-346.30823018696 0 0)
(-292.019916324565 0 0)
(-316.112237456031 0 0)
(-267.252207839478 0 0)
(-291.326247397871 0 0)
(-246.798289943748 0 0)
(-270.504469292345 0 0)
(-229.477160748302 0 0)
(-252.60489686807 0 0)
(-214.566643675032 0 0)
(-237.108688509504 0 0)
(-201.596275868758 0 0)
(-223.456933491696 0 0)
(-190.115244110466 0 0)
(-211.290754577143 0 0)
(-179.851874652045 0 0)
(-200.355197726792 0 0)
(-170.600072845742 0 0)
(-190.452375508997 0 0)
(-162.199677160345 0 0)
(-181.427241886249 0 0)
(-154.524644722097 0 0)
(-173.155537855366 0 0)
(-147.473466804403 0 0)
(-165.536305507579 0 0)
(-140.963840581303 0 0)
(-158.487411892379 0 0)
(-134.929038053726 0 0)
(-151.940753744164 0 0)
(-129.312593001252 0 0)
(-145.838806948178 0 0)
(-124.067516365153 0 0)
(-140.132936514902 0 0)
(-119.154730049794 0 0)
(-134.7822690334 0 0)
(-114.539348072678 0 0)
(-129.751151341297 0 0)
(-110.19255533054 0 0)
(-125.00803292857 0 0)
(-106.089729726677 0 0)
(-120.527711153774 0 0)
(-102.207866972281 0 0)
(-116.286368979435 0 0)
(-98.5292131484877 0 0)
(-112.264038499094 0 0)
(-95.0355684518756 0 0)
(-108.442036348086 0 0)
(-91.7129229808311 0 0)
(-104.805303507681 0 0)
(-88.548587685013 0 0)
(-101.338130210433 0 0)
(-85.5297846763406 0 0)
(-98.0293478551554 0 0)
(-82.6469381195064 0 0)
(-94.8670422132472 0 0)
(-79.8889954264539 0 0)
(-91.8405284652664 0 0)
(-77.249142007427 0 0)
(-88.9414898663418 0 0)
(-74.7192161731676 0 0)
(-86.1608842692163 0 0)
(-72.2914073642133 0 0)
(-83.4912209919071 0 0)
(-69.960420087596 0 0)
(-80.9255360141216 0 0)
(-67.7197373371979 0 0)
(-78.4582657049005 0 0)
(-65.5641817019364 0 0)
(-76.08155860008 0 0)
(-63.4893495986512 0 0)
(-73.7926219773154 0 0)
(-61.4902808947141 0 0)
(-71.5851997998413 0 0)
(-59.5633907300099 0 0)
(-69.4552305791327 0 0)
(-57.7038238709026 0 0)
(-67.3985324614309 0 0)
(-55.909075149907 0 0)
(-65.4112323619393 0 0)
(-54.1751642566396 0 0)
(-63.4899732662182 0 0)
(-52.4994899255743 0 0)
(-61.631080149809 0 0)
(-50.8787403647839 0 0)
(-59.8319991688012 0 0)
(-49.310819284748 0 0)
(-58.0896054308967 0 0)
(-47.7928557958191 0 0)
(-56.4015574133723 0 0)
(-46.3228490649361 0 0)
(-54.7648518612443 0 0)
(-44.8982311816952 0 0)
(-53.1776721621262 0 0)
(-43.517336011772 0 0)
(-51.6374691635549 0 0)
(-42.1779243592483 0 0)
(-50.142684942898 0 0)
(-40.8786104493261 0 0)
(-48.6908243961135 0 0)
(-39.6171559719924 0 0)
(-47.2803620039736 0 0)
(-38.3922762927588 0 0)
(-45.9098180325874 0 0)
(-37.2026395049452 0 0)
(-44.5773247312398 0 0)
(-36.0463673591027 0 0)
(-43.2812535551152 0 0)
(-34.9222927259002 0 0)
(-42.0205229480217 0 0)
(-33.8293133213876 0 0)
(-40.7936724595739 0 0)
(-32.7660092839153 0 0)
(-39.5992429158618 0 0)
(-31.731122316313 0 0)
(-38.4362154198252 0 0)
(-30.7238138651376 0 0)
(-37.3032705708914 0 0)
(-29.7426631093698 0 0)
(-36.1992958453665 0 0)
(-28.7869242982743 0 0)
(-35.1235607371716 0 0)
(-27.8556419498982 0 0)
(-34.0745349585763 0 0)
(-26.9475911193471 0 0)
(-33.0516384348069 0 0)
(-26.0621810606503 0 0)
(-32.053788188999 0 0)
(-25.1984242481675 0 0)
(-31.0802889883417 0 0)
(-24.3555686486372 0 0)
(-30.1299920725434 0 0)
(-23.5327103192241 0 0)
(-29.202316096338 0 0)
(-22.7292105429412 0 0)
(-28.296451285826 0 0)
(-21.9442778033877 0 0)
(-27.4115665548299 0 0)
(-21.1771727216998 0 0)
(-26.5468864723405 0 0)
(-20.4271681733954 0 0)
(-25.7017987286611 0 0)
(-19.6936218124379 0 0)
(-24.8754514654673 0 0)
(-18.9758627564374 0 0)
(-24.0671619689664 0 0)
(-18.2729371920574 0 0)
(-23.2762878644856 0 0)
(-17.5842624793474 0 0)
(-22.5017163058673 0 0)
(-16.9102298069 0 0)
(-21.7461004126825 0 0)
(-16.2522827558657 0 0)
(-21.0077639839856 0 0)
(-15.608878728208 0 0)
(-20.2876611310396 0 0)
(-14.9782227292354 0 0)
(-19.5752570147917 0 0)
(-14.353071056158 0 0)
(-18.8780480691391 0 0)
(-13.7409687229551 0 0)
(-18.1942786223144 0 0)
(-13.1397553606331 0 0)
(-17.5240568929775 0 0)
(-12.5494788562539 0 0)
(-16.8669086329089 0 0)
(-11.9692335684448 0 0)
(-16.2220563507884 0 0)
(-11.3984823432878 0 0)
(-15.5890771432196 0 0)
(-10.8367027691278 0 0)
(-14.9675071081828 0 0)
(-10.2835460661864 0 0)
(-14.3568786392082 0 0)
(-9.73824787678278 0 0)
(-13.7567140160408 0 0)
(-9.20016128011824 0 0)
(-13.1663180571062 0 0)
(-8.66813655049172 0 0)
(-12.5849288080846 0 0)
(-8.14065225896217 0 0)
(-12.0109588897232 0 0)
(-7.61322153824674 0 0)
(-11.4433618239749 0 0)
(-7.11027736764998 0 0)
(-10.9188624444745 0 0)
(-6.62440042724927 0 0)
(-10.3838495622104 0 0)
(-6.14736489780254 0 0)
(-9.94299920918985 0 0)
(-5.71125771512298 0 0)
(-9.26225985813296 0 0)
(-5.15477608105885 0 0)
(-8.74048510543802 0 0)
(-4.6608515296746 0 0)
(-8.20993108726597 0 0)
(-4.16582245090836 0 0)
(-7.70363044961645 0 0)
(-3.69777356110182 0 0)
(-7.20367084601876 0 0)
(-3.22519023266978 0 0)
(-6.70415324755465 0 0)
(-2.7539554057267 0 0)
(-6.20816800080454 0 0)
(-2.2846205524058 0 0)
(-5.71605846086421 0 0)
(-1.81707540865567 0 0)
(-5.22772943044813 0 0)
(-1.35106223626002 0 0)
(-4.74293545046336 0 0)
(-0.886271017264907 0 0)
(-4.26138274830486 0 0)
(-0.422369006137284 0 0)
(-3.78274204033316 0 0)
(0.0409753405579435 0 0)
(-3.30667431107301 0 0)
(0.504098363559631 0 0)
(-2.83285210625926 0 0)
(0.967197808791192 0 0)
(-2.36141517952536 0 0)
(1.45339389374126 0 0)
(-1.89376381651315 0 0)
(1.9002386382756 0 0)
(-1.44692982038372 0 0)
(2.36788275263521 0 0)
(-0.960728693842029 0 0)
(2.83932692393903 0 0)
(-0.497626696381165 0 0)
(3.31315210174318 0 0)
(-0.0345002218629856 0 0)
(3.78922326433797 0 0)
(0.428849761666352 0 0)
(4.26786989238183 0 0)
(0.892755258626275 0 0)
(4.74943039617614 0 0)
(1.35755448685726 0 0)
(5.23422915850199 0 0)
(1.82357659520048 0 0)
(5.72256685755232 0 0)
(2.2911315484651 0 0)
(6.21468630619013 0 0)
(2.76047533757357 0 0)
(6.71068287459997 0 0)
(3.23172193981502 0 0)
(7.21021164793675 0 0)
(3.70431860385638 0 0)
(7.71018392576018 0 0)
(4.17238032467711 0 0)
(8.21649933210483 0 0)
(4.66742431623383 0 0)
(8.74706842851532 0 0)
(5.16136425938817 0 0)
(9.26886007288397 0 0)
(5.71786035984061 0 0)
(9.94961747176562 0 0)
(6.15398887966606 0 0)
(10.3904871415133 0 0)
(6.63104205905354 0 0)
(10.9255201914654 0 0)
(7.11694234315485 0 0)
(11.4500375743905 0 0)
(7.61990742763345 0 0)
(12.017658012922 0 0)
(8.14736256619407 0 0)
(12.5916504995309 0 0)
(8.67487192404634 0 0)
(13.1730629551463 0 0)
(9.20692252650314 0 0)
(13.7634869293322 0 0)
(9.74503227419118 0 0)
(14.3636800657653 0 0)
(10.2903619189605 0 0)
(14.9743342068192 0 0)
(10.8435487824929 0 0)
(15.5959338398763 0 0)
(11.4053570845841 0 0)
(16.228946582462 0 0)
(11.976139861628 0 0)
(16.8738306477817 0 0)
(12.5564183270353 0 0)
(17.5310143912749 0 0)
(13.1467281270838 0 0)
(18.2012719319563 0 0)
(13.7479766274312 0 0)
(18.8850788326709 0 0)
(14.3601175340406 0 0)
(19.5823241648545 0 0)
(14.9853062319873 0 0)
(20.2947735224837 0 0)
(15.6160022064926 0 0)
(21.0149118356737 0 0)
(16.2594516269469 0 0)
(21.7532930339587 0 0)
(16.9174378363458 0 0)
(22.5089522891206 0 0)
(17.5915200456578 0 0)
(23.283566121607 0 0)
(18.28024048764 0 0)
(24.074488550754 0 0)
(18.9832149335131 0 0)
(24.8828271991672 0 0)
(19.7010230279496 0 0)
(25.7092280661031 0 0)
(20.434617349991 0 0)
(26.5543673379847 0 0)
(21.1846774967629 0 0)
(27.4190999517902 0 0)
(21.9518388115979 0 0)
(28.3040402397624 0 0)
(22.7368287478309 0 0)
(29.2099624159611 0 0)
(23.5403877792749 0 0)
(30.137697464371 0 0)
(24.3633063247253 0 0)
(31.0880569255332 0 0)
(25.206223986324 0 0)
(32.0616198204631 0 0)
(26.070046327005 0 0)
(33.0595349119632 0 0)
(26.9555229814632 0 0)
(34.0824996385444 0 0)
(27.8636443194197 0 0)
(35.131593454245 0 0)
(28.7949967475909 0 0)
(36.2074044784776 0 0)
(29.7508072767434 0 0)
(37.3114520912938 0 0)
(30.7320346145333 0 0)
(38.4444767317305 0 0)
(31.7394195663498 0 0)
(39.6075840051857 0 0)
(32.7743875461661 0 0)
(40.8020954199481 0 0)
(33.8377755008675 0 0)
(42.0290304272759 0 0)
(34.930842428869 0 0)
(43.289848911748 0 0)
(36.0550124418362 0 0)
(44.5860133118602 0 0)
(37.2113693792088 0 0)
(45.9185995941511 0 0)
(38.4011047373151 0 0)
(47.289240878953 0 0)
(39.6260829009548 0 0)
(48.6998000086307 0 0)
(40.8876438699885 0 0)
(50.151765798166 0 0)
(42.1870541029506 0 0)
(51.6466630457819 0 0)
(43.5265783502543 0 0)
(53.1869705478132 0 0)
(44.9075896124755 0 0)
(54.7742636843468 0 0)
(46.3323296418853 0 0)
(56.4110953109837 0 0)
(47.8024513682667 0 0)
(58.0992573341982 0 0)
(49.3205423483999 0 0)
(59.8417957522053 0 0)
(50.8885941909923 0 0)
(61.6410035207826 0 0)
(52.5094914344192 0 0)
(63.5000283838909 0 0)
(54.185292138963 0 0)
(65.4214473416658 0 0)
(55.9193463782698 0 0)
(67.4088811878521 0 0)
(57.7142726178658 0 0)
(69.465725629787 0 0)
(59.5739772161448 0 0)
(71.5958775569516 0 0)
(61.5010369020442 0 0)
(73.803453703301 0 0)
(63.5002871207047 0 0)
(76.092566866979 0 0)
(65.5752902078103 0 0)
(78.4694733608927 0 0)
(67.7310277335326 0 0)
(80.9369341508365 0 0)
(69.9719112470596 0 0)
(83.5028015369118 0 0)
(72.3031101937849 0 0)
(86.172677923114 0 0)
(74.7311217610545 0 0)
(88.9534900944379 0 0)
(77.2612729527937 0 0)
(91.8528029973987 0 0)
(79.901352219292 0 0)
(94.8795282092828 0 0)
(82.65955927573 0 0)
(98.0420548196172 0 0)
(85.5426993000289 0 0)
(101.351072156968 0 0)
(88.5617485414894 0 0)
(104.818601672323 0 0)
(91.7263305693604 0 0)
(108.455608598639 0 0)
(95.0493270704142 0 0)
(112.27787157437 0 0)
(98.543258458511 0 0)
(116.300629966882 0 0)
(102.222204152291 0 0)
(120.542252557074 0 0)
(106.10446700298 0 0)
(125.022957991212 0 0)
(110.207661569797 0 0)
(129.766394962713 0 0)
(114.554899822973 0 0)
(134.797980367942 0 0)
(119.170610092925 0 0)
(140.149175559674 0 0)
(124.083872530066 0 0)
(145.855400431645 0 0)
(129.329475317778 0 0)
(151.957826932977 0 0)
(134.946379960742 0 0)
(158.505058418436 0 0)
(140.981775897962 0 0)
(165.554495035476 0 0)
(147.492004841777 0 0)
(173.174346647347 0 0)
(154.543785406188 0 0)
(181.446719310492 0 0)
(162.219511488214 0 0)
(190.472607910005 0 0)
(170.620627617841 0 0)
(200.376138700469 0 0)
(179.873228138697 0 0)
(211.312538701072 0 0)
(190.137566451897 0 0)
(223.479531027911 0 0)
(201.619627007958 0 0)
(237.132322955236 0 0)
(214.590924564585 0 0)
(252.629775496378 0 0)
(229.502456056028 0 0)
(270.530661078249 0 0)
(246.824985833075 0 0)
(291.353655649697 0 0)
(267.280400119206 0 0)
(316.141157278815 0 0)
(292.049748156428 0 0)
(346.338986179106 0 0)
(322.821199087923 0 0)
(384.111417060163 0 0)
(362.042644974838 0 0)
(432.433514862473 0 0)
(413.40366678838 0 0)
(496.038305190501 0 0)
(482.502876001344 0 0)
(582.777915638375 0 0)
(580.156679347962 0 0)
(707.672185686031 0 0)
(727.203334302801 0 0)
(901.158599210673 0 0)
(968.81867071384 0 0)
(1241.24009620381 0 0)
(1459.237862477 0 0)
(1956.90672857343 0 0)
(2507.65529314733 0 0)
(3768.2091846251 0 0)
(5536.41362245927 0 0)
(8948.48412358384 0 0)
(14752.3345361364 0 0)
(25185.373794698 0 0)
(38902.8705236034 0 0)
(46663.7646553314 0 0)
(46128.8819109851 0 0)
(116328.874603556 0 0)
(104441.09590004 0 0)
(238277.102261182 0 0)
(3124957.4263744 0 0)
)
;

boundaryField
{
    electrode
    {
        type            calculated;
        value           uniform (-1402975.88046371 0 0);
    }
    ground
    {
        type            calculated;
        value           uniform (1402975.88947408 0 0);
    }
    otherfaces
    {
        type            empty;
    }
}


// ************************************************************************* //
