/*--------------------------------*- C++ -*----------------------------------*\
| =========                 |                                                 |
| \\      /  F ield         | foam-extend: Open Source CFD                    |
|  \\    /   O peration     | Version:     4.1                                |
|   \\  /    A nd           | Web:         http://www.foam-extend.org         |
|    \\/     M anipulation  |                                                 |
\*---------------------------------------------------------------------------*/
FoamFile
{
    version     2.0;
    format      ascii;
    class       volScalarField;
    location    "3.00062494849498e-06";
    object      powerDissipatedIon;
}
// * * * * * * * * * * * * * * * * * * * * * * * * * * * * * * * * * * * * * //

dimensions      [1 -1 -3 0 0 0 0];

internalField   nonuniform List<scalar> 
500
(
339049566308.396
331520939109.127
318388674233.606
307133484053.032
293982520691.553
283525051335.334
272297442885.668
261727463321.661
250369820390.402
239413568846.423
227941755790.984
216773417445.738
206919016321.192
197369300124.449
187643758232.362
177994508507.517
168260661047.45
158837798772.517
150882467982.542
143017803711.878
135256587582.21
127650118302.684
120250077416.941
114101725166.65
108190862497.29
102385180265.447
96778159157.9757
91438083221.1727
87044025032.2804
82989272910.6373
79075601594.1292
75296741948.4438
71708355131.1315
68645229888.6141
66066480535.4014
63587215895.7136
61191573890.0037
58950276496.4124
56868952090.1993
55041992564.518
53498512763.144
52022969462.8886
50639254872.2674
49290789461.2963
47954267590.2055
46679800828.6748
45500005309.4199
44532166012.1645
43531899129.2211
42552705894.6998
41573823639.8415
40556933303.9149
39542492458.7713
38552669147.3786
37541860711.2315
36668050183.3683
35779855976.1285
34891467497.7562
33979272795.6517
33032798686.7599
32086767916.8079
31168411606.0206
30253598371.0487
29373591912.9851
28537574909.7119
27688893112.2681
26867868116.1357
26071557535.6451
25288076524.2891
24505824957.0933
23707730979.2755
22883064412.3557
22166146205.5883
21488797645.2981
20833466181.5379
20198181132.2146
19580126684.2313
18974901160.7465
18372778543.2924
17759100310.4898
17135549957.9878
16593877820.3901
16085510344.851
15596795970.842
15126702783.0819
14673513434.1191
14234392713.1974
13802809053.6716
13370336720.3603
12936292275.3257
12506812863.7297
12135678513.3822
11772369827.1441
11422486753.8144
11086529977.3965
10763165445.1376
10449627838.9097
10141262829.8928
9835254062.72961
9533292878.7149
9237632710.92876
8962496945.11235
8711776790.65747
8464010639.4058
8219585597.15732
7980885519.91663
7749360512.57291
7523177955.91181
7300235839.53854
7081157971.01273
6867379968.18848
6659381664.55245
6457764080.66178
6280669722.52407
6107512826.84852
5938201632.51057
5772366859.38272
5608888153.72021
5445975299.5453
5283285523.6056
5122642386.04747
4965908587.3288
4813753086.26503
4666182993.79389
4523589448.73584
4395079984.56379
4269787715.41112
4147510854.11777
4027728695.33589
3909961598.09232
3794272723.28236
3680913257.08627
3569949359.20712
3461353373.87528
3355024812.21271
3250781313.46957
3148435230.00257
3050974832.28038
2957208561.36876
2866022720.66758
2777363212.72075
2691100745.24704
2607124197.22786
2525340379.23875
2445663866.62939
2368015766.78625
2292325070.11652
2218535499.10494
2146670036.29118
2076722243.63718
2008449745.43165
1941980632.48535
1877194834.57986
1814002461.28812
1752320042.42393
1692050946.08576
1633088547.05528
1575431804.3244
1519217677.87504
1464525002.30662
1411321870.58018
1359555273.31629
1308074554.21001
1258039573.02984
1209408482.73165
1162142183.61276
1116201761.02463
1071550127.71364
1028152029.57944
985973249.24685
944981352.703449
905145416.14462
866435588.21441
828823586.483621
792281970.652475
756784112.564809
722302980.581228
688807551.739456
656260765.57165
624646484.837964
593984689.326728
564288274.637554
535543627.559567
507729887.57255
480827142.318532
454816782.181177
429681152.739833
405403177.280243
381966460.692429
359355231.455504
337554351.442066
316549281.229986
296326114.570149
276871489.325439
258172560.175227
240217038.409511
222993135.104129
206489544.794359
190695514.921112
175600796.634241
161195229.198562
147469688.668915
134412630.413739
122007492.948937
110240111.455983
99101135.3472601
88582621.4113396
78677758.4634113
69380654.3714365
60685719.1346922
52587898.2402845
45082788.9473707
38166350.0337111
31834937.6678678
26085373.7886235
20914594.6916395
16319649.5846741
12298110.3261804
8847740.71707046
5966472.38488972
3652617.5744023
1904558.90662904
720275.013066336
97668.1226369391
36123.8360174406
531892.850165849
1579684.35860488
3174460.79135223
5311397.00760533
7985790.60714034
11193178.1611854
14929396.8727087
19190437.1631529
23972362.904845
29271384.028513
35083908.6154372
41406611.855607
48236371.3457317
55570124.1690764
63404834.7552288
71737631.1495086
80565798.722008
89886801.9914619
99698272.1982787
109997964.17275
120783845.972457
132053968.904876
143806390.215591
156040879.999956
168752703.026318
181938531.126103
195602872.877338
209742824.791754
224354367.230707
239438113.287881
254993285.256051
271018912.83379
287514010.053227
304477861.521812
321909827.431677
339809341.235816
358176026.167933
377009800.633013
396310895.698754
416079163.89968
436314255.541858
457016035.667646
478184319.617644
499819929.853822
521923890.094572
544495904.739466
567535574.7513
591043257.357148
615020017.278832
639465856.712596
664380182.589241
689763736.616503
715622445.361515
741984119.900417
768882684.02507
796320387.33742
824286043.296032
852776881.844322
881793140.320484
911337340.061553
941413351.900729
972024888.476537
1003176526.25147
1034874066.41667
1067124239.36786
1099933847.8001
1133310029.05917
1167260154.90608
1201792625.78994
1236917940.38889
1272646400.30975
1308988883.8497
1345955035.87203
1383453870.62039
1420901282.2882
1458981807.96937
1497700349.56564
1537063095.75116
1577077667.13725
1617752547.57006
1659096965.81026
1701120513.74738
1743833430.06038
1787246339.71705
1831370333.8116
1876217449.06416
1921799797.15883
1968130216.27127
2015222073.18816
2063090598.19009
2111751830.3149
2161202133.00831
2211248978.72101
2262125228.85353
2313849944.21238
2366418671.49367
2419731212.95662
2473671330.83434
2528259036.47866
2583568569.99308
2639643104.05828
2696510808.94889
2754194615.11482
2812713648.52838
2872087084.84955
2932332180.23036
2993467493.0491
3055511775.94802
3118484630.77615
3182408435.60661
3247308919.47711
3316168381.02463
3386327163.35912
3457793512.28982
3530613630.08553
3604840681.98647
3680530143.93162
3757703866.76898
3836096195.69257
3915314059.16139
3995352247.45225
4076424468.41944
4158671995.15167
4242194827.56678
4327077921.11598
4413423969.43319
4501355945.15361
4590917855.49279
4682051031.63099
4776582465.32114
4878973528.18409
4983704497.62681
5090880971.20878
5200611219.39995
5313021889.78697
5428262851.07413
5546495452.95224
5667798141.37832
5791515194.2664
5916552024.1466
6042687298.02824
6170319620.39152
6299731501.42723
6431060295.33642
6564351395.25312
6699544887.50206
6839789528.43675
6994702021.93129
7153176169.63199
7315770295.33289
7482819020.19722
7654555751.49854
7831187109.35072
8012898041.15022
8199759727.67703
8390828119.28494
8583382239.57356
8775193372.86588
8966858475.41121
9160240880.29404
9356471750.62248
9556025317.20519
9785667561.12317
10023929804.1988
10269087341.8869
10521169637.6979
10779854756.8926
11044052625.684
11313389736.7935
11589757469.9987
11874465293.5961
12164599889.8875
12456670601.0784
12750861211.5072
13048409620.0727
13367540700.558
13723968842.2105
14087790294.4312
14457879492.6877
14836946739.5537
15229601034.8824
15639140821.4146
16067614872.515
16514562899.3326
16972318051.0355
17432190438.9684
17891929202.5074
18400742406.507
18947314858.0179
19511900382.4313
20102273941.7682
20723221935.0868
21378398033.8312
22070901035.823
22800021926.8403
23547558528.2788
24290523032.3326
25146037895.152
26062629396.0474
27029135457.592
28054865111.1679
29147454807.4547
30313516176.2839
31554658947.7115
32833827841.1899
34343780026.4229
35952817319.9904
37660948543.2856
39488240764.5319
41453932139.4093
43562732895.432
45984534122.223
48711064819.6824
51586529360.0379
54662473849.4585
57965675812.0932
61639815474.6714
66003312635.094
70664317711.8155
75645954611.872
80860876062.8333
87065270492.1529
93881869592.0993
101153522799.348
108763922093.399
117661738622.572
127513971637.952
137878128662.332
148474198590.614
161014747907.931
174429837936.902
188283596081.506
202314184807.013
219118297953.983
236421805560.134
253899064918.234
271406770469.829
291740877360.569
312254140132.31
332647581473.637
352302477851.542
374685945257.281
397357683659.539
419549013087.498
440870514938.435
460946866211.948
483745122695.656
506333967087.337
528026524550.331
548730011371.143
568350140804.919
586605941629.148
606085980120.079
626283048794.259
645388377206.264
663560671526.592
680917490996.338
697646883661.107
713554500958.673
728560755938.091
742040251656.258
758078138053.031
773737922864.567
789486793521.65
803945438334.047
818792070324.441
831653539458.324
845849597608.111
857678109069.982
871785133073.639
882386788199.108
896651267619.873
905437662390.356
919486883683.918
920103099334.305
)
;

boundaryField
{
    electrode
    {
        type            calculated;
        value           uniform 348842933620.366;
    }
    ground
    {
        type            calculated;
        value           uniform 934156918293.551;
    }
    otherfaces
    {
        type            empty;
    }
}


// ************************************************************************* //
