/*--------------------------------*- C++ -*----------------------------------*\
| =========                 |                                                 |
| \\      /  F ield         | foam-extend: Open Source CFD                    |
|  \\    /   O peration     | Version:     4.1                                |
|   \\  /    A nd           | Web:         http://www.foam-extend.org         |
|    \\/     M anipulation  |                                                 |
\*---------------------------------------------------------------------------*/
FoamFile
{
    version     2.0;
    format      ascii;
    class       volScalarField;
    location    "3.00062494849498e-06";
    object      powerDissipatedIonMean;
}
// * * * * * * * * * * * * * * * * * * * * * * * * * * * * * * * * * * * * * //

dimensions      [1 -1 -3 0 0 0 0];

internalField   nonuniform List<scalar> 
500
(
620762138428.748
616240222706.567
601858262502.641
591395349063.895
577632169736.736
566371746887.918
552928106419.695
541084028473.937
527832740925.472
515564048017.333
502314627943.727
489572178800.062
476270301276.85
463285878195.616
449984424712.062
436866544896.201
423528691419.132
410270257418.852
396883192415.444
383531925499.201
370122682981.305
356688970680.974
343177612823.63
329716259220.359
316337000295.638
303171831786.848
290038924162.472
276970280530.868
263995146929.463
251217795850.82
238674228682.318
226518666445.297
214567246159.689
202881764545.504
191522574040.182
180569567071.53
170152678094.245
160088418878.707
150469532030.504
141282890242.202
132664411383.128
124471066422.941
116756771048.222
109524523802.32
102845413979.596
96546613552.2698
90684550214.5952
85255236111.8156
80229771849.1572
75544000038.7508
71218547147.0889
67264910807.5241
63593991558.6449
60198960853.0078
57050124437.4176
54161799774.9747
51454704919.54
48946775373.2912
46617011028.9009
44474912558.5993
42480744499.1358
40626659290.3516
38890379695.8934
37248954392.3838
35712358692.4382
34264047708.6656
32914586069.3335
31658588036.0797
30478554122.984
29358875244.4023
28282871039.391
27265099274.2746
26287278595.3356
25367658226.7632
24504481083.2258
23691362295.8401
22921780286.2615
22188310032.7943
21479908717.0987
20792417504.8208
20129544209.0842
19490652193.2861
18884071846.1319
18310401738.2124
17766669852.8973
17249545749.3268
16754956890.5325
16276451485.4515
15812067374.3533
15357789851.2591
14914839746.4162
14488088585.6548
14077081977.006
13683983693.6849
13309132636.3065
12950656722.8148
12605541353.5871
12271001520.8804
11945753871.4204
11628881323.5929
11321418303.2885
11023335860.7732
10734055714.4871
10452745850.1434
10180709540.8914
9917226580.19889
9662304851.95987
9415166667.15654
9175139580.92949
8941387751.14986
8714521433.65281
8494660678.13048
8281666646.72667
8075288742.90914
7875223888.76367
7681107165.77546
7492412577.00737
7308061242.49823
7127198723.59354
6949945695.14651
6776606274.75984
6607695068.78232
6443885590.29383
6285105857.25008
6131150066.18699
5981793948.35159
5836799743.27091
5695848776.47296
5558488831.52453
5424483323.53712
5293601649.46925
5165901977.87773
5041355889.63287
4919871333.6378
4801306994.89763
4685468319.38491
4572222251.08558
4461920971.22701
4354220430.06016
4249439889.71424
4147536851.64497
4048374183.64953
3951815692.15234
3857742013.95723
3766046169.99956
3676629491.13871
3589401590.19823
3504288482.03104
3421278496.59298
3340331140.7208
3261402141.03685
3184378447.83847
3109152197.7098
3035637582.36985
2963754339.84463
2893413306.52284
2824528139.86948
2757225034.77146
2691320179.93651
2626890638.87532
2563923025.99253
2502369087.57392
2442181933.44558
2383318835.30934
2325740612.57686
2269410723.70702
2214294778.06167
2160360411.48581
2107577105.87754
2055916056.6813
2005349993.8134
1955853074.99472
1907400757.02683
1859969697.27495
1813537619.60624
1768083022.47528
1723584054.92835
1680015750.40602
1637347943.7347
1595617028.00019
1554763883.96094
1514787936.18492
1475688508.15306
1437448459.20839
1400050752.62659
1363479566.55109
1327720018.64294
1292757873.68906
1258579502.11204
1225171840.26174
1192522385.39112
1160619139.99205
1129450615.9585
1099005716.90035
1069273737.00651
1040244355.02077
1011907637.91305
984253991.362838
957274208.428767
930959394.534313
905300661.151378
880287586.519234
855911290.111745
832159867.598651
809016524.00141
786470559.715059
764512765.446001
743134703.689636
722328575.8478
702087177.586355
682403805.724862
663272182.468514
644686388.712295
626640817.591177
609130148.616811
592149320.663586
575693502.011953
559758054.380392
544338514.37625
529430637.781238
515030603.649364
501134930.332283
487725496.309949
474817747.389631
462409081.493607
450495126.382537
439073772.090196
428143033.406632
417700977.221465
407745748.629777
398275585.996448
389288830.196448
380783910.548616
372759352.077834
365213770.247777
358145868.662666
351554439.324176
345438362.693481
339796604.85231
334628216.439314
329932332.998499
325708171.632672
321955029.310892
318672286.6721
315859402.802388
313515929.273828
311641539.872938
310236181.395933
309300270.382286
308831751.669603
308831237.781683
309298729.322367
310233614.860268
311637943.232121
313511305.834167
315853752.078267
318665607.620679
321947323.071849
325699436.65424
329922568.967923
334617423.530836
339784781.551308
345425509.041249
351540553.611934
358130949.87
365197816.442276
372742360.286868
380765877.098414
389269750.159128
398255458.67918
407724566.476334
417678736.078353
428119725.261098
439049389.271522
450469658.678619
462382513.435351
474790056.953501
487696659.538009
501104922.869263
514999400.115591
529398214.702854
544304846.40928
559723115.407637
575657270.493152
592111771.244925
609091249.926633
626600544.406638
644644715.00613
663229080.992167
682359248.745973
702041144.108204
722281050.231014
743085669.545429
764462203.5214
786418456.995207
808962871.531663
832104655.123969
855854507.56119
880229232.692877
905240738.736936
930897901.181658
957211140.529822
984189345.964563
1011841421.66807
1040176580.87832
1069204407.27068
1098934837.69522
1129378191.49663
1160545177.04725
1192446896.14599
1225094847.79863
1258501020.73994
1292677923.07321
1327638606.28662
1363396708.78217
1399966465.95307
1437362760.41549
1475601424.89823
1514699492.02086
1554674104.83907
1595525935.19906
1637255560.09236
1679922100.60855
1723489158.05063
1767986901.40984
1813440309.25081
1859871236.61417
1907301178.21073
1955752414.95819
2005248282.04996
2055813329.57587
2107473387.04391
2160255728.9256
2214189176.48759
2269304242.27455
2325633292.64254
2383210718.57631
2442073059.22636
2502259499.63806
2563812770.4141
2626779754.23023
2691208722.51766
2757113045.14038
2824415669.52706
2893300406.33121
2963641056.96546
3035523974.84431
3109038310.27053
3184264342.03171
3261287872.41223
3340216758.49175
3421164066.04118
3504174068.01493
3589287256.276
3676515300.15819
3765932169.78111
3857628270.49695
3951702268.72999
4048261137.90421
4147424264.26671
4249327834.34441
4354109000.19826
4461810241.07521
4572112295.19385
4685359241.38541
4801198840.38183
4919764181.25896
5041249805.19666
5165797042.57699
5293497935.31866
5424380901.985
5558387769.96292
5695749126.56822
5836701564.865
5981697319.57999
6131055069.3546
6285012562.6633
6443794095.43365
6607605488.84817
6776518713.81145
6949860252.19072
7127115484.10167
7307980252.00494
7492333877.66188
7681030797.99552
7875149937.32587
8075217285.79435
8281597791.00963
8494594497.43489
8714458046.51345
8941327236.64658
9175082009.22317
9415112083.01546
9662253335.75375
9917178235.18372
10180664450.6664
10452704165.7077
10734017547.9994
11023301298.4653
11321387437.3128
11628854298.0227
11945730755.0858
12270982367.5908
12605526169.2081
12950645526.3465
13309125484.1497
13683980725.8599
14077083430.5523
14488094617.2694
14914850603.3411
15357805792.371
15812088432.6951
16276477703.7676
16754988219.0411
17249582201.7036
17766711505.5275
18310448704.8079
18884124291.6878
19490710493.373
20129608715.0214
20792488386.7785
21479986295.0316
22188394269.2317
22921871137.9568
23691459830.1965
24504585429.7333
25367769559.7112
26287397178.8985
27265225873.3483
28283005414.7938
29359018093.3704
30478705344.0948
31658747644.7207
32914754160.2265
34264224519.6309
35712545160.3711
37249150404.2444
38890586056.4757
40626876082.404
42480971693.8113
44475151295.3088
46617260687.5144
48947037335.764
51454979446.094
54162088440.3367
57050426658.6148
60199278027.832
63594324326.4262
67265261405.2303
71218914990.8804
75544387393.5133
80230180577.6931
85255668385.7671
90685006850.9248
96547097516.902
102845928905.282
109525071109.321
116757354311.95
124471689047.023
132665077940.24
141283602454.9
150470294896.069
160089236709.981
170153556253.703
180570507655.918
191523581711.762
202882844239.862
214568401223.019
226519902500.193
238675547157.597
251219200998.705
263996641746.393
276971868433.996
290040607282.058
303173613581.903
316338883310.455
329718244961.602
343179702069.53
356691164239.375
370124981579.701
383534332539.094
396885707208.398
410272881845.874
423531423402.774
436869387278.069
449987375335.669
463288940629.135
476273470233.133
489575457405.245
502318010214.886
515567540067.008
527836336763.668
541087738413.63
552931917387.686
566375672157.762
577636189936.325
591399482870.531
601862480317.186
616244561148.598
620766522529.183
)
;

boundaryField
{
    electrode
    {
        type            calculated;
        value           uniform 632747041323.949;
    }
    ground
    {
        type            calculated;
        value           uniform 632751522021.419;
    }
    otherfaces
    {
        type            empty;
    }
}


// ************************************************************************* //
