/*--------------------------------*- C++ -*----------------------------------*\
| =========                 |                                                 |
| \\      /  F ield         | foam-extend: Open Source CFD                    |
|  \\    /   O peration     | Version:     4.1                                |
|   \\  /    A nd           | Web:         http://www.foam-extend.org         |
|    \\/     M anipulation  |                                                 |
\*---------------------------------------------------------------------------*/
FoamFile
{
    version     2.0;
    format      ascii;
    class       volScalarField;
    location    "1.18516999954139e-05";
    object      eTemp;
}
// * * * * * * * * * * * * * * * * * * * * * * * * * * * * * * * * * * * * * //

dimensions      [0 0 0 1 0 0 0];

internalField   nonuniform List<scalar> 
500
(
47338.2184740403
47416.4694956555
47448.2297814353
47459.1527821578
47401.4603260794
47320.3859254593
47278.5595488694
47228.2846600044
47136.3642076809
47045.9534669812
46981.2649633653
46915.5521097644
46837.1723090807
46764.1282323741
46704.6619028925
46648.1500919249
46588.5692651251
46532.5066870008
46485.3789670445
46443.6727744022
46402.2389298611
46361.8676476111
46326.5185342386
46296.7301266329
46269.5575890077
46243.0196651666
46218.2020926128
46196.7995049322
46178.5328176813
46161.7719362549
46145.6211188061
46130.5561497552
46117.3037964253
46105.8823744296
46095.7598230599
46086.435605238
46077.6826649576
46069.4768971999
46061.9467489953
46055.3178185021
46049.6860406041
46044.8132138539
46040.2468981585
46035.7082789052
46031.3304567557
46027.4599952011
46024.2647088787
46021.5771987214
46019.0999650235
46016.6927471984
46014.44432101
46012.4949773964
46010.8632284702
46009.444353543
46008.1375528519
46006.9367610227
46005.9027984165
46005.0742694617
46004.4185782517
46003.8620969893
46003.3492693775
46002.8757950024
46002.4753919983
46002.1813155034
46001.9946971822
46001.8821345894
46001.7985018869
46001.7194700281
46001.6575884247
46001.6476640021
46001.7117298755
46001.834883466
46001.9726955727
46002.0857397173
46002.170173737
46002.2581472366
46002.3877108842
46002.5704809176
46002.7827311804
46002.98498687
46003.1512016266
46003.2831540513
46003.4027517446
46003.5320295209
46003.6777630456
46003.8303639759
46003.9738518846
46004.0965419727
46004.1957605777
46004.2750408505
46004.3384459322
46004.3870984697
46004.4194824544
46004.4342031121
46004.4321529853
46004.4159402516
46004.3873880602
46004.3452205211
46004.2851992936
46004.2029539895
46004.09715458
46003.9705467984
46003.8279280177
46003.6724914051
46003.5035895178
46003.3173849454
46003.1100783539
46002.8807112198
46002.6319664873
46002.3680589219
46002.0917796655
46001.8028385887
46001.4984654438
46001.1756817648
46000.8335562115
46000.4737623933
46000.0995412649
45999.7137620669
45999.3175189962
45998.9099709957
45998.4894017629
45998.0544693492
45997.6051488032
45997.1426195139
45996.6686036239
45996.1845371752
45995.6911717256
45995.1886557731
45994.6769990358
45994.1563665315
45993.627173858
45993.0898684792
45992.5447299308
45991.9918622059
45991.4314033259
45990.8637598178
45990.2896919079
45989.7101284231
45989.1258460234
45988.5372533924
45987.9443871288
45987.3471548433
45986.7456380509
45986.1402527906
45985.5316830703
45984.9206627042
45984.3077130839
45983.6930592749
45983.0767086527
45982.4586567144
45981.8390793874
45981.2183984023
45980.5971956475
45979.9760444303
45979.3553617391
45978.7353425728
45978.116038173
45977.4974643605
45976.8797347473
45976.263089815
45975.6478818624
45975.0344699407
45974.4231748598
45973.8142187691
45973.2077727495
45972.603967652
45972.0029583082
45971.4048919896
45970.8099373721
45970.2182216473
45969.6298742096
45969.0450022089
45968.4637451038
45967.8862528826
45967.3127050635
45966.7432522679
45966.1780287832
45965.6171015469
45965.0605280959
45964.5083352479
45963.960589139
45963.4173631075
45962.8787668416
45962.3448890776
45961.81579745
45961.2915339807
45960.772121278
45960.2575608295
45959.7478683241
45959.243072656
45958.7432188144
45958.2483554503
45957.7585173977
45957.2737224407
45956.7939630134
45956.3192246684
45955.8494809526
45955.3847199188
45954.9249211555
45954.4700813973
45954.0201796704
45953.5752028049
45953.1351184969
45952.6999036474
45952.2695147681
45951.8439280181
45951.4230903474
45951.0069720133
45950.595504583
45950.1886502654
45949.7863332253
45949.388509552
45948.9951106004
45948.6060911596
45948.2213805813
45947.8409318388
45947.4646603432
45947.0925081792
45946.7243839081
45946.3602197874
45945.99993022
45945.6434469166
45945.2906848166
45944.9415763647
45944.5960301174
45944.2539641316
45943.9152881157
45943.5799107758
45943.2477413468
45942.9186865977
45942.5926649166
45942.2695660501
45941.9493180214
45941.6318057844
45941.3169533878
45941.0046380858
45940.6947949866
45940.3872842423
45940.082050242
45939.7789378919
45939.477907394
45939.1787929396
45938.8815429111
45938.5860140741
45938.2921331333
45937.9997611223
45937.7088462005
45937.4192305247
45937.1308693594
45936.8438536828
45936.5575739008
45936.2721644845
45935.9875617307
45935.7036060797
45935.4202503995
45935.1373419943
45934.8547990058
45934.5724648272
45934.2902930441
45934.0081182051
45933.7258738964
45933.4434278284
45933.1606931165
45932.8775377567
45932.5938773353
45932.3095745888
45932.024551661
45931.7386681172
45931.4518455711
45931.1639518787
45930.8749032426
45930.5845749773
45930.2928788213
45929.9996948791
45929.7049217343
45929.4084504045
45929.1101770294
45928.8099965016
45928.5078049188
45928.2035085378
45927.8969919421
45927.5881703692
45927.2769288286
45926.9631844246
45926.646824094
45926.327769865
45926.0059026782
45925.6811452005
45925.3533734961
45925.0225122721
45924.6884460878
45924.3511060394
45924.0103945883
45923.6662496579
45923.3185711644
45922.9672951054
45922.6123054979
45922.2535307778
45921.890858934
45921.5242300334
45921.1535553916
45920.7787922749
45920.3998638555
45920.0167186869
45919.6292682861
45919.2374405613
45918.8411460195
45918.4403215628
45918.0349056212
45917.6248619084
45917.2101522069
45916.7907401606
45916.3665795744
45915.9376176519
45915.5038000427
45915.0650784833
45914.6214157327
45914.1727787387
45913.7191208083
45913.2603954446
45912.7965721038
45912.3276291388
45911.8535776444
45911.3744480113
45910.8902833382
45910.4011009146
45909.9068856645
45909.4075747479
45908.9030994579
45908.393415283
45907.8785466099
45907.3585885394
45906.8336780735
45906.3039374368
45905.7694225165
45905.2301128728
45904.6859400384
45904.1368671396
45903.5829433305
45903.024331789
45902.4612603806
45901.8939433272
45901.3224932034
45900.7469126049
45900.1671275258
45899.5831054677
45898.994918419
45898.4027860628
45897.8069916385
45897.2078287746
45896.6054919369
45896.0001401556
45895.3918967622
45894.780961353
45894.1675439933
45893.5518385996
45892.9338878684
45892.3136483615
45891.6910626122
45891.0663218487
45890.4399544814
45889.8128019419
45889.1857090332
45888.5591964953
45887.9331798145
45887.3071358052
45886.6804513928
45886.053020256
45885.4255256477
45884.7993216585
45884.1758338654
45883.5559082231
45882.9393993752
45882.3255052351
45881.7134782675
45881.1034678806
45880.4967129114
45879.8950452518
45879.2998261751
45878.7112260928
45878.1282410303
45877.5496385954
45876.9750800511
45876.40571316
45875.8436851569
45875.2910621186
45874.7488543554
45874.2169344983
45873.6947778866
45873.1823149671
45872.6801152535
45872.1887654583
45871.7079990937
45871.2366315624
45870.7736765368
45870.3199686088
45869.8790542981
45869.4560477804
45869.0547009294
45868.6744029694
45868.3095108938
45867.9522534936
45867.5982220985
45867.2505899529
45866.9196182397
45866.6166231114
45866.345908258
45866.1008418989
45865.8680114509
45865.6369621019
45865.4087462493
45865.1958377464
45865.0124599462
45864.8633334734
45864.7394764595
45864.6252399968
45864.5111482104
45864.4014436963
45864.3102075824
45864.2494613515
45864.2185867361
45864.2042550062
45864.1902704425
45864.1697431456
45864.1495671571
45864.1447758598
45864.165077799
45864.2063438028
45864.2526536637
45864.2907127978
45864.322926157
45864.3652624673
45864.4257346329
45864.4808209116
45864.4798147718
45864.3837225304
45864.2099742493
45864.0347578144
45863.930466501
45863.8870909595
45863.7948671536
45863.5205436126
45863.0198773977
45862.3806409618
45861.7441056832
45861.1738515889
45860.5935053838
45859.8465050346
45858.8161706065
45857.4988531262
45855.9794231362
45854.3492490738
45852.6294466432
45850.7348609996
45848.4972516099
45845.7658917336
45842.5392253456
45838.9886492117
45835.2740292091
45831.2820202668
45826.6073172789
45820.9109466451
45814.3127979201
45807.2743325905
45799.9688982241
45791.848551208
45782.0760213531
45770.4683965184
45757.7397720438
45744.5008052902
45730.135049376
45713.1102649941
45692.6352143729
45669.5877746348
45645.1838104118
45618.9677254062
45589.0512918251
45554.5674304958
45516.5787668478
45475.4403260535
45428.7145687345
45374.789834763
45317.5841046296
45262.6713381021
45207.1621442449
45137.9937593325
45049.7794307173
44958.4446947921
44881.5382187195
44808.7055698101
44709.8814740583
44580.5797647143
44452.3194752555
44342.1406443513
44220.4821084745
44061.0640214981
43878.1845656175
43696.1327119542
43536.3362062378
43346.6693462416
)
;

boundaryField
{
    electrode
    {
        type            zeroGradient;
    }
    ground
    {
        type            zeroGradient;
    }
    otherfaces
    {
        type            empty;
    }
}


// ************************************************************************* //
