/*--------------------------------*- C++ -*----------------------------------*\
| =========                 |                                                 |
| \\      /  F ield         | foam-extend: Open Source CFD                    |
|  \\    /   O peration     | Version:     4.1                                |
|   \\  /    A nd           | Web:         http://www.foam-extend.org         |
|    \\/     M anipulation  |                                                 |
\*---------------------------------------------------------------------------*/
FoamFile
{
    version     2.0;
    format      ascii;
    class       volVectorField;
    location    "1.18516999954139e-05";
    object      term4;
}
// * * * * * * * * * * * * * * * * * * * * * * * * * * * * * * * * * * * * * //

dimensions      [0 -2 -2 0 0 0 0];

internalField   nonuniform List<vector> 
500
(
(4.60729422413693e+24 0 0)
(8.18085743891698e+24 0 0)
(7.33657138103364e+24 0 0)
(8.38044995621497e+24 0 0)
(9.23398581708383e+24 0 0)
(1.02433180394301e+25 0 0)
(1.13343665553459e+25 0 0)
(1.2538406321159e+25 0 0)
(1.38476313173936e+25 0 0)
(1.52713007488211e+25 0 0)
(1.6742620880646e+25 0 0)
(1.82602515494315e+25 0 0)
(1.98055015618955e+25 0 0)
(2.12795955692707e+25 0 0)
(2.26797968430029e+25 0 0)
(2.3959738910789e+25 0 0)
(2.50187433825283e+25 0 0)
(2.59038762012877e+25 0 0)
(2.65383178409957e+25 0 0)
(2.69217382136602e+25 0 0)
(2.70888891324304e+25 0 0)
(2.70474986040387e+25 0 0)
(2.6791883209412e+25 0 0)
(2.64899859087904e+25 0 0)
(2.60855088140247e+25 0 0)
(2.55044580871297e+25 0 0)
(2.49343142339088e+25 0 0)
(2.43999681777139e+25 0 0)
(2.3799000944613e+25 0 0)
(2.31155758703324e+25 0 0)
(2.25324265454546e+25 0 0)
(2.20263871491852e+25 0 0)
(2.15467820741924e+25 0 0)
(2.10798014609312e+25 0 0)
(2.05653016839108e+25 0 0)
(2.0027956015639e+25 0 0)
(1.95673776845666e+25 0 0)
(1.91894121943668e+25 0 0)
(1.88349924790621e+25 0 0)
(1.85107432252204e+25 0 0)
(1.81952032446333e+25 0 0)
(1.78693356689402e+25 0 0)
(1.75409848017896e+25 0 0)
(1.72495617587095e+25 0 0)
(1.69851768067821e+25 0 0)
(1.67321263266639e+25 0 0)
(1.64964853497117e+25 0 0)
(1.62784812086556e+25 0 0)
(1.60677691174721e+25 0 0)
(1.58694794691903e+25 0 0)
(1.56796528267696e+25 0 0)
(1.54921367721528e+25 0 0)
(1.53022343834272e+25 0 0)
(1.51236691170071e+25 0 0)
(1.49547553164743e+25 0 0)
(1.47928885433294e+25 0 0)
(1.46352333795885e+25 0 0)
(1.44840015982815e+25 0 0)
(1.4336056489917e+25 0 0)
(1.41937154464705e+25 0 0)
(1.40539583328357e+25 0 0)
(1.3919109481311e+25 0 0)
(1.37863519684334e+25 0 0)
(1.36580554042238e+25 0 0)
(1.35312580755642e+25 0 0)
(1.34084615965555e+25 0 0)
(1.32874734065099e+25 0 0)
(1.31700901365217e+25 0 0)
(1.30533189751596e+25 0 0)
(1.29397958847053e+25 0 0)
(1.28269443565434e+25 0 0)
(1.27170494184099e+25 0 0)
(1.2607637183922e+25 0 0)
(1.25009647865036e+25 0 0)
(1.23946253712459e+25 0 0)
(1.22908399908334e+25 0 0)
(1.21872615271729e+25 0 0)
(1.20860698695741e+25 0 0)
(1.19849626382617e+25 0 0)
(1.18860900881655e+25 0 0)
(1.17872110283563e+25 0 0)
(1.16903810633717e+25 0 0)
(1.15936818395554e+25 0 0)
(1.14988605696686e+25 0 0)
(1.14042048788429e+25 0 0)
(1.1312597276023e+25 0 0)
(1.12207903543182e+25 0 0)
(1.11301779256584e+25 0 0)
(1.10393614962363e+25 0 0)
(1.09501168247222e+25 0 0)
(1.08605272051242e+25 0 0)
(1.07724276832444e+25 0 0)
(1.06839732145192e+25 0 0)
(1.05969377203349e+25 0 0)
(1.050955101543e+25 0 0)
(1.04235139705812e+25 0 0)
(1.03371326017826e+25 0 0)
(1.02520365735579e+25 0 0)
(1.01666056590255e+25 0 0)
(1.00823983708998e+25 0 0)
(9.99786934525183e+24 0 0)
(9.9145037821463e+24 0 0)
(9.83083325009848e+24 0 0)
(9.74826715008941e+24 0 0)
(9.66541613644225e+24 0 0)
(9.58361134046948e+24 0 0)
(9.50154470434309e+24 0 0)
(9.42046659745147e+24 0 0)
(9.33915265160975e+24 0 0)
(9.25877007745982e+24 0 0)
(9.17818030240365e+24 0 0)
(9.09846484055734e+24 0 0)
(9.01857316832607e+24 0 0)
(8.9394989851844e+24 0 0)
(8.86028183564879e+24 0 0)
(8.78182532715211e+24 0 0)
(8.70326122132644e+24 0 0)
(8.62540088074258e+24 0 0)
(8.54747023769453e+24 0 0)
(8.4701862516545e+24 0 0)
(8.3928709871014e+24 0 0)
(8.31614511653654e+24 0 0)
(8.23942881360018e+24 0 0)
(8.16324420083235e+24 0 0)
(8.08711152619768e+24 0 0)
(8.01145254688859e+24 0 0)
(7.93588946676979e+24 0 0)
(7.86074150582511e+24 0 0)
(7.78573493904188e+24 0 0)
(7.71108443715098e+24 0 0)
(7.63662221894492e+24 0 0)
(7.56245632608007e+24 0 0)
(7.48852714829495e+24 0 0)
(7.41483383185263e+24 0 0)
(7.34142702326563e+24 0 0)
(7.26819470254445e+24 0 0)
(7.19530036393104e+24 0 0)
(7.12251819734449e+24 0 0)
(7.05012692934586e+24 0 0)
(6.97778437731187e+24 0 0)
(6.90588731973073e+24 0 0)
(6.83397429104123e+24 0 0)
(6.7625631065722e+24 0 0)
(6.69106983159479e+24 0 0)
(6.62013658270024e+24 0 0)
(6.5490535183695e+24 0 0)
(6.47859072846591e+24 0 0)
(6.40790860664722e+24 0 0)
(6.33790910673266e+24 0 0)
(6.26761868267874e+24 0 0)
(6.1980755746996e+24 0 0)
(6.1281677087256e+24 0 0)
(6.05907445857321e+24 0 0)
(5.9895400334846e+24 0 0)
(5.92089046364338e+24 0 0)
(5.85172069211499e+24 0 0)
(5.78350902118534e+24 0 0)
(5.71469495603956e+24 0 0)
(5.64691574515307e+24 0 0)
(5.57844837204606e+24 0 0)
(5.51109601265791e+24 0 0)
(5.44296595777995e+24 0 0)
(5.3760348673681e+24 0 0)
(5.30823275886539e+24 0 0)
(5.24171838349157e+24 0 0)
(5.17423483999622e+24 0 0)
(5.10813220926821e+24 0 0)
(5.04095785395156e+24 0 0)
(4.97526278819052e+24 0 0)
(4.90838762805258e+24 0 0)
(4.84309385895773e+24 0 0)
(4.77650854862955e+24 0 0)
(4.71161230609472e+24 0 0)
(4.64530994529233e+24 0 0)
(4.58080480018187e+24 0 0)
(4.51479432989783e+24 0 0)
(4.45065187892689e+24 0 0)
(4.38491057498127e+24 0 0)
(4.32123175707642e+24 0 0)
(4.25595160015458e+24 0 0)
(4.19159054756862e+24 0 0)
(4.13000541777884e+24 0 0)
(4.06895992678038e+24 0 0)
(3.98895890487006e+24 0 0)
(3.93780028255087e+24 0 0)
(3.87094350657374e+24 0 0)
(3.80981631619832e+24 0 0)
(3.742994590543e+24 0 0)
(3.68330768416402e+24 0 0)
(3.61682307272672e+24 0 0)
(3.55757938251391e+24 0 0)
(3.49130736886904e+24 0 0)
(3.43269309647543e+24 0 0)
(3.36644975189669e+24 0 0)
(3.30847676761272e+24 0 0)
(3.24219512685373e+24 0 0)
(3.18480382461158e+24 0 0)
(3.11858340752074e+24 0 0)
(3.06178031791627e+24 0 0)
(2.99528919062776e+24 0 0)
(2.93925447624809e+24 0 0)
(2.87285819012622e+24 0 0)
(2.81714773373992e+24 0 0)
(2.75036990321007e+24 0 0)
(2.69559353443344e+24 0 0)
(2.62873373207636e+24 0 0)
(2.57452728968317e+24 0 0)
(2.50736042393099e+24 0 0)
(2.45381933349995e+24 0 0)
(2.38640729762566e+24 0 0)
(2.33352790796523e+24 0 0)
(2.26578932992543e+24 0 0)
(2.21362529887847e+24 0 0)
(2.1455530464015e+24 0 0)
(2.09404762551396e+24 0 0)
(2.02567311031182e+24 0 0)
(1.97480578784287e+24 0 0)
(1.90609424883477e+24 0 0)
(1.85585950810272e+24 0 0)
(1.78686537239261e+24 0 0)
(1.73715109061217e+24 0 0)
(1.66791340180709e+24 0 0)
(1.61871028035836e+24 0 0)
(1.54928589094906e+24 0 0)
(1.50044159608455e+24 0 0)
(1.43093447922472e+24 0 0)
(1.38238410443061e+24 0 0)
(1.31287702220846e+24 0 0)
(1.26449290822641e+24 0 0)
(1.19504997209203e+24 0 0)
(1.14669862124982e+24 0 0)
(1.07747519654993e+24 0 0)
(1.02904412778509e+24 0 0)
(9.60132965527146e+23 0 0)
(9.11496987291848e+23 0 0)
(8.43001784305493e+23 0 0)
(7.94036314689376e+23 0 0)
(7.26034820160778e+23 0 0)
(6.76629431819219e+23 0 0)
(6.09245621094124e+23 0 0)
(5.59309346487776e+23 0 0)
(4.92607022799743e+23 0 0)
(4.42055513843643e+23 0 0)
(3.76099258107643e+23 0 0)
(3.24869000256787e+23 0 0)
(2.59829849347832e+23 0 0)
(2.07395253163851e+23 0 0)
(1.44729199501882e+23 0 0)
(9.57060849401366e+22 0 0)
(8.87752548767556e+21 0 0)
(-8.87893979638074e+21 0 0)
(-9.57064077212266e+22 0 0)
(-1.44728652033812e+23 0 0)
(-2.07396327885814e+23 0 0)
(-2.5983275069363e+23 0 0)
(-3.24872011890146e+23 0 0)
(-3.76097681359959e+23 0 0)
(-4.42053405068134e+23 0 0)
(-4.92603186564135e+23 0 0)
(-5.59309126962507e+23 0 0)
(-6.09252592383137e+23 0 0)
(-6.76639784067412e+23 0 0)
(-7.26035849573307e+23 0 0)
(-7.94030789999725e+23 0 0)
(-8.43000934374592e+23 0 0)
(-9.11490978234354e+23 0 0)
(-9.60128708382456e+23 0 0)
(-1.02905634687699e+24 0 0)
(-1.07748634677367e+24 0 0)
(-1.14669336615682e+24 0 0)
(-1.19503974544222e+24 0 0)
(-1.26447955570199e+24 0 0)
(-1.31287023598584e+24 0 0)
(-1.38238101852382e+24 0 0)
(-1.4309314411119e+24 0 0)
(-1.50045883562122e+24 0 0)
(-1.54930121076062e+24 0 0)
(-1.61871379619192e+24 0 0)
(-1.66793445938087e+24 0 0)
(-1.73715755529601e+24 0 0)
(-1.7868366207695e+24 0 0)
(-1.85584415108615e+24 0 0)
(-1.90611278065908e+24 0 0)
(-1.97481149860421e+24 0 0)
(-2.0256577196034e+24 0 0)
(-2.09405412838459e+24 0 0)
(-2.14555442721784e+24 0 0)
(-2.21361988408e+24 0 0)
(-2.2658041632202e+24 0 0)
(-2.33354437025361e+24 0 0)
(-2.38638937974043e+24 0 0)
(-2.4537971119594e+24 0 0)
(-2.50734340382569e+24 0 0)
(-2.57449719775061e+24 0 0)
(-2.62871581441518e+24 0 0)
(-2.69560453394412e+24 0 0)
(-2.75058947753385e+24 0 0)
(-2.81723853971902e+24 0 0)
(-2.87257835738567e+24 0 0)
(-2.93918643304617e+24 0 0)
(-2.99540108716916e+24 0 0)
(-3.06176268450136e+24 0 0)
(-3.1185330534406e+24 0 0)
(-3.18481343096041e+24 0 0)
(-3.24223517557894e+24 0 0)
(-3.30847957613547e+24 0 0)
(-3.36651036347262e+24 0 0)
(-3.43269020850443e+24 0 0)
(-3.49133074612923e+24 0 0)
(-3.55762216358586e+24 0 0)
(-3.61672489804868e+24 0 0)
(-3.68330328638181e+24 0 0)
(-3.74293567416419e+24 0 0)
(-3.80970247031474e+24 0 0)
(-3.87105107646147e+24 0 0)
(-3.9379630449303e+24 0 0)
(-3.98890278737932e+24 0 0)
(-4.06890874614995e+24 0 0)
(-4.13005251396608e+24 0 0)
(-4.19157197703761e+24 0 0)
(-4.25594010269928e+24 0 0)
(-4.32123485151513e+24 0 0)
(-4.38490876622327e+24 0 0)
(-4.45065253209564e+24 0 0)
(-4.5147946392286e+24 0 0)
(-4.58080256107042e+24 0 0)
(-4.64530925025095e+24 0 0)
(-4.71161351094526e+24 0 0)
(-4.77650924253917e+24 0 0)
(-4.84309566297794e+24 0 0)
(-4.90838861148956e+24 0 0)
(-4.97526357041892e+24 0 0)
(-5.04095852683313e+24 0 0)
(-5.10813212653544e+24 0 0)
(-5.17423459730899e+24 0 0)
(-5.24171791522728e+24 0 0)
(-5.30823227120658e+24 0 0)
(-5.37603471319917e+24 0 0)
(-5.44296591354956e+24 0 0)
(-5.5110962834961e+24 0 0)
(-5.57844898143095e+24 0 0)
(-5.64691648358734e+24 0 0)
(-5.71469585229863e+24 0 0)
(-5.78350981661854e+24 0 0)
(-5.8517213910955e+24 0 0)
(-5.9208910315091e+24 0 0)
(-5.98954043573636e+24 0 0)
(-6.05907464841198e+24 0 0)
(-6.12816785585189e+24 0 0)
(-6.19807564706215e+24 0 0)
(-6.26761876568395e+24 0 0)
(-6.33790924696036e+24 0 0)
(-6.407908823089e+24 0 0)
(-6.47859101884714e+24 0 0)
(-6.5490538775548e+24 0 0)
(-6.62013698118205e+24 0 0)
(-6.69107017921023e+24 0 0)
(-6.76256343688284e+24 0 0)
(-6.83397459010163e+24 0 0)
(-6.90588758900263e+24 0 0)
(-6.97778455948844e+24 0 0)
(-7.05012707881934e+24 0 0)
(-7.12251833121386e+24 0 0)
(-7.19530057723869e+24 0 0)
(-7.26819489431517e+24 0 0)
(-7.34142728382457e+24 0 0)
(-7.41483406334047e+24 0 0)
(-7.48852743380038e+24 0 0)
(-7.56245661409484e+24 0 0)
(-7.63662253834115e+24 0 0)
(-7.71108470197475e+24 0 0)
(-7.78573519095958e+24 0 0)
(-7.86074172374493e+24 0 0)
(-7.93588965290011e+24 0 0)
(-8.01145272597621e+24 0 0)
(-8.08711168977254e+24 0 0)
(-8.16324436049284e+24 0 0)
(-8.2394289861046e+24 0 0)
(-8.31614528611519e+24 0 0)
(-8.39287115072072e+24 0 0)
(-8.47018642401039e+24 0 0)
(-8.54747040659102e+24 0 0)
(-8.62540110817375e+24 0 0)
(-8.70326139310086e+24 0 0)
(-8.78182549232709e+24 0 0)
(-8.86028190881917e+24 0 0)
(-8.93949903539479e+24 0 0)
(-9.01857321727199e+24 0 0)
(-9.09846483978826e+24 0 0)
(-9.17818030958077e+24 0 0)
(-9.25877004846227e+24 0 0)
(-9.33915267062387e+24 0 0)
(-9.42046657381744e+24 0 0)
(-9.50154464097749e+24 0 0)
(-9.58361125841101e+24 0 0)
(-9.66541610219832e+24 0 0)
(-9.74826704178839e+24 0 0)
(-9.83083312874207e+24 0 0)
(-9.914503655746e+24 0 0)
(-9.9978691707943e+24 0 0)
(-1.00823981592095e+25 0 0)
(-1.01666054801597e+25 0 0)
(-1.02520363735397e+25 0 0)
(-1.03371324626213e+25 0 0)
(-1.04235137732444e+25 0 0)
(-1.05095507299856e+25 0 0)
(-1.05969374055498e+25 0 0)
(-1.06839730130102e+25 0 0)
(-1.07724274302285e+25 0 0)
(-1.0860526935267e+25 0 0)
(-1.09501166102949e+25 0 0)
(-1.10393610266971e+25 0 0)
(-1.1130177348603e+25 0 0)
(-1.12207904315841e+25 0 0)
(-1.13125976049467e+25 0 0)
(-1.14042046824318e+25 0 0)
(-1.14988609768555e+25 0 0)
(-1.15936819190674e+25 0 0)
(-1.16903799727366e+25 0 0)
(-1.17872106117579e+25 0 0)
(-1.18860910865394e+25 0 0)
(-1.19849634673849e+25 0 0)
(-1.20860687722868e+25 0 0)
(-1.21872599477121e+25 0 0)
(-1.22908395025955e+25 0 0)
(-1.2394625239695e+25 0 0)
(-1.25009643949213e+25 0 0)
(-1.26076362924247e+25 0 0)
(-1.27170481621749e+25 0 0)
(-1.28269442073551e+25 0 0)
(-1.29397966542156e+25 0 0)
(-1.30533181087719e+25 0 0)
(-1.31700884821636e+25 0 0)
(-1.32874726638904e+25 0 0)
(-1.34084621402869e+25 0 0)
(-1.35312595082134e+25 0 0)
(-1.36580561580271e+25 0 0)
(-1.378635114492e+25 0 0)
(-1.39191098054037e+25 0 0)
(-1.40539599779345e+25 0 0)
(-1.41937161771622e+25 0 0)
(-1.43360557989596e+25 0 0)
(-1.44840020195401e+25 0 0)
(-1.46352347327759e+25 0 0)
(-1.47928892620164e+25 0 0)
(-1.49547575703056e+25 0 0)
(-1.51236693538062e+25 0 0)
(-1.53022297795247e+25 0 0)
(-1.54921312466382e+25 0 0)
(-1.56796523576646e+25 0 0)
(-1.58694816720643e+25 0 0)
(-1.60677695112477e+25 0 0)
(-1.62784786993558e+25 0 0)
(-1.64964832346758e+25 0 0)
(-1.67321291320096e+25 0 0)
(-1.69851803540434e+25 0 0)
(-1.72495572909497e+25 0 0)
(-1.75409726115116e+25 0 0)
(-1.78693241567359e+25 0 0)
(-1.81951914544103e+25 0 0)
(-1.85107360949719e+25 0 0)
(-1.88350018845157e+25 0 0)
(-1.91894312798331e+25 0 0)
(-1.95673776393666e+25 0 0)
(-2.00279464100673e+25 0 0)
(-2.05653121569405e+25 0 0)
(-2.10798100798943e+25 0 0)
(-2.15468194017249e+25 0 0)
(-2.20264511528533e+25 0 0)
(-2.25324291565489e+25 0 0)
(-2.31156066092439e+25 0 0)
(-2.37991171340373e+25 0 0)
(-2.44000883949554e+25 0 0)
(-2.49343944752758e+25 0 0)
(-2.5504536613037e+25 0 0)
(-2.60857228268974e+25 0 0)
(-2.64901785591907e+25 0 0)
(-2.67919826604962e+25 0 0)
(-2.70476989454595e+25 0 0)
(-2.70890753672187e+25 0 0)
(-2.69218485220363e+25 0 0)
(-2.65384308493765e+25 0 0)
(-2.59039118817082e+25 0 0)
(-2.5018693203352e+25 0 0)
(-2.39596556983532e+25 0 0)
(-2.2679640672482e+25 0 0)
(-2.12793898394375e+25 0 0)
(-1.98052542676462e+25 0 0)
(-1.82599824932439e+25 0 0)
(-1.67424165869322e+25 0 0)
(-1.52710616092142e+25 0 0)
(-1.3847369757939e+25 0 0)
(-1.25383090830027e+25 0 0)
(-1.13343118572142e+25 0 0)
(-1.02431479135765e+25 0 0)
(-9.23386847287968e+24 0 0)
(-8.38052053649e+24 0 0)
(-7.3365846396347e+24 0 0)
(-8.18084845861788e+24 0 0)
(-4.60735089798632e+24 0 0)
)
;

boundaryField
{
    electrode
    {
        type            calculated;
        value           uniform (0 0 0);
    }
    ground
    {
        type            calculated;
        value           uniform (0 0 0);
    }
    otherfaces
    {
        type            empty;
    }
}


// ************************************************************************* //
