/*--------------------------------*- C++ -*----------------------------------*\
| =========                 |                                                 |
| \\      /  F ield         | foam-extend: Open Source CFD                    |
|  \\    /   O peration     | Version:     4.1                                |
|   \\  /    A nd           | Web:         http://www.foam-extend.org         |
|    \\/     M anipulation  |                                                 |
\*---------------------------------------------------------------------------*/
FoamFile
{
    version     2.0;
    format      ascii;
    class       volVectorField;
    location    "1.18516999954139e-05";
    object      totalElectronFlux;
}
// * * * * * * * * * * * * * * * * * * * * * * * * * * * * * * * * * * * * * //

dimensions      [0 -2 0 0 0 1 0];

internalField   nonuniform List<vector> 
500
(
(292.887286116271 0 0)
(527.023760823492 0 0)
(629.462989166209 0 0)
(916.00907366217 0 0)
(1644.89195160604 0 0)
(2295.76327583807 0 0)
(2584.02958894354 0 0)
(4234.84733410529 0 0)
(7063.64486671273 0 0)
(8766.14088089378 0 0)
(10453.1422351213 0 0)
(14814.3822790006 0 0)
(20037.2238220038 0 0)
(23178.69181707 0 0)
(26311.8958737363 0 0)
(31925.3716753088 0 0)
(37862.3156491469 0 0)
(41016.4561328342 0 0)
(42984.8102229719 0 0)
(46533.9172347173 0 0)
(51174.5480826205 0 0)
(53699.0737226201 0 0)
(53996.6781451103 0 0)
(54547.9156194278 0 0)
(56661.2962992516 0 0)
(58766.5517578559 0 0)
(59146.0043804377 0 0)
(58476.1400914226 0 0)
(58438.9027327346 0 0)
(59428.1386871881 0 0)
(60353.4654175247 0 0)
(60384.4911485887 0 0)
(59866.3733513842 0 0)
(59503.505267967 0 0)
(59554.1691808457 0 0)
(59824.6031015791 0 0)
(60115.7319586156 0 0)
(60297.4394983329 0 0)
(60220.2877432418 0 0)
(59827.8490190308 0 0)
(59401.3864031359 0 0)
(59330.5527497607 0 0)
(59717.8359781426 0 0)
(60170.5855118461 0 0)
(60236.702631248 0 0)
(59876.5988992182 0 0)
(59475.722727025 0 0)
(59390.4666090788 0 0)
(59597.4770085727 0 0)
(59797.6575597888 0 0)
(59762.7938189748 0 0)
(59581.6300221019 0 0)
(59445.6056841795 0 0)
(59471.1670861089 0 0)
(59549.4011993299 0 0)
(59560.4213344773 0 0)
(59450.260439611 0 0)
(59323.1007580426 0 0)
(59261.4685142673 0 0)
(59300.5060611174 0 0)
(59366.9744973855 0 0)
(59399.4309828419 0 0)
(59352.6940661557 0 0)
(59268.5513517542 0 0)
(59193.8860790621 0 0)
(59183.3872215267 0 0)
(59222.593223781 0 0)
(59270.6246688994 0 0)
(59260.6245476933 0 0)
(59189.58483077 0 0)
(59095.484950768 0 0)
(59052.9499700759 0 0)
(59083.1918708612 0 0)
(59155.8222810633 0 0)
(59192.6353798385 0 0)
(59155.5923663611 0 0)
(59058.9773342307 0 0)
(58970.8738081304 0 0)
(58940.0970054404 0 0)
(58974.7812855548 0 0)
(59027.1312929146 0 0)
(59053.3781600648 0 0)
(59027.5302339062 0 0)
(58972.1663933074 0 0)
(58915.5482971338 0 0)
(58886.8521496786 0 0)
(58881.5372136218 0 0)
(58891.2399742393 0 0)
(58893.5074315189 0 0)
(58888.6322166876 0 0)
(58874.0716664725 0 0)
(58862.883454679 0 0)
(58851.9737995956 0 0)
(58844.4273134803 0 0)
(58828.7784339248 0 0)
(58810.0312811495 0 0)
(58786.0763361276 0 0)
(58771.0071752303 0 0)
(58762.7154395518 0 0)
(58764.5931707865 0 0)
(58761.9867754334 0 0)
(58753.6114460714 0 0)
(58732.302306895 0 0)
(58711.1955034077 0 0)
(58692.5269746999 0 0)
(58687.3647289724 0 0)
(58685.1864413945 0 0)
(58685.3828723978 0 0)
(58673.6498823272 0 0)
(58657.6054169085 0 0)
(58635.2071231164 0 0)
(58621.3197353437 0 0)
(58611.8606370916 0 0)
(58612.2936902221 0 0)
(58608.8415917761 0 0)
(58604.1707022373 0 0)
(58588.641281435 0 0)
(58573.15910372 0 0)
(58554.376606697 0 0)
(58544.169407044 0 0)
(58534.796884001 0 0)
(58532.6283647656 0 0)
(58525.6308875867 0 0)
(58520.4349303713 0 0)
(58507.8512316589 0 0)
(58498.187929323 0 0)
(58484.1615597268 0 0)
(58475.7847081111 0 0)
(58463.7420099135 0 0)
(58456.6672419681 0 0)
(58444.7983871429 0 0)
(58437.7298271942 0 0)
(58426.6597120826 0 0)
(58421.2128735758 0 0)
(58411.6339348959 0 0)
(58406.3894906487 0 0)
(58395.2949188098 0 0)
(58387.6321287057 0 0)
(58374.7705011152 0 0)
(58367.0443693763 0 0)
(58355.9187917501 0 0)
(58350.5650853668 0 0)
(58340.9910494734 0 0)
(58335.5219065802 0 0)
(58324.4644723234 0 0)
(58317.1722404655 0 0)
(58305.2766715513 0 0)
(58298.5657488369 0 0)
(58288.3339979991 0 0)
(58283.3379415826 0 0)
(58273.9100886506 0 0)
(58268.4268685454 0 0)
(58257.6389401634 0 0)
(58250.7498813054 0 0)
(58239.2893291576 0 0)
(58232.8080887178 0 0)
(58222.4762661511 0 0)
(58217.2841803161 0 0)
(58207.7238054062 0 0)
(58202.6023769867 0 0)
(58192.4846793834 0 0)
(58186.701405052 0 0)
(58176.0679800011 0 0)
(58170.2275560967 0 0)
(58159.7687641677 0 0)
(58154.2715141307 0 0)
(58143.9979691843 0 0)
(58138.6816925913 0 0)
(58128.4412788353 0 0)
(58123.33412228 0 0)
(58113.2577625577 0 0)
(58108.3917139935 0 0)
(58098.3482111957 0 0)
(58093.4107484868 0 0)
(58083.0957976184 0 0)
(58077.9951430039 0 0)
(58067.5676861653 0 0)
(58062.6809251199 0 0)
(58052.4899009087 0 0)
(58047.9755374039 0 0)
(58037.9088289127 0 0)
(58033.4432895671 0 0)
(58023.1917864944 0 0)
(58018.5975433156 0 0)
(58008.2469176395 0 0)
(58003.7681077655 0 0)
(57993.6002529831 0 0)
(57989.3908971447 0 0)
(57979.3771619664 0 0)
(57975.2270896426 0 0)
(57965.1415187254 0 0)
(57960.8760300771 0 0)
(57950.7135606295 0 0)
(57946.4481697647 0 0)
(57936.3938153191 0 0)
(57932.2618349063 0 0)
(57922.3756004338 0 0)
(57918.3181862698 0 0)
(57908.520469157 0 0)
(57904.4417611815 0 0)
(57894.6879249124 0 0)
(57890.6003945226 0 0)
(57880.9122137871 0 0)
(57876.8276938928 0 0)
(57867.2263525469 0 0)
(57863.1122441201 0 0)
(57853.6161456594 0 0)
(57849.4696098417 0 0)
(57840.1315774735 0 0)
(57835.9650314936 0 0)
(57826.795793591 0 0)
(57822.6131867155 0 0)
(57813.5396662694 0 0)
(57809.3180145432 0 0)
(57800.3217065246 0 0)
(57796.0424864385 0 0)
(57787.1774742185 0 0)
(57782.8781030615 0 0)
(57774.1596227041 0 0)
(57769.8746500173 0 0)
(57761.246011565 0 0)
(57756.955860817 0 0)
(57748.3919371123 0 0)
(57744.0710337364 0 0)
(57735.5891021461 0 0)
(57731.3031376464 0 0)
(57722.8782315922 0 0)
(57718.6655561215 0 0)
(57710.2850366419 0 0)
(57706.1418244655 0 0)
(57697.735790938 0 0)
(57693.7476799095 0 0)
(57685.2451642455 0 0)
(57681.4273682973 0 0)
(57672.8389233121 0 0)
(57669.2259824979 0 0)
(57660.4748542064 0 0)
(57657.1581252081 0 0)
(57648.1787533672 0 0)
(57645.2398924021 0 0)
(57635.9291890176 0 0)
(57633.4242989459 0 0)
(57623.8443483938 0 0)
(57621.6327898984 0 0)
(57611.904558327 0 0)
(57609.955542273 0 0)
(57599.9457134771 0 0)
(57598.3671856534 0 0)
(57588.0288458585 0 0)
(57585.3388780631 0 0)
(57578.0195007794 0 0)
(57573.9621038643 0 0)
(57566.4177956283 0 0)
(57562.7274738366 0 0)
(57554.8628121821 0 0)
(57551.4974529137 0 0)
(57543.5169865945 0 0)
(57540.4986241331 0 0)
(57532.190700389 0 0)
(57529.5739399149 0 0)
(57521.0566724866 0 0)
(57518.6460053267 0 0)
(57510.0420357822 0 0)
(57507.8382376335 0 0)
(57499.1345573861 0 0)
(57497.1714874014 0 0)
(57488.3312307663 0 0)
(57486.6312350417 0 0)
(57477.6605024947 0 0)
(57476.1797196713 0 0)
(57467.1152675365 0 0)
(57465.8154231556 0 0)
(57456.6883141229 0 0)
(57455.5474694007 0 0)
(57446.4410529591 0 0)
(57445.4016240093 0 0)
(57436.3368147729 0 0)
(57435.3840073174 0 0)
(57426.3694224797 0 0)
(57425.4462194665 0 0)
(57416.5588112576 0 0)
(57415.6227246496 0 0)
(57406.8701772513 0 0)
(57405.9214359191 0 0)
(57397.3041111821 0 0)
(57396.326610476 0 0)
(57387.8921439471 0 0)
(57386.8951439255 0 0)
(57378.6844687358 0 0)
(57377.6693952263 0 0)
(57369.6476493814 0 0)
(57368.5937496378 0 0)
(57360.6749943802 0 0)
(57359.5619233741 0 0)
(57351.780112668 0 0)
(57350.6385862872 0 0)
(57343.1041392345 0 0)
(57341.9953015799 0 0)
(57334.7048094491 0 0)
(57333.5844279485 0 0)
(57326.4258107091 0 0)
(57325.2181811664 0 0)
(57318.1515415376 0 0)
(57316.9350806688 0 0)
(57310.0529245001 0 0)
(57308.9697218269 0 0)
(57302.3019214152 0 0)
(57301.3263198117 0 0)
(57294.7439758679 0 0)
(57293.757302865 0 0)
(57287.1646426643 0 0)
(57286.2050059038 0 0)
(57279.6831702085 0 0)
(57278.8798287767 0 0)
(57272.5094492188 0 0)
(57271.870095668 0 0)
(57265.6031637373 0 0)
(57265.1010277051 0 0)
(57258.9390011733 0 0)
(57258.6339347328 0 0)
(57252.5994457371 0 0)
(57252.4161214371 0 0)
(57246.3249128284 0 0)
(57246.0349515409 0 0)
(57239.7731520091 0 0)
(57239.5063611734 0 0)
(57233.4443975703 0 0)
(57233.6805014156 0 0)
(57228.1451324152 0 0)
(57228.8211502547 0 0)
(57223.3559290999 0 0)
(57223.7838233856 0 0)
(57217.8627175405 0 0)
(57217.9835378462 0 0)
(57212.1192708525 0 0)
(57212.7564536249 0 0)
(57207.6549134797 0 0)
(57208.9344637364 0 0)
(57204.0234297489 0 0)
(57204.9649025964 0 0)
(57199.4023825146 0 0)
(57199.8476369713 0 0)
(57194.3345054699 0 0)
(57195.4583970566 0 0)
(57191.0090177816 0 0)
(57193.0290698917 0 0)
(57188.9378974439 0 0)
(57190.6365476845 0 0)
(57185.9311196257 0 0)
(57187.0577057141 0 0)
(57182.3093845863 0 0)
(57183.6482095394 0 0)
(57179.3018526 0 0)
(57180.7320501443 0 0)
(57176.4404800782 0 0)
(57178.0801273187 0 0)
(57174.7493835328 0 0)
(57177.8209700056 0 0)
(57175.973699164 0 0)
(57179.3724793701 0 0)
(57176.250474502 0 0)
(57176.9997999267 0 0)
(57171.3139290646 0 0)
(57171.1934238341 0 0)
(57167.5436400513 0 0)
(57171.5421699227 0 0)
(57172.3312791138 0 0)
(57178.3568452785 0 0)
(57177.4729167243 0 0)
(57178.8637963971 0 0)
(57173.1853646785 0 0)
(57172.6689407666 0 0)
(57169.6835217717 0 0)
(57174.8365472154 0 0)
(57177.1165946005 0 0)
(57183.4193225142 0 0)
(57181.96156953 0 0)
(57182.0866918193 0 0)
(57176.7509137779 0 0)
(57178.4445744072 0 0)
(57179.7840295784 0 0)
(57189.0023338556 0 0)
(57193.7553270792 0 0)
(57199.9393240194 0 0)
(57197.4881138537 0 0)
(57197.1347172047 0 0)
(57192.8557347537 0 0)
(57195.6003599614 0 0)
(57195.9667177704 0 0)
(57201.3414318343 0 0)
(57201.5683928987 0 0)
(57206.776597623 0 0)
(57210.3118568064 0 0)
(57222.4976288123 0 0)
(57231.9374442366 0 0)
(57242.540277498 0 0)
(57239.5808354701 0 0)
(57232.0379153085 0 0)
(57216.907433803 0 0)
(57214.7404221525 0 0)
(57224.2829610098 0 0)
(57254.0776785508 0 0)
(57281.3561005159 0 0)
(57299.2790176733 0 0)
(57288.1959202419 0 0)
(57265.2653176793 0 0)
(57240.9896779442 0 0)
(57245.8669815621 0 0)
(57273.0518645898 0 0)
(57316.4140737147 0 0)
(57338.6009797561 0 0)
(57335.9847015952 0 0)
(57307.6454762345 0 0)
(57290.1408337324 0 0)
(57295.4054290784 0 0)
(57333.1095101243 0 0)
(57369.5455683738 0 0)
(57389.8210845832 0 0)
(57375.8067584861 0 0)
(57354.5407924223 0 0)
(57342.6303522591 0 0)
(57365.0943987997 0 0)
(57403.8308979539 0 0)
(57443.9657754456 0 0)
(57454.638341107 0 0)
(57441.60411287 0 0)
(57417.8655346933 0 0)
(57414.7968837734 0 0)
(57436.350610706 0 0)
(57467.5536249854 0 0)
(57473.1324336234 0 0)
(57447.5093477703 0 0)
(57421.8332292207 0 0)
(57458.3386653026 0 0)
(57569.5519078095 0 0)
(57700.9366374569 0 0)
(57740.1717652796 0 0)
(57636.9144690446 0 0)
(57463.526117305 0 0)
(57384.2651665538 0 0)
(57502.2532028196 0 0)
(57758.6971527102 0 0)
(57955.5048758128 0 0)
(57939.3026767208 0 0)
(57739.6792038338 0 0)
(57546.3567654319 0 0)
(57528.5696520084 0 0)
(57700.5685618624 0 0)
(57924.1992884556 0 0)
(58047.096436109 0 0)
(58011.6984493958 0 0)
(57873.6336778408 0 0)
(57751.4544830762 0 0)
(57766.984906771 0 0)
(57965.5657228281 0 0)
(58233.2336864495 0 0)
(58337.75354355 0 0)
(58146.5085513096 0 0)
(57843.5085342314 0 0)
(57820.3093140007 0 0)
(58236.8763031737 0 0)
(58727.9958289135 0 0)
(58726.2715919556 0 0)
(58187.1433160328 0 0)
(57757.1889474038 0 0)
(58080.0033926379 0 0)
(58887.9669969672 0 0)
(59187.457079572 0 0)
(58481.0012514981 0 0)
(57571.3402412811 0 0)
(57625.986298743 0 0)
(58655.0518500593 0 0)
(59250.580835392 0 0)
(58375.8745959593 0 0)
(56829.3545875101 0 0)
(56143.0533777829 0 0)
(56299.9620769903 0 0)
(55681.0697149414 0 0)
(53680.7164795873 0 0)
(51897.6914434966 0 0)
(51312.4308757043 0 0)
(49523.1469836885 0 0)
(44354.4067715037 0 0)
(38222.2230680222 0 0)
(35515.539908638 0 0)
(36197.7845441548 0 0)
(33311.7071086784 0 0)
(24752.0079405546 0 0)
(17281.0613618477 0 0)
(15227.6721886385 0 0)
(15123.7836000564 0 0)
(11361.512757255 0 0)
(6108.81114641737 0 0)
(3509.17703789846 0 0)
(2914.41150912459 0 0)
(1803.74060522311 0 0)
(536.353188044865 0 0)
(-434.48654246892 0 0)
(-714.008799059126 0 0)
(-713.342925847691 0 0)
)
;

boundaryField
{
    electrode
    {
        type            calculated;
        value           uniform (382.184699551786 0 0);
    }
    ground
    {
        type            calculated;
        value           uniform (-1126.99904649812 0 0);
    }
    otherfaces
    {
        type            empty;
    }
}


// ************************************************************************* //
