/*--------------------------------*- C++ -*----------------------------------*\
| =========                 |                                                 |
| \\      /  F ield         | foam-extend: Open Source CFD                    |
|  \\    /   O peration     | Version:     4.1                                |
|   \\  /    A nd           | Web:         http://www.foam-extend.org         |
|    \\/     M anipulation  |                                                 |
\*---------------------------------------------------------------------------*/
FoamFile
{
    version     2.0;
    format      ascii;
    class       volVectorField;
    location    "1.18516999954139e-05";
    object      velocityelectron;
}
// * * * * * * * * * * * * * * * * * * * * * * * * * * * * * * * * * * * * * //

dimensions      [0 1 -1 0 0 0 0];

internalField   nonuniform List<vector> 
500
(
(-518000.992871816 0 0)
(-356616.035951239 0 0)
(-266780.690188204 0 0)
(-215086.314611613 0 0)
(-256975.427275019 0 0)
(-231172.012050876 0 0)
(-153800.192850519 0 0)
(-165528.537990925 0 0)
(-198215.821366233 0 0)
(-168705.251726082 0 0)
(-138561.832141841 0 0)
(-146009.213702216 0 0)
(-152137.629105776 0 0)
(-135287.934056847 0 0)
(-120972.324545436 0 0)
(-120784.13569633 0 0)
(-121001.168152468 0 0)
(-111738.470481715 0 0)
(-101419.477022596 0 0)
(-97464.6918008546 0 0)
(-96989.6314528149 0 0)
(-92871.5559226725 0 0)
(-85761.3741831102 0 0)
(-80424.0974658837 0 0)
(-78468.6577603479 0 0)
(-76991.3659221791 0 0)
(-73524.1683703819 0 0)
(-69198.9260983091 0 0)
(-66180.9130007872 0 0)
(-64740.8071366303 0 0)
(-63440.511866096 0 0)
(-61331.8619846299 0 0)
(-58843.9801672339 0 0)
(-56724.0098914849 0 0)
(-55184.5723148035 0 0)
(-53981.3510724121 0 0)
(-52895.5404188306 0 0)
(-51793.4027087783 0 0)
(-50538.0767955211 0 0)
(-49086.771554304 0 0)
(-47687.2329885007 0 0)
(-46658.0081668754 0 0)
(-46058.4972917196 0 0)
(-45549.0973054245 0 0)
(-44768.5196163488 0 0)
(-43698.6906564614 0 0)
(-42645.3061758268 0 0)
(-41869.9970827409 0 0)
(-41341.7028268209 0 0)
(-40832.3702322584 0 0)
(-40180.4727902859 0 0)
(-39451.9022513995 0 0)
(-38782.07705255 0 0)
(-38245.0617693098 0 0)
(-37763.945024519 0 0)
(-37256.2240849645 0 0)
(-36688.9294123927 0 0)
(-36129.1523579755 0 0)
(-35628.9334429956 0 0)
(-35206.7507538609 0 0)
(-34815.4392629129 0 0)
(-34415.9897709182 0 0)
(-33982.166699382 0 0)
(-33539.0272749802 0 0)
(-33114.3816675395 0 0)
(-32738.5039224925 0 0)
(-32401.7515018119 0 0)
(-32079.5325004825 0 0)
(-31734.3829613994 0 0)
(-31365.0063015453 0 0)
(-30992.7920530738 0 0)
(-30657.722379645 0 0)
(-30369.9848178227 0 0)
(-30112.0986066447 0 0)
(-29842.4058515042 0 0)
(-29541.4999840613 0 0)
(-29217.4289982335 0 0)
(-28905.2674910624 0 0)
(-28629.0387963692 0 0)
(-28391.8315547295 0 0)
(-28168.9919932744 0 0)
(-27938.7843816421 0 0)
(-27688.7277075845 0 0)
(-27430.1624101838 0 0)
(-27176.6119493321 0 0)
(-26941.7252019794 0 0)
(-26722.7984635359 0 0)
(-26515.5945471302 0 0)
(-26309.4108470581 0 0)
(-26104.3987768465 0 0)
(-25899.2734509444 0 0)
(-25699.9725106618 0 0)
(-25504.8629535345 0 0)
(-25315.293520653 0 0)
(-25125.9758812355 0 0)
(-24939.1544365886 0 0)
(-24753.7255023347 0 0)
(-24575.7959803555 0 0)
(-24404.1718578732 0 0)
(-24240.2697887355 0 0)
(-24077.6224960568 0 0)
(-23915.7812061051 0 0)
(-23751.597461966 0 0)
(-23590.6436319389 0 0)
(-23433.614327901 0 0)
(-23285.0587114832 0 0)
(-23140.4153428164 0 0)
(-22999.4840988665 0 0)
(-22856.3395518987 0 0)
(-22714.1568600921 0 0)
(-22571.9571662342 0 0)
(-22435.6938603294 0 0)
(-22303.5105279362 0 0)
(-22177.5917565378 0 0)
(-22052.3629562943 0 0)
(-21928.9715664157 0 0)
(-21803.5501532885 0 0)
(-21680.4023695195 0 0)
(-21558.0576199997 0 0)
(-21441.0981200281 0 0)
(-21326.3820510114 0 0)
(-21216.3841484666 0 0)
(-21106.425058868 0 0)
(-20999.087162586 0 0)
(-20890.8039766716 0 0)
(-20785.4880131752 0 0)
(-20680.2853317309 0 0)
(-20578.9535550241 0 0)
(-20477.9226080523 0 0)
(-20380.424482932 0 0)
(-20282.7658882723 0 0)
(-20188.5005600877 0 0)
(-20094.3034968827 0 0)
(-20003.712162701 0 0)
(-19913.0915451051 0 0)
(-19825.5540634862 0 0)
(-19737.3496947639 0 0)
(-19651.8576453954 0 0)
(-19565.8895313469 0 0)
(-19483.1595486791 0 0)
(-19400.5259023666 0 0)
(-19321.279852732 0 0)
(-19241.808423286 0 0)
(-19165.1028495135 0 0)
(-19087.6802352318 0 0)
(-19012.8624637714 0 0)
(-18937.6275358295 0 0)
(-18865.4189245031 0 0)
(-18793.1168627423 0 0)
(-18723.804099313 0 0)
(-18654.0658813102 0 0)
(-18586.8483461983 0 0)
(-18518.8962726993 0 0)
(-18453.4106999189 0 0)
(-18387.4052447636 0 0)
(-18324.1730443634 0 0)
(-18260.6261844987 0 0)
(-18199.8603044254 0 0)
(-18138.5885905974 0 0)
(-18079.8357916115 0 0)
(-18020.3571939014 0 0)
(-17963.3299690113 0 0)
(-17905.6045089204 0 0)
(-17850.4405388263 0 0)
(-17794.6315502334 0 0)
(-17741.4027135292 0 0)
(-17687.460738711 0 0)
(-17636.0650561485 0 0)
(-17583.8933430957 0 0)
(-17534.2912024434 0 0)
(-17483.8830817828 0 0)
(-17436.0385752336 0 0)
(-17387.3091117319 0 0)
(-17341.0836799187 0 0)
(-17293.8985540804 0 0)
(-17249.2238345744 0 0)
(-17203.5917990896 0 0)
(-17160.5425616787 0 0)
(-17116.5301607068 0 0)
(-17075.1149596036 0 0)
(-17032.6522499745 0 0)
(-16992.7394579774 0 0)
(-16951.6977552904 0 0)
(-16913.2107769761 0 0)
(-16873.6229870046 0 0)
(-16836.5728132392 0 0)
(-16798.4387670486 0 0)
(-16762.8482818193 0 0)
(-16726.1357439576 0 0)
(-16691.9143933392 0 0)
(-16656.5293762047 0 0)
(-16623.5995274505 0 0)
(-16589.5136957225 0 0)
(-16557.8828896265 0 0)
(-16525.1243266049 0 0)
(-16494.8058509475 0 0)
(-16463.367028553 0 0)
(-16434.3196797217 0 0)
(-16404.1536666074 0 0)
(-16376.3273263257 0 0)
(-16347.3998917781 0 0)
(-16320.7761742503 0 0)
(-16293.0719144979 0 0)
(-16267.6357782818 0 0)
(-16241.142011266 0 0)
(-16216.8636498334 0 0)
(-16191.5657485211 0 0)
(-16168.4265125153 0 0)
(-16144.3221118057 0 0)
(-16122.3087239604 0 0)
(-16099.3839720991 0 0)
(-16078.4817042457 0 0)
(-16056.7001392962 0 0)
(-16036.8873857633 0 0)
(-16016.2289758654 0 0)
(-15997.4864758843 0 0)
(-15977.9524197147 0 0)
(-15960.2775109774 0 0)
(-15941.8590057082 0 0)
(-15925.2489374233 0 0)
(-15907.9178127497 0 0)
(-15892.355751356 0 0)
(-15876.0936363231 0 0)
(-15861.5615479555 0 0)
(-15846.362635695 0 0)
(-15832.8690668616 0 0)
(-15818.7164877814 0 0)
(-15806.2629009333 0 0)
(-15793.1440729991 0 0)
(-15781.7210510818 0 0)
(-15769.6083753348 0 0)
(-15759.2321492748 0 0)
(-15748.098255148 0 0)
(-15738.7660657564 0 0)
(-15728.6070927793 0 0)
(-15720.3223549935 0 0)
(-15711.1108402021 0 0)
(-15703.8934040475 0 0)
(-15695.6058178459 0 0)
(-15689.4735313593 0 0)
(-15682.0764507165 0 0)
(-15677.0407285363 0 0)
(-15670.5472368208 0 0)
(-15666.5656308894 0 0)
(-15661.0057530685 0 0)
(-15658.0674103059 0 0)
(-15653.4016603673 0 0)
(-15651.5342387018 0 0)
(-15647.7473774253 0 0)
(-15646.5456682848 0 0)
(-15644.5520800137 0 0)
(-15643.938106869 0 0)
(-15642.8564969882 0 0)
(-15643.3062120376 0 0)
(-15643.107246335 0 0)
(-15644.610140072 0 0)
(-15645.3501726923 0 0)
(-15647.9130645269 0 0)
(-15649.5366943481 0 0)
(-15653.1760709661 0 0)
(-15655.7166599049 0 0)
(-15660.3827790519 0 0)
(-15663.8758249726 0 0)
(-15669.5722520951 0 0)
(-15674.0175403982 0 0)
(-15680.7571858891 0 0)
(-15686.1486794636 0 0)
(-15693.942191594 0 0)
(-15700.2863088885 0 0)
(-15709.1273327823 0 0)
(-15716.4390725866 0 0)
(-15726.3233128458 0 0)
(-15734.6171092646 0 0)
(-15745.5455167184 0 0)
(-15754.850557356 0 0)
(-15766.8151374552 0 0)
(-15777.1446754576 0 0)
(-15790.1496985591 0 0)
(-15801.5142665383 0 0)
(-15815.5531581877 0 0)
(-15827.982518785 0 0)
(-15843.0534004676 0 0)
(-15856.5597370716 0 0)
(-15872.6733478576 0 0)
(-15887.2674412963 0 0)
(-15904.4305617503 0 0)
(-15920.1370644007 0 0)
(-15938.3643761423 0 0)
(-15955.2070253433 0 0)
(-15974.5119106564 0 0)
(-15992.4945655144 0 0)
(-16012.8849861265 0 0)
(-16031.9982012832 0 0)
(-16053.4834215384 0 0)
(-16073.7518919914 0 0)
(-16096.3562406186 0 0)
(-16117.8268043656 0 0)
(-16141.5843469898 0 0)
(-16164.2728627811 0 0)
(-16189.1877966207 0 0)
(-16213.0821644307 0 0)
(-16239.1535881946 0 0)
(-16264.2616461007 0 0)
(-16291.5308193727 0 0)
(-16317.899036861 0 0)
(-16346.4272487673 0 0)
(-16374.085931112 0 0)
(-16403.8887121764 0 0)
(-16432.8242057043 0 0)
(-16463.8917353741 0 0)
(-16494.1009474073 0 0)
(-16526.4682783782 0 0)
(-16557.9996934548 0 0)
(-16591.7292559567 0 0)
(-16624.6321028338 0 0)
(-16659.7548372595 0 0)
(-16694.0372645792 0 0)
(-16730.5641840457 0 0)
(-16766.3070553116 0 0)
(-16804.3162527478 0 0)
(-16841.5177018572 0 0)
(-16881.0101231123 0 0)
(-16919.6514354829 0 0)
(-16960.5932132202 0 0)
(-17000.6738140841 0 0)
(-17043.1387236048 0 0)
(-17084.8025873719 0 0)
(-17128.9693805236 0 0)
(-17172.3519909192 0 0)
(-17218.2432293582 0 0)
(-17263.2510998367 0 0)
(-17310.7045626923 0 0)
(-17357.2221278452 0 0)
(-17406.2617218391 0 0)
(-17454.4842776536 0 0)
(-17505.4018247762 0 0)
(-17555.5892770483 0 0)
(-17608.4735403397 0 0)
(-17660.5044899716 0 0)
(-17715.1100380073 0 0)
(-17768.7784129038 0 0)
(-17825.1070245714 0 0)
(-17880.6781659057 0 0)
(-17939.1450917447 0 0)
(-17996.9904077576 0 0)
(-18057.7261856147 0 0)
(-18117.6917085292 0 0)
(-18180.3820629694 0 0)
(-18242.2265570893 0 0)
(-18306.8539813338 0 0)
(-18370.819622977 0 0)
(-18437.6973578825 0 0)
(-18503.9956085897 0 0)
(-18573.1595380586 0 0)
(-18641.7554006751 0 0)
(-18713.3200838886 0 0)
(-18784.5836319139 0 0)
(-18859.0266600243 0 0)
(-18933.2165796224 0 0)
(-19010.2724060397 0 0)
(-19086.5801715381 0 0)
(-19165.359134918 0 0)
(-19243.4380281869 0 0)
(-19324.603169096 0 0)
(-19406.0646023623 0 0)
(-19491.3820335804 0 0)
(-19577.1565506769 0 0)
(-19666.0633351567 0 0)
(-19754.2218644143 0 0)
(-19844.5734107027 0 0)
(-19934.1417326367 0 0)
(-20026.9480168406 0 0)
(-20120.5915528335 0 0)
(-20218.5961599391 0 0)
(-20317.3737536091 0 0)
(-20419.186637747 0 0)
(-20520.115590779 0 0)
(-20623.2904212615 0 0)
(-20726.4207867465 0 0)
(-20833.8106545399 0 0)
(-20943.0524380623 0 0)
(-21056.9962639011 0 0)
(-21171.4119064498 0 0)
(-21288.310931232 0 0)
(-21404.210316212 0 0)
(-21522.9078901861 0 0)
(-21642.3816550595 0 0)
(-21766.5942693626 0 0)
(-21892.2624645611 0 0)
(-22022.0740217111 0 0)
(-22152.4012389319 0 0)
(-22286.9972832774 0 0)
(-22423.5281469825 0 0)
(-22565.9031945086 0 0)
(-22709.9414589738 0 0)
(-22857.1093775503 0 0)
(-23001.8034917197 0 0)
(-23147.4487767122 0 0)
(-23292.9789176399 0 0)
(-23446.555174199 0 0)
(-23607.9315606071 0 0)
(-23780.6870800974 0 0)
(-23955.8356651454 0 0)
(-24130.5900552392 0 0)
(-24296.8658391277 0 0)
(-24461.6199080351 0 0)
(-24629.2792579008 0 0)
(-24812.8197934768 0 0)
(-25009.7154813327 0 0)
(-25217.6935315361 0 0)
(-25420.8597011728 0 0)
(-25617.5776722058 0 0)
(-25807.2780401779 0 0)
(-26006.0209515832 0 0)
(-26219.3458850101 0 0)
(-26452.0738065971 0 0)
(-26689.3912721696 0 0)
(-26924.7598745718 0 0)
(-27149.7054412491 0 0)
(-27376.6570927341 0 0)
(-27613.3822625401 0 0)
(-27872.1547077162 0 0)
(-28144.8804787227 0 0)
(-28425.0017717294 0 0)
(-28697.6704124169 0 0)
(-28965.6595657801 0 0)
(-29235.2330811308 0 0)
(-29522.2385670447 0 0)
(-29829.2495792611 0 0)
(-30149.410144928 0 0)
(-30465.0905942567 0 0)
(-30773.3677508231 0 0)
(-31090.3440198057 0 0)
(-31449.4815177837 0 0)
(-31858.8473332143 0 0)
(-32290.9763589132 0 0)
(-32685.2055469168 0 0)
(-33012.5647797735 0 0)
(-33311.2152607423 0 0)
(-33673.4578671047 0 0)
(-34160.9513780553 0 0)
(-34744.7923633402 0 0)
(-35312.4321584972 0 0)
(-35772.2835671278 0 0)
(-36137.8523619495 0 0)
(-36521.5838375925 0 0)
(-37029.4607242697 0 0)
(-37676.6552234067 0 0)
(-38381.646904598 0 0)
(-39049.2041703567 0 0)
(-39640.0019872024 0 0)
(-40188.2119146084 0 0)
(-40772.5515128206 0 0)
(-41479.7561164762 0 0)
(-42348.8209305166 0 0)
(-43309.0404224764 0 0)
(-44198.6761314265 0 0)
(-44917.7735207486 0 0)
(-45595.3446654729 0 0)
(-46531.0898583546 0 0)
(-47868.6044337931 0 0)
(-49346.417979473 0 0)
(-50513.8489958518 0 0)
(-51315.1318984412 0 0)
(-52277.1332911815 0 0)
(-53987.1408839695 0 0)
(-56270.8459113447 0 0)
(-58266.237545941 0 0)
(-59473.5803116721 0 0)
(-60613.1902799412 0 0)
(-62876.9732506281 0 0)
(-66423.0558120355 0 0)
(-69867.9155634308 0 0)
(-72028.1310570361 0 0)
(-73677.8822529902 0 0)
(-76693.2901451284 0 0)
(-81297.6309385919 0 0)
(-85525.455115008 0 0)
(-88376.4429156752 0 0)
(-92125.9967822564 0 0)
(-98725.1218599066 0 0)
(-104420.138696488 0 0)
(-104235.53106075 0 0)
(-101505.139485086 0 0)
(-106907.468352879 0 0)
(-124124.382100039 0 0)
(-133768.208037916 0 0)
(-121438.661145706 0 0)
(-105575.363320477 0 0)
(-114915.604702172 0 0)
(-142419.358831233 0 0)
(-142034.818521621 0 0)
(-106649.498952502 0 0)
(-85996.6490897586 0 0)
(-98386.2018446793 0 0)
(-89537.6569519179 0 0)
(-40933.4181948011 0 0)
(56306.5714831227 0 0)
(129228.445169852 0 0)
(409509.822491103 0 0)
)
;

boundaryField
{
    electrode
    {
        type            electronVelocity;
        sec             0;
        value           uniform (-675932.5625 0 0);
    }
    ground
    {
        type            electronVelocity;
        sec             0;
        value           uniform (646978 0 0);
    }
    otherfaces
    {
        type            empty;
    }
}


// ************************************************************************* //
