/*--------------------------------*- C++ -*----------------------------------*\
| =========                 |                                                 |
| \\      /  F ield         | foam-extend: Open Source CFD                    |
|  \\    /   O peration     | Version:     4.1                                |
|   \\  /    A nd           | Web:         http://www.foam-extend.org         |
|    \\/     M anipulation  |                                                 |
\*---------------------------------------------------------------------------*/
FoamFile
{
    version     2.0;
    format      ascii;
    class       volVectorField;
    location    "2.50010000204314e-05";
    object      EField;
}
// * * * * * * * * * * * * * * * * * * * * * * * * * * * * * * * * * * * * * //

dimensions      [1 1 -3 0 0 -1 0];

internalField   nonuniform List<vector> 
500
(
(-1003309.60533209 -0 -0)
(-764527.296203197 -0 -0)
(-513917.67910167 -0 -0)
(-302046.373472513 -0 -0)
(-165256.811085818 -0 -0)
(-99220.5541667708 -0 -0)
(-66751.1298925046 -0 -0)
(-50650.1266858098 -0 -0)
(-40301.5627592467 -0 -0)
(-34207.2554736943 -0 -0)
(-29675.8205476104 -0 -0)
(-26585.5627050289 -0 -0)
(-24023.9293900895 -0 -0)
(-22090.2777309466 -0 -0)
(-20437.9912366635 -0 -0)
(-19072.8762364206 -0 -0)
(-17857.1279928491 -0 -0)
(-16815.0608925249 -0 -0)
(-15877.5124943493 -0 -0)
(-15052.9561567893 -0 -0)
(-14304.8041574552 -0 -0)
(-13634.5119284645 -0 -0)
(-13021.7524365125 -0 -0)
(-12465.1814430474 -0 -0)
(-11952.9302097395 -0 -0)
(-11482.7643352981 -0 -0)
(-11047.3932161138 -0 -0)
(-10644.5034886678 -0 -0)
(-10269.385632936 -0 -0)
(-9919.9535006621 -0 -0)
(-9593.01625175505 -0 -0)
(-9286.79909101365 -0 -0)
(-8999.04486671319 -0 -0)
(-8728.28319480754 -0 -0)
(-8472.85689525113 -0 -0)
(-8231.56107552935 -0 -0)
(-8003.14045355064 -0 -0)
(-7786.61059030334 -0 -0)
(-7580.99585150346 -0 -0)
(-7385.49039445489 -0 -0)
(-7199.31998086311 -0 -0)
(-7021.82192159693 -0 -0)
(-6852.37127241548 -0 -0)
(-6690.41980135027 -0 -0)
(-6535.45593289456 -0 -0)
(-6387.02309924128 -0 -0)
(-6244.69753353256 -0 -0)
(-6108.0964430274 -0 -0)
(-5976.86526112132 -0 -0)
(-5850.68084427862 -0 -0)
(-5729.24391057369 -0 -0)
(-5612.27989536853 -0 -0)
(-5499.53424896388 -0 -0)
(-5390.77220344269 -0 -0)
(-5285.77575113796 -0 -0)
(-5184.34299538459 -0 -0)
(-5086.28605827496 -0 -0)
(-4991.43032333488 -0 -0)
(-4899.61296173333 -0 -0)
(-4810.68218073986 -0 -0)
(-4724.49614687607 -0 -0)
(-4640.92224336146 -0 -0)
(-4559.83628768082 -0 -0)
(-4481.12193611303 -0 -0)
(-4404.66998567183 -0 -0)
(-4330.37789284844 -0 -0)
(-4258.14924747265 -0 -0)
(-4187.8933234403 -0 -0)
(-4119.52464156287 -0 -0)
(-4052.96262270298 -0 -0)
(-3988.13123052699 -0 -0)
(-3924.95865131091 -0 -0)
(-3863.37699915743 -0 -0)
(-3803.32204557529 -0 -0)
(-3744.73298703768 -0 -0)
(-3687.5522205134 -0 -0)
(-3631.72511919827 -0 -0)
(-3577.19984421175 -0 -0)
(-3523.92717786212 -0 -0)
(-3471.86035650266 -0 -0)
(-3420.95491206907 -0 -0)
(-3371.16853249686 -0 -0)
(-3322.46093005641 -0 -0)
(-3274.7937318798 -0 -0)
(-3228.13036923517 -0 -0)
(-3182.43594796722 -0 -0)
(-3137.67716361683 -0 -0)
(-3093.82222597348 -0 -0)
(-3050.84076181342 -0 -0)
(-3008.70373119732 -0 -0)
(-2967.38335992322 -0 -0)
(-2926.85308250877 -0 -0)
(-2887.08745613149 -0 -0)
(-2848.06209793019 -0 -0)
(-2809.75365401106 -0 -0)
(-2772.13974203816 -0 -0)
(-2735.1988860454 -0 -0)
(-2698.91046024043 -0 -0)
(-2663.25467806094 -0 -0)
(-2628.21254087447 -0 -0)
(-2593.76577755208 -0 -0)
(-2559.89683423121 -0 -0)
(-2526.58882452595 -0 -0)
(-2493.82550191351 -0 -0)
(-2461.59123197469 -0 -0)
(-2429.87096154722 -0 -0)
(-2398.65019389107 -0 -0)
(-2367.9149531951 -0 -0)
(-2337.65177417651 -0 -0)
(-2307.84766965254 -0 -0)
(-2278.4901144094 -0 -0)
(-2249.56702379218 -0 -0)
(-2221.06672471025 -0 -0)
(-2192.97795255801 -0 -0)
(-2165.28982867164 -0 -0)
(-2137.99183691493 -0 -0)
(-2111.07381058717 -0 -0)
(-2084.52592912605 -0 -0)
(-2058.33869162998 -0 -0)
(-2032.50289532184 -0 -0)
(-2007.00964747502 -0 -0)
(-1981.85034000138 -0 -0)
(-1957.01662511006 -0 -0)
(-1932.50042731828 -0 -0)
(-1908.29391802034 -0 -0)
(-1884.38951437524 -0 -0)
(-1860.77986979059 -0 -0)
(-1837.45784709483 -0 -0)
(-1814.41653320964 -0 -0)
(-1791.64921817304 -0 -0)
(-1769.14938780979 -0 -0)
(-1746.91072562378 -0 -0)
(-1724.92709275108 -0 -0)
(-1703.19252051994 -0 -0)
(-1681.70122774269 -0 -0)
(-1660.44759203557 -0 -0)
(-1639.42613360907 -0 -0)
(-1618.63153367155 -0 -0)
(-1598.05862604372 -0 -0)
(-1577.70239029559 -0 -0)
(-1557.55792510824 -0 -0)
(-1537.6204673993 -0 -0)
(-1517.88538565219 -0 -0)
(-1498.3481679413 -0 -0)
(-1479.00442377439 -0 -0)
(-1459.84986943333 -0 -0)
(-1440.88033639533 -0 -0)
(-1422.09176098926 -0 -0)
(-1403.48019089644 -0 -0)
(-1385.04175797006 -0 -0)
(-1366.77269230851 -0 -0)
(-1348.66933399209 -0 -0)
(-1330.72809733594 -0 -0)
(-1312.94548810134 -0 -0)
(-1295.31809306958 -0 -0)
(-1277.84257648319 -0 -0)
(-1260.51569921705 -0 -0)
(-1243.33428749833 -0 -0)
(-1226.29523035801 -0 -0)
(-1209.3955010065 -0 -0)
(-1192.63214009767 -0 -0)
(-1176.00225752809 -0 -0)
(-1159.50302354285 -0 -0)
(-1143.13166504291 -0 -0)
(-1126.88548179289 -0 -0)
(-1110.76183169107 -0 -0)
(-1094.75811997395 -0 -0)
(-1078.87181434035 -0 -0)
(-1063.10043638267 -0 -0)
(-1047.44155547418 -0 -0)
(-1031.89279731369 -0 -0)
(-1016.45183117018 -0 -0)
(-1001.11637529816 -0 -0)
(-985.884199350764 -0 -0)
(-970.753110471476 -0 -0)
(-955.720958292379 -0 -0)
(-940.785640102269 -0 -0)
(-925.945095337655 -0 -0)
(-911.197294285289 -0 -0)
(-896.540251926912 -0 -0)
(-881.972026777622 -0 -0)
(-867.490696171515 -0 -0)
(-853.094384721419 -0 -0)
(-838.781257841431 -0 -0)
(-824.549494976467 -0 -0)
(-810.397317620987 -0 -0)
(-796.322982511368 -0 -0)
(-782.324769610976 -0 -0)
(-768.400988303755 -0 -0)
(-754.549986341493 -0 -0)
(-740.770134504394 -0 -0)
(-727.059818896555 -0 -0)
(-713.417466229508 -0 -0)
(-699.841519087453 -0 -0)
(-686.330450503147 -0 -0)
(-672.882763413532 -0 -0)
(-659.496967482523 -0 -0)
(-646.171604802358 -0 -0)
(-632.90523863718 -0 -0)
(-619.696454169496 -0 -0)
(-606.543852487151 -0 -0)
(-593.446059085404 -0 -0)
(-580.401723499622 -0 -0)
(-567.409497266237 -0 -0)
(-554.468063133818 -0 -0)
(-541.576123071131 -0 -0)
(-528.732391510543 -0 -0)
(-515.935603915831 -0 -0)
(-503.184499996197 -0 -0)
(-490.47783831849 -0 -0)
(-477.814412109428 -0 -0)
(-465.193012211169 -0 -0)
(-452.612433155575 -0 -0)
(-440.071499922974 -0 -0)
(-427.569053778349 -0 -0)
(-415.10393137553 -0 -0)
(-402.67499787802 -0 -0)
(-390.281116801428 -0 -0)
(-377.921178977091 -0 -0)
(-365.594071067621 -0 -0)
(-353.298704225038 -0 -0)
(-341.033969042858 -0 -0)
(-328.798827682781 -0 -0)
(-316.592170418496 -0 -0)
(-304.412994650271 -0 -0)
(-292.260170197653 -0 -0)
(-280.132767722533 -0 -0)
(-268.029607284284 -0 -0)
(-255.949867642443 -0 -0)
(-243.892252737677 -0 -0)
(-231.856129498923 -0 -0)
(-219.839986702162 -0 -0)
(-207.84352190785 -0 -0)
(-195.864782175805 -0 -0)
(-183.904105488454 -0 -0)
(-171.958721425309 -0 -0)
(-160.030084274859 -0 -0)
(-148.113904018513 -0 -0)
(-136.213763189576 -0 -0)
(-124.32248112994 -0 -0)
(-112.44759833966 -0 -0)
(-100.576563846393 -0 -0)
(-88.7242573640718 -0 -0)
(-76.8688614029407 -0 -0)
(-64.9081367342197 -0 -0)
(-52.9910318756831 -0 -0)
(-41.1270731595521 -0 -0)
(-29.3209465177846 -0 -0)
(-17.5486865043226 -0 -0)
(-5.81189513629663 -0 -0)
(5.81143843781535 -0 -0)
(17.5482269482908 -0 -0)
(29.3204850616893 -0 -0)
(41.1266102431721 -0 -0)
(52.9905663395983 -0 -0)
(64.907669985863 -0 -0)
(76.8683983449384 -0 -0)
(88.7237950650114 -0 -0)
(100.57610113262 -0 -0)
(112.447135952507 -0 -0)
(124.322018620806 -0 -0)
(136.213300371452 -0 -0)
(148.113441475505 -0 -0)
(160.029622374242 -0 -0)
(171.958259003593 -0 -0)
(183.903643695575 -0 -0)
(195.864320765121 -0 -0)
(207.843059741592 -0 -0)
(219.839524233692 -0 -0)
(231.855668064514 -0 -0)
(243.891792238394 -0 -0)
(255.949406470951 -0 -0)
(268.029145322005 -0 -0)
(280.132306990138 -0 -0)
(292.259710308916 -0 -0)
(304.412534186216 -0 -0)
(316.591710434869 -0 -0)
(328.798368245334 -0 -0)
(341.033509754494 -0 -0)
(353.298245458441 -0 -0)
(365.593612157362 -0 -0)
(377.920719592499 -0 -0)
(390.280658438019 -0 -0)
(402.674540756034 -0 -0)
(415.103474224382 -0 -0)
(427.568596621805 -0 -0)
(440.071042676287 -0 -0)
(452.61197619553 -0 -0)
(465.192556369208 -0 -0)
(477.813957585464 -0 -0)
(490.477383908353 -0 -0)
(503.184045389555 -0 -0)
(515.935149360674 -0 -0)
(528.731937609289 -0 -0)
(541.575670083323 -0 -0)
(554.467610437398 -0 -0)
(567.409045877644 -0 -0)
(580.401272188271 -0 -0)
(593.445606826722 -0 -0)
(606.543401223233 -0 -0)
(619.69600508552 -0 -0)
(632.904790346669 -0 -0)
(646.171155913531 -0 -0)
(659.496518898608 -0 -0)
(672.882315829818 -0 -0)
(686.330003077993 -0 -0)
(699.841072810861 -0 -0)
(713.417021113679 -0 -0)
(727.059373969137 -0 -0)
(740.769690765517 -0 -0)
(754.549543468617 -0 -0)
(768.400544955208 -0 -0)
(782.32432682823 -0 -0)
(796.322541683556 -0 -0)
(810.39687780826 -0 -0)
(824.54905473076 -0 -0)
(838.780818684658 -0 -0)
(853.093947405774 -0 -0)
(867.490259385079 -0 -0)
(881.971590302222 -0 -0)
(896.539815806595 -0 -0)
(911.19686022291 -0 -0)
(925.944662358177 -0 -0)
(940.785206601615 -0 -0)
(955.720525953888 -0 -0)
(970.75267955262 -0 -0)
(985.883769472063 -0 -0)
(1001.11594649281 -0 -0)
(1016.45140291981 -0 -0)
(1031.89237032032 -0 -0)
(1047.44112967206 -0 -0)
(1063.10001106911 -0 -0)
(1078.87139035969 -0 -0)
(1094.75769810477 -0 -0)
(1110.76140997576 -0 -0)
(1126.88506021713 -0 -0)
(1143.1312455556 -0 -0)
(1159.50260494258 -0 -0)
(1176.00184009063 -0 -0)
(1192.63172434138 -0 -0)
(1209.3950857794 -0 -0)
(1226.29481638796 -0 -0)
(1243.3338757224 -0 -0)
(1260.51528862833 -0 -0)
(1277.84216560173 -0 -0)
(1295.31768334754 -0 -0)
(1312.94508082558 -0 -0)
(1330.72769139367 -0 -0)
(1348.66892962666 -0 -0)
(1366.77228919538 -0 -0)
(1385.04135543834 -0 -0)
(1403.47979018411 -0 -0)
(1422.091362484 -0 -0)
(1440.87993929949 -0 -0)
(1459.84947358231 -0 -0)
(1479.00402873723 -0 -0)
(1498.34777437457 -0 -0)
(1517.88499401463 -0 -0)
(1537.62007772213 -0 -0)
(1557.55753739821 -0 -0)
(1577.7020030918 -0 -0)
(1598.05823964897 -0 -0)
(1618.63114963014 -0 -0)
(1639.42575244972 -0 -0)
(1660.44721140943 -0 -0)
(1681.70084811943 -0 -0)
(1703.19214386674 -0 -0)
(1724.92671742812 -0 -0)
(1746.91035176308 -0 -0)
(1769.14901626251 -0 -0)
(1791.64884861325 -0 -0)
(1814.41616565764 -0 -0)
(1837.45748127289 -0 -0)
(1860.77950520388 -0 -0)
(1884.38915117903 -0 -0)
(1908.29355730222 -0 -0)
(1932.50006918661 -0 -0)
(1957.01626866371 -0 -0)
(1981.84998573768 -0 -0)
(2007.00929518519 -0 -0)
(2032.50254416704 -0 -0)
(2058.3383421367 -0 -0)
(2084.52558304669 -0 -0)
(2111.07346717356 -0 -0)
(2137.99149487896 -0 -0)
(2165.28948874042 -0 -0)
(2192.97761451802 -0 -0)
(2221.06638917808 -0 -0)
(2249.56669018864 -0 -0)
(2278.48978280146 -0 -0)
(2307.84734131804 -0 -0)
(2337.65144841724 -0 -0)
(2367.91462972124 -0 -0)
(2398.64987205125 -0 -0)
(2429.87064182801 -0 -0)
(2461.59091589804 -0 -0)
(2493.82518758571 -0 -0)
(2526.58851169429 -0 -0)
(2559.8965245764 -0 -0)
(2593.76547076411 -0 -0)
(2628.21223576848 -0 -0)
(2663.25437592282 -0 -0)
(2698.91016158348 -0 -0)
(2735.19859015905 -0 -0)
(2772.13944926644 -0 -0)
(2809.75336226772 -0 -0)
(2848.06180930685 -0 -0)
(2887.08717112918 -0 -0)
(2926.85279971925 -0 -0)
(2967.38308121322 -0 -0)
(3008.70345551874 -0 -0)
(3050.84048805626 -0 -0)
(3093.82195535608 -0 -0)
(3137.67689609617 -0 -0)
(3182.43568351402 -0 -0)
(3228.13010856799 -0 -0)
(3274.793474816 -0 -0)
(3322.46067546751 -0 -0)
(3371.16828066432 -0 -0)
(3420.95466440015 -0 -0)
(3471.86011250154 -0 -0)
(3523.92693506199 -0 -0)
(3577.19960597769 -0 -0)
(3631.7248865626 -0 -0)
(3687.55198998396 -0 -0)
(3744.7327599612 -0 -0)
(3803.32182276141 -0 -0)
(3863.37678048154 -0 -0)
(3924.95843627134 -0 -0)
(3988.13101946553 -0 -0)
(4052.96241396644 -0 -0)
(4119.52443655641 -0 -0)
(4187.89312330352 -0 -0)
(4258.14905137678 -0 -0)
(4330.37770155742 -0 -0)
(4404.66979941447 -0 -0)
(4481.12175269735 -0 -0)
(4559.83610906443 -0 -0)
(4640.92206935412 -0 -0)
(4724.49597655705 -0 -0)
(4810.68201786101 -0 -0)
(4899.61280221174 -0 -0)
(4991.43016618016 -0 -0)
(5086.28590703108 -0 -0)
(5184.34285042286 -0 -0)
(5285.77560932614 -0 -0)
(5390.77206777061 -0 -0)
(5499.53412134675 -0 -0)
(5612.27977353522 -0 -0)
(5729.24379290618 -0 -0)
(5850.68072978033 -0 -0)
(5976.86515241199 -0 -0)
(6108.09633954614 -0 -0)
(6244.69743667627 -0 -0)
(6387.02301070793 -0 -0)
(6535.45585169214 -0 -0)
(6690.41972493183 -0 -0)
(6852.37120435718 -0 -0)
(7021.82186184876 -0 -0)
(7199.31992459194 -0 -0)
(7385.49034059209 -0 -0)
(7580.99580602077 -0 -0)
(7786.61055443827 -0 -0)
(8003.14042431203 -0 -0)
(8231.56105826066 -0 -0)
(8472.85688286642 -0 -0)
(8728.28318886581 -0 -0)
(8999.04486836319 -0 -0)
(9286.79909779979 -0 -0)
(9593.01626307846 -0 -0)
(9919.953525488 -0 -0)
(10269.3856727617 -0 -0)
(10644.5035281612 -0 -0)
(11047.3932647002 -0 -0)
(11482.764398376 -0 -0)
(11952.9302701832 -0 -0)
(12465.1815109133 -0 -0)
(13021.7525102847 -0 -0)
(13634.5120099594 -0 -0)
(14304.8042377807 -0 -0)
(15052.9562444484 -0 -0)
(15877.5125826664 -0 -0)
(16815.060968204 -0 -0)
(17857.1280684004 -0 -0)
(19072.8763065325 -0 -0)
(20437.9912394473 -0 -0)
(22090.2777292956 -0 -0)
(24023.9292737569 -0 -0)
(26585.5625349083 -0 -0)
(29675.8201985054 -0 -0)
(34207.2548323342 -0 -0)
(40301.5612664819 -0 -0)
(50650.1244369457 -0 -0)
(66751.1253982467 -0 -0)
(99220.5436138397 -0 -0)
(165256.789426832 -0 -0)
(302046.346645983 -0 -0)
(513917.672827906 -0 -0)
(764527.340474695 -0 -0)
(1003309.70563118 -0 -0)
)
;

boundaryField
{
    electrode
    {
        type            calculated;
        value           uniform (-1108931.12856694 -0 -0);
    }
    ground
    {
        type            calculated;
        value           uniform (1108931.25266378 -0 -0);
    }
    otherfaces
    {
        type            empty;
    }
}


// ************************************************************************* //
