/*--------------------------------*- C++ -*----------------------------------*\
| =========                 |                                                 |
| \\      /  F ield         | foam-extend: Open Source CFD                    |
|  \\    /   O peration     | Version:     4.1                                |
|   \\  /    A nd           | Web:         http://www.foam-extend.org         |
|    \\/     M anipulation  |                                                 |
\*---------------------------------------------------------------------------*/
FoamFile
{
    version     2.0;
    format      ascii;
    class       volScalarField;
    location    "2.50010000204314e-05";
    object      EPotentialMean;
}
// * * * * * * * * * * * * * * * * * * * * * * * * * * * * * * * * * * * * * //

dimensions      [1 2 -3 0 0 -1 0];

internalField   nonuniform List<scalar> 
500
(
4.82711264845316
12.8184354215583
18.7497025008196
22.7979342102072
25.2255627531331
26.7827040667622
27.814320159255
28.6014215107242
29.2045434869723
29.7087245348585
30.1279728488217
30.4953254869255
30.8162319851274
31.1053601740879
31.3659305133714
31.6051716787898
31.8251110902161
32.0296636663487
32.2202871562785
32.3992957933426
32.5677735766522
32.7271732536372
32.8783102943175
33.0221466053154
33.159302958486
33.2904471761046
33.4160565793728
33.5366138758988
33.6524910283654
33.7640495653788
33.8715846260849
33.9753762775106
34.0756621744506
34.1726646278694
34.2665777311439
34.357581819275
34.4458376054164
34.5314941177213
34.6146861432437
34.6955386563571
34.7741658452716
34.8506737409124
34.9251600614674
34.9977157946531
35.0684253159733
35.1373674022495
35.2046154686789
35.2702382505969
35.3343000690825
35.3968613127135
35.4579786922301
35.5177055953476
35.5760923133962
35.6331863117017
35.6890324256554
35.7436730730851
35.7971484219684
35.8494965603368
35.9007536375535
35.9509540028265
36.0001303244395
36.0483137047222
36.0955337815728
36.1418188239196
36.1871958176226
36.2316905459462
36.2753276623081
36.318130758468
36.3601224276845
36.4013243231752
36.441757211902
36.4814410246782
36.5203949024564
36.5586372394882
36.596185723299
36.6330573720972
36.6692685702704
36.7048351015793
36.7397721793876
36.774094475358
36.8078161461906
36.8409508585953
36.8735118127741
36.9055117643534
36.9369630450327
36.967877582556
36.9982669194825
37.028142230265
37.0575143375133
37.0863937276193
37.1147905649928
37.1427147057728
37.1701757109618
37.1971828583674
37.2237451542752
37.2498713441406
37.2755699238715
37.3008491493949
37.3257170463917
37.3501814189564
37.3742498580899
37.3979297498254
37.42122828267
37.4441524551772
37.4667090824513
37.488904803131
37.5107460852961
37.5322392326483
37.5533903899446
37.5742055485551
37.5946905519856
37.6148511010461
37.6346927584822
37.6542209535116
37.6734409862028
37.6923580316522
37.7109771439387
37.7293032599952
37.7473412031138
37.7650956865785
37.7825713170025
37.7997725974731
37.8167039305526
37.8333696217986
37.8497738812457
37.8659208288942
37.8818144916148
37.8974588139512
37.9128576555669
37.9280147901876
37.9429339152589
37.9576186495651
37.9720725373233
37.9862990487843
38.0003015830682
38.014083469956
38.0276479711076
38.0409982823414
38.0541375351285
38.0670687982673
38.0797950791568
38.0923193256406
38.1046444271911
38.116773216568
38.1287084708943
38.1404529129808
38.1520092128306
38.1633799886504
38.1745678078866
38.1855751886449
38.1964046006879
38.207058466347
38.2175391617947
38.2278490177963
38.2379903207921
38.2479653138428
38.2577761973213
38.2674251300604
38.2769142299543
38.2862455749795
38.2954212037656
38.3044431165669
38.3133132759264
38.3220336074427
38.3306060002418
38.3390323080529
38.3473143494946
38.355453908938
38.3634527370591
38.3713125513522
38.3790350367861
38.3866218464285
38.3940746018793
38.4013948938607
38.4085842826539
38.4156442987103
38.4225764430734
38.4293821878156
38.4360629765459
38.4426202248091
38.4490553205462
38.4553696245174
38.4615644706262
38.467641166388
38.4736009933656
38.4794452073109
38.485175038726
38.4907916932456
38.4962963517403
38.5016901708304
38.5069742831605
38.5121497977267
38.5172178001452
38.5221793528722
38.5270354957034
38.5317872457554
38.5364355979877
38.5409815252763
38.5454259788059
38.549769888206
38.5540141617836
38.5581596869272
38.5622073300315
38.5661579370255
38.5700123332442
38.5737713240181
38.5774356944939
38.5810062100532
38.5844836164919
38.5878686399947
38.5911619876075
38.5943643470981
38.5974763873472
38.600498758392
38.6034320916137
38.6062769998348
38.6090340774934
38.6117039006787
38.6142870274101
38.6167839976593
38.6191953334263
38.6215215390064
38.6237631010185
38.6259204887698
38.6279941541168
38.6299845323616
38.6318920426148
38.6337170875827
38.6354600523084
38.6371213046886
38.6387011937149
38.6402000520123
38.6416181915684
38.6429559087695
38.6442134807641
38.6453911724065
38.6464892269732
38.6475078800988
38.6484473405681
38.6493078158619
38.6500894746694
38.6507924984822
38.6514170114442
38.6519631756805
38.6524310460585
38.6528206079732
38.6531321318131
38.6533655788364
38.6535212216365
38.6535989233958
38.6535989372841
38.6535212632702
38.6533656482638
38.6531322289286
38.6528207328041
38.6524311985364
38.6519633558006
38.6514172190668
38.6507927335566
38.6500897370916
38.6493081055517
38.6484476574527
38.6475082239851
38.6464895977592
38.6453915699424
38.6442139049557
38.6429563594103
38.6416186685196
38.6402005551088
38.6387017227304
38.6371218594007
38.6354606325651
38.6337176932081
38.6318926732663
38.6299851879303
38.627994834248
38.625921193267
38.6237638296251
38.6215222914011
38.6191961093521
38.6167847968387
38.6142878495352
38.6117047454189
38.609034944525
38.6062778889015
38.6034330023132
38.6004996904226
38.5974773403138
38.5943653206571
38.591162981374
38.5878696536403
38.5844846496135
38.5810072622289
38.5774367653323
38.5737724130928
38.5700134402013
38.5661590613714
38.5622084713976
38.5581608448307
38.5540153358024
38.54977107785
38.5454271836887
38.5409827449214
38.536436831934
38.5317884935166
38.5270367567675
38.5221806268337
38.5172190864187
38.5121510958859
38.5069755926448
38.501691491164
38.4962976824237
38.4907930337642
38.4851763885569
38.4794465658616
38.4736023601448
38.4676425408802
38.4615658522198
38.4553710127416
38.4490567148161
38.4426216245699
38.4360643812574
38.4293835969152
38.4225778559858
38.4156457149073
38.4085857015513
38.4013963148983
38.394076024495
38.386623270056
38.37903646092
38.3713139753518
38.363454160404
38.355455331072
38.3473157698143
38.3390337259901
38.330607415222
38.3220350189
38.3133146833336
38.304444519262
38.2954226012122
38.2862469666001
38.2769156152654
38.2674265083893
38.257777568152
38.2479666766059
38.2379916749436
38.2278503627538
38.2175404970534
38.2070597913286
38.1964059148101
38.1855764914157
38.1745690987044
38.1633812669511
38.1520104781469
38.1404541647301
38.1287097085827
38.1167744396981
38.1046456352438
38.092320518085
38.0797962555418
38.0670699580861
38.0541386779074
38.0409994076363
38.0276490784608
38.0140845588797
38.0003026532258
37.9863000997295
37.9720735686139
37.9576196608456
37.9429349061523
37.9280157603174
37.9128586046054
37.8974597415423
37.8818153975105
37.8659217126545
37.8497747426375
37.8333704604307
37.8167047460705
37.7997733895849
37.7825720853789
37.7650964309604
37.7473419232011
37.7293039554995
37.7109778146282
37.6923586772338
37.6734416064756
37.6542215483183
37.6346933275654
37.6148516442516
37.5946910691676
37.5742060395729
37.553390854731
37.5322396711413
37.5107464973916
37.4889051887339
37.4667094415208
37.4441527875939
37.4212285883918
37.3979300287445
37.3742501101999
37.3501816442385
37.3257172448681
37.3008493210336
37.2755700687348
37.2498714623205
37.2237452458464
37.1971829234706
37.1701757496834
37.1427147182228
37.1147905513253
37.0863936879292
37.0575142718904
37.0281421388306
36.9982668024357
36.9678774400767
36.9369628772583
36.9055115715708
36.873511595214
36.8409506164898
36.8078158798029
36.7740941848535
36.7397718650264
36.704834763602
36.669268208848
36.6330569875504
36.5961853159603
36.5586368096455
36.5203944504109
36.4814405507116
36.441756716281
36.4013238062163
36.3601218897369
36.3181301997867
36.2753270832221
36.2316899467908
36.1871951987906
36.1418181856853
36.0955331242973
36.0483130287331
36.0001296300151
35.9509532903295
35.9007529073693
35.84949581277
35.7971476573277
35.7436722916291
35.689031627666
35.6331854975096
35.5760914832561
35.5177047495941
35.4579778311033
35.39686043637
35.3342991777563
35.2702373445694
35.204614548151
35.1373664673753
35.0684243668451
34.9977148313967
34.9251590841359
34.8506727496119
34.7741648399619
34.695537636999
34.6146851097784
34.5314930699687
34.4458365431933
34.3575807423815
34.2665766391616
34.1726635205234
34.075661051326
33.9753751380359
33.8715834697206
33.7640483913302
33.652489835877
33.5366126639807
33.4160553470007
33.2904459220681
33.159301681388
33.0221453036245
32.8783089663848
32.7271718977356
32.5677721910995
32.3992943766918
32.2202857070155
32.0296621840859
31.8251095749222
31.6051701321684
31.3659289384572
31.1053585770771
30.8162303740541
30.4953238752968
30.1279712524654
29.7087229804315
29.2045420044499
28.6014201508849
27.8143189818622
26.7827031797507
25.2255622915649
22.7979343579978
18.7497031951046
12.8184363495458
4.82711329831681
)
;

boundaryField
{
    electrode
    {
        type            calculated;
        value           uniform 9.99999999182884e-11;
    }
    ground
    {
        type            calculated;
        value           uniform 3.25183250215699e-07;
    }
    otherfaces
    {
        type            empty;
    }
}


// ************************************************************************* //
