/*--------------------------------*- C++ -*----------------------------------*\
| =========                 |                                                 |
| \\      /  F ield         | foam-extend: Open Source CFD                    |
|  \\    /   O peration     | Version:     4.1                                |
|   \\  /    A nd           | Web:         http://www.foam-extend.org         |
|    \\/     M anipulation  |                                                 |
\*---------------------------------------------------------------------------*/
FoamFile
{
    version     2.0;
    format      ascii;
    class       volScalarField;
    location    "2.50010000204314e-05";
    object      powerDissipatedElectron;
}
// * * * * * * * * * * * * * * * * * * * * * * * * * * * * * * * * * * * * * //

dimensions      [1 -1 -3 0 0 0 0];

internalField   nonuniform List<scalar> 
500
(
-6228423789.23169
4821727049.09362
8614969233.90941
6354099933.26525
-3940274822.64363
-3063925138.74476
-1896344216.3691
-562722890.58211
-516726717.63978
-161718426.610132
-180575621.849837
-59847216.7231372
-84625824.1630483
-39549779.016857
-43648636.987688
-25629804.7021367
-30272685.9339796
-21196081.2971527
-22858022.522762
-17997199.6128935
-18342822.9937707
-15569348.9535781
-15369404.9838161
-13674762.5604835
-13276293.1339485
-12165521.6871172
-11720896.5999184
-10942066.274404
-10513870.0287695
-9934139.14083379
-9544585.24680753
-9091187.91418031
-8744929.03275018
-8376341.23356353
-8070974.45131002
-7762339.14765524
-7493142.88143034
-7228862.60316605
-6990720.49637487
-6760551.14058671
-6548761.37141207
-6345638.63330256
-6156155.92622694
-5975004.90771448
-5804445.45420439
-5641492.03131167
-5487071.73388812
-5339424.27785258
-5198841.32821426
-5064238.10045391
-4935601.94868235
-4812222.83625135
-4693964.36482485
-4580339.76310805
-4471161.92618173
-4366071.0337575
-4264879.43813955
-4167312.57873717
-4073190.83081113
-3982298.52508675
-3894465.11916954
-3809515.83955671
-3727309.86607858
-3647692.25082442
-3570536.52109107
-3495718.42451718
-3423122.69923423
-3352639.56398408
-3284174.19316117
-3217630.77588161
-3152921.58960214
-3089964.03149616
-3028680.70126523
-2969000.94204879
-2910858.14022588
-2854185.78240141
-2798923.22706329
-2745016.33374049
-2692410.76406689
-2641054.5742773
-2590900.68189162
-2541903.14862443
-2494021.16018025
-2447214.15862611
-2401440.16259747
-2356664.14405723
-2312854.12862379
-2269975.50504059
-2227995.19300726
-2186884.51158294
-2146617.1529957
-2107163.14470003
-2068495.55170221
-2030594.01818693
-1993433.82063577
-1956990.84657983
-1921242.66478534
-1886171.56399689
-1851758.28286659
-1817981.16023965
-1784824.29878069
-1752269.27855785
-1720301.00469258
-1688902.36432234
-1658059.03038938
-1627756.27124017
-1597979.32292341
-1568716.11792293
-1539952.55970264
-1511676.80430283
-1483877.1122186
-1456541.02784635
-1429658.8911231
-1403219.63747601
-1377212.49347273
-1351627.21652248
-1326455.94548523
-1301688.8110162
-1277315.33447605
-1253329.77948924
-1229722.42553573
-1206484.36624559
-1183610.18260368
-1161090.67384124
-1138919.95266649
-1117090.86509446
-1095595.16260144
-1074428.71636641
-1053583.77916085
-1033054.44611608
-1012835.77610721
-992921.032896509
-973304.812878798
-953983.534564021
-934950.593935551
-916199.756335629
-897728.279433608
-879531.569169263
-861604.648874234
-843941.433411896
-826539.724918017
-809395.280807502
-792503.10040939
-775860.22998567
-759461.830270997
-743305.307337953
-727386.818320152
-711703.128245009
-696249.645519609
-681024.016555871
-666024.499600195
-651245.392896567
-636685.535292261
-622340.900994238
-608209.276462324
-594288.93249832
-580575.482772883
-567066.434960122
-553760.441245528
-540654.612603973
-527746.470836188
-515033.368153172
-502512.979818753
-490184.243764785
-478044.238680205
-466090.286642666
-454321.569353279
-442735.474277653
-431330.045803719
-420103.697126686
-409054.28256626
-398180.260851371
-387480.246296457
-376951.849958916
-366593.717972851
-356404.617849333
-346382.900855336
-336526.434627264
-326834.485676591
-317305.671833249
-307937.425939906
-298730.00607912
-289681.664019504
-280789.822104444
-272054.698793694
-263474.839573812
-255048.472186588
-246774.869972874
-238653.282876035
-230681.853259201
-222859.460340551
-215186.057335703
-207659.61378219
-200279.829566598
-193045.685049899
-185955.39229961
-179009.149396189
-172205.538615471
-165543.869067159
-159023.0841222
-152642.655971284
-146401.813262981
-140299.100064736
-134334.750228503
-128507.654596367
-122816.944224018
-117262.176490771
-111842.155380539
-106556.79758134
-101405.946014223
-96387.8207903347
-91502.1371288087
-86749.0535530389
-82127.5765516561
-77636.7496894235
-73276.8781056447
-69046.645582794
-64946.359000405
-60974.7713560635
-57132.1769866495
-53417.0338486589
-49831.0440360873
-46370.6379584092
-43039.2686442071
-39831.7316822494
-36754.211384961
-33797.6694279102
-30973.0654203692
-28265.3533935741
-25693.4577048934
-23232.1840928258
-20913.3692423063
-18695.0663130538
-16631.4291419173
-14651.811647787
-12845.9802908569
-11099.177623773
-9557.03041587501
-8034.30125152809
-6764.11077459691
-5454.62936927821
-4466.92579576215
-3362.5946078121
-2004.93729808817
-2000.43293744862
-1397.35774924816
-888.337743677212
-438.034486616284
-174.843402482974
-58.2592411428092
-58.2514414623741
-174.833513258193
-438.017725049812
-888.309563840952
-1397.33099202121
-2000.41574995888
-2004.88221977999
-3362.53775006745
-4466.87340228973
-5454.56261012207
-6764.03880231901
-8034.22960851174
-9556.95013641126
-11099.074019527
-12845.896293401
-14651.7065228979
-16631.3045041019
-18694.9555233063
-20913.2649325748
-23232.0526918915
-25693.2957600394
-28265.2090764067
-30972.9524030558
-33797.5084510825
-36754.0186446795
-39831.580968137
-43039.1003235899
-46370.4458152619
-49830.8636937498
-53416.8239701744
-57131.9681668145
-60974.6003353119
-64946.150774963
-69046.3928099595
-73276.6527669645
-77636.5152732297
-82127.351355355
-86748.8286022849
-91501.8857299129
-96387.5367850552
-101405.670895616
-106556.536000823
-111841.900267212
-117261.904767878
-122816.636447926
-128507.398265154
-134334.408009855
-140298.756140179
-146401.57159738
-152642.376289265
-159022.711630765
-165543.497119322
-172205.247935421
-179008.846307872
-185955.014833574
-193045.38394494
-200279.47197193
-207659.19786091
-215185.754840426
-222859.071244286
-230681.416492119
-238652.953866773
-246774.552040692
-255048.037824088
-263474.375171615
-272054.3749735
-280789.44913198
-289681.188872963
-298729.589504895
-307937.009849062
-317305.338911581
-326833.983445289
-336525.896451214
-346382.602359738
-356404.19391411
-366593.264369084
-376951.401706108
-387479.736729094
-398179.8713289
-409053.804874259
-420103.186715987
-431329.626009645
-442735.022790336
-454320.898961528
-466089.816138557
-478043.958234307
-490183.70064338
-502512.512366192
-515032.896410289
-527745.868543019
-540654.139561233
-553760.059787492
-567065.852484207
-580574.873565167
-594288.4688927
-608208.811469198
-622340.440889068
-636684.944530803
-651244.926474381
-666023.907485722
-681023.580060435
-696249.107406157
-711702.549300754
-727386.19606693
-743304.749943228
-759461.424959117
-775859.752427016
-792502.588182566
-809394.700782405
-826538.932714879
-843940.882203734
-861604.306511828
-879531.232407627
-897727.578486967
-916199.152570789
-934950.124253634
-953983.103387139
-973304.283903788
-992920.557613192
-1012835.19699292
-1033053.88417531
-1053583.13366884
-1074427.96643738
-1095594.65774178
-1117090.59345836
-1138919.47042359
-1161090.03297277
-1183609.64729533
-1206483.82745981
-1229721.85366235
-1253329.3627049
-1277314.97736506
-1301687.98630958
-1326455.37738392
-1351626.65294586
-1377211.86226634
-1403219.21578665
-1429658.37035431
-1456540.61026692
-1483876.54652022
-1511676.26996311
-1539951.99965655
-1568715.52157409
-1597978.84075309
-1627755.89049306
-1658058.32446677
-1688901.60557582
-1720300.46015291
-1752269.20542536
-1784823.82277304
-1817980.90112845
-1851757.60995286
-1886171.17702605
-1921242.10207987
-1956990.0812804
-1993433.64741058
-2030593.52158794
-2068495.21823777
-2107162.74726205
-2146616.20517178
-2186884.05697429
-2227995.07216807
-2269975.1410115
-2312853.7098535
-2356663.83089922
-2401439.75437892
-2447213.51756446
-2494020.71555669
-2541903.06906476
-2590900.39297214
-2641054.14261759
-2692410.87543822
-2745015.62085998
-2798922.71070009
-2854185.48879418
-2910857.7554101
-2969000.58618765
-3028680.22615917
-3089963.43094059
-3152921.31046106
-3217630.38974013
-3284173.76273238
-3352640.38004556
-3423122.56155933
-3495718.2143901
-3570536.16562055
-3647691.88245481
-3727309.15832603
-3809516.15980736
-3894464.91951547
-3982297.19023137
-4073190.63415902
-4167314.13019935
-4264880.14082451
-4366071.15339207
-4471162.45826689
-4580338.79214108
-4693963.9409014
-4812223.06345262
-4935600.62995058
-5064236.38377671
-5198842.64455258
-5339426.9255822
-5487072.40096644
-5641492.1472886
-5804445.39779245
-5975004.60138836
-6156155.14098209
-6345637.40376785
-6548761.87279053
-6760553.98784053
-6990721.50401585
-7228864.67639864
-7493144.24365313
-7762338.96972404
-8070972.6548894
-8376340.51889642
-8744933.40037213
-9091190.43124462
-9544587.70925466
-9934139.56784098
-10513870.1801964
-10942066.1873089
-11720897.7041723
-12165523.3042621
-13276290.5079938
-13674762.8614779
-15369415.2687029
-15569350.5476749
-18342819.8975992
-17997198.3617151
-22858035.4888952
-21196080.3625891
-30272689.7104933
-25629796.8005062
-43648631.9196498
-39549791.814147
-84625885.4092656
-59847214.7683652
-180575622.493651
-161718316.331378
-516726876.799911
-562723016.67342
-1896344503.90306
-3063925013.79123
-3940277051.02583
6354099969.39949
8614975196.85439
4821732722.54816
-6228427800.5954
)
;

boundaryField
{
    electrode
    {
        type            calculated;
        value           uniform -967582179.25569;
    }
    ground
    {
        type            calculated;
        value           uniform -967582918.781173;
    }
    otherfaces
    {
        type            empty;
    }
}


// ************************************************************************* //
