/*--------------------------------*- C++ -*----------------------------------*\
| =========                 |                                                 |
| \\      /  F ield         | foam-extend: Open Source CFD                    |
|  \\    /   O peration     | Version:     4.1                                |
|   \\  /    A nd           | Web:         http://www.foam-extend.org         |
|    \\/     M anipulation  |                                                 |
\*---------------------------------------------------------------------------*/
FoamFile
{
    version     2.0;
    format      ascii;
    class       volScalarField;
    location    "1.50009999935002e-05";
    object      EPotentialMean;
}
// * * * * * * * * * * * * * * * * * * * * * * * * * * * * * * * * * * * * * //

dimensions      [1 2 -3 0 0 -1 0];

internalField   nonuniform List<scalar> 
500
(
0.647355916293738
1.91011480341594
3.1402965524224
4.33748791083832
5.50125074520374
6.63113358305762
7.72671729591321
8.78758177064367
9.81335368266278
10.8036717821835
11.7582415172521
12.6767995852207
13.5591713051712
14.4052508219721
15.2150564014876
15.9886949622136
16.7264181878758
17.4285827603199
18.0956978071899
18.7283872842193
19.3274316012466
19.8937216753105
20.4282882045061
20.9322463730653
21.4068231668717
21.8533012219069
22.2730391141615
22.667409116835
23.0378240449468
23.3856791372219
23.7123729324235
24.0192541264952
24.3076552267567
24.5788366368395
24.8340199949754
25.074344415362
25.300908713339
25.51472094785
25.716740033578
25.9078369270563
26.0888438977414
26.2605126024901
26.4235523347269
26.5785905116847
26.7262234390569
26.8669865060393
27.0014023216383
27.1299291363889
27.2529946901753
27.370958585127
27.4841655413539
27.5929172791117
27.6975249342118
27.7982641577969
27.8954063521159
27.9891774490026
28.0798013030309
28.1674599800202
28.2523378100984
28.3345839749862
28.4143581754757
28.4917920283586
28.5670283979514
28.6401784255582
28.7113632072778
28.7806750388659
28.8482197395957
28.9140777263257
28.9783436722275
29.0410854751684
29.1023847507485
29.1622981066347
29.2208970877698
29.2782289889623
29.3343566811001
29.3893199508627
29.4431749217733
29.4959553383504
29.547711677951
29.5984726010103
29.6482837708744
29.6971695146317
29.7451714470487
29.7923103340344
29.8386243233296
29.8841308990577
29.9288651562728
29.9728424065753
30.0160958255352
30.0586380907466
30.1004987778592
30.1416876217734
30.1822320447083
30.2221400100905
30.2614371983757
30.3001300443827
30.3382426962384
30.3757802516867
30.4127655046634
30.4492023781917
30.4851124630171
30.5204986447948
30.5553814375583
30.5897628064527
30.6236623003563
30.6570810676072
30.6900377905087
30.7225328914444
30.7545842705597
30.7861917006359
30.8173723721245
30.8481254752943
30.8784675550227
30.9083972785395
30.9379306018321
30.9670657210656
30.9958180532835
31.0241853692513
31.0521825905039
31.0798071020218
31.1070733682281
31.1339784246475
31.1605363157609
31.186743763031
31.2126144252933
31.2381447410011
31.2633480131432
31.2882204243687
31.3127749484386
31.3370075362399
31.3609308559454
31.3845406484116
31.407849297344
31.4308523527184
31.4535619329075
31.4759734142747
31.4980986668763
31.5199329089248
31.541487777572
31.5627583467116
31.5837560344627
31.6044757829186
31.6249288037501
31.6451099187037
31.6650301444809
31.6846841927558
31.7040828957547
31.7232208645676
31.7421087565467
31.7607410908328
31.7791283586917
31.797264995209
31.815161333679
31.8328117323443
31.8502263738606
31.8673995463741
31.8843412887655
31.9010458251287
31.9175230568464
31.9337671497642
31.9497878734233
31.9655793406491
31.9811511944947
31.9964974995752
32.0116277773223
32.0265360488485
32.0412317183536
32.0557087676004
32.0699764876087
32.084028824953
32.0978749612855
32.1115088116606
32.1249394516583
32.1381607686138
32.1511817350965
32.1639962142419
32.1766130780564
32.1890261691745
32.2012442613986
32.2132611801125
32.225085602801
32.2367113414701
32.2481469782748
32.2593863157973
32.2704378414202
32.2812953526484
32.2919672418666
32.3024473062281
32.3127438424665
32.3228506522676
32.3327759351291
32.3425135029956
32.3520714558351
32.3614436222142
32.370637999175
32.3796484386645
32.3884828308413
32.3971350587462
32.4056129007048
32.4139102789258
32.422034854396
32.429980597031
32.4377550443007
32.4453522227483
32.452779539919
32.4600310876087
32.4671141368511
32.4740228532317
32.4807643637254
32.4873329133007
32.4937354750474
32.4999663939223
32.5060325227331
32.5119282918978
32.5176603928905
32.5232233505854
32.5286237009939
32.5338560669946
32.5389268093704
32.5438304518219
32.5485722164195
32.5531480240419
32.5575646194943
32.5618163189201
32.5659097866627
32.5698400907712
32.573612739541
32.5772229581836
32.5806761485572
32.5839676740206
32.5871027628673
32.5900768929317
32.5928951137797
32.5955530142954
32.5980554672983
32.6003981706436
32.6025858241947
32.6046142323429
32.6064879264258
32.6082028142801
32.6097632636843
32.6111652821589
32.6124130792788
32.6135027582947
32.6144383762801
32.6152161282953
32.6158399279404
32.6163060655154
32.6166183407893
32.6167730473459
32.6167728639026
32.6166177902828
32.6163051477571
32.6158386435583
32.6152144767957
32.6144363582463
32.6135003733305
32.6124103279694
32.6111621642466
32.6097597796166
32.6081989639473
32.6064837102704
32.6046096503743
32.6025808767924
32.6003928578633
32.5980497895935
32.5955469717605
32.5928887068404
32.590070121761
32.58709562788
32.583960175479
32.5806682868902
32.577214733669
32.5736041526067
32.5698311418051
32.5659004761261
32.5618066473901
32.557554587333
32.5531376303906
32.548561462965
32.5438193377248
32.5389153359667
32.5338442345344
32.5286115103138
32.5232108019887
32.5176474870792
32.5119150292375
32.5060189039098
32.4999524193457
32.4937211454465
32.4873182290133
32.4807493253609
32.4740074614333
32.4670983923277
32.4600149911287
32.4527630920583
32.445335424374
32.4377378960392
32.4299630997629
32.4220170088574
32.4138920859708
32.4055943611577
32.3971161734476
32.3884636006596
32.3796288645251
32.3706180819633
32.3614233629145
32.352050855356
32.3424925622179
32.3327546550252
32.3228290338695
32.3127218868015
32.3024250142595
32.2919446146777
32.281272391218
32.2704145468271
32.2593626892017
32.2481230207141
32.2366870541843
32.2250609867448
32.2132362365091
32.2012189912794
32.1890005738324
32.1765871586562
32.163969971929
32.1511551711072
32.1381338841358
32.124912247831
32.1114812897545
32.0978471225043
32.0840006705533
32.0699480187949
32.0556799856154
32.0412026244575
32.0265066443098
32.011598063341
31.9964674774392
31.9811208653976
31.9655487059695
31.9497569343177
31.933735907527
31.9174915127094
31.9010139803757
31.8843091446204
31.8673671041128
31.8501936347792
31.8327786976809
31.8151280047135
31.7972313731554
31.7790944447388
31.7607068862319
31.7420742625468
31.7231860823297
31.7040478265019
31.6846488377055
31.6649945047774
31.6450739955158
31.6248925981877
31.6044392961463
31.5837192675654
31.5627213008168
31.5414504536452
31.5198953079908
31.4980607899042
31.4759352622645
31.4535235067978
31.4308136535198
31.4078103259063
31.3845014056854
31.3608913427509
31.3369677534073
31.312734896687
31.2881801044901
31.2633074257074
31.2381038865893
31.212573304447
31.1867023762512
31.1604946634941
31.1339365073553
31.1070311862996
31.079764655823
31.0521398803115
31.0241423952783
30.9957748156632
30.9670222198638
30.9378868370085
30.9083532500285
30.8784232625905
30.8480809187142
30.8173275510341
30.7861466146467
30.7545389191852
30.7224872741279
30.6899919066175
30.657034916432
30.6236158810585
30.5897161181745
30.5553344792744
30.5204514154607
30.485064961441
30.4491546031325
30.4127174547484
30.3757319254985
30.3381940922097
30.3000811609143
30.2613880337318
30.2220905624467
30.1821823121624
30.1416376023905
30.1004484695261
30.0585874913269
30.0160449327658
29.9727912181311
29.9288136696642
29.8840791116948
29.8385722326163
29.7922579373601
29.7451187417219
29.697116497911
29.6482304399637
29.5984189531326
29.5476577102219
29.4959010479752
29.4431203058639
29.3892650066351
29.3343014057042
29.2781733796569
29.2208411418228
29.1622418214387
29.1023281236816
29.0410285037978
28.9782863541509
28.9140200593477
28.8481617216419
28.7806166681532
28.7113044822187
28.6401193449859
28.5669689609296
28.4917322343792
28.4142980243411
28.3345234669533
28.2522769460121
28.1673987615686
28.0797397325278
27.9891155293306
27.8953440866233
27.798201550491
27.6974619896809
27.5928540027455
27.4841019395106
27.3708946656706
27.2529304623993
27.1298646109546
27.0013375101994
26.8669214212543
26.7261580946187
26.5785249229266
26.4234865189494
26.2604465790935
26.0887776879525
25.9077705541104
25.7166735229215
25.5146543276564
25.3008420145863
25.0742776722288
24.833953244752
24.5787699206326
24.3075885897867
24.0191876185911
23.7123066081499
23.3856130567019
23.0377582741244
22.6673437279695
22.2729741860831
21.8532368407564
21.4067594259766
20.9321833732475
20.4282260538743
19.8936604893219
19.3273715021157
18.7283284005875
18.0956402734503
17.4285267162322
16.7263637777833
15.9886423344587
15.2150057076494
14.4052022159896
13.5591249422907
12.6767556213623
11.7582001077528
10.8036330816029
9.813317844373
8.78754894662104
7.7266876361844
6.6311072356712
5.50122785587258
4.33746862280237
3.14028100639001
1.91010313789845
0.647348267891532
)
;

boundaryField
{
    electrode
    {
        type            calculated;
        value           uniform 1.00000000043338e-10;
    }
    ground
    {
        type            calculated;
        value           uniform -5.57289278891468e-06;
    }
    otherfaces
    {
        type            empty;
    }
}


// ************************************************************************* //
