/*--------------------------------*- C++ -*----------------------------------*\
| =========                 |                                                 |
| \\      /  F ield         | foam-extend: Open Source CFD                    |
|  \\    /   O peration     | Version:     4.1                                |
|   \\  /    A nd           | Web:         http://www.foam-extend.org         |
|    \\/     M anipulation  |                                                 |
\*---------------------------------------------------------------------------*/
FoamFile
{
    version     2.0;
    format      ascii;
    class       volVectorField;
    location    "1.50009999935002e-05";
    object      term3;
}
// * * * * * * * * * * * * * * * * * * * * * * * * * * * * * * * * * * * * * //

dimensions      [0 -2 -2 0 0 0 0];

internalField   nonuniform List<vector> 
500
(
(-1.68068665407557e+27 -0 -0)
(-1.67799517393111e+27 -0 -0)
(-1.66195438106964e+27 -0 -0)
(-1.64469221394522e+27 -0 -0)
(-1.62970882401011e+27 -0 -0)
(-1.61061737279023e+27 -0 -0)
(-1.59383379094471e+27 -0 -0)
(-1.57299889215026e+27 -0 -0)
(-1.55431941245944e+27 -0 -0)
(-1.53167125432796e+27 -0 -0)
(-1.51091760932455e+27 -0 -0)
(-1.48633929366705e+27 -0 -0)
(-1.46302940405515e+27 -0 -0)
(-1.43580147845424e+27 -0 -0)
(-1.40969187909123e+27 -0 -0)
(-1.37988855810518e+27 -0 -0)
(-1.35101723364472e+27 -0 -0)
(-1.31879811267551e+27 -0 -0)
(-1.28732814072817e+27 -0 -0)
(-1.25288407023395e+27 -0 -0)
(-1.21923382617203e+27 -0 -0)
(-1.18315877303125e+27 -0 -0)
(-1.1480529271154e+27 -0 -0)
(-1.1110906012926e+27 -0 -0)
(-1.07531604367648e+27 -0 -0)
(-1.03831422615101e+27 -0 -0)
(-1.00280730802396e+27 -0 -0)
(-9.66641637049346e+26 -0 -0)
(-9.32204779991645e+26 -0 -0)
(-8.97683820119355e+26 -0 -0)
(-8.6510062107701e+26 -0 -0)
(-8.3277414926737e+26 -0 -0)
(-8.02530659549172e+26 -0 -0)
(-7.72892329118106e+26 -0 -0)
(-7.45369526742619e+26 -0 -0)
(-7.18579364866313e+26 -0 -0)
(-6.93889540191413e+26 -0 -0)
(-6.70038773236878e+26 -0 -0)
(-6.48154082712266e+26 -0 -0)
(-6.27075385015754e+26 -0 -0)
(-6.07813090437817e+26 -0 -0)
(-5.89395771665555e+26 -0 -0)
(-5.72639362915613e+26 -0 -0)
(-5.56554532416295e+26 -0 -0)
(-5.41888691234665e+26 -0 -0)
(-5.27844518644652e+26 -0 -0)
(-5.1521517534026e+26 -0 -0)
(-5.03199447574065e+26 -0 -0)
(-4.92314643903979e+26 -0 -0)
(-4.81742869279889e+26 -0 -0)
(-4.72033296769053e+26 -0 -0)
(-4.62579628154438e+26 -0 -0)
(-4.54051888210172e+26 -0 -0)
(-4.4590500219172e+26 -0 -0)
(-4.38609045513373e+26 -0 -0)
(-4.31557804598821e+26 -0 -0)
(-4.25195893068293e+26 -0 -0)
(-4.18953372796916e+26 -0 -0)
(-4.13262785919928e+26 -0 -0)
(-4.07623124253706e+26 -0 -0)
(-4.02499930908317e+26 -0 -0)
(-3.9745484982454e+26 -0 -0)
(-3.92901196734589e+26 -0 -0)
(-3.88376000902507e+26 -0 -0)
(-3.84267739858737e+26 -0 -0)
(-3.80153124560814e+26 -0 -0)
(-3.76427046532718e+26 -0 -0)
(-3.7269767131253e+26 -0 -0)
(-3.69330725426395e+26 -0 -0)
(-3.65926886063808e+26 -0 -0)
(-3.62837372003162e+26 -0 -0)
(-3.59689706174461e+26 -0 -0)
(-3.5682291710668e+26 -0 -0)
(-3.5387757060021e+26 -0 -0)
(-3.51185119664968e+26 -0 -0)
(-3.48404042279074e+26 -0 -0)
(-3.45856880503666e+26 -0 -0)
(-3.43214902719061e+26 -0 -0)
(-3.40791207471921e+26 -0 -0)
(-3.3826825972576e+26 -0 -0)
(-3.35949847206317e+26 -0 -0)
(-3.33529362950148e+26 -0 -0)
(-3.31303004761295e+26 -0 -0)
(-3.28973778414376e+26 -0 -0)
(-3.26827476873926e+26 -0 -0)
(-3.24575575192585e+26 -0 -0)
(-3.22502252735532e+26 -0 -0)
(-3.20333824112822e+26 -0 -0)
(-3.18337817670787e+26 -0 -0)
(-3.16231720147203e+26 -0 -0)
(-3.14278079433584e+26 -0 -0)
(-3.12212499013085e+26 -0 -0)
(-3.10293343984708e+26 -0 -0)
(-3.08263398909594e+26 -0 -0)
(-3.06374552594937e+26 -0 -0)
(-3.04376206642978e+26 -0 -0)
(-3.02514033642807e+26 -0 -0)
(-3.0054374477055e+26 -0 -0)
(-2.98705056534347e+26 -0 -0)
(-2.96759705208929e+26 -0 -0)
(-2.9494169348373e+26 -0 -0)
(-2.93018522563007e+26 -0 -0)
(-2.91218705355033e+26 -0 -0)
(-2.89315268543544e+26 -0 -0)
(-2.87531444589724e+26 -0 -0)
(-2.85645564997543e+26 -0 -0)
(-2.83875778894107e+26 -0 -0)
(-2.82005516636304e+26 -0 -0)
(-2.80248026117179e+26 -0 -0)
(-2.78391645985338e+26 -0 -0)
(-2.76644893847049e+26 -0 -0)
(-2.7480084161914e+26 -0 -0)
(-2.73063436261489e+26 -0 -0)
(-2.71230317217118e+26 -0 -0)
(-2.69501011922273e+26 -0 -0)
(-2.67677572448691e+26 -0 -0)
(-2.65955247353475e+26 -0 -0)
(-2.64140359101112e+26 -0 -0)
(-2.62424009015331e+26 -0 -0)
(-2.60616654257569e+26 -0 -0)
(-2.58905375659303e+26 -0 -0)
(-2.57104639319764e+26 -0 -0)
(-2.55397619492545e+26 -0 -0)
(-2.53602672396979e+26 -0 -0)
(-2.518991786606e+26 -0 -0)
(-2.50109273783797e+26 -0 -0)
(-2.48408647892973e+26 -0 -0)
(-2.4662311041275e+26 -0 -0)
(-2.44924760132635e+26 -0 -0)
(-2.43142982039092e+26 -0 -0)
(-2.41446374599176e+26 -0 -0)
(-2.3966780491146e+26 -0 -0)
(-2.379724616579e+26 -0 -0)
(-2.36196605755384e+26 -0 -0)
(-2.34502097158469e+26 -0 -0)
(-2.32728508791819e+26 -0 -0)
(-2.31034450050148e+26 -0 -0)
(-2.29262726343976e+26 -0 -0)
(-2.27568772276252e+26 -0 -0)
(-2.2579855314766e+26 -0 -0)
(-2.24104398195544e+26 -0 -0)
(-2.22335359534463e+26 -0 -0)
(-2.20640729832637e+26 -0 -0)
(-2.1887258269612e+26 -0 -0)
(-2.17177235276155e+26 -0 -0)
(-2.15409722211782e+26 -0 -0)
(-2.13713445854563e+26 -0 -0)
(-2.11946337383878e+26 -0 -0)
(-2.1024894390634e+26 -0 -0)
(-2.08482039892052e+26 -0 -0)
(-2.06783367759315e+26 -0 -0)
(-2.05016489036771e+26 -0 -0)
(-2.03316397065364e+26 -0 -0)
(-2.01549390431775e+26 -0 -0)
(-1.99847760379559e+26 -0 -0)
(-1.98080493145882e+26 -0 -0)
(-1.96377224494319e+26 -0 -0)
(-1.94609582786013e+26 -0 -0)
(-1.92904593442002e+26 -0 -0)
(-1.91136481853525e+26 -0 -0)
(-1.89429706230231e+26 -0 -0)
(-1.87661047343723e+26 -0 -0)
(-1.85952433294656e+26 -0 -0)
(-1.84183162886024e+26 -0 -0)
(-1.8247267670536e+26 -0 -0)
(-1.80702749738957e+26 -0 -0)
(-1.78990366682819e+26 -0 -0)
(-1.77219746878435e+26 -0 -0)
(-1.75505456931005e+26 -0 -0)
(-1.73734122835977e+26 -0 -0)
(-1.72017926202613e+26 -0 -0)
(-1.70245870286505e+26 -0 -0)
(-1.68527779721706e+26 -0 -0)
(-1.66755002424839e+26 -0 -0)
(-1.65035037933704e+26 -0 -0)
(-1.6326155193471e+26 -0 -0)
(-1.61539745245424e+26 -0 -0)
(-1.59765572868488e+26 -0 -0)
(-1.58041962532599e+26 -0 -0)
(-1.56267134746337e+26 -0 -0)
(-1.54541768848137e+26 -0 -0)
(-1.527663265898e+26 -0 -0)
(-1.51039259597237e+26 -0 -0)
(-1.49263250676366e+26 -0 -0)
(-1.47534544418413e+26 -0 -0)
(-1.45758024592659e+26 -0 -0)
(-1.44027747661249e+26 -0 -0)
(-1.422507803681e+26 -0 -0)
(-1.40519007129418e+26 -0 -0)
(-1.38741662377753e+26 -0 -0)
(-1.37008472866598e+26 -0 -0)
(-1.352308249287e+26 -0 -0)
(-1.33496306701273e+26 -0 -0)
(-1.31718439007484e+26 -0 -0)
(-1.29982682105522e+26 -0 -0)
(-1.28204679090649e+26 -0 -0)
(-1.26467783021135e+26 -0 -0)
(-1.2468973515832e+26 -0 -0)
(-1.22951802594355e+26 -0 -0)
(-1.21173804132543e+26 -0 -0)
(-1.19434944179635e+26 -0 -0)
(-1.1765709101933e+26 -0 -0)
(-1.15917419436393e+26 -0 -0)
(-1.1413981040284e+26 -0 -0)
(-1.12399447611472e+26 -0 -0)
(-1.10622182955319e+26 -0 -0)
(-1.08881254799605e+26 -0 -0)
(-1.07104439854574e+26 -0 -0)
(-1.05363076242389e+26 -0 -0)
(-1.03586816391846e+26 -0 -0)
(-1.01845147822269e+26 -0 -0)
(-1.00069555912187e+26 -0 -0)
(-9.83277173268351e+25 -0 -0)
(-9.65529121045491e+25 -0 -0)
(-9.48110337356059e+25 -0 -0)
(-9.30371604102878e+25 -0 -0)
(-9.12953511218659e+25 -0 -0)
(-8.952172232576e+25 -0 -0)
(-8.77726790029987e+25 -0 -0)
(-8.59670563106062e+25 -0 -0)
(-8.42356496092164e+25 -0 -0)
(-8.24824200327956e+25 -0 -0)
(-8.07494746251308e+25 -0 -0)
(-7.899136547027e+25 -0 -0)
(-7.72560660531728e+25 -0 -0)
(-7.54989542223403e+25 -0 -0)
(-7.37633015492174e+25 -0 -0)
(-7.20078418797733e+25 -0 -0)
(-7.02720016405241e+25 -0 -0)
(-6.85181869746216e+25 -0 -0)
(-6.67820500240594e+25 -0 -0)
(-6.50298535205965e+25 -0 -0)
(-6.32934433643261e+25 -0 -0)
(-6.15427876795413e+25 -0 -0)
(-5.98060251836622e+25 -0 -0)
(-5.80568432803861e+25 -0 -0)
(-5.63197075649205e+25 -0 -0)
(-5.45719115533988e+25 -0 -0)
(-5.28344441598641e+25 -0 -0)
(-5.10879370273221e+25 -0 -0)
(-4.93501355538694e+25 -0 -0)
(-4.76048607083579e+25 -0 -0)
(-4.58667937783534e+25 -0 -0)
(-4.41226610160088e+25 -0 -0)
(-4.23844076374257e+25 -0 -0)
(-4.06413040303308e+25 -0 -0)
(-3.89030795149916e+25 -0 -0)
(-3.71611779481528e+25 -0 -0)
(-3.54231942726537e+25 -0 -0)
(-3.36766208439127e+25 -0 -0)
(-3.19461292457282e+25 -0 -0)
(-3.02018309819803e+25 -0 -0)
(-2.84619829475048e+25 -0 -0)
(-2.67240806244032e+25 -0 -0)
(-2.49846373722979e+25 -0 -0)
(-2.32468103555335e+25 -0 -0)
(-2.15076434395637e+25 -0 -0)
(-1.9770196766622e+25 -0 -0)
(-1.80314183693611e+25 -0 -0)
(-1.62943236123243e+25 -0 -0)
(-1.45559899694067e+25 -0 -0)
(-1.28191662515123e+25 -0 -0)
(-1.10813556154928e+25 -0 -0)
(-9.34473632820376e+24 -0 -0)
(-7.60744654520418e+24 -0 -0)
(-5.87092952442743e+24 -0 -0)
(-4.13424916162885e+24 -0 -0)
(-2.39772635045681e+24 -0 -0)
(-6.61656991712935e+23 -0 -0)
(1.07495333794638e+24 -0 -0)
(2.81044297365679e+24 -0 -0)
(4.54731104514232e+24 -0 -0)
(6.28216717768362e+24 -0 -0)
(8.01932823566444e+24 -0 -0)
(9.75355147238548e+24 -0 -0)
(1.1491038349484e+25 -0 -0)
(1.32244630338272e+25 -0 -0)
(1.49617457895713e+25 -0 -0)
(1.66922742488155e+25 -0 -0)
(1.84235217216175e+25 -0 -0)
(2.01517812646947e+25 -0 -0)
(2.19326779010218e+25 -0 -0)
(2.36804174651045e+25 -0 -0)
(2.54275844697718e+25 -0 -0)
(2.71667872289518e+25 -0 -0)
(2.89134619151091e+25 -0 -0)
(3.06515556062074e+25 -0 -0)
(3.23984128145422e+25 -0 -0)
(3.41353015743958e+25 -0 -0)
(3.58821742301187e+25 -0 -0)
(3.76177308999819e+25 -0 -0)
(3.93644626559955e+25 -0 -0)
(4.10985625551948e+25 -0 -0)
(4.28450024228657e+25 -0 -0)
(4.45775181944984e+25 -0 -0)
(4.6323516721529e+25 -0 -0)
(4.80543219425969e+25 -0 -0)
(4.97997361621235e+25 -0 -0)
(5.15287069266446e+25 -0 -0)
(5.32733976620469e+25 -0 -0)
(5.50004124270682e+25 -0 -0)
(5.67442424327476e+25 -0 -0)
(5.84691784675272e+25 -0 -0)
(6.02120138134252e+25 -0 -0)
(6.1934751775758e+25 -0 -0)
(6.36764636581938e+25 -0 -0)
(6.53968877888923e+25 -0 -0)
(6.71373491926533e+25 -0 -0)
(6.88553440057718e+25 -0 -0)
(7.0594432589461e+25 -0 -0)
(7.23098844358593e+25 -0 -0)
(7.40474828230023e+25 -0 -0)
(7.5760283800362e+25 -0 -0)
(7.74962776305364e+25 -0 -0)
(7.92063201792634e+25 -0 -0)
(8.09406024842214e+25 -0 -0)
(8.26477821516267e+25 -0 -0)
(8.43802476861177e+25 -0 -0)
(8.60844646368895e+25 -0 -0)
(8.78150176287703e+25 -0 -0)
(8.95161756220923e+25 -0 -0)
(9.12447221008824e+25 -0 -0)
(9.29427287220349e+25 -0 -0)
(9.46691834135916e+25 -0 -0)
(9.63639515070828e+25 -0 -0)
(9.80882346464921e+25 -0 -0)
(9.97796823324276e+25 -0 -0)
(1.01501720305389e+26 -0 -0)
(1.03189770885132e+26 -0 -0)
(1.04909498426384e+26 -0 -0)
(1.0659408302391e+26 -0 -0)
(1.08311441614558e+26 -0 -0)
(1.09992497765081e+26 -0 -0)
(1.11707438739682e+26 -0 -0)
(1.13384911524461e+26 -0 -0)
(1.15097392911444e+26 -0 -0)
(1.16771236140682e+26 -0 -0)
(1.18481227930174e+26 -0 -0)
(1.20151405118755e+26 -0 -0)
(1.21858887214146e+26 -0 -0)
(1.23525371645169e+26 -0 -0)
(1.25230334084702e+26 -0 -0)
(1.26893110512273e+26 -0 -0)
(1.2859555855334e+26 -0 -0)
(1.30254623323931e+26 -0 -0)
(1.31954573756384e+26 -0 -0)
(1.33609936592085e+26 -0 -0)
(1.35307421526399e+26 -0 -0)
(1.3695910801492e+26 -0 -0)
(1.3865417606215e+26 -0 -0)
(1.40302226755142e+26 -0 -0)
(1.41994945119707e+26 -0 -0)
(1.43639417315936e+26 -0 -0)
(1.45329871134726e+26 -0 -0)
(1.4697084322838e+26 -0 -0)
(1.48659139722161e+26 -0 -0)
(1.50296709946194e+26 -0 -0)
(1.51982980934538e+26 -0 -0)
(1.53617271704365e+26 -0 -0)
(1.55301672436718e+26 -0 -0)
(1.56932831983038e+26 -0 -0)
(1.58615548760509e+26 -0 -0)
(1.60243752526357e+26 -0 -0)
(1.61925000057858e+26 -0 -0)
(1.63550455662116e+26 -0 -0)
(1.65230485304107e+26 -0 -0)
(1.66853434528298e+26 -0 -0)
(1.68532534634329e+26 -0 -0)
(1.70153258138107e+26 -0 -0)
(1.71831758180826e+26 -0 -0)
(1.73450577439322e+26 -0 -0)
(1.751288552803e+26 -0 -0)
(1.76746140346897e+26 -0 -0)
(1.78424623943249e+26 -0 -0)
(1.80040795650096e+26 -0 -0)
(1.81719968216319e+26 -0 -0)
(1.83335505298246e+26 -0 -0)
(1.85015917611432e+26 -0 -0)
(1.86631363803495e+26 -0 -0)
(1.88313632117628e+26 -0 -0)
(1.89929603118949e+26 -0 -0)
(1.91614429640809e+26 -0 -0)
(1.93231622410519e+26 -0 -0)
(1.94919789077047e+26 -0 -0)
(1.96538986911504e+26 -0 -0)
(1.98231375944354e+26 -0 -0)
(1.99853463644616e+26 -0 -0)
(2.01551068938623e+26 -0 -0)
(2.03177044225572e+26 -0 -0)
(2.04880978995911e+26 -0 -0)
(2.06511965018454e+26 -0 -0)
(2.08223483319082e+26 -0 -0)
(2.0986074664042e+26 -0 -0)
(2.11581257576442e+26 -0 -0)
(2.13226224521476e+26 -0 -0)
(2.14957313010762e+26 -0 -0)
(2.16611593496817e+26 -0 -0)
(2.18355045196261e+26 -0 -0)
(2.20020456929867e+26 -0 -0)
(2.21778282934001e+26 -0 -0)
(2.23456876511866e+26 -0 -0)
(2.2523134696921e+26 -0 -0)
(2.2692544338462e+26 -0 -0)
(2.28719121455152e+26 -0 -0)
(2.30431349027454e+26 -0 -0)
(2.3224713686665e+26 -0 -0)
(2.33980475012466e+26 -0 -0)
(2.35821658497594e+26 -0 -0)
(2.37579491569182e+26 -0 -0)
(2.39449803373559e+26 -0 -0)
(2.41236002175719e+26 -0 -0)
(2.43139961544182e+26 -0 -0)
(2.44962015731229e+26 -0 -0)
(2.4692052728829e+26 -0 -0)
(2.48812425100312e+26 -0 -0)
(2.50846587468923e+26 -0 -0)
(2.5280414236545e+26 -0 -0)
(2.54907140346984e+26 -0 -0)
(2.56936567223291e+26 -0 -0)
(2.59121590502734e+26 -0 -0)
(2.61234151168463e+26 -0 -0)
(2.63511395780317e+26 -0 -0)
(2.65719136720972e+26 -0 -0)
(2.68103778211847e+26 -0 -0)
(2.70423386081131e+26 -0 -0)
(2.72933726278581e+26 -0 -0)
(2.7538503936414e+26 -0 -0)
(2.78043889219278e+26 -0 -0)
(2.80653284901051e+26 -0 -0)
(2.83495369952279e+26 -0 -0)
(2.8630746299529e+26 -0 -0)
(2.89382595354991e+26 -0 -0)
(2.92447664857083e+26 -0 -0)
(2.95819248456793e+26 -0 -0)
(2.99212528117544e+26 -0 -0)
(3.02934914540823e+26 -0 -0)
(3.06673781730126e+26 -0 -0)
(3.10763527814915e+26 -0 -0)
(3.14899633912339e+26 -0 -0)
(3.19452395038143e+26 -0 -0)
(3.24095895060522e+26 -0 -0)
(3.29174356685764e+26 -0 -0)
(3.34310980041796e+26 -0 -0)
(3.3990352137303e+26 -0 -0)
(3.45609513483371e+26 -0 -0)
(3.51890443518626e+26 -0 -0)
(3.58395508853515e+26 -0 -0)
(3.65616500664974e+26 -0 -0)
(3.73179504919998e+26 -0 -0)
(3.8151678087835e+26 -0 -0)
(3.90065440373601e+26 -0 -0)
(3.99297453881416e+26 -0 -0)
(4.08763499595817e+26 -0 -0)
(4.1913504510838e+26 -0 -0)
(4.30003777172574e+26 -0 -0)
(4.42026554299704e+26 -0 -0)
(4.5454496021129e+26 -0 -0)
(4.68192926382139e+26 -0 -0)
(4.82352189272671e+26 -0 -0)
(4.978334968253e+26 -0 -0)
(5.13973454165078e+26 -0 -0)
(5.31568300209855e+26 -0 -0)
(5.49787230350228e+26 -0 -0)
(5.69586041335933e+26 -0 -0)
(5.9005010754737e+26 -0 -0)
(6.12229558354863e+26 -0 -0)
(6.35017668027556e+26 -0 -0)
(6.59570238957409e+26 -0 -0)
(6.84673794521662e+26 -0 -0)
(7.11575250973334e+26 -0 -0)
(7.38806740479823e+26 -0 -0)
(7.67788985319785e+26 -0 -0)
(7.96900420274338e+26 -0 -0)
(8.27679081823897e+26 -0 -0)
(8.58197759757542e+26 -0 -0)
(8.90276739338554e+26 -0 -0)
(9.21702208385429e+26 -0 -0)
(9.54508913129356e+26 -0 -0)
(9.86193175162405e+26 -0 -0)
(1.01912339173749e+27 -0 -0)
(1.05047261444309e+27 -0 -0)
(1.08293214952409e+27 -0 -0)
(1.11332113949885e+27 -0 -0)
(1.14475163321077e+27 -0 -0)
(1.17372280082956e+27 -0 -0)
(1.20382713216981e+27 -0 -0)
(1.2310734338884e+27 -0 -0)
(1.25952694521818e+27 -0 -0)
(1.28480469190868e+27 -0 -0)
(1.31132493417229e+27 -0 -0)
(1.33462348853661e+27 -0 -0)
(1.35962834280987e+27 -0 -0)
(1.38117767132798e+27 -0 -0)
(1.4046001770369e+27 -0 -0)
(1.42440214093243e+27 -0 -0)
(1.4461683920709e+27 -0 -0)
(1.46419126221746e+27 -0 -0)
(1.48412832024485e+27 -0 -0)
(1.50285924121424e+27 -0 -0)
(1.50946409790028e+27 -0 -0)
)
;

boundaryField
{
    electrode
    {
        type            calculated;
        value           uniform (-1.70180877301466e+27 -0 -0);
    }
    ground
    {
        type            calculated;
        value           uniform (1.53047479554257e+27 -0 -0);
    }
    otherfaces
    {
        type            empty;
    }
}


// ************************************************************************* //
