/*--------------------------------*- C++ -*----------------------------------*\
| =========                 |                                                 |
| \\      /  F ield         | foam-extend: Open Source CFD                    |
|  \\    /   O peration     | Version:     4.1                                |
|   \\  /    A nd           | Web:         http://www.foam-extend.org         |
|    \\/     M anipulation  |                                                 |
\*---------------------------------------------------------------------------*/
FoamFile
{
    version     2.0;
    format      ascii;
    class       volVectorField;
    location    "1.50009999935002e-05";
    object      totalIonFlux;
}
// * * * * * * * * * * * * * * * * * * * * * * * * * * * * * * * * * * * * * //

dimensions      [0 -2 0 0 0 1 0];

internalField   nonuniform List<vector> 
500
(
(-255.638854140355 0 0)
(-255.57490327249 0 0)
(-255.666324280754 0 0)
(-255.562486876232 0 0)
(-255.656232200786 0 0)
(-255.554532835537 0 0)
(-255.645362530388 0 0)
(-255.546690878241 0 0)
(-255.633152218339 0 0)
(-255.536535562313 0 0)
(-255.610904623064 0 0)
(-255.509538035506 0 0)
(-255.578340017834 0 0)
(-255.47757810868 0 0)
(-255.537445671681 0 0)
(-255.435591858545 0 0)
(-255.477521454252 0 0)
(-255.366043464828 0 0)
(-255.396029162672 0 0)
(-255.278826703804 0 0)
(-255.291495363984 0 0)
(-255.158575283698 0 0)
(-255.150401804669 0 0)
(-255.006146018914 0 0)
(-254.976677981449 0 0)
(-254.81264356993 0 0)
(-254.757705929114 0 0)
(-254.577300061615 0 0)
(-254.496122811028 0 0)
(-254.292515431712 0 0)
(-254.184803320194 0 0)
(-253.960502968044 0 0)
(-253.823906997312 0 0)
(-253.575853796176 0 0)
(-253.410751340402 0 0)
(-253.13952347079 0 0)
(-252.945863691441 0 0)
(-252.652021916817 0 0)
(-252.428652216728 0 0)
(-252.11096409512 0 0)
(-251.86054670507 0 0)
(-251.520033200591 0 0)
(-251.241828097546 0 0)
(-250.877496565309 0 0)
(-250.572658004577 0 0)
(-250.186565015813 0 0)
(-249.855973990937 0 0)
(-249.44645690771 0 0)
(-249.090131482724 0 0)
(-248.658630961145 0 0)
(-248.277785616888 0 0)
(-247.824940375433 0 0)
(-247.420385649713 0 0)
(-246.945666919711 0 0)
(-246.517035006764 0 0)
(-246.020745052231 0 0)
(-245.568507548472 0 0)
(-245.050946874097 0 0)
(-244.575560882783 0 0)
(-244.037109523547 0 0)
(-243.539302257359 0 0)
(-242.98024871562 0 0)
(-242.459952945506 0 0)
(-241.880109088185 0 0)
(-241.33748838532 0 0)
(-240.737011040622 0 0)
(-240.172239105846 0 0)
(-239.551104257119 0 0)
(-238.964338329531 0 0)
(-238.322856196758 0 0)
(-237.714358511973 0 0)
(-237.052491780383 0 0)
(-236.42234613587 0 0)
(-235.740162447526 0 0)
(-235.088533036644 0 0)
(-234.386126196409 0 0)
(-233.713153789286 0 0)
(-232.990596848827 0 0)
(-232.296412799313 0 0)
(-231.553783660835 0 0)
(-230.838521342442 0 0)
(-230.075906615498 0 0)
(-229.339698548476 0 0)
(-228.557183635672 0 0)
(-227.800163913376 0 0)
(-226.997834982293 0 0)
(-226.220105558746 0 0)
(-225.398007641261 0 0)
(-224.599631139233 0 0)
(-223.757860189497 0 0)
(-222.939062915477 0 0)
(-222.077812640778 0 0)
(-221.238773337337 0 0)
(-220.358161502117 0 0)
(-219.499034909077 0 0)
(-218.599190635092 0 0)
(-217.720137128958 0 0)
(-216.801197493292 0 0)
(-215.902383757465 0 0)
(-214.964493689456 0 0)
(-214.046092489123 0 0)
(-213.089404567681 0 0)
(-212.151594630239 0 0)
(-211.176268827452 0 0)
(-210.219234841256 0 0)
(-209.225438235164 0 0)
(-208.249370670353 0 0)
(-207.237277262662 0 0)
(-206.242372147853 0 0)
(-205.212162487185 0 0)
(-204.198621238121 0 0)
(-203.150482267349 0 0)
(-202.118511510139 0 0)
(-201.052636124968 0 0)
(-200.002447451077 0 0)
(-198.919034407699 0 0)
(-197.850844118031 0 0)
(-196.750097517871 0 0)
(-195.664126402824 0 0)
(-194.546255385893 0 0)
(-193.44272839794 0 0)
(-192.307946564022 0 0)
(-191.187091442839 0 0)
(-190.035616987787 0 0)
(-188.89766771503 0 0)
(-187.72972496545 0 0)
(-186.57491945433 0 0)
(-185.390737075251 0 0)
(-184.219316766706 0 0)
(-183.019127369183 0 0)
(-181.831336987821 0 0)
(-180.615376887952 0 0)
(-179.411464431314 0 0)
(-178.179973392108 0 0)
(-176.960189574515 0 0)
(-175.713410658305 0 0)
(-174.478009016137 0 0)
(-173.216188243585 0 0)
(-171.965424713729 0 0)
(-170.688810942474 0 0)
(-169.42294384179 0 0)
(-168.13178838973 0 0)
(-166.85107809925 0 0)
(-165.545634771037 0 0)
(-164.250343551939 0 0)
(-162.930868260331 0 0)
(-161.621260237863 0 0)
(-160.288010967533 0 0)
(-158.964351789318 0 0)
(-157.617588237995 0 0)
(-156.280144996616 0 0)
(-154.92012863046 0 0)
(-153.569169763782 0 0)
(-152.196163435814 0 0)
(-150.831958463901 0 0)
(-149.446226477611 0 0)
(-148.069045948188 0 0)
(-146.670853798335 0 0)
(-145.280969270027 0 0)
(-143.870583456422 0 0)
(-142.468267082398 0 0)
(-141.045955199209 0 0)
(-139.63147990884 0 0)
(-138.197510284941 0 0)
(-136.771149607797 0 0)
(-135.325791362487 0 0)
(-133.88781918188 0 0)
(-132.431342016574 0 0)
(-130.982032709944 0 0)
(-129.514706881289 0 0)
(-128.054335054738 0 0)
(-126.576431370295 0 0)
(-125.105271842829 0 0)
(-123.617061319118 0 0)
(-122.135389049474 0 0)
(-120.637143167192 0 0)
(-119.145233248887 0 0)
(-117.637223640222 0 0)
(-116.13535100709 0 0)
(-114.617849549969 0 0)
(-113.10628918127 0 0)
(-111.579567929734 0 0)
(-110.058594579883 0 0)
(-108.522925696299 0 0)
(-106.992813901274 0 0)
(-105.448469675793 0 0)
(-103.909493668353 0 0)
(-102.35674653653 0 0)
(-100.80918006867 0 0)
(-99.2483025596816 0 0)
(-97.6924189476389 0 0)
(-96.1236838111579 0 0)
(-94.5597557128399 0 0)
(-92.9834358722941 0 0)
(-91.411735238821 0 0)
(-89.8281038784371 0 0)
(-88.2489018376816 0 0)
(-86.6582324638271 0 0)
(-85.0717992067839 0 0)
(-83.4743656818017 0 0)
(-81.8809703434234 0 0)
(-80.2770470039085 0 0)
(-78.6769576064628 0 0)
(-77.0668193157915 0 0)
(-75.4603026761172 0 0)
(-73.8442247759782 0 0)
(-72.2315464698957 0 0)
(-70.6098050062716 0 0)
(-68.9912291560026 0 0)
(-67.3641004725883 0 0)
(-65.7398897354534 0 0)
(-64.1076511485284 0 0)
(-62.4780664080047 0 0)
(-60.8409945594362 0 0)
(-59.2062967465242 0 0)
(-57.5646716296897 0 0)
(-55.9251179557093 0 0)
(-54.2792213433304 0 0)
(-52.6351987130281 0 0)
(-50.9850902005542 0 0)
(-49.3365204946424 0 0)
(-47.6828988541077 0 0)
(-46.0305762696718 0 0)
(-44.3732183501099 0 0)
(-42.7172276429614 0 0)
(-41.0565491653656 0 0)
(-39.3971915888679 0 0)
(-37.7333910162575 0 0)
(-36.0708938779294 0 0)
(-34.4043180756153 0 0)
(-32.7389789402021 0 0)
(-31.0698183967074 0 0)
(-29.4019160137678 0 0)
(-27.7304263297286 0 0)
(-26.0602246228322 0 0)
(-24.3867118241312 0 0)
(-22.7144580391001 0 0)
(-21.0391533986471 0 0)
(-19.3651178217274 0 0)
(-17.6883077199274 0 0)
(-16.0127706500067 0 0)
(-14.334689561898 0 0)
(-12.6579049509215 0 0)
(-10.9788133389039 0 0)
(-9.30106151408876 0 0)
(-7.62122989369217 0 0)
(-5.94276301687436 0 0)
(-4.26245430013126 0 0)
(-2.58344514632754 0 0)
(-0.903063671512723 0 0)
(0.776120048105713 0 0)
(2.45650375341976 0 0)
(4.13552376914268 0 0)
(5.81584437663129 0 0)
(7.49433173466514 0 0)
(9.17417631904376 0 0)
(10.8519482641576 0 0)
(12.531067898862 0 0)
(14.2078937209183 0 0)
(15.8860085532003 0 0)
(17.5615825700736 0 0)
(19.238449560518 0 0)
(20.9125273298013 0 0)
(22.5878656293472 0 0)
(24.2602026396777 0 0)
(25.9337591380064 0 0)
(27.6040462425531 0 0)
(29.2755739915652 0 0)
(30.9435669595231 0 0)
(32.6128329350367 0 0)
(34.2782671747341 0 0)
(35.9449387491169 0 0)
(37.6075113651006 0 0)
(39.27138060512 0 0)
(40.9308519405947 0 0)
(42.5916266280206 0 0)
(44.2477197152438 0 0)
(45.905152298945 0 0)
(47.5575871851505 0 0)
(49.2113174707837 0 0)
(50.8600765351565 0 0)
(52.5100025019864 0 0)
(54.1540843775055 0 0)
(55.8000360586126 0 0)
(57.4396581162665 0 0)
(59.0813377921842 0 0)
(60.7161056667623 0 0)
(62.3532331704538 0 0)
(63.9828891637389 0 0)
(65.6151862356789 0 0)
(67.2394697104615 0 0)
(68.8666582515799 0 0)
(70.4853076945145 0 0)
(72.1071102474248 0 0)
(73.7198627654972 0 0)
(75.3360028632088 0 0)
(76.9425945660232 0 0)
(78.5527963245979 0 0)
(80.1529618150907 0 0)
(81.7569499811805 0 0)
(83.3504226590611 0 0)
(84.9479224369012 0 0)
(86.5344342837132 0 0)
(88.125171357672 0 0)
(89.7044532690745 0 0)
(91.2881537636517 0 0)
(92.8599356380225 0 0)
(94.4363260344991 0 0)
(96.0003367894486 0 0)
(97.5691439582647 0 0)
(99.1251116812804 0 0)
(100.686062793035 0 0)
(102.233714912094 0 0)
(103.786537239575 0 0)
(105.325600519616 0 0)
(106.870021559907 0 0)
(108.400222244142 0 0)
(109.935969618326 0 0)
(111.45703359098 0 0)
(112.983835050171 0 0)
(114.495487838912 0 0)
(116.01307128951 0 0)
(117.515038148587 0 0)
(119.023131578748 0 0)
(120.515137698032 0 0)
(122.013469334788 0 0)
(123.495239720342 0 0)
(124.9835378979 0 0)
(126.454797605497 0 0)
(127.932791035276 0 0)
(129.393265118825 0 0)
(130.860682737904 0 0)
(132.310096464323 0 0)
(133.766667639333 0 0)
(135.204746501586 0 0)
(136.650200969807 0 0)
(138.076670641652 0 0)
(139.510738756517 0 0)
(140.925325392164 0 0)
(142.347738164738 0 0)
(143.750168351377 0 0)
(145.160657458537 0 0)
(146.550658358497 0 0)
(147.948956339684 0 0)
(149.326255807491 0 0)
(150.712096177737 0 0)
(152.076422795122 0 0)
(153.449540206804 0 0)
(154.800623490579 0 0)
(156.160753680353 0 0)
(157.498324176805 0 0)
(158.845204302456 0 0)
(160.168993680828 0 0)
(161.502362472673 0 0)
(162.812103711778 0 0)
(164.131701486693 0 0)
(165.42712894992 0 0)
(166.732697830715 0 0)
(168.01354762676 0 0)
(169.304831773841 0 0)
(170.570841651427 0 0)
(171.847587360473 0 0)
(173.098496944476 0 0)
(174.360453007869 0 0)
(175.596004248138 0 0)
(176.842921853922 0 0)
(178.062858776997 0 0)
(179.294492033046 0 0)
(180.49856128262 0 0)
(181.714667281566 0 0)
(182.902618214842 0 0)
(184.102957218123 0 0)
(185.274542023237 0 0)
(186.458877835827 0 0)
(187.61385185712 0 0)
(188.781952041638 0 0)
(189.920073994452 0 0)
(191.071710009617 0 0)
(192.192742056496 0 0)
(193.327689766905 0 0)
(194.431398167899 0 0)
(195.549439450378 0 0)
(196.635596625823 0 0)
(197.736518094558 0 0)
(198.804899230394 0 0)
(199.888491904017 0 0)
(200.938876466743 0 0)
(202.004936473044 0 0)
(203.03710836662 0 0)
(204.085437244715 0 0)
(205.09918515204 0 0)
(206.12959022877 0 0)
(207.124707857278 0 0)
(208.137002527279 0 0)
(209.11328866976 0 0)
(210.107292687291 0 0)
(211.06455180087 0 0)
(212.040091603859 0 0)
(212.978133566919 0 0)
(213.935042463829 0 0)
(214.853683118267 0 0)
(215.791801665225 0 0)
(216.690862799738 0 0)
(217.610039102183 0 0)
(218.489348627425 0 0)
(219.38943830718 0 0)
(220.24883026434 0 0)
(221.129697031599 0 0)
(221.969011885716 0 0)
(222.830527673363 0 0)
(223.649611744761 0 0)
(224.49166018192 0 0)
(225.290351428745 0 0)
(226.112828690321 0 0)
(226.89101044689 0 0)
(227.693825819178 0 0)
(228.451388687736 0 0)
(229.234450316458 0 0)
(229.971241629651 0 0)
(230.734444584883 0 0)
(231.450335037723 0 0)
(232.193600458483 0 0)
(232.888464099996 0 0)
(233.611713513187 0 0)
(234.28542602541 0 0)
(234.988590885268 0 0)
(235.641033229996 0 0)
(236.324053279247 0 0)
(236.955104645716 0 0)
(237.617937030142 0 0)
(238.227483249357 0 0)
(238.87001526074 0 0)
(239.457832574051 0 0)
(240.079922884432 0 0)
(240.645713051406 0 0)
(241.247271110474 0 0)
(241.791077677965 0 0)
(242.372187264359 0 0)
(242.893875405903 0 0)
(243.454426313513 0 0)
(243.953718779025 0 0)
(244.493342823466 0 0)
(244.969865261717 0 0)
(245.488635578215 0 0)
(245.942226616928 0 0)
(246.439993024982 0 0)
(246.870277709929 0 0)
(247.346812607305 0 0)
(247.753417817575 0 0)
(248.207967456919 0 0)
(248.590617681126 0 0)
(249.024119820752 0 0)
(249.382681510309 0 0)
(249.794646870739 0 0)
(250.127999138812 0 0)
(250.517963337535 0 0)
(250.82560804661 0 0)
(251.193072835954 0 0)
(251.474748253406 0 0)
(251.81929523429 0 0)
(252.075443795936 0 0)
(252.397350483653 0 0)
(252.625451282533 0 0)
(252.9244660515 0 0)
(253.12460376641 0 0)
(253.401733344086 0 0)
(253.573170374671 0 0)
(253.827978037666 0 0)
(253.97045754375 0 0)
(254.202074694977 0 0)
(254.317413447658 0 0)
(254.527924131165 0 0)
(254.614195585602 0 0)
(254.802214938034 0 0)
(254.864885533893 0 0)
(255.033308590914 0 0)
(255.067082685932 0 0)
(255.217872360387 0 0)
(255.232653480076 0 0)
(255.366982408603 0 0)
(255.355698125495 0 0)
(255.477473557679 0 0)
(255.452242361105 0 0)
(255.56583924402 0 0)
(255.518748089503 0 0)
(255.621831141469 0 0)
(255.564570955109 0 0)
(255.668461624421 0 0)
(255.600920632884 0 0)
(255.696953921599 0 0)
(255.616244308852 0 0)
(255.71271619519 0 0)
(255.627758041937 0 0)
(255.728574793505 0 0)
(255.640475385554 0 0)
(255.73970518369 0 0)
(255.641308842182 0 0)
(255.740496299575 0 0)
(255.644592286799 0 0)
(255.704787201182 0 0)
)
;

boundaryField
{
    electrode
    {
        type            calculated;
        value           uniform (-255.638854140355 0 0);
    }
    ground
    {
        type            calculated;
        value           uniform (255.704787201182 0 0);
    }
    otherfaces
    {
        type            empty;
    }
}


// ************************************************************************* //
