/*--------------------------------*- C++ -*----------------------------------*\
| =========                 |                                                 |
| \\      /  F ield         | foam-extend: Open Source CFD                    |
|  \\    /   O peration     | Version:     4.1                                |
|   \\  /    A nd           | Web:         http://www.foam-extend.org         |
|    \\/     M anipulation  |                                                 |
\*---------------------------------------------------------------------------*/
FoamFile
{
    version     2.0;
    format      ascii;
    class       volVectorField;
    location    "3.0000249984948e-06";
    object      Flux_Ar2p;
}
// * * * * * * * * * * * * * * * * * * * * * * * * * * * * * * * * * * * * * //

dimensions      [0 -2 -1 0 0 0 0];

internalField   nonuniform List<vector> 
500
(
(-1.83475280883426e+20 -0 -0)
(-1.85995613920808e+20 -0 -0)
(-1.84904261017257e+20 -0 -0)
(-1.8535473883195e+20 -0 -0)
(-1.84566739326839e+20 -0 -0)
(-1.84689910612402e+20 -0 -0)
(-1.84478436397271e+20 -0 -0)
(-1.84534564474565e+20 -0 -0)
(-1.84044577112739e+20 -0 -0)
(-1.83980550012495e+20 -0 -0)
(-1.83585075083358e+20 -0 -0)
(-1.83441683236478e+20 -0 -0)
(-1.82923228611558e+20 -0 -0)
(-1.83269653440876e+20 -0 -0)
(-1.82934035950167e+20 -0 -0)
(-1.82724313967567e+20 -0 -0)
(-1.82455682558435e+20 -0 -0)
(-1.82199663101938e+20 -0 -0)
(-1.82229691048884e+20 -0 -0)
(-1.82062570741303e+20 -0 -0)
(-1.81807232729285e+20 -0 -0)
(-1.81632831460575e+20 -0 -0)
(-1.81166430357598e+20 -0 -0)
(-1.81443477386381e+20 -0 -0)
(-1.81227868040366e+20 -0 -0)
(-1.8110204563549e+20 -0 -0)
(-1.80853622065033e+20 -0 -0)
(-1.80759800237042e+20 -0 -0)
(-1.80732431142485e+20 -0 -0)
(-1.80623348978295e+20 -0 -0)
(-1.80510936389513e+20 -0 -0)
(-1.79952409438969e+20 -0 -0)
(-1.80201814427761e+20 -0 -0)
(-1.80177494144639e+20 -0 -0)
(-1.801481310514e+20 -0 -0)
(-1.79522405580235e+20 -0 -0)
(-1.79505700262944e+20 -0 -0)
(-1.79625696207948e+20 -0 -0)
(-1.79626584068821e+20 -0 -0)
(-1.79339531205443e+20 -0 -0)
(-1.7849151310059e+20 -0 -0)
(-1.78689958823421e+20 -0 -0)
(-1.78802380710796e+20 -0 -0)
(-1.78778554306578e+20 -0 -0)
(-1.78411865124302e+20 -0 -0)
(-1.77665344788783e+20 -0 -0)
(-1.77310675322952e+20 -0 -0)
(-1.77513213675253e+20 -0 -0)
(-1.77500104231583e+20 -0 -0)
(-1.7725492604804e+20 -0 -0)
(-1.76724211251703e+20 -0 -0)
(-1.7604516540142e+20 -0 -0)
(-1.75313491190758e+20 -0 -0)
(-1.75539202459686e+20 -0 -0)
(-1.75510671311917e+20 -0 -0)
(-1.75250054859098e+20 -0 -0)
(-1.74803312474803e+20 -0 -0)
(-1.74256800279708e+20 -0 -0)
(-1.73628564068127e+20 -0 -0)
(-1.72920495322064e+20 -0 -0)
(-1.72643988700991e+20 -0 -0)
(-1.72607377553957e+20 -0 -0)
(-1.72328581413934e+20 -0 -0)
(-1.7192186416651e+20 -0 -0)
(-1.71446935411622e+20 -0 -0)
(-1.70914100214948e+20 -0 -0)
(-1.70332243070734e+20 -0 -0)
(-1.69706957979963e+20 -0 -0)
(-1.69018967785117e+20 -0 -0)
(-1.6856883118885e+20 -0 -0)
(-1.68362001814749e+20 -0 -0)
(-1.68000509732389e+20 -0 -0)
(-1.67571060401649e+20 -0 -0)
(-1.67101086705364e+20 -0 -0)
(-1.66593174058066e+20 -0 -0)
(-1.66051779721125e+20 -0 -0)
(-1.6548114978892e+20 -0 -0)
(-1.64863749598188e+20 -0 -0)
(-1.64157913466454e+20 -0 -0)
(-1.63360879051433e+20 -0 -0)
(-1.62851015939186e+20 -0 -0)
(-1.62531972390654e+20 -0 -0)
(-1.62122592217401e+20 -0 -0)
(-1.61665053352528e+20 -0 -0)
(-1.61184350240607e+20 -0 -0)
(-1.60680065341883e+20 -0 -0)
(-1.60147789650901e+20 -0 -0)
(-1.59567878572567e+20 -0 -0)
(-1.58925983313255e+20 -0 -0)
(-1.58233584311508e+20 -0 -0)
(-1.57505753639653e+20 -0 -0)
(-1.567492044823e+20 -0 -0)
(-1.55965701560188e+20 -0 -0)
(-1.55431473711839e+20 -0 -0)
(-1.55054121214261e+20 -0 -0)
(-1.54618264386868e+20 -0 -0)
(-1.54143844638417e+20 -0 -0)
(-1.53637863114154e+20 -0 -0)
(-1.53087069579563e+20 -0 -0)
(-1.52495732793176e+20 -0 -0)
(-1.51876595403022e+20 -0 -0)
(-1.51234779602293e+20 -0 -0)
(-1.50573226309947e+20 -0 -0)
(-1.49893969276984e+20 -0 -0)
(-1.49198431011132e+20 -0 -0)
(-1.48488176441627e+20 -0 -0)
(-1.47765152787511e+20 -0 -0)
(-1.47026747685223e+20 -0 -0)
(-1.46367975203077e+20 -0 -0)
(-1.4592912682602e+20 -0 -0)
(-1.45442892504222e+20 -0 -0)
(-1.44914011976583e+20 -0 -0)
(-1.44356795425004e+20 -0 -0)
(-1.43783129911546e+20 -0 -0)
(-1.43194967824578e+20 -0 -0)
(-1.42593401242859e+20 -0 -0)
(-1.41979492740818e+20 -0 -0)
(-1.41354175190245e+20 -0 -0)
(-1.40716124847959e+20 -0 -0)
(-1.40061236303633e+20 -0 -0)
(-1.39389045673425e+20 -0 -0)
(-1.3870316727862e+20 -0 -0)
(-1.38006248713401e+20 -0 -0)
(-1.3729924473568e+20 -0 -0)
(-1.36582581931241e+20 -0 -0)
(-1.35856670538852e+20 -0 -0)
(-1.35288800451704e+20 -0 -0)
(-1.34794228641144e+20 -0 -0)
(-1.34279084382203e+20 -0 -0)
(-1.33741957731069e+20 -0 -0)
(-1.33186034427371e+20 -0 -0)
(-1.32618875458531e+20 -0 -0)
(-1.32043797849234e+20 -0 -0)
(-1.3146034874447e+20 -0 -0)
(-1.30868743155867e+20 -0 -0)
(-1.30269353784321e+20 -0 -0)
(-1.29662560373552e+20 -0 -0)
(-1.29048645070488e+20 -0 -0)
(-1.28427877597157e+20 -0 -0)
(-1.27801393049612e+20 -0 -0)
(-1.27171030835066e+20 -0 -0)
(-1.26537091473422e+20 -0 -0)
(-1.25898770508959e+20 -0 -0)
(-1.25255647806618e+20 -0 -0)
(-1.24607610335693e+20 -0 -0)
(-1.2395457959646e+20 -0 -0)
(-1.23312718938192e+20 -0 -0)
(-1.22807785376459e+20 -0 -0)
(-1.22292228974464e+20 -0 -0)
(-1.21766052103318e+20 -0 -0)
(-1.21228657288137e+20 -0 -0)
(-1.20679078482475e+20 -0 -0)
(-1.20118695122331e+20 -0 -0)
(-1.19550869300514e+20 -0 -0)
(-1.18977043905567e+20 -0 -0)
(-1.18397044841501e+20 -0 -0)
(-1.17810997518113e+20 -0 -0)
(-1.17219069645339e+20 -0 -0)
(-1.16621425552322e+20 -0 -0)
(-1.16018214259152e+20 -0 -0)
(-1.15409549572848e+20 -0 -0)
(-1.14795583952532e+20 -0 -0)
(-1.14176443710219e+20 -0 -0)
(-1.13552289313951e+20 -0 -0)
(-1.12923256788653e+20 -0 -0)
(-1.1228944780082e+20 -0 -0)
(-1.11650999571479e+20 -0 -0)
(-1.11007951488459e+20 -0 -0)
(-1.10360367288401e+20 -0 -0)
(-1.09721863812195e+20 -0 -0)
(-1.09143581919303e+20 -0 -0)
(-1.08558572853529e+20 -0 -0)
(-1.079669310255e+20 -0 -0)
(-1.07368731389151e+20 -0 -0)
(-1.06763856786964e+20 -0 -0)
(-1.06151844972384e+20 -0 -0)
(-1.05532860132198e+20 -0 -0)
(-1.04908289421827e+20 -0 -0)
(-1.0427912978469e+20 -0 -0)
(-1.03645481913916e+20 -0 -0)
(-1.03007404798609e+20 -0 -0)
(-1.02365006978055e+20 -0 -0)
(-1.01718409374775e+20 -0 -0)
(-1.01067720993831e+20 -0 -0)
(-1.00413026697058e+20 -0 -0)
(-9.97544221220372e+19 -0 -0)
(-9.90919968866153e+19 -0 -0)
(-9.84258091924885e+19 -0 -0)
(-9.77559694879165e+19 -0 -0)
(-9.70825700592588e+19 -0 -0)
(-9.64056807914444e+19 -0 -0)
(-9.57254083085909e+19 -0 -0)
(-9.5041857202107e+19 -0 -0)
(-9.43473746482567e+19 -0 -0)
(-9.36490684581523e+19 -0 -0)
(-9.294796070612e+19 -0 -0)
(-9.22440863163983e+19 -0 -0)
(-9.15372025509094e+19 -0 -0)
(-9.08271572122266e+19 -0 -0)
(-9.01140015139149e+19 -0 -0)
(-8.93977964241737e+19 -0 -0)
(-8.86784686921753e+19 -0 -0)
(-8.79557175441832e+19 -0 -0)
(-8.72294347561934e+19 -0 -0)
(-8.64996744278436e+19 -0 -0)
(-8.57664308332569e+19 -0 -0)
(-8.50296612650367e+19 -0 -0)
(-8.4289357900892e+19 -0 -0)
(-8.35455737081736e+19 -0 -0)
(-8.2798327279404e+19 -0 -0)
(-8.20475523041483e+19 -0 -0)
(-8.12932760156374e+19 -0 -0)
(-8.05355339976499e+19 -0 -0)
(-7.97743337211809e+19 -0 -0)
(-7.90040423208413e+19 -0 -0)
(-7.81975086627544e+19 -0 -0)
(-7.7388570000661e+19 -0 -0)
(-7.65770502864038e+19 -0 -0)
(-7.5763066198916e+19 -0 -0)
(-7.49466649661041e+19 -0 -0)
(-7.41279602994369e+19 -0 -0)
(-7.33069017017791e+19 -0 -0)
(-7.24837784173997e+19 -0 -0)
(-7.16588169863934e+19 -0 -0)
(-7.08314502715245e+19 -0 -0)
(-7.00010300069191e+19 -0 -0)
(-6.91674324736554e+19 -0 -0)
(-6.83307966916502e+19 -0 -0)
(-6.74912447689985e+19 -0 -0)
(-6.66487070505872e+19 -0 -0)
(-6.58030476558717e+19 -0 -0)
(-6.49542174720251e+19 -0 -0)
(-6.41022894634705e+19 -0 -0)
(-6.32473025574427e+19 -0 -0)
(-6.23892678435182e+19 -0 -0)
(-6.15282660486338e+19 -0 -0)
(-6.06642541743102e+19 -0 -0)
(-5.9797100141681e+19 -0 -0)
(-5.89266540354947e+19 -0 -0)
(-5.80528915476338e+19 -0 -0)
(-5.717585663965e+19 -0 -0)
(-5.62955151290279e+19 -0 -0)
(-5.54118844965931e+19 -0 -0)
(-5.45249645508773e+19 -0 -0)
(-5.36347161940294e+19 -0 -0)
(-5.27410901349108e+19 -0 -0)
(-5.18440935575278e+19 -0 -0)
(-5.09437198855917e+19 -0 -0)
(-5.00398351908924e+19 -0 -0)
(-4.91325908972753e+19 -0 -0)
(-4.82220803958378e+19 -0 -0)
(-4.73078342429633e+19 -0 -0)
(-4.63900409790793e+19 -0 -0)
(-4.54689230137912e+19 -0 -0)
(-4.45442406733771e+19 -0 -0)
(-4.3616051286849e+19 -0 -0)
(-4.26842681113355e+19 -0 -0)
(-4.1748903170075e+19 -0 -0)
(-4.08100915219863e+19 -0 -0)
(-3.98677045158337e+19 -0 -0)
(-3.89216130989528e+19 -0 -0)
(-3.79718577782965e+19 -0 -0)
(-3.70183430733026e+19 -0 -0)
(-3.60609131932611e+19 -0 -0)
(-3.50995381307476e+19 -0 -0)
(-3.41342225721281e+19 -0 -0)
(-3.31649458043107e+19 -0 -0)
(-3.21916774268391e+19 -0 -0)
(-3.12143912088024e+19 -0 -0)
(-3.0232947318875e+19 -0 -0)
(-2.92471321322724e+19 -0 -0)
(-2.82570532864743e+19 -0 -0)
(-2.72628462001053e+19 -0 -0)
(-2.62644567154046e+19 -0 -0)
(-2.52617784503247e+19 -0 -0)
(-2.42546721599387e+19 -0 -0)
(-2.32429539478791e+19 -0 -0)
(-2.22261202185643e+19 -0 -0)
(-2.12035029465506e+19 -0 -0)
(-2.01748591021701e+19 -0 -0)
(-1.9140389309381e+19 -0 -0)
(-1.81003986694683e+19 -0 -0)
(-1.70548012368334e+19 -0 -0)
(-1.60034789392126e+19 -0 -0)
(-1.49464110569763e+19 -0 -0)
(-1.38832905846719e+19 -0 -0)
(-1.28140175674909e+19 -0 -0)
(-1.17384993121857e+19 -0 -0)
(-1.0656555387686e+19 -0 -0)
(-9.56817109674815e+18 -0 -0)
(-8.4732046221797e+18 -0 -0)
(-7.37143421086987e+18 -0 -0)
(-6.26280172179972e+18 -0 -0)
(-5.14718590769307e+18 -0 -0)
(-4.02433445430269e+18 -0 -0)
(-2.89410107976743e+18 -0 -0)
(-1.75628300306438e+18 -0 -0)
(-6.09365229328385e+17 -0 -0)
(5.39872181208488e+17 -0 -0)
(1.68936541024783e+18 -0 -0)
(2.83963985349971e+18 -0 -0)
(3.99105596821987e+18 -0 -0)
(5.14363892296e+18 -0 -0)
(6.2974390673411e+18 -0 -0)
(7.45279282924941e+18 -0 -0)
(8.61014683056669e+18 -0 -0)
(9.76965459954022e+18 -0 -0)
(1.09312855653385e+19 -0 -0)
(1.20951259726035e+19 -0 -0)
(1.32612632270604e+19 -0 -0)
(1.44297291542103e+19 -0 -0)
(1.56005686525282e+19 -0 -0)
(1.67738366484838e+19 -0 -0)
(1.7949598844268e+19 -0 -0)
(1.91279230650648e+19 -0 -0)
(2.03088876028986e+19 -0 -0)
(2.14925994751045e+19 -0 -0)
(2.26791725296833e+19 -0 -0)
(2.38687054568357e+19 -0 -0)
(2.50612832826863e+19 -0 -0)
(2.62570065403943e+19 -0 -0)
(2.74559926642529e+19 -0 -0)
(2.86584128749046e+19 -0 -0)
(2.9864329348974e+19 -0 -0)
(3.10724028490514e+19 -0 -0)
(3.22805273851417e+19 -0 -0)
(3.34885420502759e+19 -0 -0)
(3.46975167374089e+19 -0 -0)
(3.59080665735619e+19 -0 -0)
(3.71204657163807e+19 -0 -0)
(3.83349133100277e+19 -0 -0)
(3.95516318913577e+19 -0 -0)
(4.07708378613783e+19 -0 -0)
(4.19927356978136e+19 -0 -0)
(4.32175213698511e+19 -0 -0)
(4.44453910260874e+19 -0 -0)
(4.56765415871907e+19 -0 -0)
(4.69111176154142e+19 -0 -0)
(4.81492865602757e+19 -0 -0)
(4.93912129327722e+19 -0 -0)
(5.06370678082814e+19 -0 -0)
(5.18870765842012e+19 -0 -0)
(5.31414838236002e+19 -0 -0)
(5.44005577466342e+19 -0 -0)
(5.56645801923626e+19 -0 -0)
(5.69338601282823e+19 -0 -0)
(5.82087951922181e+19 -0 -0)
(5.94901113463083e+19 -0 -0)
(6.07759139972803e+19 -0 -0)
(6.2060841479604e+19 -0 -0)
(6.33425512309745e+19 -0 -0)
(6.46230921221177e+19 -0 -0)
(6.59044103240793e+19 -0 -0)
(6.71874055001752e+19 -0 -0)
(6.84726709147352e+19 -0 -0)
(6.9760557008334e+19 -0 -0)
(7.09863399801216e+19 -0 -0)
(7.22108258177095e+19 -0 -0)
(7.34355861909996e+19 -0 -0)
(7.46615590331648e+19 -0 -0)
(7.58903266940799e+19 -0 -0)
(7.71218749732717e+19 -0 -0)
(7.83538712463347e+19 -0 -0)
(7.95847306777464e+19 -0 -0)
(8.08143760052759e+19 -0 -0)
(8.20428449545401e+19 -0 -0)
(8.32699952061758e+19 -0 -0)
(8.44812375524918e+19 -0 -0)
(8.56885545515634e+19 -0 -0)
(8.68944541851831e+19 -0 -0)
(8.80943672050835e+19 -0 -0)
(8.92768111725825e+19 -0 -0)
(9.04362658570212e+19 -0 -0)
(9.15750653060645e+19 -0 -0)
(9.26953577762503e+19 -0 -0)
(9.37973070540799e+19 -0 -0)
(9.48802148942606e+19 -0 -0)
(9.59429367162611e+19 -0 -0)
(9.70705450044815e+19 -0 -0)
(9.82425071600505e+19 -0 -0)
(9.9397133496981e+19 -0 -0)
(1.00529426481736e+20 -0 -0)
(1.01639457101109e+20 -0 -0)
(1.0273243152264e+20 -0 -0)
(1.03810192708517e+20 -0 -0)
(1.04871360929852e+20 -0 -0)
(1.05914306878676e+20 -0 -0)
(1.06937296931036e+20 -0 -0)
(1.07937219267563e+20 -0 -0)
(1.08967496647357e+20 -0 -0)
(1.10166908741993e+20 -0 -0)
(1.11315751734918e+20 -0 -0)
(1.12414380828207e+20 -0 -0)
(1.13472153505276e+20 -0 -0)
(1.14501396099671e+20 -0 -0)
(1.1550488575688e+20 -0 -0)
(1.16479499540254e+20 -0 -0)
(1.17422081730003e+20 -0 -0)
(1.18329655844636e+20 -0 -0)
(1.19198454060245e+20 -0 -0)
(1.2002355944419e+20 -0 -0)
(1.21214780864401e+20 -0 -0)
(1.22369897566161e+20 -0 -0)
(1.23480230735072e+20 -0 -0)
(1.2456177172105e+20 -0 -0)
(1.25607982191162e+20 -0 -0)
(1.2659340573015e+20 -0 -0)
(1.27514488221759e+20 -0 -0)
(1.28376612387074e+20 -0 -0)
(1.29180797765858e+20 -0 -0)
(1.29923353142047e+20 -0 -0)
(1.30771610412678e+20 -0 -0)
(1.31907439320604e+20 -0 -0)
(1.32974779788784e+20 -0 -0)
(1.33988718514368e+20 -0 -0)
(1.34972947165525e+20 -0 -0)
(1.35934335210297e+20 -0 -0)
(1.36874267100907e+20 -0 -0)
(1.3776505776158e+20 -0 -0)
(1.38555535295838e+20 -0 -0)
(1.3922328189734e+20 -0 -0)
(1.40063880206858e+20 -0 -0)
(1.41166884543874e+20 -0 -0)
(1.42165368776905e+20 -0 -0)
(1.43103267592606e+20 -0 -0)
(1.44002326973879e+20 -0 -0)
(1.44857318359037e+20 -0 -0)
(1.45661417688023e+20 -0 -0)
(1.46409981554042e+20 -0 -0)
(1.47072331904686e+20 -0 -0)
(1.47940866116255e+20 -0 -0)
(1.49071206881667e+20 -0 -0)
(1.5003683828291e+20 -0 -0)
(1.50913013404257e+20 -0 -0)
(1.51720750659739e+20 -0 -0)
(1.52451007591308e+20 -0 -0)
(1.53089223177075e+20 -0 -0)
(1.53619000341029e+20 -0 -0)
(1.54501419299378e+20 -0 -0)
(1.55705446665872e+20 -0 -0)
(1.56684518353031e+20 -0 -0)
(1.57506451106353e+20 -0 -0)
(1.58198216466588e+20 -0 -0)
(1.58749216009582e+20 -0 -0)
(1.5913066453473e+20 -0 -0)
(1.60020463089908e+20 -0 -0)
(1.61222333092406e+20 -0 -0)
(1.62222402887921e+20 -0 -0)
(1.62976900229622e+20 -0 -0)
(1.63495486641041e+20 -0 -0)
(1.63757004897334e+20 -0 -0)
(1.64588263761353e+20 -0 -0)
(1.65762212928363e+20 -0 -0)
(1.66770105654611e+20 -0 -0)
(1.67425531136601e+20 -0 -0)
(1.67710102516444e+20 -0 -0)
(1.68181665918126e+20 -0 -0)
(1.69313544868026e+20 -0 -0)
(1.70328477795891e+20 -0 -0)
(1.71008145617956e+20 -0 -0)
(1.71074013578507e+20 -0 -0)
(1.71890297138791e+20 -0 -0)
(1.72893432743277e+20 -0 -0)
(1.73761241346695e+20 -0 -0)
(1.74104327233118e+20 -0 -0)
(1.74496039713445e+20 -0 -0)
(1.75374494161772e+20 -0 -0)
(1.76192993256209e+20 -0 -0)
(1.76684400381291e+20 -0 -0)
(1.76942331034963e+20 -0 -0)
(1.77703209617015e+20 -0 -0)
(1.78384990568437e+20 -0 -0)
(1.78904559378475e+20 -0 -0)
(1.79097387351519e+20 -0 -0)
(1.79775837782939e+20 -0 -0)
(1.80252516766762e+20 -0 -0)
(1.80736614288238e+20 -0 -0)
(1.80806160315526e+20 -0 -0)
(1.81506719441788e+20 -0 -0)
(1.81850074133709e+20 -0 -0)
(1.82211578315613e+20 -0 -0)
(1.82420474233772e+20 -0 -0)
(1.82892759330577e+20 -0 -0)
(1.83198669430853e+20 -0 -0)
(1.83473341359326e+20 -0 -0)
(1.8365356427258e+20 -0 -0)
(1.83925489688316e+20 -0 -0)
(1.84079222480067e+20 -0 -0)
(1.84585653912834e+20 -0 -0)
(1.84669036068584e+20 -0 -0)
(1.8499076900671e+20 -0 -0)
(1.84968533188604e+20 -0 -0)
(1.85366050013757e+20 -0 -0)
(1.85204558623199e+20 -0 -0)
(1.85921082709236e+20 -0 -0)
(1.85724005586636e+20 -0 -0)
(1.86438390894277e+20 -0 -0)
(1.85906206844416e+20 -0 -0)
(1.86924079030131e+20 -0 -0)
(1.84314868417907e+20 -0 -0)
)
;

boundaryField
{
    electrode
    {
        type            calculated;
        value           uniform (-1.85830962270908e+20 -0 -0);
    }
    ground
    {
        type            calculated;
        value           uniform (1.86657759007125e+20 -0 -0);
    }
    otherfaces
    {
        type            empty;
    }
}


// ************************************************************************* //
