/*--------------------------------*- C++ -*----------------------------------*\
| =========                 |                                                 |
| \\      /  F ield         | foam-extend: Open Source CFD                    |
|  \\    /   O peration     | Version:     4.1                                |
|   \\  /    A nd           | Web:         http://www.foam-extend.org         |
|    \\/     M anipulation  |                                                 |
\*---------------------------------------------------------------------------*/
FoamFile
{
    version     2.0;
    format      ascii;
    class       volScalarField;
    location    "3.0000249984948e-06";
    object      powerDissipatedIon;
}
// * * * * * * * * * * * * * * * * * * * * * * * * * * * * * * * * * * * * * //

dimensions      [1 -1 -3 0 0 0 0];

internalField   nonuniform List<scalar> 
500
(
627721035915.703
619990602263.837
599226376929.963
583664147378.974
563756740530.543
546693461993.944
528317520329.909
510721904817.754
491492261519.016
473453661514.173
454509459637.457
436240303140.972
417113248336.967
400060827167.856
381675343825.221
363835277272.079
346159066115.374
328814513481.927
312319737434.563
295932446356.402
279942336321.425
264612748544.15
249399694650.381
235777790810.554
222156483480.241
209323011867.921
196966669307.322
185393906203.525
174565283776.431
164347893309.091
154733405811.633
145318282765.452
137166935187.201
129406997121.695
122169125549
115003372805.144
108715858396.717
102991650303.403
97632155873.6967
92482155730.2153
87400403351.9366
83185672102.5161
79259849119.4438
75563146016.0284
71967779395.9246
68464038452.5755
65347646203.2816
62648199391.6173
60065402144.1336
57574389628.9114
55153633248.4515
52846906082.1887
50667754640.5817
48884138000.8467
47133827811.7295
45425746401.8808
43777979080.7259
42212474166.9229
40723360552.5055
39296903761.3973
38029456054.5341
36861090419.7778
35694931696.2001
34570371931.7027
33502204577.6427
32487236460.7904
31520096200.967
30592971098.2009
29689889155.7629
28850518075.565
28072522830.1147
27300168405.1294
26558318183.6727
25852091431.2638
25178384447.2674
24533794989.8645
23914002628.0062
23309207590.0805
22707571659.6786
22108452105.5742
21563753450.209
21059407309.8555
20561445524.7655
20079898223.5943
19618734663.3727
19175555234.681
18746204467.6588
18324317877.33
17906422062.4692
17494692402.6656
17091871130.528
16698795210.7991
16314976714.9752
15967703706.0401
15645152393.6945
15325316914.3032
15011619556.1389
14704401160.4175
14401108580.2792
14102364101.3845
13810078930.8976
13524866085.709
13246797296.811
12975723764.5466
12711395431.1201
12453577362.2459
12201954985.2555
11955365036.5005
11720083044.2354
11505955925.1339
11291326191.6617
11077412824.8
10866700612.8403
10660922109.7752
10460223884.5879
10264441546.1284
10073356961.6937
9886693581.10918
9703855289.47921
9524023438.61557
9346976001.26942
9173034743.89978
9002406560.03549
8835067990.76654
8670912733.44537
8509824914.33449
8361986560.02467
8221624566.39861
8082654829.08584
7944886157.42053
7808758838.02537
7675127453.28253
7544293156.53877
7416096284.8236
7290406242.6623
7167119069.16094
7046144508.07036
6927395654.49394
6810807280.99728
6696417944.8024
6584314028.79256
6474419084.71367
6366549152.83924
6260560992.19832
6156352975.79116
6053838610.02939
5953722631.53272
5861909428.67639
5771135031.10341
5681331959.63532
5592384649.1956
5504188494.77559
5416874380.79541
5330730084.52064
5245859877.80468
5162215382.0981
5079758069.19584
4998455044.59027
4918275990.78476
4839191750.07353
4761173742.62807
4684197129.58852
4608238495.8751
4533277857.20461
4459294776.72435
4386268321.39934
4314179441.93974
4243005120.89916
4172724277.51691
4103823785.1397
4038157638.84877
3973177448.97848
3908869850.26051
3845218534.25371
3782193459.18119
3719749564.18528
3657894734.20099
3596716137.689
3536271389.87935
3476556339.21413
3417558517.16299
3359267895.14956
3301675525.54116
3244772631.96769
3188549857.86749
3132998205.62212
3078108763.82946
3023872363.64664
2970282194.33283
2917331249.65115
2865012264.54992
2813319557.09655
2762247562.71371
2711566908.38468
2661477858.60531
2612003080.51262
2563132985.39015
2514844165.67363
2467118941.53272
2419950495.12207
2373333365.63778
2327254669.94792
2281692009.21448
2236633105.14513
2192074246.45379
2148009437.91595
2104431936.35681
2061336835.06426
2018721845.23263
1976583405.9645
1934915055.16097
1893713939.33728
1852978243.26157
1812705149.51655
1772766171.01372
1732561070.20871
1692852803.24477
1653633302.49092
1614901137.14518
1576655554.69937
1538897841.20163
1501624716.921
1464844346.61642
1428560171.58326
1392747551.58501
1357380362.13523
1322451927.61582
1287965958.10816
1253925831.16833
1220328436.34853
1187168568.27499
1154444198.81348
1122157526.59425
1090309640.58042
1058901050.89685
1027933941.30639
997406636.14247
967314902.061677
937654423.970554
908424959.373467
879628118.969106
851263857.728594
823333342.714035
795837370.348875
768775773.355251
742148281.092566
715956076.44725
690200028.706093
664878345.372338
639996284.371919
615557331.876318
591551709.422379
567985211.590685
544865069.553179
522187931.414312
499956407.904267
478170867.562144
456833682.29715
435949284.335376
415517318.896086
395537657.034146
376013100.152996
356944347.672367
338331405.089639
320176552.878327
302482823.911269
285252995.336687
268489712.605194
252195709.162547
236372204.819395
221020085.12018
206144595.109511
191751253.855684
177843208.924878
164422950.774044
151492767.328951
139054546.193094
127107418.450846
115650222.013599
104687126.322886
94226872.7876272
84278764.7165069
74848744.5362637
65942547.3529354
57566654.6190848
49726105.6198339
42427635.4055866
35678352.6938587
29485299.769642
23856562.8843558
18799916.6283163
14323257.3891128
10435416.5303882
7145315.88363541
4461998.2549395
2395227.99389569
955149.562030328
152105.716950934
-1701.72146146366
499963.200202587
1663088.70102023
3494676.04164806
6001993.86027064
9192684.7790371
13075650.6811553
17661147.2427702
22959413.6798482
28980357.0066737
35734645.9774143
43233457.2612222
51488096.5642123
60510300.9293039
70312301.4958995
80906867.71999
92307288.6906807
104527488.025161
117582235.019428
131487024.882456
146257880.452614
161911371.46165
178464907.321218
195936888.993362
214346910.954778
233712443.474958
254030792.236452
275285423.429695
297484887.409377
320659137.925325
344835368.337343
370036801.76778
396286227.298372
423607926.332818
452027445.682613
481571467.009991
512267873.602197
544145998.427341
577236585.256847
611570903.449054
647182038.583371
684104789.419807
722375944.875016
762035568.273003
803126593.438447
845694999.159066
889789945.644381
935464230.868595
982776172.479137
1031789462.22495
1082482854.70408
1134719093.86994
1188441929.46667
1243744100.2491
1300736539.79221
1359503864.31896
1420123237.1774
1482670166.5898
1545807392.63192
1610865543.30228
1677959601.46643
1747210357.66615
1818771146.06895
1892732560.42023
1969081201.47321
2047826950.75345
2129053094.6133
2212862857.95757
2299361794.88306
2388257447.71218
2480003018.58993
2574798916.68363
2672478258.15129
2772449610.27721
2874391523.85658
2978465928.51892
3084903424.68188
3193841266.74843
3305359910.20663
3419510024.74625
3539480078.43709
3664777646.70468
3793198923.10482
3924513706.59917
4058868858.83055
4196861402.09423
4338944046.7117
4485331569.38805
4636199725.18294
4791682632.15101
4951653164.02389
5118004341.91733
5296590775.35471
5476700396.92902
5658307440.81457
5842455423.12346
6030731311.46397
6223972299.75799
6422358184.5646
6625970056.18154
6834892395.93358
7049119665.24448
7268455738.53455
7518153114.75914
7773924105.76949
8035125428.22145
8303840559.7255
8579934821.23479
8860565086.79252
9145101617.89985
9434564611.88425
9729749334.54493
10030766471.4178
10350595250.6193
10703993583.1841
11062761938.4331
11429668239.8128
11810092881.938
12207741599.9308
12624864528.5128
13058348878.4788
13499478070.9375
13942520352.3232
14416214019.8649
14930716967.1525
15449430496.7036
15981997803.326
16537015117.8533
17118212346.6956
17728392553.1665
18370109911.772
19038886640.7551
19764882946.4304
20548064246.6092
21331518739.96
22135444813.5468
22973672744.3474
23852564251.6952
24775953716.2538
25745555026.5052
26839211430.7979
28048047691.4625
29270245970.83
30524284001.0672
31829159601.9498
33194847995.7145
34623653086.1419
36268996727.8186
38100068503.5576
40005752105.3395
41977484058.8249
44024928386.7632
46152660829.4638
48603607927.895
51346942977.7634
54263752519.4073
57299644172.3311
60441753831.5082
63891285900.5038
67866286805.3887
72136303967.4929
76645469899.7222
81244489094.0335
86563663564.3834
92402966736.0657
98681422506.3881
105204281901.58
112269288804.26
120174587433.975
128660310365.708
137602975740.32
147023981328.031
157494323601.215
168598287483.354
180329278437.027
192468528120.146
205804060398.872
219602368503.195
234147180386.747
248850476309.975
265039434196.551
281280098691.115
298098034319.273
315202183478.547
333232458852.842
351315425726.09
369617646144.86
387969937479.863
406748237368.898
425419670024.685
445013111621.272
463569772670.442
482720568220.805
500863973301.882
520143504902.204
537676317124.645
557781315730.342
574834021276.085
594734294978.264
610171996015.593
630876591913.688
638304665517.055
)
;

boundaryField
{
    electrode
    {
        type            calculated;
        value           uniform 644308985751.835;
    }
    ground
    {
        type            calculated;
        value           uniform 655002397640.228;
    }
    otherfaces
    {
        type            empty;
    }
}


// ************************************************************************* //
