/*--------------------------------*- C++ -*----------------------------------*\
| =========                 |                                                 |
| \\      /  F ield         | foam-extend: Open Source CFD                    |
|  \\    /   O peration     | Version:     4.1                                |
|   \\  /    A nd           | Web:         http://www.foam-extend.org         |
|    \\/     M anipulation  |                                                 |
\*---------------------------------------------------------------------------*/
FoamFile
{
    version     2.0;
    format      ascii;
    class       volScalarField;
    location    "1.18605584954085e-05";
    object      eCollisionFrequencyMean;
}
// * * * * * * * * * * * * * * * * * * * * * * * * * * * * * * * * * * * * * //

dimensions      [0 0 -1 0 0 0 0];

internalField   nonuniform List<scalar> 
500
(
16952280279.4651
16430855870.6687
16067767723.3427
15778994544.5469
15543908494.3563
15355105749.0646
15207994402.1852
15100297657.2353
15027011275.0437
14982912329.5998
14962672216.7706
14960879954.2541
14972625276.2537
14993462724.8854
15019576197.8177
15047756677.6192
15075648170.2745
15101654859.0609
15125520760.1427
15146725891.3456
15164866196.7373
15180380191.7254
15193743021.1942
15205385284.245
15215662658.5106
15224913571.1582
15233201084.5245
15240795797.3108
15247937402.6261
15254716540.2895
15261246452.9105
15267669413.9318
15273986755.0217
15280202035.7512
15286275497.2814
15292125548.4394
15297744416.1708
15303185927.6018
15308478688.7782
15313632730.6214
15318638251.3989
15323484073.687
15328167776.9998
15332704286.5824
15337114696.9741
15341410483.5833
15345595073.1107
15349672780.4327
15353649762.4478
15357529963.7615
15361311350.8561
15364988583.9308
15368562016.0372
15372040750.8856
15375433154.7134
15378743242.422
15381973260.2818
15385126415.3876
15388206023.9805
15391214479.9946
15394153987.8756
15397026319.3723
15399832855.2514
15402575804.7791
15405257358.0625
15407879276.0046
15410443200.7875
15412950811.2617
15415403815.0423
15417803776.8861
15420151919.5015
15422449525.8209
15424698010.0675
15426898720.2826
15429052957.3104
15431161979.0461
15433227003.7307
15435249225.1264
15437229717.576
15439169386.6292
15441069593.5755
15442931870.6193
15444757071.0195
15446545805.8634
15448298905.2355
15450017248.2552
15451701685.2056
15453353029.347
15454972063.5139
15456559541.7713
15458116206.646
15459642757.7544
15461139803.4901
15462608031.2958
15464048189.1098
15465460960.2375
15466846969.4157
15468206822.0302
15469541108.6542
15470850398.2565
15472135239.1585
15473396157.884
15474633668.5856
15475848268.7998
15477040435.4549
15478210633.3899
15479359294.3991
15480486843.7009
15481593694.4985
15482680225.4571
15483746796.3968
15484793734.977
15485821320.0287
15486829740.4994
15487818968.0615
15488789461.7613
15489741866.2271
15490676693.4303
15491594792.5935
15492496776.5765
15493382988.2329
15494253752.2391
15495109385.2655
15495950196.4634
15496776481.7717
15497588522.411
15498386602.2558
15499171013.4913
15499942157.3792
15500700407.8903
15501446018.1544
15502179224.4988
15502900253.5006
15503609322.3863
15504306648.1157
15504992446.9035
15505666927.0613
15506330281.6132
15506982703.8146
15507624382.1241
15508255500.9184
15508876237.9678
15509486767.5512
15510087259.707
15510677881.3582
15511258798.0177
15511830165.156
15512392137.2144
15512944866.1901
15513488499.4628
15514023179.8035
15514549045.713
15515066236.5799
15515574885.9948
15516075119.5917
15516567068.4365
15517050855.2171
15517526602.1547
15517994429.2691
15518454454.2669
15518906792.0567
15519351554.2919
15519788851.1814
15520218793.7809
15520641488.4416
15521057043.4854
15521465576.6531
15521867185.8209
15522261939.1355
15522649911.8233
15523031181.6831
15523405830.0912
15523773934.0179
15524135571.2378
15524490816.0047
15524839745.7538
15525182433.6905
15525518950.9571
15525849367.1932
15526173753.0403
15526492177.2458
15526804705.6581
15527111401.3584
15527412328.8081
15527707547.1391
15527997117.7939
15528281097.7636
15528559543.4221
15528832505.7024
15529100041.5478
15529362201.8972
15529619040.8108
15529870608.3843
15530116959.2774
15530358142.3496
15530594207.5535
15530825200.7258
15531051170.3995
15531272158.4737
15531488210.9757
15531699366.2307
15531905666.1315
15532107194.4603
15532304422.9075
15532497269.1276
15532683688.731
15532864947.2156
15533042929.1582
15533216527.086
15533385425.5581
15533549746.7404
15533709551.5251
15533864888.4882
15534015781.7125
15534162266.2779
15534304371.7637
15534442120.8244
15534575445.9403
15534704479.842
15534829307.4614
15534949862.441
15535066165.2139
15535178244.165
15535286114.7609
15535389797.5346
15535489304.2021
15535584648.8473
15535675833.7282
15535762862.2226
15535845750.9845
15535924517.844
15535999189.2765
15536069799.9484
15536136374.3158
15536198931.6715
15536257491.0501
15536312067.9233
15536362678.8613
15536409333.9091
15536452048.5007
15536490830.9245
15536525694.5381
15536556644.3034
15536583693.0781
15536606843.7484
15536626106.8268
15536641484.0419
15536653008.6184
15536660931.1002
15536664508.8003
15536664519.6335
15536660963.7545
15536653063.1935
15536641561.0144
15536626205.7644
15536606964.8193
15536583836.4553
15536556809.5655
15536525881.2693
15536491040.1485
15536452279.372
15536409585.8566
15536362951.9973
15536312363.581
15536257808.5259
15536199270.2489
15536136734.3593
15536070182.0231
15535999592.9026
15535924942.683
15535846196.5891
15535763328.3446
15535676320.2139
15535585155.2433
15535489829.5914
15535390341.8449
15535286677.3438
15535178824.2472
15535066762.9995
15534950478.4564
15534829941.3112
15534705130.5667
15534576114.4499
15534442806.6434
15534305074.2181
15534162985.627
15534016517.672
15533865640.5564
15533710320.1196
15533550530.9809
15533386224.2203
15533217341.0386
15533043758.886
15532865792.6986
15532684550.0373
15532498145.7068
15532305315.4819
15532108104.13
15531906593.3533
15531700312.0949
15531489174.9263
15531273141.0224
15531052172.0362
15530826220.8706
15530595244.1775
15530359194.3907
15530118026.559
15529871688.2126
15529620130.9386
15529363303.032
15529101152.8963
15528833626.7879
15528560672.5802
15528282235.262
15527998260.6471
15527708692.799
15527413474.8768
15527112546.6185
15526805848.4235
15526493316.7325
15526174889.2819
15525850500.0227
15525520081.7764
15525183565.5773
15524840881.7294
15524491954.7108
15524136713.2716
15523775082.5512
15523406985.7909
15523032345.2079
15522651082.2841
15522263113.6124
15521868362.1579
15521466750.8989
15521058211.6137
15520642647.4743
15520219940.9906
15519789984.2748
15519352670.5524
15518907892.1421
15518455538.7649
15517995497.7416
15517527655.1234
15517051891.1591
15516568087.0368
15516076119.2582
15515575860.8899
15515067185.6624
15514549968.0732
15514024074.6465
15513489367.5209
15512945707.1706
15512392949.1202
15511830946.9174
15511259550.657
15510678604.5345
15510087952.2227
15509487428.4015
15508876867.0399
15508256096.8747
15507624944.8579
15506983230.5292
15506330770.2498
15505667380.5956
15504992867.9469
15504307033.6346
15503609672.3589
15502900572.6957
15502179514.3631
15501446275.8779
15500700628.9542
15499942338.1723
15499171149.4318
15498386689.3684
15497588556.0414
15496776460.3276
15495950117.9261
15495109240.2548
15494253533.8405
15493382695.0975
15492496412.3123
15491594361.6206
15490676199.9766
15489741307.7638
15488788833.4348
15487818258.2528
15486828945.9295
15485820441.0232
15484792777.6418
15483745770.4536
15482679130.7039
15481592523.9467
15480485590.0754
15479357940.6398
15478209176.6847
15477038878.1294
15475846606.0499
15474631895.1523
15473394268.5664
15472133238.2292
15470848301.8573
15469538923.3974
15468204547.4552
15466844599.6608
15465458500.9844
15464045638.4474
15462605370.6297
15461137029.7126
15459639874.7441
15458113232.8933
15456556477.0929
15454968906.7874
15453349794.7975
15451698386.2308
15450013890.8273
15448295482.2632
15446542318.3111
15444753518.1469
15442928263.6249
15441065950.9802
15439165718.9004
15437226055.7384
15435245603.2444
15433223445.6546
15431158534.1343
15429049647.7342
15426895605.5006
15424695152.3503
15422447007.5395
15420149802.5411
15417802147.3446
15415402752.7396
15412950368.4383
15410443407.4201
15407880169.733
15405258957.5282
15402578111.0267
15399835852.7015
15397029927.4352
15394158116.3634
15391219052.2904
15388210968.4303
15385131619.1686
15381978630.4679
15378748639.6303
15375438529.9589
15372046019.5502
15368567142.5812
15364993527.8194
15361316122.4176
15357534559.499
15353654248.0278
15349677198.5339
15345599448.8886
15341414850.1332
15337119048.7223
15332708628.4024
15328172113.6108
15323488319.5589
15318642339.1458
15313636541.4745
15308482118.0592
15303188907.3545
15297746874.7687
15292127444.3343
15286276833.9196
15280202870.1558
15273987179.1867
15267669572.3862
15261246473.1474
15254716570.664
15247937552.0114
15240796116.9046
15233201625.5736
15224914315.3689
15215663556.5642
15205386262.4071
15193744002.6326
15180381168.0798
15164867207.0037
15146726978.6096
15125522118.1011
15101656532.683
15075650305.0546
15047759240.8263
15019579348.072
14993466421.792
14972629464.4735
14960884728.5168
14962677572.5606
14982918282.179
15027017795.2542
15100304645.3253
15208001760.1684
15355113278.6884
15543916018.4929
15779001910.3899
16067774808.0181
16430862369.0039
16952285415.9833
)
;

boundaryField
{
    electrode
    {
        type            calculated;
        value           uniform 16952280279.4651;
    }
    ground
    {
        type            calculated;
        value           uniform 16952285415.9833;
    }
    otherfaces
    {
        type            empty;
    }
}


// ************************************************************************* //
