/*--------------------------------*- C++ -*----------------------------------*\
| =========                 |                                                 |
| \\      /  F ield         | foam-extend: Open Source CFD                    |
|  \\    /   O peration     | Version:     4.1                                |
|   \\  /    A nd           | Web:         http://www.foam-extend.org         |
|    \\/     M anipulation  |                                                 |
\*---------------------------------------------------------------------------*/
FoamFile
{
    version     2.0;
    format      ascii;
    class       volScalarField;
    location    "1.18605584954085e-05";
    object      eCollisionFrequency;
}
// * * * * * * * * * * * * * * * * * * * * * * * * * * * * * * * * * * * * * //

dimensions      [0 0 -1 0 0 0 0];

internalField   nonuniform List<scalar> 
500
(
19298678863.1513
18251911850.2938
17436579178.7029
16698322275.0263
16034334543.7036
15466669699.8507
15004863048.2082
14641895408.1167
14367309457.4092
14171831118.7314
14058132057.4509
14003425213.1375
13994479432.2572
14021146392.7334
14069705833.6109
14132136127.1936
14203270065.1183
14276904594.3657
14345477535.6519
14405818879.7995
14459628595.9079
14506987286.509
14548580321.3941
14585341857.0938
14618215530.045
14646285243.0375
14671041495.1774
14694123487.0613
14715846240.0267
14736462390.3902
14756141877.6197
14774940899.518
14794381445.8656
14813604214.162
14832096582.999
14849782322.087
14866674673.0792
14882871395.5773
14898456905.3883
14913446551.1129
14927829383.3341
14941599380.0495
14954004654.6284
14965808517.3728
14977115137.6296
14987945368.8137
14998317848.482
15008250190.7326
15017757743.8204
15026859688.9197
15035561885.9352
15043869064.1228
15051795871.9722
15059360773.4732
15066581133.3712
15073469505.6285
15080037304.4933
15086291090.4112
15092242429.3828
15097906672.3144
15102973856.329
15107741126.7586
15112261177.9625
15116545957.8158
15120601264.2702
15124435411.1207
15128056749.5144
15131472423.6492
15134690850.6486
15137717992.3679
15140562322.0969
15143227364.5049
15145722883.5179
15148053689.5022
15150228344.7852
15152249205.1577
15154123620.9519
15155860204.5514
15157458861.0235
15158930720.5695
15160276955.8377
15161507474.4223
15162623466.9196
15163629871.4084
15164534128.1589
15165334953.1411
15166042294.1435
15166659868.0156
15167190148.3406
15167635612.4705
15168006228.6196
15168298241.9786
15168520379.3282
15168673882.5342
15168763739.5109
15168792444.0473
15168762491.4901
15168677626.5536
15168541595.0335
15168355647.6365
15168123531.7802
15167850243.1846
15167534538.4822
15167180166.2508
15166790875
15166366670.1085
15165911300.0908
15165427265.507
15164915819.2366
15164378214.1284
15163818197.3712
15163237021.0465
15162634690.0249
15162014950.0846
15161377805.5008
15160727000.7637
15160063785.9879
15159386917.9595
15158698893.0739
15158002206.8786
15157298107.9054
15156584106.1937
15155867679.9464
15155145092.517
15154416345.6775
15153687668.9193
15152955325.9684
15152223053.7989
15151488362.0405
15150756231.644
15150024171.9981
15149294672.7309
15148566488.4131
15147842107.8366
15147122774.3824
15146404753.5881
15145693021.9984
15144985089.6271
15144283443.4095
15143589325.4892
15142900246.2672
15142216204.3764
15141540929.0955
15140873174.6513
15140211695.7345
15139558977.1472
15138915016.631
15138277325.9386
15137649632.2106
15137028204.5527
15136418012.2428
15135816567.3585
15135222625.3123
15134637426.7551
15134062211.9811
15133496978.7188
15132939240.47
15132390237.6249
15131851210.2407
15131320914.3224
15130800589.8198
15130288992.9814
15129784880.425
15129291975.2599
15128807792.3886
15128333571.5163
15127865586.8708
15127406319.7467
15126957009.7097
15126516413.909
15126083289.8162
15125660118.026
15125241933.3897
15124834939.0938
15124435411.1207
15124043348.2887
15123657508.8287
15123280372.8847
15122911939.1561
15122548485.0881
15122192490.7021
15121845195.2582
15121502876.7891
15121169255.2236
15120839368.8202
15120516937.3736
15120201959.9309
15119891955.577
15119586923.7008
15119286863.7013
15118995494.5211
15118705376.3682
15118422707.8516
15118145008.725
15117871038.7806
15117603276.8463
15117338003.5427
15117078937.1993
15116822358.7117
15116569507.274
15116319143.1065
15116074984.0596
15115833311.5522
15115595364.6334
15115359903.7029
15115124450.1081
15114893960.5362
15114665956.2632
15114441676.1626
15114216163.6565
15113994374.9534
15113776309.7258
15113557011.8373
15113338959.2299
15113124629.5603
15112907828.2757
15112695988.4576
15112484154.5781
15112271087.8946
15112059265.9265
15111846211.2235
15111634401.1658
15111423835.6488
15111210798.8623
15110999006.6162
15110785981.8077
15110571724.5415
15110357473.3511
15110141989.843
15109925274.1227
15109707326.2966
15109489384.7579
15109266496.5054
15109044853.042
15108818263.3744
15108590442.3638
15108361390.1221
15108129868.6979
15107895878.3185
15107656943.2414
15107418015.7217
15107172906.2233
15106927804.6784
15106677759.7826
15106424009.8114
15106165317.3967
15105906633.8419
15105640533.2095
15105370729.1171
15105097221.9621
15104818774.6262
15104537862.6058
15104250773.8921
15103956271.8102
15103659306.5503
15103356166.5589
15103048089.8109
15102735076.9112
15102415891.3473
15102090533.9025
15101757768.3562
15101421306.5803
15101076201.4376
15100727401.5148
15100368723.3635
15100006352.0524
15099632868.0829
15099254456.1497
15098871116.995
15098466777.11
15098037730.6393
15097598817.8405
15097152512.9661
15096696344.9485
15096231551.6922
15095756898.7566
15095272388.0043
15094780493.0892
15094277508.0747
15093763435.1809
15093239512.3013
15092706977.0279
15092162124.8432
15091608664.49
15091042892.0717
15090463575.1924
15089875657.2692
15089274200.4159
15088661677.6249
15088038091.5972
15087399741.0764
15086751568.0643
15086087402.8296
15085413421.3171
15084727157.7038
15084026147.1174
15083310393.6784
15082578667.7139
15081837142.6704
15081079653.2759
15080306204.3522
15079520500.958
15078717613.9441
15077901248.1544
15077068942.0248
15076219468.0098
15075354064.6262
15074473969.9299
15073579189.0842
15072664798.3048
15071734501.0645
15070787071.3232
15069822515.5642
15068838377.1218
15067838358.0986
15066821233.5405
15065785779.2688
15064730771.9089
15063656219.7056
15062563361.6615
15061452205.7783
15060321529.949
15059171343.0026
15057999194.1956
15056808782.8242
15055598888.1246
15054365831.7316
15053114541.3257
15051840110.628
15050547466.0203
15049230474.795
15047894062.6346
15046533327.9909
15045153195.1767
15043748764.7959
15042324959.7338
15040875655.7366
15039404548.0976
15037911649.6935
15036393294.5841
15034854402.6116
15033290083.1665
15031704028.9275
15030092577.8343
15028458196.4095
15026800899.7257
15025117029.5741
15023410276.5945
15021680656.5106
15019923290.6528
15018144315.4296
15016340077.1457
15014509371.3945
15012655885.0892
15010778413.1073
15008875751.7671
15006947920.403
15004993717.3794
15003016826.1804
15001012382.6598
14998984069.8296
14996931907.2703
14994854695.2161
14992752454.7164
14990626425.9455
14988475410.8614
14986299431.234
14984097291.2571
14981873884.1002
14979624360.6151
14977351178.0701
14975054358.3125
14972733923.4072
14970389895.6353
14968022297.4938
14965633581.3337
14963218910.0217
14960783165.1783
14958323940.4982
14955844899.2192
14953343635.7964
14950821385.3548
14948278169.5558
14945712798.6421
14943127718.2065
14940381293.1998
14937583835.7635
14934765649.0607
14931925547.7939
14929068393.1319
14926191788.4215
14923296964.7348
14920386358.8841
14917459989.9932
14914514257.6737
14911555215.8215
14908581675.3962
14905592449.3539
14902589966.4875
14899576651.7793
14896550111.8428
14893512769.8149
14890464639.6612
14887408139.6935
14884342079.3292
14881267672.3173
14878188531.7755
14875102264.0351
14872011278.0932
14868915580.6297
14865817575.6672
14862719663.2331
14859619448.6797
14856518132.865
14853419307.9866
14850322971.7371
14847229121.8126
14844140146.2623
14841056039.8065
14837980379.7269
14834915543.6987
14831857939.503
14828809944.3955
14825775123.9647
14822751079.3361
14819744945.5806
14816751938.5787
14813775614.0351
14810818332.2043
14807882449.6827
14804966752.8477
14802073595.3631
14799205327.377
14796360733.1179
14793544534.0923
14790757885.0951
14788001939.4894
14785275477.8243
14782585579.7538
14779932205.9176
14777555762.4775
14775230999.446
14772943663.5365
14770694903.7043
14768489417.1384
14766328348.0579
14764214022.4356
14762148764.4047
14760133714.7256
14758164107.0325
14756243448.3535
14754381146.7887
14752590143.5919
14750872747.4151
14749231266.8815
14747671549.8942
14746198262.5142
14744818428.4435
14743514309.8814
14742288224.3778
14741158991.4275
14740159564.2102
14739331132.3542
14738688955.5174
14738192926.9472
14737792358.1719
14737514329.118
14737461316.2944
14737676904.1556
14738101029.8329
14738737264.1219
14739649295.7368
14740844298.6644
14742324768.2086
14744136862.1165
14746319747.4546
14748884372.3995
14751857102.9076
14755256145.6026
14759045462.1655
14763148811.4776
14767431869.1689
14771667704.1918
14775528215.6763
14778586329.5381
14780382465.7608
14780172736.0523
14777402966.494
14771550535.3024
14762106212.2154
14748837177.1324
14731845296.1739
14711658789.116
14689369025.7144
14666874833.3658
14647309218.4182
14635966215.9383
14642361717.6658
14684696005.4192
14809588165.1828
)
;

boundaryField
{
    electrode
    {
        type            zeroGradient;
    }
    ground
    {
        type            zeroGradient;
    }
    otherfaces
    {
        type            empty;
    }
}


// ************************************************************************* //
