/*--------------------------------*- C++ -*----------------------------------*\
| =========                 |                                                 |
| \\      /  F ield         | foam-extend: Open Source CFD                    |
|  \\    /   O peration     | Version:     4.1                                |
|   \\  /    A nd           | Web:         http://www.foam-extend.org         |
|    \\/     M anipulation  |                                                 |
\*---------------------------------------------------------------------------*/
FoamFile
{
    version     2.0;
    format      ascii;
    class       volScalarField;
    location    "1.18605584954085e-05";
    object      EPotentialMean;
}
// * * * * * * * * * * * * * * * * * * * * * * * * * * * * * * * * * * * * * //

dimensions      [1 2 -3 0 0 -1 0];

internalField   nonuniform List<scalar> 
500
(
1.22766780772529
3.58792295160495
5.85010351383424
8.01221793453203
10.0722908583992
12.0282897778313
13.8785351417743
15.6214264270145
17.2559473126392
18.7814017852936
20.1978861071814
21.5060434709616
22.7075534930915
23.8048637518214
24.8015969132645
25.7021789626732
26.5121669250981
27.2377326562063
27.8858085292666
28.4635252667419
28.9782415039452
29.4369920032641
29.8466061449739
30.2132353511989
30.5425736334806
30.8395243315757
31.1085426085865
31.3533154413477
31.5771384065415
31.7827241814687
31.9725061102818
32.1483907221243
32.3121411420043
32.4652135168815
32.6088369205917
32.7439242849462
32.8714120903767
32.9921044225542
33.1067873408935
33.2160045268279
33.3202783088599
33.4199685161468
33.515487430898
33.607141426221
33.6953052819755
33.780222655195
33.8621902205412
33.9413874428841
34.0180554530247
34.0923230576441
34.1643789693155
34.2343108811237
34.302286832394
34.3683880376425
34.4327696958305
34.4954922348692
34.5566868332571
34.6163952873203
34.6747322769586
34.7317266021031
34.7874804435397
34.842012523602
34.8954151283718
34.9476995810811
34.9989504170263
35.0491721977879
35.0984422359899
35.1467600202314
35.1941973951178
35.2407498179598
35.2864845210889
35.3313936558397
35.3755405128334
35.4189145164512
35.461575582574
35.5035108592077
35.5447773071178
35.5853602772487
35.6253142463225
35.6646229570468
35.7033390057456
35.7414454829356
35.7789921341591
35.8159595255147
35.8523952953159
35.8882790955526
35.9236570017596
35.9585079236478
35.9928765238262
36.026741084991
36.0601449836724
36.0930659748551
36.1255462610602
36.1575631545182
36.189157779925
36.2203070773493
36.251051178031
36.2813667128288
36.3112928955063
36.3408061008693
36.3699446893502
36.3986848230869
36.4270640671853
36.4550584113975
36.4827046784115
36.5099787195421
36.5369166600471
36.5634942391981
36.5897469235422
36.6156503653422
36.6412394130458
36.666489658099
36.6914353676028
36.7160520932132
36.740373553247
36.7643752777596
36.7880904654142
36.8114946402181
36.8346205079266
36.857443600278
36.8799961547918
36.9022537233065
36.9242480979242
36.9459548612957
36.967405380956
36.9885752795908
37.0094955190235
37.0301417698214
37.0505446057118
37.0706797517666
37.0905774095949
37.1102133646757
37.1296174616719
37.1487655518425
37.1676871368843
37.1863581379183
37.2048077269303
37.2230118991249
37.2409995087501
37.2587466283909
37.2762818062071
37.2935811951376
37.3106730479218
37.3275336002924
37.3441908191863
37.3606210258507
37.3768519110738
37.392859882983
37.4086723647916
37.4242658536905
37.4396675134508
37.4548539318148
37.4698520206749
37.48463845965
37.4992399158668
37.513633162284
37.5278446275764
37.5418511796128
37.5556790147558
37.569305096484
37.582755394636
37.5960069696048
37.6090855695075
37.6219683530269
37.6346808516221
37.6472003226022
37.6595520852185
37.671713497065
37.6837096690587
37.6955180600007
37.7071635761513
37.7186237781994
37.729923371794
37.7410400204549
37.7519982324935
37.7627757746328
37.7733969615073
37.7838396630903
37.794128004279
37.8042399580317
37.8141994632578
37.8239845955653
37.8336191118699
37.8430811890434
37.8523944066811
37.861537041041
37.8705324997429
37.8793591556126
37.8880402502066
37.8965542492815
37.9049242347404
37.9131287610907
37.9211907579813
37.9290888629766
37.9368458623068
37.9444404692358
37.9518953359878
37.9591892445588
37.9663447230099
37.9733406126802
37.9801993298388
37.9868997649407
37.9934642411396
37.9998716967998
38.0061441736451
38.0122588495228
38.018237998214
38.0240657347365
38.0297594010584
38.0353023376461
38.0407117769842
38.0459717102966
38.0510988496121
38.0560777095644
38.0609244255703
38.0656240482809
38.0701921041999
38.0746141731952
38.078905186976
38.0830516176408
38.0870673731177
38.0909395696591
38.0946814512357
38.09828077865
38.1017500975406
38.1050778215745
38.1082757856844
38.1113330665816
38.1142607815446
38.1170486768236
38.1197071480925
38.1222266148526
38.1246167499543
38.1268686471053
38.1289912580709
38.130976348394
38.1328321535793
38.1345511053798
38.136140730961
38.1375941198842
38.1389181013432
38.1401064115444
38.1411651947623
38.1420888204275
38.142882763233
38.1435420103768
38.144071385779
38.1444664849657
38.1447315325859
38.1448626478396
38.1448624981102
38.1447310828608
38.1444657351202
38.1440703365931
38.1435406612653
38.142881114961
38.1420868725864
38.1411629480563
38.1401038657157
38.1389152570826
38.1375909771392
38.1361372903615
38.1345473669872
38.132828117963
38.1309720158375
38.1289866291421
38.1268637221126
38.1246115294474
38.1222210993697
38.1197013381293
38.1170425729525
38.1142543844849
38.1113263765468
38.1082688039144
38.1050705480113
38.1017425336934
38.0982729245759
38.0946733079903
38.0909311377272
38.0870586537104
38.0830426113864
38.0788958947722
38.0746045959267
38.0701822426996
38.0656139023616
38.0609139974962
38.0560669992642
38.0510878592343
38.0459604398363
38.0407002284469
38.0352905110825
38.0297472982699
38.0240533564683
38.018225346071
38.0122459246783
38.006130976545
37.9998582291863
37.9934505047167
37.9868857612288
37.9801850607607
37.9733260781151
37.9663299255653
37.9591741846481
37.9518800159029
37.94442488982
37.9368300254882
37.9290727700305
37.9211744107238
37.9131121607685
37.9049073832327
37.8965371481861
37.8880229011695
37.8793415603482
37.8705146598649
37.8615189583267
37.8523760828094
37.8430626258741
37.8336003111435
37.8239655591209
37.8141801929598
37.8042204557961
37.7941082719237
37.7838197027373
37.773376775031
37.7627553641248
37.7519776000921
37.7410191680864
37.7299023015966
37.7186024923303
37.7071420767515
37.6954963493713
37.6836877493842
37.6716913704632
37.6595297538691
37.6471777889154
37.6346581177787
37.6219454214058
37.6090624421728
37.5959836488451
37.5827318826748
37.5692813955784
37.5556551272126
37.5418271077428
37.5278203735991
37.5136087285494
37.4992153047453
37.4846136735901
37.4698270618279
37.4548288026819
37.4396422162949
37.4242403909839
37.408646738925
37.3928340964941
37.3768259663526
37.3605949254648
37.3441645653767
37.327507195543
37.3106464947226
37.2935544960808
37.276254963586
37.2587196446014
37.2409723861086
37.2229846401737
37.2047803342042
37.1863306139402
37.1676594839894
37.1487377724732
37.1295895580152
37.1101853390726
37.0905492644472
37.0706514896444
37.0505162291194
37.0301132812763
37.0094669208988
36.9885465742989
36.9673765708079
36.9459259486983
36.9242190851627
36.9022246128766
36.879966949115
36.8574143018427
36.8345911190331
36.8114651632588
36.788060902582
36.7643456313722
36.7403438254318
36.716022286172
36.6914054834616
36.666459699086
36.6412093813146
36.6156202631562
36.5897167530547
36.5634640026001
36.536886359424
36.5099483570012
36.482674255896
36.4550279309461
36.4270335307075
36.3986542325681
36.3699140467669
36.3407754082125
36.3112621546612
36.281335925701
36.2510203463919
36.2202762029672
36.1891268643585
36.157532199347
36.1255152676712
36.0930349446081
36.0601139176961
36.0267099844577
35.9928453896185
35.9584767567332
35.9236258029494
35.8882478656123
35.8523640348499
35.8159282351082
35.7789608141839
35.7414141336965
35.7033076273391
35.6645915494467
35.6252828092359
35.5853288103063
35.5447458096439
35.5034793306003
35.4615440219177
35.4188829227102
35.3755088846339
35.3313619917022
35.2864528192459
35.2407180764442
35.1941656116411
35.1467281923419
35.0984103609004
35.0491402724759
34.9989184380359
34.9476675448404
34.8953830307816
34.8419803602793
34.787448209742
34.7316942927261
34.6746998865271
34.6163628100133
34.5566542627074
34.4954595643762
34.4327369181114
34.3683551449866
34.3022538165262
34.234277733292
34.1643456802994
34.0922896179943
34.018021852983
33.9413536721711
33.8621562680727
33.7801885092859
33.6952709304167
33.6071068563662
33.5154526296164
33.4199334700139
33.3202430045183
33.2159689515387
33.1067514816372
32.9920682657419
32.8713756212829
32.7438874882107
32.6087997814735
32.4651760226422
32.3121032807948
32.1483524812554
31.9724674759458
31.7826851412969
31.5770989487789
31.3532755543836
31.1085022825485
30.8394835579965
30.5425324071425
30.2131936709087
29.8465640165876
29.4369494433818
28.9781985427521
28.4634819541615
27.8857649387248
27.2376888914101
26.5121231233056
25.7021352985141
24.8015535984713
23.8048210346508
22.7075116540625
21.5060028187652
20.1978469718255
18.7813645128467
17.255912258297
15.6213939504431
13.8785056018811
12.0282635300298
10.0722682511053
8.01219930865075
5.85008920026705
3.58791327156936
1.22766307291496
)
;

boundaryField
{
    electrode
    {
        type            calculated;
        value           uniform 1.00000000038726e-10;
    }
    ground
    {
        type            calculated;
        value           uniform -2.11259055365408e-06;
    }
    otherfaces
    {
        type            empty;
    }
}


// ************************************************************************* //
