/*--------------------------------*- C++ -*----------------------------------*\
| =========                 |                                                 |
| \\      /  F ield         | foam-extend: Open Source CFD                    |
|  \\    /   O peration     | Version:     4.1                                |
|   \\  /    A nd           | Web:         http://www.foam-extend.org         |
|    \\/     M anipulation  |                                                 |
\*---------------------------------------------------------------------------*/
FoamFile
{
    version     2.0;
    format      ascii;
    class       volScalarField;
    location    "1.18605584954085e-05";
    object      eTempMean;
}
// * * * * * * * * * * * * * * * * * * * * * * * * * * * * * * * * * * * * * //

dimensions      [0 0 0 1 0 0 0];

internalField   nonuniform List<scalar> 
500
(
49710.211863881
48697.8856527212
48022.6446323871
47496.6107586889
47071.3285446156
46730.2076350301
46464.8752805376
46269.1207755341
46136.1608880141
46057.4273932674
46023.3088671177
46023.9892628651
46050.0324662108
46092.870928769
46145.1679570146
46201.0379707273
46256.156952472
46307.6646252168
46354.0015435405
46394.6525560437
46429.7996815272
46460.0431349616
46486.1841563468
46509.0365973233
46529.3075185571
46547.5915614257
46564.3797461893
46579.9987776725
46594.670374127
46608.6039609674
46621.9393652811
46634.6950001849
46646.9571812214
46658.8857048046
46670.4660666691
46681.5793400337
46692.2244763262
46702.523299377
46712.5738071488
46722.3827105197
46731.9160044007
46741.1444000292
46750.060516541
46758.6910631886
46767.0746890602
46775.2305436365
46783.1653367193
46790.8881857033
46798.4115648679
46805.7437363673
46812.8817257521
46819.8202136114
46826.565166933
46833.1318395686
46839.5335572916
46845.777095832
46851.866333092
46857.8054816575
46863.5990748577
46869.2517235617
46874.7678488176
46880.1514977451
46885.4066878971
46890.5378373129
46895.5491859388
46900.4442075012
46905.226153428
46909.8983845466
46914.4641802826
46918.9266971619
46923.2889734731
46927.5539288838
46931.7243643357
46935.8029916386
46939.7924275145
46943.6951362417
46947.5134874794
46951.2498636198
46954.9063741326
46958.484866087
46961.9879891523
46965.4187086487
46968.7787389943
46972.0693210637
46975.2921106213
46978.4488541909
46981.5412527235
46984.5709536843
46987.5395493488
46990.4485807499
46993.2995376556
46996.0938638354
46998.8329564391
47001.5181702435
47004.150815935
47006.7321641333
47009.263444775
47011.7458521123
47014.1805435248
47016.5686430491
47018.911238781
47021.2093871917
47023.4641120668
47025.6764087629
47027.8472428191
47029.9775537473
47032.0682525119
47034.1202241231
47036.1343252325
47038.1113890506
47040.0522241751
47041.9576181994
47043.8283352088
47045.6651194444
47047.4686930355
47049.239759645
47050.9790021034
47052.6870861108
47054.3646577736
47056.0123471476
47057.6307658945
47059.2205107972
47060.7821612051
47062.3162826402
47063.8234242335
47065.3041220836
47066.7588966374
47068.1882564241
47069.5926952116
47070.9726953692
47072.3287252801
47073.6612426801
47074.9706921878
47076.2575086691
47077.5221141298
47078.7649212646
47079.9863311405
47081.1867359479
47082.3665166342
47083.5260458655
47084.6656857661
47085.7857907192
47086.8867051512
47087.9687659153
47089.0323002326
47090.077628921
47091.1050635468
47092.1149088535
47093.1074613108
47094.0830110999
47095.0418404318
47095.984225554
47096.9104350545
47097.8207318564
47098.715371895
47099.594605349
47100.4586759163
47101.3078221167
47102.1422760983
47102.9622648032
47103.7680096081
47104.5597266939
47105.3376266594
47106.1019159054
47106.8527952811
47107.590460788
47108.3151040171
47109.0269119387
47109.7260670851
47110.4127477376
47111.0871275829
47111.7493763381
47112.3996597403
47113.0381396519
47113.6649738063
47114.2803165216
47114.8843178648
47115.4771250015
47116.0588807582
47116.6297254668
47117.1897949501
47117.7392232425
47118.278139358
47118.806671166
47119.3249410262
47119.8330711453
47120.3311775201
47120.8193769219
47121.2977793275
47121.7664960879
47122.2256312133
47122.6752913522
47123.1155744627
47123.5465828049
47123.9684090404
47124.3811501523
47124.7848936594
47125.1797329821
47125.5657496883
47125.943032894
47126.3116568074
47126.6717020656
47127.0233323503
47127.3674438996
47127.70387738
47128.0287624741
47128.3445120901
47128.6546785968
47128.9571490581
47129.2513423857
47129.5375070517
47129.8157596976
47130.0861847737
47130.3488320785
47130.6037717007
47130.8510587217
47131.0907387257
47131.3226956771
47131.547172685
47131.7643269421
47131.9740410764
47132.1763568578
47132.3713318558
47132.5590010929
47132.7394089371
47132.9125865264
47133.0785726989
47133.2373972414
47133.3890944615
47133.5336925696
47133.6712216245
47133.8017081468
47133.9251779602
47134.0416562081
47134.1511643728
47134.2537263291
47134.3493592543
47134.4380855316
47134.5199184539
47134.5948788546
47134.6629759764
47134.7242290706
47134.7786435697
47134.8262369082
47134.8670101925
47134.9009755824
47134.9281167127
47134.9484776163
47134.9625475968
47134.9688085146
47134.968816437
47134.9625706413
47134.9485159772
47134.9281709504
47134.9010452608
47134.8670951496
47134.82633704
47134.7787586311
47134.7243589364
47134.6631204234
47134.5950376895
47134.5200914249
47134.4382723519
47134.3495595675
47134.2539398748
47134.1513908468
47134.0418951665
47133.9254290341
47133.8019709633
47133.6714956537
47133.5339774686
47133.3893896679
47133.2377021831
47133.0788870105
47132.9129094554
47132.7397401977
47132.559339944
47132.3716774487
47132.1767086753
47131.9743986204
47131.7646894595
47131.5475394227
47131.323066507
47131.0911121516
47130.8514334605
47130.6041476675
47130.3492084363
47130.0865607128
47129.8161343618
47129.5378795898
47129.2517115981
47128.9575139994
47128.6550384624
47128.3448663696
47128.0291100963
47127.7042162146
47127.3677733099
47127.023651745
47126.6720110396
47126.3119540807
47125.9433163695
47125.5660186904
47125.1799864266
47124.7851304214
47124.3813690404
47123.9686087946
47123.546762467
47123.1157326754
47122.6754267484
47122.2257427008
47121.7665825148
47121.2978393777
47120.8194093665
47120.3311809663
47119.8330442928
47119.3248826321
47118.8065799372
47118.2780139257
47117.7390622859
47117.1895971953
47116.6294895442
47116.0586052907
47115.4768087374
47114.8839594035
47114.279914544
47113.6645269623
47113.0376464987
47112.3991188197
47111.748786369
47111.0864871085
47110.4120555288
47109.72532179
47109.026111953
47108.3142479888
47107.5895475719
47106.8518235362
47106.1008843793
47105.3365339728
47104.5585715147
47103.7667907625
47102.9609809668
47102.1409261509
47101.306404852
47100.4571900177
47099.5930497007
47098.7137454674
47097.8190336157
47096.9086637814
47095.9823802381
47095.0399201554
47094.0810148782
47093.1053882191
47092.1127580471
47091.1028342456
47090.0753203756
47089.0299114889
47087.9662961945
47086.8841540022
47085.7831576395
47084.6629701246
47083.5232470717
47082.3636342138
47081.1837696111
47079.9832807429
47078.7617866197
47077.5188949829
47076.2542049085
47074.9673036976
47073.6577692947
47072.3251671779
47070.9690528997
47069.5889688001
47068.1844465621
47066.7550038378
47065.3001468954
47063.8193674232
47062.3121449941
47060.7779436684
47059.2162145115
47057.6263922216
47056.0078975118
47054.3601336957
47052.6824891173
47050.9743339052
47049.2350220965
47047.4638881025
47045.6602492454
47043.8234020086
47041.9526244382
47040.0471723981
47038.1062820087
47036.1291658425
47034.1150154509
47032.0629978183
47029.9722565162
47027.841906587
47025.67103727
47023.458709224
47021.2039571044
47018.9057858503
47016.5631717854
47014.1750585365
47011.7403580777
47009.2579466432
47006.726667053
47004.1453252379
47001.5126913803
46998.8274950562
46996.0884257777
46993.294128926
46990.4432075626
46987.5342179639
46984.565670376
46981.5360239417
46978.4436864884
46975.2870107185
46972.0642957836
46968.7737952966
46965.4138535658
46961.9832297506
46958.4802093748
46954.9018269864
46951.2454327252
46947.509179229
46943.6909567182
46939.7883825017
46935.7990863559
46931.7206031486
46927.5503153234
46923.2855100056
46918.9233852508
46914.461020096
46909.895375267
46905.2232934111
46900.4414944125
46895.546616802
46890.5354087037
46885.4043963631
46880.1493401781
46874.7658230461
46869.2498284159
46863.5973102547
46857.8038488651
46851.8648348554
46845.775736605
46839.5323430408
46833.1307775532
46826.5642655799
46819.8194820289
46812.881173539
46805.7433736302
46798.4114017929
46790.8882318203
46783.1656009949
46775.2310346481
46767.0754154323
46758.6920338597
46750.0617404707
46741.1458868084
46731.9177655411
46722.3847605342
46712.5761632788
46702.5259804777
46692.2275020907
46681.5827308875
46670.4698448278
46658.8898953362
46646.9618102438
46634.7000904092
46621.944936381
46608.6100327949
46594.6769658153
46580.0059067129
46564.387430085
46547.599818268
46529.316367437
46509.0460584652
46486.1942524217
46460.053892359
46429.8111298915
46394.6647306689
46354.0144869262
46307.6783894882
46256.1716008729
46201.0535764367
46145.1845984004
46092.8886811671
46050.0513910927
46024.0093929714
46023.3301892091
46057.4498338079
46136.1842984733
46269.1449311518
46464.8999185754
46730.2325108243
47071.3533913802
47496.6352780745
48022.6684812539
48697.9082986395
49710.2318207153
)
;

boundaryField
{
    electrode
    {
        type            calculated;
        value           uniform 49710.211863881;
    }
    ground
    {
        type            calculated;
        value           uniform 49710.2318207153;
    }
    otherfaces
    {
        type            empty;
    }
}


// ************************************************************************* //
