/*--------------------------------*- C++ -*----------------------------------*\
| =========                 |                                                 |
| \\      /  F ield         | foam-extend: Open Source CFD                    |
|  \\    /   O peration     | Version:     4.1                                |
|   \\  /    A nd           | Web:         http://www.foam-extend.org         |
|    \\/     M anipulation  |                                                 |
\*---------------------------------------------------------------------------*/
FoamFile
{
    version     2.0;
    format      ascii;
    class       volVectorField;
    location    "1.18605584954085e-05";
    object      term4;
}
// * * * * * * * * * * * * * * * * * * * * * * * * * * * * * * * * * * * * * //

dimensions      [0 -2 -2 0 0 0 0];

internalField   nonuniform List<vector> 
500
(
(3.78715698551753e+24 0 0)
(6.67833682032511e+24 0 0)
(5.95115039867607e+24 0 0)
(6.75802233861029e+24 0 0)
(7.38746326127192e+24 0 0)
(8.15460418136955e+24 0 0)
(8.98665189464046e+24 0 0)
(9.90980981925314e+24 0 0)
(1.09578431945518e+25 0 0)
(1.21262854644012e+25 0 0)
(1.33834791563623e+25 0 0)
(1.4732953531672e+25 0 0)
(1.61741841627027e+25 0 0)
(1.77005070651674e+25 0 0)
(1.92364012007798e+25 0 0)
(2.07631079482762e+25 0 0)
(2.22448014340258e+25 0 0)
(2.35911458527797e+25 0 0)
(2.4775912935668e+25 0 0)
(2.57746646917542e+25 0 0)
(2.65119774585738e+25 0 0)
(2.70068718888394e+25 0 0)
(2.72709381250498e+25 0 0)
(2.73156484990934e+25 0 0)
(2.71270949860107e+25 0 0)
(2.68110642029148e+25 0 0)
(2.63984077932073e+25 0 0)
(2.58465640909392e+25 0 0)
(2.52457157872637e+25 0 0)
(2.46825495164396e+25 0 0)
(2.4088717779171e+25 0 0)
(2.33830108555349e+25 0 0)
(2.28397921964808e+25 0 0)
(2.2385596287977e+25 0 0)
(2.17811232301675e+25 0 0)
(2.11124398927594e+25 0 0)
(2.05561293869296e+25 0 0)
(2.01502860742922e+25 0 0)
(1.97803254228046e+25 0 0)
(1.93871141929142e+25 0 0)
(1.8974658743057e+25 0 0)
(1.8557779786084e+25 0 0)
(1.8161021983949e+25 0 0)
(1.7822412454323e+25 0 0)
(1.75180024888225e+25 0 0)
(1.72288127962104e+25 0 0)
(1.69551042929923e+25 0 0)
(1.67009243053389e+25 0 0)
(1.64643172241367e+25 0 0)
(1.62340470583687e+25 0 0)
(1.59951397511471e+25 0 0)
(1.5762098462592e+25 0 0)
(1.5548154539841e+25 0 0)
(1.53535723702514e+25 0 0)
(1.51691807346217e+25 0 0)
(1.49910880847842e+25 0 0)
(1.48192324793035e+25 0 0)
(1.46544207834878e+25 0 0)
(1.4494676433575e+25 0 0)
(1.43411296642986e+25 0 0)
(1.41914810973863e+25 0 0)
(1.4046650339702e+25 0 0)
(1.39055907567584e+25 0 0)
(1.37698770856942e+25 0 0)
(1.36366319496927e+25 0 0)
(1.35067796751554e+25 0 0)
(1.33792601870877e+25 0 0)
(1.3255115304909e+25 0 0)
(1.31328283394478e+25 0 0)
(1.30135694195179e+25 0 0)
(1.28958915063853e+25 0 0)
(1.2780900902325e+25 0 0)
(1.26672455637528e+25 0 0)
(1.25561136301516e+25 0 0)
(1.24460720849089e+25 0 0)
(1.23380997336916e+25 0 0)
(1.22313954527841e+25 0 0)
(1.21269516771912e+25 0 0)
(1.20225777299214e+25 0 0)
(1.19209656298262e+25 0 0)
(1.18222611139955e+25 0 0)
(1.17246192822994e+25 0 0)
(1.16266316162013e+25 0 0)
(1.15303929266218e+25 0 0)
(1.1434537752466e+25 0 0)
(1.13399641635572e+25 0 0)
(1.12457359773724e+25 0 0)
(1.11527031965185e+25 0 0)
(1.10599854442056e+25 0 0)
(1.09683804118299e+25 0 0)
(1.08770667414077e+25 0 0)
(1.07867888123934e+25 0 0)
(1.06967850964723e+25 0 0)
(1.06077444625376e+25 0 0)
(1.05189666923663e+25 0 0)
(1.04310834044645e+25 0 0)
(1.03434568090862e+25 0 0)
(1.02566592733816e+25 0 0)
(1.01701167606996e+25 0 0)
(1.0084340877025e+25 0 0)
(9.99882257282237e+24 0 0)
(9.91401055176615e+24 0 0)
(9.82946236895635e+24 0 0)
(9.74556228043848e+24 0 0)
(9.66193575582359e+24 0 0)
(9.57890067576574e+24 0 0)
(9.49615197836997e+24 0 0)
(9.41393943861961e+24 0 0)
(9.33202883115024e+24 0 0)
(9.25060031178076e+24 0 0)
(9.16949204267182e+24 0 0)
(9.08881257758305e+24 0 0)
(9.00847394440918e+24 0 0)
(8.92851161557075e+24 0 0)
(8.84891303560027e+24 0 0)
(8.76963883609037e+24 0 0)
(8.69075347999782e+24 0 0)
(8.6121409382015e+24 0 0)
(8.53394381061037e+24 0 0)
(8.45596807622277e+24 0 0)
(8.37843650393786e+24 0 0)
(8.30107511618452e+24 0 0)
(8.22418804997566e+24 0 0)
(8.14742014823339e+24 0 0)
(8.07115836223091e+24 0 0)
(7.99496465873144e+24 0 0)
(7.91931045871731e+24 0 0)
(7.84367301148668e+24 0 0)
(7.76860981685142e+24 0 0)
(7.69351212827219e+24 0 0)
(7.61902466661898e+24 0 0)
(7.54445106615914e+24 0 0)
(7.47052503374731e+24 0 0)
(7.39646101777774e+24 0 0)
(7.32308306231488e+24 0 0)
(7.24951498370659e+24 0 0)
(7.17667252860673e+24 0 0)
(7.10358750891593e+24 0 0)
(7.03126877007961e+24 0 0)
(6.95865456453664e+24 0 0)
(6.88684837083099e+24 0 0)
(6.81469344709009e+24 0 0)
(6.743389198046e+24 0 0)
(6.67168254632658e+24 0 0)
(6.60087019217443e+24 0 0)
(6.52960119120812e+24 0 0)
(6.45927103119927e+24 0 0)
(6.38842965669856e+24 0 0)
(6.31857248584047e+24 0 0)
(6.24814894968394e+24 0 0)
(6.17875592212517e+24 0 0)
(6.10874084434923e+24 0 0)
(6.03980338044686e+24 0 0)
(5.970187615721e+24 0 0)
(5.9016974264558e+24 0 0)
(5.83247220007187e+24 0 0)
(5.76442119115522e+24 0 0)
(5.69557782326937e+24 0 0)
(5.62795823541403e+24 0 0)
(5.5594881709807e+24 0 0)
(5.49229238270425e+24 0 0)
(5.42418733197859e+24 0 0)
(5.35740798168017e+24 0 0)
(5.28965967238285e+24 0 0)
(5.2232895477701e+24 0 0)
(5.15588985810848e+24 0 0)
(5.08992197024641e+24 0 0)
(5.02286271227432e+24 0 0)
(4.95729024906894e+24 0 0)
(4.89056319350449e+24 0 0)
(4.82537958638721e+24 0 0)
(4.75897634321166e+24 0 0)
(4.69417527358659e+24 0 0)
(4.62808751269535e+24 0 0)
(4.56366293318534e+24 0 0)
(4.49788193742978e+24 0 0)
(4.43382824952696e+24 0 0)
(4.36834537123339e+24 0 0)
(4.30465719931543e+24 0 0)
(4.23946317410494e+24 0 0)
(4.17613574476644e+24 0 0)
(4.11122086565574e+24 0 0)
(4.04824957910477e+24 0 0)
(3.98360412652554e+24 0 0)
(3.9209847405711e+24 0 0)
(3.85659743975889e+24 0 0)
(3.7943273719975e+24 0 0)
(3.73018733111844e+24 0 0)
(3.66826300564255e+24 0 0)
(3.60435941289191e+24 0 0)
(3.5427795008857e+24 0 0)
(3.47909742052994e+24 0 0)
(3.41786285392392e+24 0 0)
(3.35439039534739e+24 0 0)
(3.29349834424171e+24 0 0)
(3.23021790980791e+24 0 0)
(3.16967702197346e+24 0 0)
(3.10656533029998e+24 0 0)
(3.04638239515622e+24 0 0)
(2.98342573192432e+24 0 0)
(2.92359977331785e+24 0 0)
(2.86056625115051e+24 0 0)
(2.80010020442555e+24 0 0)
(2.74504300002603e+24 0 0)
(2.67975653079141e+24 0 0)
(2.60632472706881e+24 0 0)
(2.56303668184277e+24 0 0)
(2.49491569972688e+24 0 0)
(2.43771105470751e+24 0 0)
(2.37340815371874e+24 0 0)
(2.31732680502391e+24 0 0)
(2.25290122825413e+24 0 0)
(2.19752634154502e+24 0 0)
(2.13282773938027e+24 0 0)
(2.07817385981941e+24 0 0)
(2.01331405751267e+24 0 0)
(1.95934332425325e+24 0 0)
(1.89413375198644e+24 0 0)
(1.84082919422499e+24 0 0)
(1.77541786405972e+24 0 0)
(1.72271544730607e+24 0 0)
(1.65700424890014e+24 0 0)
(1.60493963594058e+24 0 0)
(1.53895553194905e+24 0 0)
(1.48742945963225e+24 0 0)
(1.42125150290905e+24 0 0)
(1.37017938955658e+24 0 0)
(1.30382920164369e+24 0 0)
(1.25314456420527e+24 0 0)
(1.18672694512584e+24 0 0)
(1.13629483405125e+24 0 0)
(1.06986789684068e+24 0 0)
(1.01965282001576e+24 0 0)
(9.53222164479283e+23 0 0)
(9.0312099621926e+23 0 0)
(8.36860273822727e+23 0 0)
(7.86709410914519e+23 0 0)
(7.20654386770976e+23 0 0)
(6.70417978543338e+23 0 0)
(6.04656650975635e+23 0 0)
(5.54199676601886e+23 0 0)
(4.88800494978452e+23 0 0)
(4.38063827471553e+23 0 0)
(3.73141004489549e+23 0 0)
(3.21830188781147e+23 0 0)
(2.5789447579044e+23 0 0)
(2.05225735021918e+23 0 0)
(1.43522581947536e+23 0 0)
(9.65372006368185e+22 0 0)
(5.22833072393664e+21 0 0)
(-5.22461065614052e+21 0 0)
(-9.6545185912146e+22 0 0)
(-1.43522433074427e+23 0 0)
(-2.05222283506025e+23 0 0)
(-2.57898231485349e+23 0 0)
(-3.21836497643502e+23 0 0)
(-3.73134407450323e+23 0 0)
(-4.38055070445684e+23 0 0)
(-4.88818189376836e+23 0 0)
(-5.54200034515233e+23 0 0)
(-6.04648878109667e+23 0 0)
(-6.70407056731112e+23 0 0)
(-7.20679671804627e+23 0 0)
(-7.86710320244885e+23 0 0)
(-8.36837996086156e+23 0 0)
(-9.03125796127413e+23 0 0)
(-9.53257354503519e+23 0 0)
(-1.01962539544461e+24 0 0)
(-1.06985080985301e+24 0 0)
(-1.13632993582659e+24 0 0)
(-1.18670435517272e+24 0 0)
(-1.25314858096984e+24 0 0)
(-1.30383160727538e+24 0 0)
(-1.37018284948802e+24 0 0)
(-1.42125347508473e+24 0 0)
(-1.48742378288902e+24 0 0)
(-1.53898288175256e+24 0 0)
(-1.60491424975083e+24 0 0)
(-1.65700691154179e+24 0 0)
(-1.72274556187007e+24 0 0)
(-1.77537776159323e+24 0 0)
(-1.84082376278495e+24 0 0)
(-1.894162699506e+24 0 0)
(-1.95931434223278e+24 0 0)
(-2.01330675599315e+24 0 0)
(-2.07822939466998e+24 0 0)
(-2.13285388130809e+24 0 0)
(-2.19749393077561e+24 0 0)
(-2.25286643267059e+24 0 0)
(-2.31737250032449e+24 0 0)
(-2.37339848829491e+24 0 0)
(-2.43764495335741e+24 0 0)
(-2.49494581277649e+24 0 0)
(-2.56307154171521e+24 0 0)
(-2.60630829772288e+24 0 0)
(-2.67975992112832e+24 0 0)
(-2.74505795563906e+24 0 0)
(-2.80008851338019e+24 0 0)
(-2.86056152033846e+24 0 0)
(-2.92361022659337e+24 0 0)
(-2.98342183112596e+24 0 0)
(-3.04638219168684e+24 0 0)
(-3.10657059767924e+24 0 0)
(-3.16967326911259e+24 0 0)
(-3.23021716927068e+24 0 0)
(-3.29350038763493e+24 0 0)
(-3.35439011294801e+24 0 0)
(-3.41786293590394e+24 0 0)
(-3.47910014394449e+24 0 0)
(-3.54278044205304e+24 0 0)
(-3.60435974560898e+24 0 0)
(-3.66826453796664e+24 0 0)
(-3.73018845478786e+24 0 0)
(-3.79432773279214e+24 0 0)
(-3.85659819110688e+24 0 0)
(-3.9209850214483e+24 0 0)
(-3.98360407285978e+24 0 0)
(-4.04825011441529e+24 0 0)
(-4.11122161202023e+24 0 0)
(-4.17613640601583e+24 0 0)
(-4.2394640276582e+24 0 0)
(-4.30465819492906e+24 0 0)
(-4.36834632548928e+24 0 0)
(-4.4338293046458e+24 0 0)
(-4.49788292748107e+24 0 0)
(-4.5636637336655e+24 0 0)
(-4.62808815713858e+24 0 0)
(-4.69417591133161e+24 0 0)
(-4.75897695555926e+24 0 0)
(-4.82538013768001e+24 0 0)
(-4.89056378889043e+24 0 0)
(-4.95729094453819e+24 0 0)
(-5.02286344668727e+24 0 0)
(-5.08992275815637e+24 0 0)
(-5.15589068856929e+24 0 0)
(-5.22329040010622e+24 0 0)
(-5.28966051112443e+24 0 0)
(-5.35740877006404e+24 0 0)
(-5.42418808613053e+24 0 0)
(-5.49229310073262e+24 0 0)
(-5.55948885823579e+24 0 0)
(-5.62795888019535e+24 0 0)
(-5.69557841671563e+24 0 0)
(-5.76442183595085e+24 0 0)
(-5.83247284562787e+24 0 0)
(-5.90169809046297e+24 0 0)
(-5.97018830230078e+24 0 0)
(-6.03980400027074e+24 0 0)
(-6.10874150891341e+24 0 0)
(-6.17875657557762e+24 0 0)
(-6.24814956845518e+24 0 0)
(-6.31857309536715e+24 0 0)
(-6.38843024168212e+24 0 0)
(-6.45927162897047e+24 0 0)
(-6.52960175144873e+24 0 0)
(-6.60087070526414e+24 0 0)
(-6.6716830984043e+24 0 0)
(-6.74338977914543e+24 0 0)
(-6.81469398879463e+24 0 0)
(-6.88684894033797e+24 0 0)
(-6.95865512400056e+24 0 0)
(-7.03126928294062e+24 0 0)
(-7.10358802105231e+24 0 0)
(-7.17667303611256e+24 0 0)
(-7.2495154581979e+24 0 0)
(-7.32308353410247e+24 0 0)
(-7.39646147310305e+24 0 0)
(-7.4705254311251e+24 0 0)
(-7.54445149817954e+24 0 0)
(-7.61902509298309e+24 0 0)
(-7.69351251615015e+24 0 0)
(-7.76861021674284e+24 0 0)
(-7.84367340662558e+24 0 0)
(-7.91931079505967e+24 0 0)
(-7.99496502222927e+24 0 0)
(-8.07115877600772e+24 0 0)
(-8.14742048083742e+24 0 0)
(-8.22418836304914e+24 0 0)
(-8.30107542594917e+24 0 0)
(-8.37843682492332e+24 0 0)
(-8.45596839896839e+24 0 0)
(-8.53394407179088e+24 0 0)
(-8.61214114622746e+24 0 0)
(-8.69075364311085e+24 0 0)
(-8.76963907921037e+24 0 0)
(-8.84891324045504e+24 0 0)
(-8.92851176265867e+24 0 0)
(-9.00847412053832e+24 0 0)
(-9.08881267846818e+24 0 0)
(-9.16949214370648e+24 0 0)
(-9.25060043120935e+24 0 0)
(-9.33202891125619e+24 0 0)
(-9.41393946763737e+24 0 0)
(-9.49615198056386e+24 0 0)
(-9.5789006529337e+24 0 0)
(-9.66193571331068e+24 0 0)
(-9.74556223036086e+24 0 0)
(-9.82946230809283e+24 0 0)
(-9.91401041906047e+24 0 0)
(-9.99882237374634e+24 0 0)
(-1.00843407191618e+25 0 0)
(-1.01701166035896e+25 0 0)
(-1.02566590625006e+25 0 0)
(-1.03434565469265e+25 0 0)
(-1.04310831232879e+25 0 0)
(-1.05189663849441e+25 0 0)
(-1.06077441419423e+25 0 0)
(-1.06967847362914e+25 0 0)
(-1.07867883891742e+25 0 0)
(-1.08770663036354e+25 0 0)
(-1.09683799466957e+25 0 0)
(-1.10599849569695e+25 0 0)
(-1.1152702704926e+25 0 0)
(-1.12457354134091e+25 0 0)
(-1.13399635741998e+25 0 0)
(-1.14345371024732e+25 0 0)
(-1.15303922649453e+25 0 0)
(-1.16266309909909e+25 0 0)
(-1.17246184381141e+25 0 0)
(-1.18222597085171e+25 0 0)
(-1.19209638302667e+25 0 0)
(-1.2022576417382e+25 0 0)
(-1.2126950883936e+25 0 0)
(-1.22313944739565e+25 0 0)
(-1.23380989469555e+25 0 0)
(-1.24460709097905e+25 0 0)
(-1.25561116840288e+25 0 0)
(-1.26672448499729e+25 0 0)
(-1.27809009629296e+25 0 0)
(-1.28958895772529e+25 0 0)
(-1.30135659188029e+25 0 0)
(-1.31328267255613e+25 0 0)
(-1.32551158346028e+25 0 0)
(-1.33792591759556e+25 0 0)
(-1.35067766635331e+25 0 0)
(-1.36366298868107e+25 0 0)
(-1.37698769029302e+25 0 0)
(-1.39055895512975e+25 0 0)
(-1.40466473067771e+25 0 0)
(-1.41914792042632e+25 0 0)
(-1.43411282114906e+25 0 0)
(-1.44946739379983e+25 0 0)
(-1.46544187908676e+25 0 0)
(-1.48192313530906e+25 0 0)
(-1.49910865714863e+25 0 0)
(-1.51691782297541e+25 0 0)
(-1.535356923052e+25 0 0)
(-1.55481534060719e+25 0 0)
(-1.57621010099476e+25 0 0)
(-1.5995142048068e+25 0 0)
(-1.62340476452739e+25 0 0)
(-1.64643162066999e+25 0 0)
(-1.67009229334411e+25 0 0)
(-1.69551059541781e+25 0 0)
(-1.72288132292164e+25 0 0)
(-1.75180020500428e+25 0 0)
(-1.78224174570027e+25 0 0)
(-1.81610337478913e+25 0 0)
(-1.85577977957205e+25 0 0)
(-1.89746788657955e+25 0 0)
(-1.93871329046808e+25 0 0)
(-1.97803399602444e+25 0 0)
(-2.01503040086699e+25 0 0)
(-2.05561867882373e+25 0 0)
(-2.11125416984429e+25 0 0)
(-2.17812088341823e+25 0 0)
(-2.23856533482471e+25 0 0)
(-2.28399178766003e+25 0 0)
(-2.33832221748676e+25 0 0)
(-2.40889115667542e+25 0 0)
(-2.46827864090859e+25 0 0)
(-2.52459925315902e+25 0 0)
(-2.58468562931771e+25 0 0)
(-2.63988020466227e+25 0 0)
(-2.68114752429909e+25 0 0)
(-2.71274594986408e+25 0 0)
(-2.73159880131812e+25 0 0)
(-2.72712412723712e+25 0 0)
(-2.70070559787815e+25 0 0)
(-2.65120447715478e+25 0 0)
(-2.57746145245177e+25 0 0)
(-2.47756692280476e+25 0 0)
(-2.3590787831562e+25 0 0)
(-2.2244318877318e+25 0 0)
(-2.07625326863738e+25 0 0)
(-1.92358106269479e+25 0 0)
(-1.76998093949845e+25 0 0)
(-1.617359042663e+25 0 0)
(-1.4732561591692e+25 0 0)
(-1.33830164936172e+25 0 0)
(-1.21258538118843e+25 0 0)
(-1.09576671802518e+25 0 0)
(-9.90975631278332e+24 0 0)
(-8.9865961969133e+24 0 0)
(-8.15454628988469e+24 0 0)
(-7.38733649851934e+24 0 0)
(-6.75797883052609e+24 0 0)
(-5.95112607950415e+24 0 0)
(-6.67860295011857e+24 0 0)
(-3.78749743025992e+24 0 0)
)
;

boundaryField
{
    electrode
    {
        type            calculated;
        value           uniform (0 0 0);
    }
    ground
    {
        type            calculated;
        value           uniform (0 0 0);
    }
    otherfaces
    {
        type            empty;
    }
}


// ************************************************************************* //
