/*--------------------------------*- C++ -*----------------------------------*\
| =========                 |                                                 |
| \\      /  F ield         | foam-extend: Open Source CFD                    |
|  \\    /   O peration     | Version:     4.1                                |
|   \\  /    A nd           | Web:         http://www.foam-extend.org         |
|    \\/     M anipulation  |                                                 |
\*---------------------------------------------------------------------------*/
FoamFile
{
    version     2.0;
    format      ascii;
    class       volScalarField;
    location    "1.50009999935002e-05";
    object      powerDissipatedIon;
}
// * * * * * * * * * * * * * * * * * * * * * * * * * * * * * * * * * * * * * //

dimensions      [1 -1 -3 0 0 0 0];

internalField   nonuniform List<scalar> 
500
(
45028072.3951827
44712607.821141
43791400.903684
43078028.0437712
42157128.2578778
41317405.949466
40478787.7749759
39699552.3735189
38878347.3549511
38076617.7093452
37251677.9589552
36431907.1455401
35598559.3654263
34763603.6807673
33909215.5020019
33008639.3869562
32066623.9125806
31193554.8728874
30348480.6013256
29504000.851508
28660851.9743546
27817898.3195552
26975320.8692851
26108903.0699983
25204426.6999934
24306001.2371647
23505144.9165718
22704169.1818851
21920183.1718068
21142492.9234562
20355388.5034374
19543686.4154783
18745277.1416974
18046096.3927338
17357485.3536976
16691308.2078385
16026901.3622233
15352536.9716315
14675137.8290123
14089752.3989426
13532242.1872288
12997498.7965762
12466478.6545334
11935188.7450378
11411830.6057142
10950381.4115508
10526302.1533832
10119638.7087889
9718154.09261291
9322745.07509275
8939543.36435708
8583826.50100621
8274683.51063119
7976671.79050419
7686253.12535289
7403863.16708109
7132532.6049586
6871407.16383698
6630338.87086997
6417334.98795525
6210768.63035624
6011446.72650453
5820494.8938165
5637724.20656315
5462590.38176234
5294314.45482999
5135979.13939562
4994054.24143965
4856847.92913191
4725623.05023851
4600066.13733021
4479835.7193191
4364583.10919514
4253962.54496486
4147640.74810991
4045303.17421002
3948491.49802492
3858875.4742775
3772485.76758579
3689488.36260768
3609634.24668354
3532713.51566384
3458542.92320168
3386961.39922488
3317831.71160137
3251071.52999887
3186675.46759701
3124579.10676996
3064591.42845395
3006309.7397673
2949650.29403447
2894679.60930714
2841274.25753549
2789348.28397606
2738826.57520507
2689639.70074821
2641724.38377693
2595022.60799278
2549480.39123844
2505048.03852695
2461680.07410932
2419334.72427584
2377974.28110369
2337565.66370506
2298081.51390815
2259292.04645395
2220409.56749181
2182464.76453285
2145330.75085921
2108915.12709511
2073188.78931104
2038128.92496918
2003713.63759266
1969922.34004677
1936734.89316423
1904132.37616907
1872096.84604302
1840611.12951671
1809658.49002584
1779223.46851655
1749290.94837744
1719846.4283236
1690876.39967906
1662367.73385737
1634307.80423595
1606684.72632733
1579486.9228699
1552703.36309941
1526323.65754461
1500337.65564918
1474735.679499
1449508.61079689
1424647.39696325
1400143.73426835
1375989.36705565
1352176.61209956
1328697.81459644
1305545.86956136
1282713.87063545
1260195.11766838
1237983.49244192
1216072.64952377
1194456.8991965
1173130.42458383
1152088.01325909
1131324.40174482
1110834.54646017
1090613.61197244
1070657.12940089
1050960.56952115
1031519.66579241
1012330.24047708
993388.518551324
974690.496140433
956232.704917348
938011.443003339
920023.441870788
902265.351694959
884734.092921469
867426.563642002
850339.915796448
833471.283573539
816817.910410719
800377.33044386
784146.919316834
768124.218016494
752306.919895719
736692.73994557
721279.59354298
706065.252621626
691047.728224011
676225.053055595
661595.332168653
647156.78405877
632907.546181393
618846.013968598
604970.450451044
591279.272735947
577770.992310866
564444.086376947
551297.12959362
538328.70190811
525537.429096465
512922.060230156
500481.310636616
488213.939284078
476118.743927867
464194.628815918
452440.431281304
440855.098005221
429437.567136632
418186.809983126
407101.833956732
396181.735756824
385425.518202398
374832.299611074
364401.224890871
354131.409460328
344022.019123121
334072.267558951
324281.341938344
314648.476872154
305172.946700427
295854.020823813
286690.968006341
277683.098008883
268829.735474179
260130.239655207
251583.928159371
243190.212128505
234948.440176361
226858.026900495
218918.367657209
211128.887338221
203489.036702199
195998.231381891
188655.927777076
181461.608927081
174414.738362657
167514.799454843
160761.275310565
154153.670470722
147691.496584548
141374.252224935
135200.799900416
129171.038259877
123285.651497122
117542.950089112
111941.21859079
106480.022716836
101158.79833362
95977.0410242799
90934.2722265567
86030.0690326323
81264.0295939296
76635.7780343882
72144.9850037585
67791.3428853273
63574.558688401
59494.3675130376
55550.5332064628
51742.8237713422
48071.0384809634
44534.9930134209
41134.5094405388
37869.4450352039
34739.6634194375
31745.0473774538
28885.2580695648
26160.6650375387
23571.4783489785
21116.620157642
18796.292012546
16610.9905698593
14560.4341590851
12644.6194578486
10863.5579009484
9217.27447942426
7705.81668652689
6329.24238270038
5087.62512037053
3981.05408934592
3009.63429104684
2173.48774746312
1472.75452387115
907.592129940687
478.174975599599
184.699863625479
27.3840914721694
6.52385444931732
122.314827115614
374.231253991709
762.709187713238
1287.45655347904
1948.55687133495
2746.21515658354
3680.33175875389
4750.85417554642
5957.93100106506
7301.61644951046
8781.96248583345
10399.0285883894
12152.8745651998
14043.5666143826
16071.1744912062
18235.7706624693
20537.4365073907
22976.2528850146
25552.3101435783
28265.7041585001
31116.5347780861
34104.9087067561
37230.9420038063
40494.7539768995
43896.4711698686
47436.2287886238
51114.1731933737
54930.4555342869
58885.2366078088
62978.6909416037
67210.993451841
71582.3381394754
76092.9254368153
80742.9685925495
85532.6979095979
90462.343651288
95532.1561382677
100742.413094847
106093.37847748
111585.345954889
117218.641473377
122993.582887666
128910.505171656
134969.779877362
141171.798756556
147516.943854364
154005.636784794
160638.332470454
167415.499627075
174337.618832121
181405.208243345
188618.811741592
195978.986199389
203486.347309064
211141.4958089
218945.125495651
226897.886785183
235000.543341168
243253.810460884
251658.529287837
260215.509853392
268925.638782484
277789.827763955
286809.032980118
295984.279516896
305316.621033268
314807.162549888
324457.088794334
334267.591877221
344239.944694332
354375.512824028
364675.676185788
375141.905996136
385775.746082735
396578.785687529
407552.753910417
418699.406646395
430020.546934791
441518.196806546
453194.318168333
465051.065304012
477090.696793326
489315.516834212
501727.979113492
514330.653692752
527126.242711527
540117.58580408
553307.576725378
566699.33767354
580296.110570152
594101.341848984
608118.561009394
622351.525253708
636804.135500922
651480.590334543
666385.156023905
681522.371947749
696897.012678908
712514.157025701
728378.934513283
744496.96770597
760874.01078206
777516.187715941
794429.953173316
811621.989229474
829099.474932691
846869.860527596
864941.010978619
883321.237978195
902019.258068318
921044.356342684
940406.216866148
960115.095710293
980181.851511903
1000617.91892673
1021435.35051284
1042647.09876626
1064266.50502489
1086307.99535373
1108786.73669428
1131718.75100726
1155121.03715631
1179014.86524882
1203468.70420211
1228576.33622782
1254379.27849681
1280888.72003744
1308124.98847629
1336115.74604838
1364894.24862954
1394498.49855527
1424970.85277167
1456358.15539795
1488712.09977105
1522089.14642292
1556551.56372207
1592168.16769945
1629014.26270743
1667173.33905744
1706740.68048843
1747842.83013413
1790631.32088054
1835254.39595685
1881775.39474485
1929110.36025855
1978660.61342747
2030484.32458363
2084703.09965288
2141495.06925695
2201067.71094699
2263659.21404074
2329543.45787992
2399045.36082325
2472203.7371325
2548858.48413629
2628675.65404163
2712356.62465293
2800333.67321815
2892991.60655592
2990743.27742081
3094018.52424268
3203262.32653914
3318937.89969739
3440742.87191547
3574667.80716854
3714495.70040775
3861193.51666062
4015508.0868626
4177998.99878137
4348952.48500597
4527551.14533036
4730441.03995761
4946809.91295356
5172021.7060499
5406779.17133441
5651666.93150814
5904037.2086652
6182781.50339357
6495281.32642336
6821278.07443442
7156519.99975795
7501262.14397738
7849753.52173718
8246186.80835113
8680660.75141898
9132954.06385249
9591381.41478671
10052645.8138725
10522259.2415396
11068857.5182551
11643102.11424
12234636.467248
12824534.7421809
13404013.1299751
14024198.9530918
14705909.8863491
15414203.0444314
16139478.8840503
16853393.9514798
17546445.5820619
18269656.2463242
19062431.2275317
19865588.6176129
20689329.9999941
21518251.0605049
22318489.2649463
23085304.1144324
23893088.1547946
24751826.7418131
25613514.5010971
26478672.6195204
27348454.521966
28221571.9516174
29063725.4424839
29866798.0612445
30630565.7237506
31502215.858571
32356993.9703232
33211468.3131583
34054990.4689535
34904686.8311992
35734417.7987204
36583467.4641639
37394383.1788148
38226207.9716906
38941891.0044773
39726571.8677223
40412936.3091295
41345030.3342672
41714191.4588365
)
;

boundaryField
{
    electrode
    {
        type            calculated;
        value           uniform 45770889.9718848;
    }
    ground
    {
        type            calculated;
        value           uniform 42435360.9641851;
    }
    otherfaces
    {
        type            empty;
    }
}


// ************************************************************************* //
