0 1.177000000000000029e+26
4.498480000000000132e+02 1.177000000000000029e+26
5.829000000000000909e+02 1.431000000000000004e+26
8.744080000000000155e+02 1.654000000000000145e+26
1.165800000000000182e+03 1.736999999999999891e+26
1.456959999999999809e+03 1.755999999999999878e+26
1.749279999999999973e+03 1.728000000000000005e+26
2.040440000000000055e+03 1.650999999999999840e+26
2.331600000000000364e+03 1.544000000000000056e+26
2.622759999999999764e+03 1.406999999999999966e+26
2.915080000000000382e+03 1.252999999999999978e+26
3.206239999999999782e+03 1.093999999999999940e+26
3.497400000000000091e+03 9.421999999999999813e+25
3.788559999999999945e+03 8.102999999999999987e+25
4.080880000000000109e+03 6.997999999999999729e+25
4.372039999999999964e+03 6.095000000000000051e+25
4.663200000000000728e+03 5.359000000000000252e+25
4.954359999999999673e+03 4.756999999999999894e+25
5.246679999999999382e+03 4.259000000000000217e+25
5.537840000000000146e+03 3.843000000000000069e+25
5.828999999999999091e+03 3.492999999999999941e+25
6.120159999999999854e+03 3.195000000000000153e+25
6.412479999999999563e+03 2.939999999999999961e+25
6.703639999999999418e+03 2.720000000000000040e+25
6.994800000000000182e+03 2.527999999999999906e+25
7.285960000000000036e+03 2.359000000000000195e+25
7.578279999999999745e+03 2.210000000000000086e+25
7.869439999999999600e+03 2.078000000000000048e+25
8.160600000000000364e+03 1.958999999999999987e+25
8.451760000000000218e+03 1.852999999999999904e+25
8.744079999999999927e+03 1.757999999999999967e+25
9.035239999999999782e+03 1.671000000000000000e+25
9.326400000000001455e+03 1.592000000000000003e+25
9.617559999999999491e+03 1.520000000000000060e+25
9.909879999999999200e+03 1.454999999999999957e+25
1.020103999999999905e+04 1.393999999999999945e+25
1.049219999999999891e+04 1.337999999999999942e+25
1.078336000000000058e+04 1.286000000000000031e+25
1.107568000000000029e+04 1.237000000000000082e+25
1.136684000000000015e+04 1.192000000000000010e+25
1.165799999999999818e+04 1.149999999999999900e+25
1.194800000000000000e+04 1.110000000000000051e+25
1.223800000000000000e+04 1.072000000000000034e+25
1.252800000000000000e+04 1.036999999999999978e+25
1.282960000000000036e+04 1.003000000000000052e+25
1.311960000000000036e+04 9.711000000000000145e+24
1.340959999999999854e+04 9.408000000000000134e+24
1.369960000000000036e+04 9.119000000000000447e+24
1.398960000000000036e+04 8.844000000000000008e+24
1.427960000000000036e+04 8.582000000000000407e+24
1.456960000000000036e+04 8.331000000000000522e+24
1.485959999999999854e+04 8.091000000000000354e+24
1.516119999999999891e+04 7.861999999999999904e+24
1.545120000000000073e+04 7.642000000000000197e+24
1.574119999999999891e+04 7.431999999999999648e+24
1.603119999999999891e+04 7.230000000000000357e+24
1.632120000000000073e+04 7.036999999999999662e+24
1.661120000000000073e+04 6.850999999999999667e+24
1.690120000000000073e+04 6.672999999999999855e+24
1.719120000000000073e+04 6.501999999999999669e+24
1.749279999999999927e+04 6.338000000000000180e+24
1.778279999999999927e+04 6.179999999999999757e+24
1.807279999999999927e+04 6.029000000000000031e+24
1.836279999999999927e+04 5.882999999999999885e+24
1.865280000000000291e+04 5.742999999999999876e+24
1.894279999999999927e+04 5.609000000000000006e+24
1.923279999999999927e+04 5.479000000000000229e+24
1.952279999999999927e+04 5.354000000000000029e+24
1.982440000000000146e+04 5.234000000000000482e+24
2.011440000000000146e+04 5.119000000000000514e+24
2.040439999999999782e+04 5.007999999999999564e+24
2.069440000000000146e+04 4.900000000000000294e+24
2.098439999999999782e+04 4.797000000000000065e+24
2.127440000000000146e+04 4.696999999999999906e+24
2.156440000000000146e+04 4.599999999999999815e+24
2.185439999999999782e+04 4.506999999999999818e+24
2.215600000000000000e+04 4.416999999999999889e+24
2.244600000000000000e+04 4.331000000000000052e+24
2.273600000000000000e+04 4.246000000000000239e+24
2.302600000000000000e+04 4.164999999999999981e+24
2.331599999999999636e+04 4.086999999999999792e+24
2.360600000000000000e+04 4.011000000000000187e+24
2.389600000000000000e+04 3.937000000000000090e+24
2.418600000000000000e+04 3.866000000000000063e+24
2.448760000000000218e+04 3.796000000000000059e+24
2.477760000000000218e+04 3.729000000000000124e+24
2.506760000000000218e+04 3.664000000000000235e+24
2.535759999999999854e+04 3.600999999999999855e+24
2.564759999999999854e+04 3.540000000000000059e+24
2.593760000000000218e+04 3.479999999999999748e+24
2.622760000000000218e+04 3.422000000000000021e+24
2.651760000000000218e+04 3.365999999999999803e+24
2.681919999999999709e+04 3.312000000000000168e+24
2.710920000000000073e+04 3.257999999999999996e+24
2.739920000000000073e+04 3.205999999999999870e+24
2.768920000000000073e+04 3.155999999999999790e+24
2.797920000000000073e+04 3.106999999999999734e+24
2.826919999999999709e+04 3.059000000000000237e+24
2.855920000000000073e+04 3.013000000000000250e+24
2.884920000000000073e+04 2.967000000000000262e+24
2.915079999999999927e+04 2.922999999999999784e+24
2.944079999999999927e+04 2.879999999999999866e+24
2.973080000000000291e+04 2.837999999999999971e+24
3.002079999999999927e+04 2.796000000000000075e+24
3.031079999999999927e+04 2.756000000000000226e+24
3.060079999999999927e+04 2.716999999999999864e+24
3.089079999999999927e+04 2.679000000000000061e+24
3.118080000000000291e+04 2.641000000000000258e+24
3.148239999999999782e+04 2.604999999999999964e+24
3.177239999999999782e+04 2.569000000000000208e+24
3.206239999999999782e+04 2.533999999999999937e+24
3.235240000000000146e+04 2.500000000000000226e+24
3.264240000000000146e+04 2.465999999999999979e+24
3.293240000000000146e+04 2.432999999999999755e+24
3.322240000000000146e+04 2.401000000000000090e+24
3.351239999999999418e+04 2.369999999999999912e+24
3.381400000000000000e+04 2.339000000000000002e+24
3.410400000000000000e+04 2.309000000000000115e+24
3.439400000000000000e+04 2.278999999999999960e+24
3.468400000000000000e+04 2.250000000000000096e+24
3.497400000000000000e+04 2.221999999999999987e+24
3.526400000000000000e+04 2.193999999999999878e+24
3.555400000000000000e+04 2.166000000000000038e+24
3.584400000000000000e+04 2.138999999999999952e+24
3.614559999999999854e+04 2.112999999999999889e+24
3.643559999999999854e+04 2.087000000000000094e+24
3.672559999999999854e+04 2.062000000000000055e+24
3.701559999999999854e+04 2.037000000000000015e+24
3.730560000000000582e+04 2.011999999999999975e+24
3.759559999999999854e+04 1.987999999999999958e+24
3.788559999999999854e+04 1.963999999999999941e+24
3.817559999999999854e+04 1.940999999999999948e+24
3.847720000000000437e+04 1.917999999999999954e+24
3.876720000000000437e+04 1.895999999999999983e+24
3.905719999999999709e+04 1.874000000000000013e+24
3.934719999999999709e+04 1.852000000000000042e+24
3.963719999999999709e+04 1.831000000000000094e+24
3.992720000000000437e+04 1.809999999999999878e+24
4.021720000000000437e+04 1.788999999999999931e+24
4.050719999999999709e+04 1.769000000000000006e+24
4.080879999999999563e+04 1.749000000000000082e+24
4.109880000000000291e+04 1.728999999999999889e+24
4.138880000000000291e+04 1.708999999999999964e+24
4.167880000000000291e+04 1.690000000000000063e+24
4.196879999999999563e+04 1.671999999999999916e+24
4.225879999999999563e+04 1.653000000000000015e+24
4.254880000000000291e+04 1.634999999999999868e+24
4.283880000000000291e+04 1.616999999999999990e+24
4.314040000000000146e+04 1.599000000000000111e+24
4.343040000000000146e+04 1.581999999999999987e+24
4.372040000000000146e+04 1.565000000000000132e+24
4.401040000000000146e+04 1.548000000000000008e+24
4.430040000000000146e+04 1.531999999999999908e+24
4.459040000000000146e+04 1.515000000000000052e+24
4.488040000000000146e+04 1.498999999999999952e+24
4.517040000000000146e+04 1.483000000000000120e+24
4.547200000000000000e+04 1.468000000000000042e+24
4.576200000000000000e+04 1.451999999999999941e+24
4.605200000000000000e+04 1.437000000000000132e+24
4.634200000000000000e+04 1.423000000000000078e+24
4.663199999999999272e+04 1.408000000000000000e+24
4.692200000000000000e+04 1.393999999999999945e+24
4.721200000000000000e+04 1.379999999999999891e+24
4.750200000000000000e+04 1.366000000000000105e+24
4.780360000000000582e+04 1.352000000000000050e+24
4.809359999999999854e+04 1.339000000000000019e+24
4.838360000000000582e+04 1.324999999999999964e+24
4.867359999999999854e+04 1.311999999999999933e+24
4.896359999999999854e+04 1.299999999999999925e+24
4.925360000000000582e+04 1.286999999999999893e+24
4.954359999999999854e+04 1.274999999999999885e+24
4.983360000000000582e+04 1.262999999999999876e+24
5.013520000000000437e+04 1.250999999999999868e+24
5.042520000000000437e+04 1.239000000000000128e+24
5.071519999999999709e+04 1.227999999999999874e+24
5.100520000000000437e+04 1.216999999999999889e+24
5.129519999999999709e+04 1.206000000000000038e+24
5.158520000000000437e+04 1.195000000000000052e+24
5.187520000000000437e+04 1.184999999999999956e+24
5.216519999999999709e+04 1.174999999999999994e+24
5.246679999999999563e+04 1.165000000000000031e+24
5.275680000000000291e+04 1.154999999999999935e+24
5.304680000000000291e+04 1.145999999999999996e+24
5.333679999999999563e+04 1.136000000000000034e+24
5.362680000000000291e+04 1.127999999999999983e+24
5.391679999999999563e+04 1.119000000000000044e+24
5.420680000000000291e+04 1.110999999999999994e+24
5.449680000000000291e+04 1.102999999999999943e+24
5.479840000000000146e+04 1.095000000000000027e+24
5.508839999999999418e+04 1.088000000000000000e+24
5.537840000000000146e+04 1.080999999999999973e+24
5.566840000000000146e+04 1.073999999999999945e+24
5.595840000000000146e+04 1.067999999999999941e+24
5.624840000000000146e+04 1.061999999999999937e+24
5.653839999999999418e+04 1.055999999999999933e+24
5.682840000000000146e+04 1.050999999999999952e+24
5.713000000000000000e+04 1.046999999999999994e+24
5.742000000000000000e+04 1.042000000000000013e+24
5.770999999999999272e+04 1.038999999999999943e+24
5.800000000000000000e+04 1.036000000000000008e+24
5.811600000000000000e+04 1.034999999999999985e+24
5.869599999999999272e+04 1.031000000000000027e+24
5.928759999999999854e+04 1.028999999999999981e+24
5.986759999999999854e+04 1.031000000000000027e+24
6.045919999999999709e+04 1.036000000000000008e+24
6.103919999999999709e+04 1.043000000000000036e+24
6.161920000000000437e+04 1.050000000000000063e+24
6.221080000000000291e+04 1.052999999999999998e+24
6.279080000000000291e+04 1.050999999999999952e+24
6.338240000000000146e+04 1.044000000000000059e+24
6.396240000000000146e+04 1.033999999999999962e+24
6.454240000000000146e+04 1.021999999999999954e+24
6.513400000000000000e+04 1.009000000000000057e+24
6.571400000000000000e+04 9.963999999999999539e+23
6.630560000000000582e+04 9.835999999999999539e+23
6.688560000000000582e+04 9.709999999999999853e+23
6.746559999999999127e+04 9.586999999999999969e+23
6.805719999999999709e+04 9.466999999999999885e+23
6.863719999999999709e+04 9.352999999999999402e+23
6.922880000000000291e+04 9.244000000000000377e+23
6.980880000000000291e+04 9.139000000000000640e+23
7.038879999999998836e+04 9.040000000000000503e+23
7.098039999999999418e+04 8.944000000000000168e+23
7.156039999999999418e+04 8.853999999999999434e+23
7.215200000000000000e+04 8.766000000000000357e+23
7.273200000000000000e+04 8.685000000000000367e+23
7.331200000000000000e+04 8.605999999999999350e+23
7.390360000000000582e+04 8.533000000000000619e+23
7.448360000000000582e+04 8.461000000000000031e+23
7.507520000000001164e+04 8.393000000000000073e+23
7.565519999999999709e+04 8.328999999999999402e+23
7.624680000000000291e+04 8.267999999999999874e+23
7.682680000000000291e+04 8.207999999999999832e+23
7.740680000000000291e+04 8.152999999999999906e+23
7.799840000000000873e+04 8.098999999999999465e+23
7.857839999999999418e+04 8.048000000000000168e+23
7.917000000000000000e+04 7.998999999999999843e+23
7.975000000000000000e+04 7.949999999999999518e+23
8.033000000000000000e+04 7.906000000000000650e+23
8.092160000000000582e+04 7.862000000000000440e+23
8.150159999999999127e+04 7.818999999999999717e+23
8.209319999999999709e+04 7.776999999999999822e+23
8.267319999999999709e+04 7.739000000000000556e+23
8.325319999999999709e+04 7.700000000000000461e+23
8.384480000000000291e+04 7.662999999999999339e+23
8.442479999999998836e+04 7.627999999999999874e+23
8.501639999999999418e+04 7.593000000000000409e+23
8.559639999999999418e+04 7.557999999999999602e+23
8.617640000000000873e+04 7.526999999999999423e+23
8.676800000000000000e+04 7.494000000000000273e+23
8.734800000000000000e+04 7.463999999999999581e+23
8.793960000000000582e+04 7.434999999999999717e+23
8.851960000000000582e+04 7.405000000000000367e+23
8.909960000000000582e+04 7.376999999999999990e+23
8.969119999999999709e+04 7.348999999999999612e+23
9.027119999999999709e+04 7.319999999999999748e+23
9.086280000000000291e+04 7.295000000000000514e+23
9.144280000000000291e+04 7.269000000000000451e+23
9.202280000000000291e+04 7.243000000000000388e+23
9.261439999999999418e+04 7.219000000000000640e+23
9.319440000000000873e+04 7.196000000000000377e+23
9.378600000000001455e+04 7.170999999999999801e+23
9.436600000000000000e+04 7.149000000000000367e+23
9.494600000000000000e+04 7.126999999999999591e+23
9.553760000000000582e+04 7.104000000000000671e+23
9.611759999999999127e+04 7.081999999999999895e+23
9.670919999999999709e+04 7.060999999999999948e+23
9.728920000000001164e+04 7.040999999999999486e+23
9.786919999999999709e+04 7.019999999999999539e+23
9.846079999999998836e+04 7.000000000000000419e+23
9.904080000000000291e+04 6.980999999999999444e+23
9.963240000000000873e+04 6.963000000000000640e+23
1.002123999999999942e+05 6.943999999999999664e+23
1.007923999999999942e+05 6.925000000000000031e+23
1.013840000000000000e+05 6.906000000000000398e+23
1.019639999999999854e+05 6.890000000000000566e+23
1.025555999999999913e+05 6.872999999999999906e+23
1.031356000000000058e+05 6.854000000000000273e+23
1.037271999999999971e+05 6.838000000000000440e+23
1.043072000000000116e+05 6.823000000000000094e+23
1.048871999999999971e+05 6.807999999999999748e+23
1.054788000000000029e+05 6.791999999999999916e+23
1.060588000000000029e+05 6.776000000000000084e+23
1.066504000000000087e+05 6.758999999999999423e+23
1.072303999999999942e+05 6.744000000000000419e+23
1.078104000000000087e+05 6.731000000000000388e+23
1.084020000000000146e+05 6.718000000000000357e+23
1.089820000000000000e+05 6.702000000000000524e+23
1.095735999999999913e+05 6.689000000000000493e+23
1.101536000000000058e+05 6.676000000000000461e+23
1.107335999999999913e+05 6.661999999999999602e+23
1.113251999999999971e+05 6.650000000000000398e+23
1.119051999999999971e+05 6.637999999999999853e+23
1.124968000000000029e+05 6.626000000000000650e+23
1.130767999999999884e+05 6.613000000000000619e+23
1.136568000000000029e+05 6.601000000000000073e+23
1.142484000000000087e+05 6.588000000000000042e+23
1.148283999999999942e+05 6.575999999999999497e+23
1.154199999999999854e+05 6.564000000000000294e+23
1.160000000000000000e+05 6.553000000000000577e+23
1.161160000000000000e+05 6.551000000000000262e+23
1.172760000000000000e+05 6.530000000000000315e+23
1.184360000000000146e+05 6.509000000000000367e+23
1.195960000000000000e+05 6.488000000000000419e+23
1.207560000000000000e+05 6.465999999999999643e+23
1.219160000000000000e+05 6.449000000000000325e+23
1.231919999999999854e+05 6.429999999999999350e+23
1.243520000000000146e+05 6.412000000000000545e+23
1.255120000000000000e+05 6.392999999999999570e+23
1.266720000000000000e+05 6.376000000000000252e+23
1.278320000000000000e+05 6.360999999999999906e+23
1.289919999999999854e+05 6.345999999999999560e+23
1.301520000000000146e+05 6.327999999999999413e+23
1.313120000000000000e+05 6.310000000000000608e+23
1.324720000000000000e+05 6.295999999999999748e+23
1.336320000000000000e+05 6.284000000000000545e+23
1.347920000000000000e+05 6.269999999999999685e+23
1.360680000000000000e+05 6.256000000000000168e+23
1.372280000000000000e+05 6.240999999999999822e+23
1.383880000000000000e+05 6.227999999999999790e+23
1.395480000000000000e+05 6.214999999999999759e+23
1.407080000000000000e+05 6.204000000000000042e+23
1.418680000000000000e+05 6.191999999999999497e+23
1.430280000000000000e+05 6.177999999999999979e+23
1.441880000000000000e+05 6.164999999999999948e+23
1.453480000000000000e+05 6.151000000000000430e+23
1.465080000000000000e+05 6.139999999999999371e+23
1.476680000000000000e+05 6.130999999999999969e+23
1.489440000000000000e+05 6.120999999999999738e+23
1.501040000000000000e+05 6.110999999999999507e+23
1.512640000000000000e+05 6.099000000000000304e+23
1.524240000000000000e+05 6.088000000000000587e+23
1.535840000000000000e+05 6.076999999999999528e+23
1.547440000000000000e+05 6.067000000000000640e+23
1.559040000000000000e+05 6.057999999999999895e+23
1.570640000000000000e+05 6.047000000000000178e+23
1.582240000000000000e+05 6.035999999999999790e+23
1.593840000000000000e+05 6.026999999999999717e+23
1.605440000000000000e+05 6.018000000000000315e+23
1.618200000000000000e+05 6.009999999999999727e+23
1.629800000000000000e+05 6.001999999999999811e+23
1.641400000000000000e+05 5.992999999999999738e+23
1.653000000000000000e+05 5.984000000000000336e+23
1.664600000000000000e+05 5.975000000000000262e+23
1.676200000000000000e+05 5.966000000000000189e+23
1.687800000000000000e+05 5.954999999999999801e+23
1.699400000000000000e+05 5.945999999999999727e+23
1.711000000000000000e+05 5.937999999999999811e+23
1.722600000000000000e+05 5.931000000000000052e+23
1.734200000000000000e+05 5.923000000000000136e+23
1.746960000000000000e+05 5.915999999999999706e+23
1.758560000000000000e+05 5.907999999999999790e+23
1.770160000000000000e+05 5.899999999999999874e+23
1.781760000000000000e+05 5.891999999999999958e+23
1.793360000000000000e+05 5.882999999999999885e+23
1.804960000000000000e+05 5.873999999999999811e+23
1.816560000000000000e+05 5.867000000000000052e+23
1.828160000000000000e+05 5.860000000000000294e+23
1.839760000000000000e+05 5.852999999999999864e+23
1.851360000000000000e+05 5.846000000000000105e+23
1.862959999999999709e+05 5.839999999999999832e+23
1.875720000000000291e+05 5.831999999999999916e+23
1.887320000000000000e+05 5.825000000000000157e+23
1.898920000000000000e+05 5.818999999999999885e+23
1.910520000000000000e+05 5.810999999999999969e+23
1.922120000000000000e+05 5.803000000000000052e+23
1.933720000000000291e+05 5.795000000000000136e+23
1.945320000000000000e+05 5.791000000000000178e+23
1.956920000000000000e+05 5.783999999999999748e+23
1.968520000000000000e+05 5.778000000000000147e+23
1.980120000000000000e+05 5.770000000000000231e+23
1.991720000000000291e+05 5.762000000000000315e+23
2.004480000000000000e+05 5.754999999999999885e+23
2.016080000000000000e+05 5.749000000000000283e+23
2.027680000000000000e+05 5.741999999999999853e+23
2.039279999999999709e+05 5.733999999999999937e+23
2.050880000000000000e+05 5.728000000000000336e+23
2.062480000000000000e+05 5.722000000000000063e+23
2.074080000000000000e+05 5.715999999999999790e+23
2.085680000000000000e+05 5.710999999999999675e+23
2.097279999999999709e+05 5.706000000000000231e+23
2.108880000000000000e+05 5.701000000000000115e+23
2.120480000000000000e+05 5.696000000000000000e+23
2.133240000000000000e+05 5.689999999999999727e+23
2.144839999999999709e+05 5.682999999999999969e+23
2.156440000000000000e+05 5.676999999999999696e+23
2.168040000000000291e+05 5.669999999999999937e+23
2.179640000000000000e+05 5.663000000000000178e+23
2.191240000000000000e+05 5.655999999999999748e+23
2.202839999999999709e+05 5.648999999999999990e+23
2.214440000000000000e+05 5.642000000000000231e+23
2.226040000000000291e+05 5.635999999999999958e+23
2.237640000000000000e+05 5.629999999999999685e+23
2.249240000000000000e+05 5.625000000000000241e+23
2.262000000000000000e+05 5.620000000000000126e+23
2.273600000000000291e+05 5.616000000000000168e+23
2.285200000000000000e+05 5.611000000000000052e+23
2.296800000000000000e+05 5.607000000000000094e+23
2.308399999999999709e+05 5.603000000000000136e+23
2.320000000000000000e+05 5.596999999999999864e+23
2.331600000000000291e+05 5.591000000000000262e+23
2.425560000000000000e+05 5.544000000000000252e+23
2.518360000000000000e+05 5.506000000000000315e+23
2.612320000000000000e+05 5.464999999999999906e+23
2.706280000000000000e+05 5.429000000000000283e+23
2.800240000000000000e+05 5.391999999999999832e+23
2.893040000000000000e+05 5.356999999999999696e+23
2.987000000000000000e+05 5.322999999999999717e+23
3.080960000000000000e+05 5.289999999999999895e+23
3.173760000000000000e+05 5.255999999999999916e+23
3.267720000000000000e+05 5.224000000000000252e+23
3.361680000000000000e+05 5.197000000000000031e+23
3.454480000000000000e+05 5.168000000000000168e+23
3.548440000000000000e+05 5.140999999999999948e+23
3.642400000000000000e+05 5.112000000000000084e+23
3.736360000000000000e+05 5.083999999999999706e+23
3.829160000000000000e+05 5.058999999999999801e+23
3.923120000000000000e+05 5.035000000000000052e+23
4.017080000000000582e+05 5.011000000000000304e+23
4.109880000000000000e+05 4.988000000000000042e+23
4.203840000000000000e+05 4.964000000000000294e+23
4.297799999999999418e+05 4.938999999999999717e+23
4.391760000000000000e+05 4.917999999999999769e+23
4.484559999999999418e+05 4.899000000000000136e+23
4.578520000000000000e+05 4.878000000000000189e+23
4.672480000000000000e+05 4.857000000000000241e+23
4.765280000000000000e+05 4.836000000000000294e+23
4.859240000000000000e+05 4.818000000000000147e+23
4.953200000000000582e+05 4.798999999999999843e+23
5.046000000000000000e+05 4.780999999999999696e+23
5.139960000000000000e+05 4.766000000000000021e+23
5.233919999999999418e+05 4.747999999999999874e+23
5.327880000000000000e+05 4.729000000000000241e+23
5.420680000000000000e+05 4.709999999999999937e+23
5.514640000000000000e+05 4.692999999999999948e+23
5.608600000000000000e+05 4.678999999999999759e+23
5.701400000000000000e+05 4.665999999999999727e+23
5.795360000000000000e+05 4.652999999999999696e+23
5.889320000000000000e+05 4.639000000000000178e+23
5.983280000000000000e+05 4.618000000000000231e+23
6.076080000000000000e+05 4.609000000000000157e+23
6.170040000000000000e+05 4.593000000000000325e+23
6.264000000000000000e+05 4.579000000000000136e+23
6.356800000000000000e+05 4.566000000000000105e+23
6.450760000000000000e+05 4.553000000000000073e+23
6.544720000000000000e+05 4.541000000000000199e+23
6.638680000000000000e+05 4.528000000000000168e+23
6.731480000000000000e+05 4.516000000000000294e+23
6.825440000000000000e+05 4.506000000000000063e+23
6.919400000000000000e+05 4.491999999999999874e+23
7.012200000000000000e+05 4.482000000000000315e+23
7.106160000000000000e+05 4.470999999999999927e+23
7.200120000000000000e+05 4.459000000000000052e+23
7.292920000000000000e+05 4.448999999999999822e+23
7.386880000000000000e+05 4.439999999999999748e+23
7.480839999999998836e+05 4.430999999999999675e+23
7.574800000000000000e+05 4.419999999999999958e+23
7.667599999999998836e+05 4.410999999999999885e+23
7.761560000000000000e+05 4.401999999999999811e+23
7.855520000000000000e+05 4.391000000000000094e+23
7.948320000000000000e+05 4.380999999999999864e+23
8.042280000000000000e+05 4.371999999999999790e+23
8.136240000000000000e+05 4.362999999999999717e+23
8.230200000000000000e+05 4.354000000000000315e+23
8.323000000000000000e+05 4.345999999999999727e+23
8.416960000000000000e+05 4.337999999999999811e+23
8.510920000000000000e+05 4.331000000000000052e+23
8.603720000000000000e+05 4.324000000000000294e+23
8.697680000000000000e+05 4.316999999999999864e+23
8.791640000000001164e+05 4.310000000000000105e+23
8.884440000000000000e+05 4.302000000000000189e+23
8.978400000000001164e+05 4.293000000000000115e+23
9.072359999999998836e+05 4.285999999999999685e+23
9.166320000000000000e+05 4.277999999999999769e+23
9.259119999999998836e+05 4.271000000000000010e+23
9.353080000000000000e+05 4.264999999999999738e+23
9.447040000000000000e+05 4.259000000000000136e+23
9.539839999999998836e+05 4.251999999999999706e+23
9.633800000000000000e+05 4.246000000000000105e+23
9.727760000000000000e+05 4.239999999999999832e+23
9.821720000000000000e+05 4.231999999999999916e+23
9.914520000000000000e+05 4.226000000000000315e+23
1.000848000000000000e+06 4.220000000000000042e+23
1.010244000000000000e+06 4.213999999999999769e+23
1.019524000000000000e+06 4.209000000000000325e+23
1.028920000000000000e+06 4.204000000000000210e+23
1.038316000000000116e+06 4.197999999999999937e+23
1.047711999999999884e+06 4.192999999999999822e+23
1.056992000000000000e+06 4.187999999999999706e+23
1.066388000000000000e+06 4.182000000000000105e+23
1.075784000000000000e+06 4.175999999999999832e+23
1.085064000000000000e+06 4.170999999999999717e+23
1.094460000000000000e+06 4.166000000000000273e+23
1.103856000000000000e+06 4.161000000000000157e+23
1.113136000000000000e+06 4.157000000000000199e+23
1.122532000000000000e+06 4.152000000000000084e+23
1.131928000000000000e+06 4.146999999999999969e+23
1.141324000000000000e+06 4.141999999999999853e+23
1.150604000000000000e+06 4.137999999999999895e+23
1.160000000000000000e+06 4.133999999999999937e+23