/*--------------------------------*- C++ -*----------------------------------*\
| =========                 |                                                 |
| \\      /  F ield         | foam-extend: Open Source CFD                    |
|  \\    /   O peration     | Version:     4.1                                |
|   \\  /    A nd           | Web:         http://www.foam-extend.org         |
|    \\/     M anipulation  |                                                 |
\*---------------------------------------------------------------------------*/
FoamFile
{
    version     2.0;
    format      ascii;
    class       volScalarField;
    location    "1.50399999960923e-05";
    object      Arp1Mean;
}
// * * * * * * * * * * * * * * * * * * * * * * * * * * * * * * * * * * * * * //

dimensions      [0 -3 0 0 0 0 0];

internalField   nonuniform List<scalar> 
500
(
3.5589093458288e+17
3.57995353813498e+17
3.59362460605581e+17
3.60843592407731e+17
3.6232288640454e+17
3.63806402540365e+17
3.65319942949816e+17
3.66832413749978e+17
3.68371733137922e+17
3.69902227482756e+17
3.71459991519251e+17
3.73017080251588e+17
3.74603156434521e+17
3.76184369926352e+17
3.7778845768354e+17
3.79392188213852e+17
3.81026786017742e+17
3.82660380866174e+17
3.84320253112755e+17
3.85979586653193e+17
3.87672460448563e+17
3.89368600891262e+17
3.91095569544968e+17
3.92825138031717e+17
3.94592285333482e+17
3.96368587774992e+17
3.98183477466387e+17
4.00011067566514e+17
4.01890586175715e+17
4.0379963696373e+17
4.0576700480863e+17
4.07765274968146e+17
4.09827574772161e+17
4.11928577948208e+17
4.14098576062265e+17
4.16310599999498e+17
4.18594784828001e+17
4.20926306263298e+17
4.23335468947461e+17
4.25796096103452e+17
4.28338168825892e+17
4.30935801723567e+17
4.3361901271473e+17
4.36362486871215e+17
4.39196840441566e+17
4.42097536001317e+17
4.45095559166712e+17
4.48166895423493e+17
4.51342615700408e+17
4.54598543454156e+17
4.57965470175348e+17
4.61419835104891e+17
4.64992652925241e+17
4.68660889751739e+17
4.72456167092387e+17
4.76357720554839e+17
4.80402037418519e+17
4.84577108833236e+17
4.88923732035253e+17
4.93420807281622e+17
4.98102588232265e+17
5.02950800835901e+17
5.08000740288911e+17
5.13236253973796e+17
5.18694455989949e+17
5.24361265570977e+17
5.30275223771251e+17
5.36423741103629e+17
5.42846320960085e+17
5.49531774357085e+17
5.56520728762691e+17
5.63803520679547e+17
5.71422077074118e+17
5.79371033354874e+17
5.87701798529599e+17
5.96427933659101e+17
6.05622858628783e+17
6.15289254599738e+17
6.254812562439e+17
6.36205456006042e+17
6.47516886805509e+17
6.59423078241169e+17
6.71980243504201e+17
6.85198939448929e+17
6.99140632235847e+17
7.13828595316575e+17
7.29352621684211e+17
7.45788190008638e+17
7.63227981960922e+17
7.81692140001777e+17
8.01241694841345e+17
8.2188755914391e+17
8.43689400303742e+17
8.66679380076589e+17
8.90980954874112e+17
9.1664798586628e+17
9.43686338268719e+17
9.72056657143449e+17
1.00178778216697e+18
1.03292280137306e+18
1.06551596920022e+18
1.0994180282526e+18
1.13455671051357e+18
1.17092634703619e+18
1.20848833008062e+18
1.24700787497987e+18
1.2864260177789e+18
1.32671071141608e+18
1.36762308912096e+18
1.40905560418179e+18
1.4509954778154e+18
1.493147700617e+18
1.53550595921718e+18
1.57790910773757e+18
1.62013232007244e+18
1.66225554268411e+18
1.70413847307621e+18
1.74569745282836e+18
1.78710055480245e+18
1.82815634763051e+18
1.86890913527609e+18
1.90947305875742e+18
1.94964953812812e+18
1.98930579820109e+18
2.02856840313654e+18
2.06730604376226e+18
2.10544880222254e+18
2.14305306055403e+18
2.18040183973587e+18
2.21753728730962e+18
2.25441011928422e+18
2.2908832884323e+18
2.32682002809849e+18
2.36221399557886e+18
2.39724352588046e+18
2.4319362366965e+18
2.4662978797441e+18
2.50032981725965e+18
2.53404652184278e+18
2.56744678252792e+18
2.60051905762273e+18
2.6332317425756e+18
2.66558137771791e+18
2.69761037023679e+18
2.7293617214958e+18
2.76082909826398e+18
2.79200834165686e+18
2.82289511334417e+18
2.85348932037083e+18
2.88378871401861e+18
2.91379560539645e+18
2.94351457556377e+18
2.97294820497506e+18
3.00208926254834e+18
3.03093089134164e+18
3.05949439135291e+18
3.0878036147498e+18
3.11584797985077e+18
3.14361583147746e+18
3.17110648180992e+18
3.1983159989473e+18
3.22524724657547e+18
3.25189621460519e+18
3.27826678507614e+18
3.30435435138643e+18
3.33016343814618e+18
3.3556883246698e+18
3.38093405844646e+18
3.40589414664711e+18
3.43057436798575e+18
3.45496741489823e+18
3.47907980037674e+18
3.50290339044919e+18
3.52644544703033e+18
3.54969700945923e+18
3.57266610321349e+18
3.59534292926227e+18
3.61773629475426e+18
3.63983557156211e+18
3.66165037069444e+18
3.68316922211755e+18
3.70440255199008e+18
3.72533804300523e+18
3.7459869552073e+18
3.76633612097823e+18
3.78639765257655e+18
3.80615752905357e+18
3.82562873467466e+18
3.84479638691237e+18
3.86367435233087e+18
3.88224687095106e+18
3.90052870963643e+18
3.91850323113768e+18
3.93618612625111e+18
3.95355986983059e+18
3.97064109042138e+18
3.98741135925692e+18
4.00388826612303e+18
4.02005246183276e+18
4.03592252430306e+18
4.05147815331537e+18
4.06673895889383e+18
4.0816836363579e+18
4.09633290373981e+18
4.11066435655547e+18
4.12469995250915e+18
4.13841601800131e+18
4.1518359756006e+18
4.16493459736077e+18
4.17773713697166e+18
4.19021635805703e+18
4.20239990815038e+18
4.21425786151836e+18
4.22582107920235e+18
4.23705598047137e+18
4.2479977676974e+18
4.2586079100249e+18
4.26892742442536e+18
4.27891117832437e+18
4.28860783959022e+18
4.29796366367188e+18
4.30703714463886e+18
4.31576360241179e+18
4.32421381818101e+18
4.33230960272445e+18
4.34013668830226e+18
4.34760064962061e+18
4.35480493655487e+18
4.36163611374495e+18
4.36821809824544e+18
4.37441575292931e+18
4.38037607560368e+18
4.38593971580423e+18
4.39127913471806e+18
4.39620855539419e+18
4.40092792225572e+18
4.40522325697014e+18
4.40932369556348e+18
4.41298613313214e+18
4.41647407217849e+18
4.41954375500614e+18
4.42226956051307e+18
4.42479807271585e+18
4.42692630458892e+18
4.42882933546597e+18
4.43033717763476e+18
4.4316191690759e+18
4.43250822364186e+18
4.43317961562954e+18
4.43344764637465e+18
4.43344841099141e+18
4.43318439864071e+18
4.4325156181378e+18
4.43162970355683e+18
4.43035045570789e+18
4.42884590706195e+18
4.42694547102003e+18
4.42482070394961e+18
4.42229470214491e+18
4.41957102992982e+18
4.41650677972739e+18
4.4130191159669e+18
4.40936213238028e+18
4.40526237456845e+18
4.4009721372954e+18
4.39625378328789e+18
4.39132911976478e+18
4.38599102886338e+18
4.38043181801296e+18
4.3744731087223e+18
4.3682795791874e+18
4.36169947024452e+18
4.35487213350497e+18
4.34766995245438e+18
4.3402095807057e+18
4.33238478897462e+18
4.32429237812422e+18
4.31584460519825e+18
4.30712133930115e+18
4.29805041149113e+18
4.28869763018524e+18
4.27900359701681e+18
4.26902276402639e+18
4.2587059222375e+18
4.24809859961186e+18
4.23715950620564e+18
4.22592734144489e+18
4.21436681599758e+18
4.20251152975567e+18
4.19033065387723e+18
4.1778540405755e+18
4.16505414448765e+18
4.15195807665644e+18
4.13854072255457e+18
4.1248271602635e+18
4.11079412102129e+18
4.09646512129294e+18
4.08181835912417e+18
4.06687608373303e+18
4.0516177284135e+18
4.03606444903493e+18
4.02019677876902e+18
4.00403487808303e+18
3.98756030328222e+18
3.97079227218091e+18
3.95371332082453e+18
3.9363417542482e+18
3.91866106182093e+18
3.90068865520237e+18
3.88240895361646e+18
3.86383848676383e+18
3.84496259031195e+18
3.82579692419275e+18
3.80632771761889e+18
3.78656975940431e+18
3.76651015446621e+18
3.74616283668751e+18
3.72551577713331e+18
3.7045820618195e+18
3.68335050870657e+18
3.66183335848262e+18
3.64002025826458e+18
3.61792260669785e+18
3.59553086123382e+18
3.57285558286668e+18
3.54988802872053e+18
3.52663793497283e+18
3.50309733679151e+18
3.47927513521322e+18
3.45516412488863e+18
3.43077238452972e+18
3.40609345640727e+18
3.38113459522436e+18
3.35589007180823e+18
3.33036632863656e+18
3.30455836475962e+18
3.27847185498714e+18
3.25210232230716e+18
3.22545432832686e+18
3.19852403165897e+18
3.171315402774e+18
3.14382561540159e+18
3.11605855494511e+18
3.08801492272533e+18
3.05970634078739e+18
3.03114349204471e+18
3.002302563557e+18
2.97316217353072e+18
2.94372911929602e+18
2.91401069873334e+18
2.8840043173528e+18
2.8537054079849e+18
2.82311161811594e+18
2.79222521781653e+18
2.76104629029749e+18
2.72957918402375e+18
2.69782803186173e+18
2.66579926213358e+18
2.63344998253436e+18
2.60073762753025e+18
2.56766552608091e+18
2.53426532216303e+18
2.50054860791679e+18
2.46651665442537e+18
2.43215496291502e+18
2.39746216895544e+18
2.36243252975549e+18
2.32703877443909e+18
2.29110245970083e+18
2.25462926521572e+18
2.2177558845293e+18
2.18061960827695e+18
2.1432699381848e+18
2.10566539182092e+18
2.06752270490257e+18
2.02878492403059e+18
1.98952167796724e+18
1.94986490706047e+18
1.90968773437736e+18
1.86912247231539e+18
1.82836817103084e+18
1.78731123558898e+18
1.74590649399975e+18
1.7043458311582e+18
1.66246132127062e+18
1.62033587107765e+18
1.57811055566432e+18
1.53570491914434e+18
1.49334335987153e+18
1.45118794998276e+18
1.40924430034365e+18
1.36780752141351e+18
1.32689088599362e+18
1.28660140030954e+18
1.24717808086302e+18
1.20865342562606e+18
1.17108593643965e+18
1.13471044667993e+18
1.09956608744255e+18
1.06565829054712e+18
1.03305920599269e+18
1.00191823678981e+18
9.72181482358174e+17
9.43805739162241e+17
9.1676207145225e+17
8.91089825442192e+17
8.66783201856337e+17
8.43788542492237e+17
8.21982276700434e+17
8.01332202339058e+17
7.81778621014282e+17
7.63310635434533e+17
7.45867214474507e+17
7.29428246108865e+17
7.13901102879227e+17
6.99210266435508e+17
6.85265883656644e+17
6.72044668358698e+17
6.59485127097094e+17
6.47576703107557e+17
6.36263163766325e+17
6.25536983543602e+17
6.15343113498906e+17
6.05674969787014e+17
5.96478398044827e+17
5.87750735883241e+17
5.79418548800508e+17
5.71468270044423e+17
5.63848464578327e+17
5.56564498868888e+17
5.49574428575787e+17
5.42887927481306e+17
5.36464351857838e+17
5.30314899070373e+17
5.24400049793068e+17
5.18732403240136e+17
5.13273403579378e+17
5.08037142016422e+17
5.02986489918577e+17
4.98137610057126e+17
4.93455191964888e+17
4.88957520116008e+17
4.84610326310404e+17
4.8043471989635e+17
4.76389885207716e+17
4.72487844389994e+17
4.68692096300916e+17
4.65023415858684e+17
4.61450168510647e+17
4.57995399415692e+17
4.54628081024458e+17
4.51371784795034e+17
4.48195708680767e+17
4.45124036934424e+17
4.42125685118824e+17
4.39224679192374e+17
4.3639002116715e+17
4.33646260255269e+17
4.30962768063923e+17
4.28364871753764e+17
4.25822540867601e+17
4.23361671303008e+17
4.20952269869059e+17
4.18620523588111e+17
4.16336113175745e+17
4.14123872313135e+17
4.11953659700783e+17
4.09852454680003e+17
4.07789953214859e+17
4.05791478516877e+17
4.03823906862622e+17
4.01914665866376e+17
4.00034955778704e+17
3.98207164951755e+17
3.96392055906827e+17
3.94615543693523e+17
3.92848187859661e+17
3.91118415877354e+17
3.89391224050662e+17
3.87694874882717e+17
3.86001797705042e+17
3.84342270595824e+17
3.82682177002103e+17
3.81048376787916e+17
3.79413581048578e+17
3.77809665174938e+17
3.76205373485362e+17
3.74623956114557e+17
3.73037683981203e+17
3.71480418572462e+17
3.69922478560516e+17
3.68391783313426e+17
3.66852272622332e+17
3.65339634265069e+17
3.63825935235524e+17
3.62342268420876e+17
3.6086280748313e+17
3.5938150137173e+17
3.58014244841214e+17
3.559096267608e+17
)
;

boundaryField
{
    electrode
    {
        type            calculated;
        value           uniform 3.5589093458288e+17;
    }
    ground
    {
        type            calculated;
        value           uniform 3.559096267608e+17;
    }
    otherfaces
    {
        type            empty;
    }
}


// ************************************************************************* //
