/*--------------------------------*- C++ -*----------------------------------*\
| =========                 |                                                 |
| \\      /  F ield         | foam-extend: Open Source CFD                    |
|  \\    /   O peration     | Version:     4.1                                |
|   \\  /    A nd           | Web:         http://www.foam-extend.org         |
|    \\/     M anipulation  |                                                 |
\*---------------------------------------------------------------------------*/
FoamFile
{
    version     2.0;
    format      ascii;
    class       volVectorField;
    location    "1.50399999960923e-05";
    object      Flux_electronMean;
}
// * * * * * * * * * * * * * * * * * * * * * * * * * * * * * * * * * * * * * //

dimensions      [0 -2 -1 0 0 0 0];

internalField   nonuniform List<vector> 
500
(
(-5.66720584497093e+20 0 0)
(-2.23162950525976e+21 0 0)
(-1.20746138518914e+21 0 0)
(-1.81399854217213e+21 0 0)
(-1.49115586502292e+21 0 0)
(-1.7055980763191e+21 0 0)
(-1.60000433229578e+21 0 0)
(-1.67666560248242e+21 0 0)
(-1.62964377369392e+21 0 0)
(-1.66871626465517e+21 0 0)
(-1.63806795526414e+21 0 0)
(-1.66428103713256e+21 0 0)
(-1.6432883282028e+21 0 0)
(-1.66175306379922e+21 0 0)
(-1.64667727703436e+21 0 0)
(-1.66027567772035e+21 0 0)
(-1.64896024990737e+21 0 0)
(-1.65938277558724e+21 0 0)
(-1.65055103332732e+21 0 0)
(-1.65882051551319e+21 0 0)
(-1.65169457109449e+21 0 0)
(-1.65844101158412e+21 0 0)
(-1.65253541228785e+21 0 0)
(-1.6581553071189e+21 0 0)
(-1.65316448129182e+21 0 0)
(-1.65791321062039e+21 0 0)
(-1.65364274136854e+21 0 0)
(-1.65768639913083e+21 0 0)
(-1.65400962405833e+21 0 0)
(-1.65745808466275e+21 0 0)
(-1.65429118661019e+21 0 0)
(-1.65721871922217e+21 0 0)
(-1.65450414846398e+21 0 0)
(-1.65696416842372e+21 0 0)
(-1.65465938603323e+21 0 0)
(-1.65669296700926e+21 0 0)
(-1.65476373484077e+21 0 0)
(-1.65640331635396e+21 0 0)
(-1.65482086063449e+21 0 0)
(-1.65609436268971e+21 0 0)
(-1.65483288190752e+21 0 0)
(-1.65576498072414e+21 0 0)
(-1.65479995849958e+21 0 0)
(-1.65541346162568e+21 0 0)
(-1.65472143173764e+21 0 0)
(-1.65503801121081e+21 0 0)
(-1.65459519001332e+21 0 0)
(-1.65463476023876e+21 0 0)
(-1.65441662972127e+21 0 0)
(-1.65419833125225e+21 0 0)
(-1.65418052272368e+21 0 0)
(-1.65372383086133e+21 0 0)
(-1.6538824274903e+21 0 0)
(-1.65320548120364e+21 0 0)
(-1.65351369087202e+21 0 0)
(-1.65263243000911e+21 0 0)
(-1.65306179657077e+21 0 0)
(-1.65198902787282e+21 0 0)
(-1.65251091264595e+21 0 0)
(-1.65125740618796e+21 0 0)
(-1.65184082734172e+21 0 0)
(-1.650414192746e+21 0 0)
(-1.65102425134179e+21 0 0)
(-1.64942857445636e+21 0 0)
(-1.65002381589833e+21 0 0)
(-1.64825781692037e+21 0 0)
(-1.64879491155744e+21 0 0)
(-1.64684840600072e+21 0 0)
(-1.64728074443185e+21 0 0)
(-1.64513485521545e+21 0 0)
(-1.64541222347746e+21 0 0)
(-1.64303201026188e+21 0 0)
(-1.64308457476824e+21 0 0)
(-1.64043041036106e+21 0 0)
(-1.64016954216583e+21 0 0)
(-1.63717940515508e+21 0 0)
(-1.63651000206335e+21 0 0)
(-1.63310382179429e+21 0 0)
(-1.63189852469693e+21 0 0)
(-1.6279899290351e+21 0 0)
(-1.6261067504233e+21 0 0)
(-1.6215298374903e+21 0 0)
(-1.61886444639694e+21 0 0)
(-1.61346533396341e+21 0 0)
(-1.60981840828507e+21 0 0)
(-1.60359187832862e+21 0 0)
(-1.59899322978032e+21 0 0)
(-1.59213589633091e+21 0 0)
(-1.58696852071146e+21 0 0)
(-1.57997836598935e+21 0 0)
(-1.57501466045187e+21 0 0)
(-1.56890835671707e+21 0 0)
(-1.56527909958206e+21 0 0)
(-1.56138106516063e+21 0 0)
(-1.56042523495755e+21 0 0)
(-1.55980526629181e+21 0 0)
(-1.56209550188386e+21 0 0)
(-1.56460402986914e+21 0 0)
(-1.56941508358926e+21 0 0)
(-1.57373796475405e+21 0 0)
(-1.57926950624308e+21 0 0)
(-1.58379285948374e+21 0 0)
(-1.58871980830232e+21 0 0)
(-1.59231439589573e+21 0 0)
(-1.59580245035301e+21 0 0)
(-1.59792188756408e+21 0 0)
(-1.59970275007e+21 0 0)
(-1.6002047383698e+21 0 0)
(-1.60044733337347e+21 0 0)
(-1.59970205738318e+21 0 0)
(-1.59876208329587e+21 0 0)
(-1.59705749815824e+21 0 0)
(-1.59520585301949e+21 0 0)
(-1.59277391275324e+21 0 0)
(-1.59021193171328e+21 0 0)
(-1.58721984047365e+21 0 0)
(-1.58408671755731e+21 0 0)
(-1.58064429571963e+21 0 0)
(-1.57702988860011e+21 0 0)
(-1.5732054424587e+21 0 0)
(-1.56916649695957e+21 0 0)
(-1.56500281894388e+21 0 0)
(-1.56057358753248e+21 0 0)
(-1.55609624910235e+21 0 0)
(-1.55129905254878e+21 0 0)
(-1.5465227339408e+21 0 0)
(-1.54137043545399e+21 0 0)
(-1.53630411669023e+21 0 0)
(-1.53080619347732e+21 0 0)
(-1.52545521686716e+21 0 0)
(-1.51961770688501e+21 0 0)
(-1.51398535745175e+21 0 0)
(-1.50781306019232e+21 0 0)
(-1.50190173594207e+21 0 0)
(-1.49539863678987e+21 0 0)
(-1.48920979001266e+21 0 0)
(-1.48237922245527e+21 0 0)
(-1.47591428106066e+21 0 0)
(-1.46875955630672e+21 0 0)
(-1.46201989609887e+21 0 0)
(-1.45454418492649e+21 0 0)
(-1.44753123572362e+21 0 0)
(-1.43973771267762e+21 0 0)
(-1.43245300699877e+21 0 0)
(-1.42434489820251e+21 0 0)
(-1.41679014689298e+21 0 0)
(-1.40837074139925e+21 0 0)
(-1.40054778940181e+21 0 0)
(-1.39182044406774e+21 0 0)
(-1.38373131987704e+21 0 0)
(-1.37469951271631e+21 0 0)
(-1.36634644518025e+21 0 0)
(-1.35701378120659e+21 0 0)
(-1.34839919451063e+21 0 0)
(-1.33876940445366e+21 0 0)
(-1.32989590623418e+21 0 0)
(-1.31997283788526e+21 0 0)
(-1.31084323068032e+21 0 0)
(-1.3006308839535e+21 0 0)
(-1.29124816737124e+21 0 0)
(-1.28075067118897e+21 0 0)
(-1.27111802557938e+21 0 0)
(-1.26033965837365e+21 0 0)
(-1.25046045950044e+21 0 0)
(-1.23940565441732e+21 0 0)
(-1.22928346725338e+21 0 0)
(-1.21795680731501e+21 0 0)
(-1.20759537765552e+21 0 0)
(-1.1960015928362e+21 0 0)
(-1.18540484370938e+21 0 0)
(-1.17354881031304e+21 0 0)
(-1.16272083577057e+21 0 0)
(-1.15060757153149e+21 0 0)
(-1.13955262870775e+21 0 0)
(-1.12718728810263e+21 0 0)
(-1.11590979066893e+21 0 0)
(-1.10329766055894e+21 0 0)
(-1.09180217143606e+21 0 0)
(-1.07894866594712e+21 0 0)
(-1.06723989046068e+21 0 0)
(-1.05415054566105e+21 0 0)
(-1.0422333231928e+21 0 0)
(-1.02891379100613e+21 0 0)
(-1.01679308781843e+21 0 0)
(-1.00324913072159e+21 0 0)
(-9.90930033454701e+20 0 0)
(-9.77167519335618e+20 0 0)
(-9.64655227208504e+20 0 0)
(-9.5068012279829e+20 0 0)
(-9.37979940578895e+20 0 0)
(-9.2379830638207e+20 0 0)
(-9.10915637956462e+20 0 0)
(-8.96533622812529e+20 0 0)
(-8.83473964478629e+20 0 0)
(-8.68897800324922e+20 0 0)
(-8.55666734632479e+20 0 0)
(-8.40902730901264e+20 0 0)
(-8.27505920234745e+20 0 0)
(-8.12560458780911e+20 0 0)
(-7.99003639161412e+20 0 0)
(-7.8388316898809e+20 0 0)
(-7.70172144238966e+20 0 0)
(-7.5488317650607e+20 0 0)
(-7.41023812675209e+20 0 0)
(-7.25572916050029e+20 0 0)
(-7.11571135849096e+20 0 0)
(-6.95964931850799e+20 0 0)
(-6.81826709746316e+20 0 0)
(-6.66071868400759e+20 0 0)
(-6.51803225484699e+20 0 0)
(-6.35906461001257e+20 0 0)
(-6.21513460141234e+20 0 0)
(-6.05481526555772e+20 0 0)
(-5.90970267727259e+20 0 0)
(-5.74809955209459e+20 0 0)
(-5.601865713635e+20 0 0)
(-5.43904702361292e+20 0 0)
(-5.29175355242826e+20 0 0)
(-5.12778781098994e+20 0 0)
(-4.97949657209692e+20 0 0)
(-4.8144525468843e+20 0 0)
(-4.66522561525921e+20 0 0)
(-4.49917229276401e+20 0 0)
(-4.34907191396034e+20 0 0)
(-4.18207846838906e+20 0 0)
(-4.03116702658723e+20 0 0)
(-3.86330279404595e+20 0 0)
(-3.71164277609407e+20 0 0)
(-3.54297721710247e+20 0 0)
(-3.39063117564473e+20 0 0)
(-3.22123384694267e+20 0 0)
(-3.06826436543758e+20 0 0)
(-2.89820488624453e+20 0 0)
(-2.74467453634732e+20 0 0)
(-2.57402255799402e+20 0 0)
(-2.41999389401933e+20 0 0)
(-2.24881911119572e+20 0 0)
(-2.09435466066967e+20 0 0)
(-1.92272679241815e+20 0 0)
(-1.76788903374512e+20 0 0)
(-1.59587780822287e+20 0 0)
(-1.44072921160591e+20 0 0)
(-1.26840444316852e+20 0 0)
(-1.11300725812756e+20 0 0)
(-9.4043844523438e+19 0 0)
(-7.84854664777438e+19 0 0)
(-6.12111363397612e+19 0 0)
(-4.56402912542148e+19 0 0)
(-2.79260835716611e+19 0 0)
(-1.16671177355827e+19 0 0)
(3.42161151386813e+18 0 0)
(1.96257053440089e+19 0 0)
(3.73732023620433e+19 0 0)
(5.29403225866125e+19 0 0)
(7.02202301176278e+19 0 0)
(8.57740228641412e+19 0 0)
(1.03036370895581e+20 0 0)
(1.18571610569131e+20 0 0)
(1.35809668752144e+20 0 0)
(1.51320193126558e+20 0 0)
(1.68527034148082e+20 0 0)
(1.84006620507789e+20 0 0)
(2.01175267057918e+20 0 0)
(2.16617667940466e+20 0 0)
(2.33741147162959e+20 0 0)
(2.49140114937469e+20 0 0)
(2.66211453431358e+20 0 0)
(2.81560735338483e+20 0 0)
(2.98572961995068e+20 0 0)
(3.13866302141896e+20 0 0)
(3.30812451415178e+20 0 0)
(3.46043591166478e+20 0 0)
(3.62916698736233e+20 0 0)
(3.78079380710691e+20 0 0)
(3.94872487843119e+20 0 0)
(4.09960455453286e+20 0 0)
(4.26666614304768e+20 0 0)
(4.41673618942987e+20 0 0)
(4.58285893236416e+20 0 0)
(4.73205694980857e+20 0 0)
(4.8971716416877e+20 0 0)
(5.04543538423852e+20 0 0)
(5.20947301097191e+20 0 0)
(5.35674037512756e+20 0 0)
(5.51963213863007e+20 0 0)
(5.66584125712397e+20 0 0)
(5.82751861724878e+20 0 0)
(5.97260784065383e+20 0 0)
(6.13300255159071e+20 0 0)
(6.27691051727085e+20 0 0)
(6.43595466453337e+20 0 0)
(6.57862033271314e+20 0 0)
(6.73624635150948e+20 0 0)
(6.87760904899774e+20 0 0)
(7.03374977481323e+20 0 0)
(7.17374926271304e+20 0 0)
(7.32833794837358e+20 0 0)
(7.46691449853042e+20 0 0)
(7.61988485313682e+20 0 0)
(7.75697924906811e+20 0 0)
(7.90826550022224e+20 0 0)
(8.04381908803516e+20 0 0)
(8.19335605156269e+20 0 0)
(8.32731078715227e+20 0 0)
(8.4750339096909e+20 0 0)
(8.6073324191177e+20 0 0)
(8.75317782848772e+20 0 0)
(8.88376346865405e+20 0 0)
(9.02766801157996e+20 0 0)
(9.15648493767842e+20 0 0)
(9.29838623250949e+20 0 0)
(9.42537946175885e+20 0 0)
(9.56521594715616e+20 0 0)
(9.69033141485625e+20 0 0)
(9.82804242329424e+20 0 0)
(9.95122705178849e+20 0 0)
(1.008675285633e+21 0 0)
(1.02079546249781e+21 0 0)
(1.03412364918651e+21 0 0)
(1.04604045047175e+21 0 0)
(1.05913847479675e+21 0 0)
(1.07084693034622e+21 0 0)
(1.08370913418639e+21 0 0)
(1.09520440085169e+21 0 0)
(1.10782524259398e+21 0 0)
(1.11910261171367e+21 0 0)
(1.13147667130831e+21 0 0)
(1.14253157551318e+21 0 0)
(1.15465355991174e+21 0 0)
(1.16548158104079e+21 0 0)
(1.17734632967261e+21 0 0)
(1.18794320575662e+21 0 0)
(1.19954569509081e+21 0 0)
(1.20990732771347e+21 0 0)
(1.22124267636119e+21 0 0)
(1.23136513793377e+21 0 0)
(1.24242861014771e+21 0 0)
(1.25230814962067e+21 0 0)
(1.26309515651851e+21 0 0)
(1.27272820362147e+21 0 0)
(1.28323430690457e+21 0 0)
(1.29261748179345e+21 0 0)
(1.30283839893188e+21 0 0)
(1.31196851748021e+21 0 0)
(1.32190011533999e+21 0 0)
(1.33077417505886e+21 0 0)
(1.340412450725e+21 0 0)
(1.34902764779411e+21 0 0)
(1.3583687513037e+21 0 0)
(1.36672247785896e+21 0 0)
(1.37576267833923e+21 0 0)
(1.38385251450261e+21 0 0)
(1.39258821135514e+21 0 0)
(1.4004119371234e+21 0 0)
(1.40883966021579e+21 0 0)
(1.41639526300006e+21 0 0)
(1.42451167352788e+21 0 0)
(1.43179733769177e+21 0 0)
(1.43959917045666e+21 0 0)
(1.44661322187945e+21 0 0)
(1.45409728745432e+21 0 0)
(1.4608382618286e+21 0 0)
(1.46800146552171e+21 0 0)
(1.47446802970072e+21 0 0)
(1.48130728459045e+21 0 0)
(1.48749817750274e+21 0 0)
(1.49401032430578e+21 0 0)
(1.49992435082225e+21 0 0)
(1.50610628990252e+21 0 0)
(1.51174222103531e+21 0 0)
(1.51759017538612e+21 0 0)
(1.52294596252328e+21 0 0)
(1.52845565762566e+21 0 0)
(1.53352866514092e+21 0 0)
(1.53869455294603e+21 0 0)
(1.54347983464071e+21 0 0)
(1.54829303068558e+21 0 0)
(1.55278274476063e+21 0 0)
(1.55723180739419e+21 0 0)
(1.56141231280761e+21 0 0)
(1.56547545571662e+21 0 0)
(1.56932198561762e+21 0 0)
(1.57296719382095e+21 0 0)
(1.57643971217515e+21 0 0)
(1.57961213067754e+21 0 0)
(1.58264230626948e+21 0 0)
(1.58525280556673e+21 0 0)
(1.58773439202925e+21 0 0)
(1.58964839848157e+21 0 0)
(1.59141576242605e+21 0 0)
(1.59242902854629e+21 0 0)
(1.59325018672074e+21 0 0)
(1.59309625071992e+21 0 0)
(1.59268939444224e+21 0 0)
(1.5910113756316e+21 0 0)
(1.58899511695205e+21 0 0)
(1.58562235163079e+21 0 0)
(1.58214506490488e+21 0 0)
(1.57734407325173e+21 0 0)
(1.57294169014094e+21 0 0)
(1.56753114505318e+21 0 0)
(1.56333416951208e+21 0 0)
(1.55864766305961e+21 0 0)
(1.55625356082162e+21 0 0)
(1.55408241150666e+21 0 0)
(1.55480783979429e+21 0 0)
(1.55588365385075e+21 0 0)
(1.55986875480775e+21 0 0)
(1.56358935651087e+21 0 0)
(1.56979760958627e+21 0 0)
(1.57489401277196e+21 0 0)
(1.58198181479307e+21 0 0)
(1.58724807927962e+21 0 0)
(1.59419675793556e+21 0 0)
(1.59889787397421e+21 0 0)
(1.60522754545638e+21 0 0)
(1.60898078916326e+21 0 0)
(1.61446105203423e+21 0 0)
(1.61723241393932e+21 0 0)
(1.6218932742723e+21 0 0)
(1.62387034641078e+21 0 0)
(1.62786494600139e+21 0 0)
(1.62917442531298e+21 0 0)
(1.63265468953777e+21 0 0)
(1.63341458257515e+21 0 0)
(1.63649032503126e+21 0 0)
(1.63683184293747e+21 0 0)
(1.63957085811869e+21 0 0)
(1.6396002796775e+21 0 0)
(1.64205785997524e+21 0 0)
(1.64186076734539e+21 0 0)
(1.64408292964877e+21 0 0)
(1.64372578190836e+21 0 0)
(1.64574819172649e+21 0 0)
(1.64528262743664e+21 0 0)
(1.6471229187507e+21 0 0)
(1.64659795976072e+21 0 0)
(1.64826498185518e+21 0 0)
(1.6477250357992e+21 0 0)
(1.64922031156568e+21 0 0)
(1.64870601404939e+21 0 0)
(1.65002703812452e+21 0 0)
(1.64957157058052e+21 0 0)
(1.65071118212065e+21 0 0)
(1.6503456593873e+21 0 0)
(1.65129291890938e+21 0 0)
(1.65104658502276e+21 0 0)
(1.65178778183971e+21 0 0)
(1.65168963032413e+21 0 0)
(1.65220886785521e+21 0 0)
(1.65228537208487e+21 0 0)
(1.65256486921471e+21 0 0)
(1.65283994438611e+21 0 0)
(1.65286021904253e+21 0 0)
(1.65335800927789e+21 0 0)
(1.65309996284931e+21 0 0)
(1.65384502649721e+21 0 0)
(1.65328855736478e+21 0 0)
(1.65430471525687e+21 0 0)
(1.65342802828303e+21 0 0)
(1.6547385854993e+21 0 0)
(1.65351890102023e+21 0 0)
(1.65514816426985e+21 0 0)
(1.6535607552824e+21 0 0)
(1.65553444947229e+21 0 0)
(1.65355119546503e+21 0 0)
(1.65589795261073e+21 0 0)
(1.65348626238404e+21 0 0)
(1.6562401257527e+21 0 0)
(1.65335885788708e+21 0 0)
(1.6565621148829e+21 0 0)
(1.65315776914279e+21 0 0)
(1.6568677744718e+21 0 0)
(1.65286595245825e+21 0 0)
(1.65716629852748e+21 0 0)
(1.65245707105889e+21 0 0)
(1.65747415193604e+21 0 0)
(1.65189144847477e+21 0 0)
(1.65781940315755e+21 0 0)
(1.65110795446691e+21 0 0)
(1.65825205293648e+21 0 0)
(1.65001559354405e+21 0 0)
(1.65886094068969e+21 0 0)
(1.64846985509437e+21 0 0)
(1.659793923342e+21 0 0)
(1.64622595613825e+21 0 0)
(1.66130496513435e+21 0 0)
(1.64287044692342e+21 0 0)
(1.66386037255645e+21 0 0)
(1.63767856688936e+21 0 0)
(1.66831692317199e+21 0 0)
(1.62927844365847e+21 0 0)
(1.67628201124553e+21 0 0)
(1.59968840441561e+21 0 0)
(1.7051978209993e+21 0 0)
(1.49090300865269e+21 0 0)
(1.81355806132545e+21 0 0)
(1.20733597028198e+21 0 0)
(2.2310071815508e+21 0 0)
(5.66855977696604e+20 0 0)
)
;

boundaryField
{
    electrode
    {
        type            calculated;
        value           uniform (-1.65697017211882e+21 0 0);
    }
    ground
    {
        type            calculated;
        value           uniform (1.65663540804354e+21 0 0);
    }
    otherfaces
    {
        type            empty;
    }
}


// ************************************************************************* //
