/*--------------------------------*- C++ -*----------------------------------*\
| =========                 |                                                 |
| \\      /  F ield         | foam-extend: Open Source CFD                    |
|  \\    /   O peration     | Version:     4.1                                |
|   \\  /    A nd           | Web:         http://www.foam-extend.org         |
|    \\/     M anipulation  |                                                 |
\*---------------------------------------------------------------------------*/
FoamFile
{
    version     2.0;
    format      ascii;
    class       volVectorField;
    location    "1.50399999960923e-05";
    object      Flux_Arp1;
}
// * * * * * * * * * * * * * * * * * * * * * * * * * * * * * * * * * * * * * //

dimensions      [0 -2 -1 0 0 0 0];

internalField   nonuniform List<vector> 
500
(
(-1.65844125789702e+21 0 0)
(-1.65878698766003e+21 0 0)
(-1.65923001091421e+21 0 0)
(-1.65968971717918e+21 0 0)
(-1.66053508278105e+21 0 0)
(-1.66112017305622e+21 0 0)
(-1.66167676313649e+21 0 0)
(-1.66219940229972e+21 0 0)
(-1.66297691983285e+21 0 0)
(-1.66390200710905e+21 0 0)
(-1.66483142799553e+21 0 0)
(-1.66558676570458e+21 0 0)
(-1.66652292009458e+21 0 0)
(-1.66765309864574e+21 0 0)
(-1.66904184487731e+21 0 0)
(-1.67021256213947e+21 0 0)
(-1.67144987177414e+21 0 0)
(-1.6727553437753e+21 0 0)
(-1.67425373380106e+21 0 0)
(-1.67557532710498e+21 0 0)
(-1.67684426110896e+21 0 0)
(-1.67814281424025e+21 0 0)
(-1.679689926304e+21 0 0)
(-1.68115684886285e+21 0 0)
(-1.68254305032364e+21 0 0)
(-1.68386722299825e+21 0 0)
(-1.68536755776625e+21 0 0)
(-1.68679864509883e+21 0 0)
(-1.68814815542084e+21 0 0)
(-1.68938616686168e+21 0 0)
(-1.6907365815403e+21 0 0)
(-1.69205913371151e+21 0 0)
(-1.69333656464209e+21 0 0)
(-1.69447050146571e+21 0 0)
(-1.69563499370049e+21 0 0)
(-1.69672581081661e+21 0 0)
(-1.69785349645204e+21 0 0)
(-1.69882761364522e+21 0 0)
(-1.69980441613865e+21 0 0)
(-1.70065841651375e+21 0 0)
(-1.70152831553913e+21 0 0)
(-1.70230945077549e+21 0 0)
(-1.70315590684977e+21 0 0)
(-1.70396897414538e+21 0 0)
(-1.7048918518894e+21 0 0)
(-1.70580475482458e+21 0 0)
(-1.70679661222776e+21 0 0)
(-1.70767998376974e+21 0 0)
(-1.70851356922548e+21 0 0)
(-1.70914413505067e+21 0 0)
(-1.70968981323e+21 0 0)
(-1.71006955340852e+21 0 0)
(-1.71043201822637e+21 0 0)
(-1.71066500341155e+21 0 0)
(-1.71087123833635e+21 0 0)
(-1.71094150932966e+21 0 0)
(-1.71102173619924e+21 0 0)
(-1.71103122470407e+21 0 0)
(-1.7110677009014e+21 0 0)
(-1.71102196241596e+21 0 0)
(-1.71102263276443e+21 0 0)
(-1.71098314671135e+21 0 0)
(-1.71103425827563e+21 0 0)
(-1.71109979944658e+21 0 0)
(-1.71129983806776e+21 0 0)
(-1.71152786481273e+21 0 0)
(-1.71183465299324e+21 0 0)
(-1.71203237917753e+21 0 0)
(-1.71211360575368e+21 0 0)
(-1.71193187560884e+21 0 0)
(-1.71161827463466e+21 0 0)
(-1.71117029193877e+21 0 0)
(-1.71071766817289e+21 0 0)
(-1.71014114313428e+21 0 0)
(-1.70950348068199e+21 0 0)
(-1.70877215104333e+21 0 0)
(-1.70810371217976e+21 0 0)
(-1.70744539870121e+21 0 0)
(-1.70690928549792e+21 0 0)
(-1.70639259972454e+21 0 0)
(-1.70586990109058e+21 0 0)
(-1.70511873234583e+21 0 0)
(-1.70413105489361e+21 0 0)
(-1.70290536339369e+21 0 0)
(-1.70165845815042e+21 0 0)
(-1.70044927615012e+21 0 0)
(-1.69940288935363e+21 0 0)
(-1.69847071972855e+21 0 0)
(-1.69761569076666e+21 0 0)
(-1.69666152545222e+21 0 0)
(-1.69548906876996e+21 0 0)
(-1.69411023725275e+21 0 0)
(-1.69285918448544e+21 0 0)
(-1.6918869280901e+21 0 0)
(-1.69124271954711e+21 0 0)
(-1.69059042406087e+21 0 0)
(-1.68986419973601e+21 0 0)
(-1.68911531254847e+21 0 0)
(-1.68858579674836e+21 0 0)
(-1.68833700994119e+21 0 0)
(-1.68802417487848e+21 0 0)
(-1.68752231566427e+21 0 0)
(-1.68716750297566e+21 0 0)
(-1.68701651624834e+21 0 0)
(-1.68666734401372e+21 0 0)
(-1.68607142925822e+21 0 0)
(-1.68562029180218e+21 0 0)
(-1.68500639031672e+21 0 0)
(-1.6840332578865e+21 0 0)
(-1.68299411604314e+21 0 0)
(-1.68166537265464e+21 0 0)
(-1.67978012916139e+21 0 0)
(-1.67785900972788e+21 0 0)
(-1.67560936355216e+21 0 0)
(-1.67292387906474e+21 0 0)
(-1.67012990070072e+21 0 0)
(-1.66695909467979e+21 0 0)
(-1.66344236959222e+21 0 0)
(-1.6598208878383e+21 0 0)
(-1.65571784468573e+21 0 0)
(-1.65128939638639e+21 0 0)
(-1.64671931287319e+21 0 0)
(-1.64175550783739e+21 0 0)
(-1.63631660382474e+21 0 0)
(-1.63080760480054e+21 0 0)
(-1.625197221771e+21 0 0)
(-1.61932237118035e+21 0 0)
(-1.61314044084027e+21 0 0)
(-1.60680823602987e+21 0 0)
(-1.60029541358492e+21 0 0)
(-1.59361778453146e+21 0 0)
(-1.58673251749135e+21 0 0)
(-1.57957692288431e+21 0 0)
(-1.57219237650013e+21 0 0)
(-1.56467103860472e+21 0 0)
(-1.55699137647854e+21 0 0)
(-1.54916286315994e+21 0 0)
(-1.54117459528708e+21 0 0)
(-1.53304188540287e+21 0 0)
(-1.5247562564149e+21 0 0)
(-1.51633485364749e+21 0 0)
(-1.50776933987697e+21 0 0)
(-1.49906158480901e+21 0 0)
(-1.49019025020094e+21 0 0)
(-1.48117529079314e+21 0 0)
(-1.47200953297969e+21 0 0)
(-1.46270684824927e+21 0 0)
(-1.45325784918e+21 0 0)
(-1.44367545127287e+21 0 0)
(-1.43395000079002e+21 0 0)
(-1.42409463767695e+21 0 0)
(-1.41411058408656e+21 0 0)
(-1.40400957377496e+21 0 0)
(-1.39378234215657e+21 0 0)
(-1.38344169232552e+21 0 0)
(-1.37298523398214e+21 0 0)
(-1.36241162832716e+21 0 0)
(-1.35170577142196e+21 0 0)
(-1.34087810443821e+21 0 0)
(-1.32992189245169e+21 0 0)
(-1.31884617793731e+21 0 0)
(-1.30764453920681e+21 0 0)
(-1.29632550282491e+21 0 0)
(-1.28488319536543e+21 0 0)
(-1.27332563621912e+21 0 0)
(-1.26164746768932e+21 0 0)
(-1.24985622926199e+21 0 0)
(-1.23794706453438e+21 0 0)
(-1.22592705020879e+21 0 0)
(-1.2137918206894e+21 0 0)
(-1.20154799954135e+21 0 0)
(-1.18919170179136e+21 0 0)
(-1.17672910983526e+21 0 0)
(-1.16415680778608e+21 0 0)
(-1.15148055051063e+21 0 0)
(-1.13869737434793e+21 0 0)
(-1.12581262340269e+21 0 0)
(-1.1128237647777e+21 0 0)
(-1.09973575449162e+21 0 0)
(-1.08654646651213e+21 0 0)
(-1.07326048714871e+21 0 0)
(-1.0598760736865e+21 0 0)
(-1.04639746682798e+21 0 0)
(-1.03282328367896e+21 0 0)
(-1.01915743999817e+21 0 0)
(-1.00539888908556e+21 0 0)
(-9.91551240499335e+20 0 0)
(-9.77613764385112e+20 0 0)
(-9.63589780684323e+20 0 0)
(-9.49478857407766e+20 0 0)
(-9.35284041680323e+20 0 0)
(-9.21005182502655e+20 0 0)
(-9.0664506579057e+20 0 0)
(-8.922038077181e+20 0 0)
(-8.77683946406892e+20 0 0)
(-8.63085849510001e+20 0 0)
(-8.48411819408836e+20 0 0)
(-8.33662460750205e+20 0 0)
(-8.18839854934459e+20 0 0)
(-8.03944827699736e+20 0 0)
(-7.88979253978752e+20 0 0)
(-7.73944162210827e+20 0 0)
(-7.58841237686607e+20 0 0)
(-7.43671694190096e+20 0 0)
(-7.28437045285851e+20 0 0)
(-7.131386679519e+20 0 0)
(-6.97777926928668e+20 0 0)
(-6.82356338877419e+20 0 0)
(-6.66875145588135e+20 0 0)
(-6.51335967736108e+20 0 0)
(-6.35739961044164e+20 0 0)
(-6.20088807407337e+20 0 0)
(-6.04383626766558e+20 0 0)
(-5.88626102961019e+20 0 0)
(-5.72817389409729e+20 0 0)
(-5.56959090091116e+20 0 0)
(-5.41052486028138e+20 0 0)
(-5.25098992039864e+20 0 0)
(-5.09100140584179e+20 0 0)
(-4.93057015974793e+20 0 0)
(-4.76971564011702e+20 0 0)
(-4.60844350206885e+20 0 0)
(-4.44677943307565e+20 0 0)
(-4.28472161337932e+20 0 0)
(-4.12230444761523e+20 0 0)
(-3.95951587372024e+20 0 0)
(-3.79640201737743e+20 0 0)
(-3.632937356391e+20 0 0)
(-3.46918314125823e+20 0 0)
(-3.30509684178478e+20 0 0)
(-3.14075834943533e+20 0 0)
(-2.97610433861474e+20 0 0)
(-2.81123786917537e+20 0 0)
(-2.64606941499405e+20 0 0)
(-2.48073067246393e+20 0 0)
(-2.31510225752713e+20 0 0)
(-2.14935017470965e+20 0 0)
(-1.98331396599258e+20 0 0)
(-1.81719862578258e+20 0 0)
(-1.65082391837475e+20 0 0)
(-1.48456888184096e+20 0 0)
(-1.3177600947297e+20 0 0)
(-1.15101960665633e+20 0 0)
(-9.84072459436837e+19 0 0)
(-8.17151322431054e+19 0 0)
(-6.50055617130774e+19 0 0)
(-4.83010713329643e+19 0 0)
(-3.15825123545896e+19 0 0)
(-1.48731797130858e+19 0 0)
(1.85187813797425e+18 0 0)
(1.85593871915839e+19 0 0)
(3.52766866314267e+19 0 0)
(5.19834920126493e+19 0 0)
(6.86926770776323e+19 0 0)
(8.5384709382433e+19 0 0)
(1.0207574199549e+20 0 0)
(1.18749385613011e+20 0 0)
(1.35425156959805e+20 0 0)
(1.52075248711635e+20 0 0)
(1.68707539663784e+20 0 0)
(1.85377739622185e+20 0 0)
(2.02013885025283e+20 0 0)
(2.18623810375284e+20 0 0)
(2.35226102628852e+20 0 0)
(2.51802867100986e+20 0 0)
(2.68367192162863e+20 0 0)
(2.84904913674558e+20 0 0)
(3.01425895710101e+20 0 0)
(3.17918869226979e+20 0 0)
(3.34391038829021e+20 0 0)
(3.50833656930975e+20 0 0)
(3.67251623022174e+20 0 0)
(3.83638255900611e+20 0 0)
(3.99996584126354e+20 0 0)
(4.1632159704437e+20 0 0)
(4.32614824291905e+20 0 0)
(4.48872548893239e+20 0 0)
(4.6509517533e+20 0 0)
(4.8127995618931e+20 0 0)
(4.97426444320198e+20 0 0)
(5.13532616891353e+20 0 0)
(5.29597411575655e+20 0 0)
(5.45619304795149e+20 0 0)
(5.61596826299154e+20 0 0)
(5.77528770173392e+20 0 0)
(5.93413416985469e+20 0 0)
(6.09249740505274e+20 0 0)
(6.2503589352677e+20 0 0)
(6.40770924787347e+20 0 0)
(6.5645294971796e+20 0 0)
(6.7208101468061e+20 0 0)
(6.87653264973504e+20 0 0)
(7.0316868862573e+20 0 0)
(7.18625508579759e+20 0 0)
(7.3402261394119e+20 0 0)
(7.49358342139919e+20 0 0)
(7.64631452518695e+20 0 0)
(7.79840426005816e+20 0 0)
(7.94983867056103e+20 0 0)
(8.10060422122023e+20 0 0)
(8.25068521865832e+20 0 0)
(8.40006997369611e+20 0 0)
(8.54874087176272e+20 0 0)
(8.69668826018766e+20 0 0)
(8.84389244878021e+20 0 0)
(8.99034598727897e+20 0 0)
(9.13602695777027e+20 0 0)
(9.2809302752842e+20 0 0)
(9.42503165372242e+20 0 0)
(9.56832853012512e+20 0 0)
(9.71079410137702e+20 0 0)
(9.85242850514786e+20 0 0)
(9.99320227528401e+20 0 0)
(1.0133118398061e+21 0 0)
(1.02721445966119e+21 0 0)
(1.04102868997765e+21 0 0)
(1.05475100509297e+21 0 0)
(1.06838233092461e+21 0 0)
(1.08191882679845e+21 0 0)
(1.09536176159867e+21 0 0)
(1.10870696034516e+21 0 0)
(1.12195605854306e+21 0 0)
(1.13510452610204e+21 0 0)
(1.14815438793812e+21 0 0)
(1.16110074001749e+21 0 0)
(1.17394601775252e+21 0 0)
(1.18668492684981e+21 0 0)
(1.19932033470642e+21 0 0)
(1.21184653866693e+21 0 0)
(1.22426685837253e+21 0 0)
(1.23657516945962e+21 0 0)
(1.24877526035476e+21 0 0)
(1.26086057543889e+21 0 0)
(1.27283538776166e+21 0 0)
(1.28469270358148e+21 0 0)
(1.29643729494352e+21 0 0)
(1.30806172888064e+21 0 0)
(1.31957128817959e+21 0 0)
(1.33095810151519e+21 0 0)
(1.34222798057775e+21 0 0)
(1.3533726107427e+21 0 0)
(1.36439836700707e+21 0 0)
(1.37529640024723e+21 0 0)
(1.38607406735765e+21 0 0)
(1.3967232433567e+21 0 0)
(1.40724624480301e+21 0 0)
(1.41762086962104e+21 0 0)
(1.42785904271497e+21 0 0)
(1.43795541921241e+21 0 0)
(1.44791875944324e+21 0 0)
(1.45773822805431e+21 0 0)
(1.46742299161279e+21 0 0)
(1.47696138571628e+21 0 0)
(1.48636295501652e+21 0 0)
(1.49562236126207e+21 0 0)
(1.50475784872378e+21 0 0)
(1.51375929568594e+21 0 0)
(1.52264987551654e+21 0 0)
(1.53142900642479e+21 0 0)
(1.54008102133897e+21 0 0)
(1.5485841853591e+21 0 0)
(1.55695600611171e+21 0 0)
(1.56518594341341e+21 0 0)
(1.57328783032568e+21 0 0)
(1.58125267663202e+21 0 0)
(1.58909821596623e+21 0 0)
(1.59680315050735e+21 0 0)
(1.60437165858578e+21 0 0)
(1.61188718887272e+21 0 0)
(1.6194850808723e+21 0 0)
(1.62701386004968e+21 0 0)
(1.63439292929497e+21 0 0)
(1.64159972053555e+21 0 0)
(1.64868985293091e+21 0 0)
(1.65599087259242e+21 0 0)
(1.66339659455342e+21 0 0)
(1.67052225092962e+21 0 0)
(1.67741564654448e+21 0 0)
(1.68481955227367e+21 0 0)
(1.69236339237154e+21 0 0)
(1.69959449612075e+21 0 0)
(1.70715590548451e+21 0 0)
(1.71507879430992e+21 0 0)
(1.72273125961155e+21 0 0)
(1.73084563645036e+21 0 0)
(1.73922922790698e+21 0 0)
(1.74720163285152e+21 0 0)
(1.75606379117442e+21 0 0)
(1.76475839893674e+21 0 0)
(1.77318516603652e+21 0 0)
(1.78248381424603e+21 0 0)
(1.79137105716904e+21 0 0)
(1.80020513049895e+21 0 0)
(1.80948892040055e+21 0 0)
(1.81797056003297e+21 0 0)
(1.82636834388538e+21 0 0)
(1.834917814334e+21 0 0)
(1.84263018245169e+21 0 0)
(1.84959110539647e+21 0 0)
(1.8569136805762e+21 0 0)
(1.8634971881304e+21 0 0)
(1.86896412699031e+21 0 0)
(1.87385930979832e+21 0 0)
(1.87902521075902e+21 0 0)
(1.88351906350141e+21 0 0)
(1.88717603152015e+21 0 0)
(1.88988162863255e+21 0 0)
(1.89217328888088e+21 0 0)
(1.89485934017596e+21 0 0)
(1.89728538928232e+21 0 0)
(1.89918379131651e+21 0 0)
(1.90066160183049e+21 0 0)
(1.90178705201389e+21 0 0)
(1.90263754783537e+21 0 0)
(1.90310815560023e+21 0 0)
(1.90414185648675e+21 0 0)
(1.90526491903968e+21 0 0)
(1.90626358993853e+21 0 0)
(1.90703179853015e+21 0 0)
(1.90768580876689e+21 0 0)
(1.90819933121887e+21 0 0)
(1.90870153784672e+21 0 0)
(1.90910280862043e+21 0 0)
(1.90946227928438e+21 0 0)
(1.90964831799227e+21 0 0)
(1.9096131809361e+21 0 0)
(1.90975419197957e+21 0 0)
(1.91033750965773e+21 0 0)
(1.91100261277746e+21 0 0)
(1.91177019256395e+21 0 0)
(1.91251727106677e+21 0 0)
(1.91332020888624e+21 0 0)
(1.9140470648833e+21 0 0)
(1.91478158258258e+21 0 0)
(1.91541706782939e+21 0 0)
(1.91607092930244e+21 0 0)
(1.91663599924738e+21 0 0)
(1.91720580580101e+21 0 0)
(1.91763679824341e+21 0 0)
(1.91801804589815e+21 0 0)
(1.91822940714096e+21 0 0)
(1.91840408292877e+21 0 0)
(1.91847138830154e+21 0 0)
(1.91852294963286e+21 0 0)
(1.91862689915041e+21 0 0)
(1.9191818977839e+21 0 0)
(1.91990206841794e+21 0 0)
(1.92078340695602e+21 0 0)
(1.92165229495125e+21 0 0)
(1.92260557097804e+21 0 0)
(1.92349816692727e+21 0 0)
(1.92444829741034e+21 0 0)
(1.92531879695351e+21 0 0)
(1.92623508262269e+21 0 0)
(1.92706117937914e+21 0 0)
(1.92792759020289e+21 0 0)
(1.92869980336691e+21 0 0)
(1.92951259008424e+21 0 0)
(1.93022148949014e+21 0 0)
(1.93095267182579e+21 0 0)
(1.93155314104819e+21 0 0)
(1.93216093218922e+21 0 0)
(1.93264487265607e+21 0 0)
(1.93316382542012e+21 0 0)
(1.93360634851527e+21 0 0)
(1.9341320924726e+21 0 0)
(1.93460540264489e+21 0 0)
(1.93516965991382e+21 0 0)
(1.93567553126165e+21 0 0)
(1.93627111429292e+21 0 0)
(1.93678457031221e+21 0 0)
(1.93735991370581e+21 0 0)
(1.9377445183527e+21 0 0)
(1.93831272849682e+21 0 0)
(1.93903592612816e+21 0 0)
(1.9399211726247e+21 0 0)
(1.9407122595805e+21 0 0)
(1.941562225614e+21 0 0)
(1.94230778609224e+21 0 0)
(1.943095754132e+21 0 0)
(1.94372914262745e+21 0 0)
(1.9443785791306e+21 0 0)
(1.94489243037948e+21 0 0)
(1.9454260526958e+21 0 0)
(1.94580487417758e+21 0 0)
(1.94617923366033e+21 0 0)
(1.94641807589127e+21 0 0)
(1.94670125623847e+21 0 0)
(1.94683010151133e+21 0 0)
(1.94698551064388e+21 0 0)
(1.94700445353392e+21 0 0)
(1.94706343457743e+21 0 0)
(1.94702882463816e+21 0 0)
(1.9469851310479e+21 0 0)
(1.94678484395474e+21 0 0)
(1.94669272716906e+21 0 0)
(1.94629648592971e+21 0 0)
(1.94631635589547e+21 0 0)
(1.94588525723777e+21 0 0)
(1.94559201918614e+21 0 0)
)
;

boundaryField
{
    electrode
    {
        type            calculated;
        value           uniform (-1.65844125789702e+21 0 0);
    }
    ground
    {
        type            calculated;
        value           uniform (1.94559201918614e+21 0 0);
    }
    otherfaces
    {
        type            empty;
    }
}


// ************************************************************************* //
