/*--------------------------------*- C++ -*----------------------------------*\
| =========                 |                                                 |
| \\      /  F ield         | foam-extend: Open Source CFD                    |
|  \\    /   O peration     | Version:     4.1                                |
|   \\  /    A nd           | Web:         http://www.foam-extend.org         |
|    \\/     M anipulation  |                                                 |
\*---------------------------------------------------------------------------*/
FoamFile
{
    version     2.0;
    format      ascii;
    class       volVectorField;
    location    "1.50399999960923e-05";
    object      Flux_Arp1Mean;
}
// * * * * * * * * * * * * * * * * * * * * * * * * * * * * * * * * * * * * * //

dimensions      [0 -2 -1 0 0 0 0];

internalField   nonuniform List<vector> 
500
(
(-1.64665330235653e+21 0 0)
(-1.6467071292103e+21 0 0)
(-1.6467520183599e+21 0 0)
(-1.64678667627348e+21 0 0)
(-1.64683150459354e+21 0 0)
(-1.64686552857129e+21 0 0)
(-1.64690792512571e+21 0 0)
(-1.64694122912366e+21 0 0)
(-1.64698091143312e+21 0 0)
(-1.64701292955423e+21 0 0)
(-1.64704944549526e+21 0 0)
(-1.64707945667401e+21 0 0)
(-1.64711249413362e+21 0 0)
(-1.64713994046721e+21 0 0)
(-1.64716904947394e+21 0 0)
(-1.64719315486499e+21 0 0)
(-1.64721781714245e+21 0 0)
(-1.64723806068974e+21 0 0)
(-1.64725779168792e+21 0 0)
(-1.64727347343607e+21 0 0)
(-1.6472876593639e+21 0 0)
(-1.64729822115997e+21 0 0)
(-1.64730639736228e+21 0 0)
(-1.6473111988759e+21 0 0)
(-1.64731273814424e+21 0 0)
(-1.64731120576102e+21 0 0)
(-1.64730564026427e+21 0 0)
(-1.64729715644105e+21 0 0)
(-1.6472838192927e+21 0 0)
(-1.6472677666602e+21 0 0)
(-1.64724628783692e+21 0 0)
(-1.64722221992081e+21 0 0)
(-1.64719201842396e+21 0 0)
(-1.64715937582154e+21 0 0)
(-1.64711997593355e+21 0 0)
(-1.64707825448096e+21 0 0)
(-1.64702913573115e+21 0 0)
(-1.64697777214272e+21 0 0)
(-1.64691839831036e+21 0 0)
(-1.64685687186219e+21 0 0)
(-1.64678669220369e+21 0 0)
(-1.64671443780976e+21 0 0)
(-1.64663286801645e+21 0 0)
(-1.64654928415771e+21 0 0)
(-1.64645569553145e+21 0 0)
(-1.64636013604541e+21 0 0)
(-1.64625385193946e+21 0 0)
(-1.64614561582273e+21 0 0)
(-1.64602590163099e+21 0 0)
(-1.64590423983149e+21 0 0)
(-1.64577030240595e+21 0 0)
(-1.64563438516668e+21 0 0)
(-1.64548535519665e+21 0 0)
(-1.64533428174027e+21 0 0)
(-1.64516919653483e+21 0 0)
(-1.64500193140789e+21 0 0)
(-1.6448196288476e+21 0 0)
(-1.64463485717389e+21 0 0)
(-1.64443397818546e+21 0 0)
(-1.64423064696618e+21 0 0)
(-1.64401005548192e+21 0 0)
(-1.64378671157288e+21 0 0)
(-1.64354488060948e+21 0 0)
(-1.64329992062427e+21 0 0)
(-1.64303512773937e+21 0 0)
(-1.64276674410344e+21 0 0)
(-1.6424770684784e+21 0 0)
(-1.64218324557035e+21 0 0)
(-1.64186653287242e+21 0 0)
(-1.64154498439759e+21 0 0)
(-1.64119877732279e+21 0 0)
(-1.64084689954388e+21 0 0)
(-1.6404684122726e+21 0 0)
(-1.64008318124823e+21 0 0)
(-1.63966900960831e+21 0 0)
(-1.63924649452315e+21 0 0)
(-1.6387921735123e+21 0 0)
(-1.63832870160567e+21 0 0)
(-1.63783078888074e+21 0 0)
(-1.63732196034769e+21 0 0)
(-1.63677570889683e+21 0 0)
(-1.63621648781116e+21 0 0)
(-1.63561643806046e+21 0 0)
(-1.63500088518776e+21 0 0)
(-1.63434052214484e+21 0 0)
(-1.63366137440948e+21 0 0)
(-1.63293230905817e+21 0 0)
(-1.63217946801041e+21 0 0)
(-1.63137238712596e+21 0 0)
(-1.63053853244597e+21 0 0)
(-1.62964494303286e+21 0 0)
(-1.62871956447204e+21 0 0)
(-1.62772762012131e+21 0 0)
(-1.62669696880321e+21 0 0)
(-1.62559005739088e+21 0 0)
(-1.62443719371256e+21 0 0)
(-1.62320318610808e+21 0 0)
(-1.62191492512354e+21 0 0)
(-1.62053463928831e+21 0 0)
(-1.61908803624545e+21 0 0)
(-1.61753873447763e+21 0 0)
(-1.61591892202385e+21 0 0)
(-1.61418440217768e+21 0 0)
(-1.61236448495451e+21 0 0)
(-1.61041977424428e+21 0 0)
(-1.60838510683435e+21 0 0)
(-1.60621133516712e+21 0 0)
(-1.60393455647175e+21 0 0)
(-1.60151707069019e+21 0 0)
(-1.59898412684883e+21 0 0)
(-1.59630048608397e+21 0 0)
(-1.59350105695894e+21 0 0)
(-1.59053991553421e+21 0 0)
(-1.58745881492415e+21 0 0)
(-1.58421511240005e+21 0 0)
(-1.58084049282243e+21 0 0)
(-1.57730457963607e+21 0 0)
(-1.57363424225522e+21 0 0)
(-1.56979691772743e+21 0 0)
(-1.5658282437853e+21 0 0)
(-1.56168930544606e+21 0 0)
(-1.55741539851395e+21 0 0)
(-1.55297590331371e+21 0 0)
(-1.54839941146776e+21 0 0)
(-1.54365439683902e+21 0 0)
(-1.53877392852064e+21 0 0)
(-1.53372533657909e+21 0 0)
(-1.52853914481492e+21 0 0)
(-1.52318346420616e+21 0 0)
(-1.51769188085012e+21 0 0)
(-1.51203305105209e+21 0 0)
(-1.50623885763197e+21 0 0)
(-1.50027860475488e+21 0 0)
(-1.4941818284858e+21 0 0)
(-1.4879185889211e+21 0 0)
(-1.48151998998269e+21 0 0)
(-1.4749567052471e+21 0 0)
(-1.46825838654099e+21 0 0)
(-1.4613966636166e+21 0 0)
(-1.45440044138217e+21 0 0)
(-1.44724238840717e+21 0 0)
(-1.43995049589174e+21 0 0)
(-1.43249811098111e+21 0 0)
(-1.4249123231691e+21 0 0)
(-1.41716761494588e+21 0 0)
(-1.40929055327784e+21 0 0)
(-1.40125620549815e+21 0 0)
(-1.39309040836777e+21 0 0)
(-1.38476899106719e+21 0 0)
(-1.37631719189553e+21 0 0)
(-1.36771147241606e+21 0 0)
(-1.35897648339087e+21 0 0)
(-1.35008937214716e+21 0 0)
(-1.34107427245896e+21 0 0)
(-1.33190893366381e+21 0 0)
(-1.32261684980068e+21 0 0)
(-1.313176427867e+21 0 0)
(-1.30361081203285e+21 0 0)
(-1.29389887852719e+21 0 0)
(-1.28406325049666e+21 0 0)
(-1.27408337397285e+21 0 0)
(-1.2639814109915e+21 0 0)
(-1.25373735265583e+21 0 0)
(-1.24337290969451e+21 0 0)
(-1.23286860491452e+21 0 0)
(-1.22224572175335e+21 0 0)
(-1.21148530152719e+21 0 0)
(-1.2006081900196e+21 0 0)
(-1.18959592938631e+21 0 0)
(-1.1784689513468e+21 0 0)
(-1.16720928689652e+21 0 0)
(-1.15583696159311e+21 0 0)
(-1.14433448553791e+21 0 0)
(-1.13272148349502e+21 0 0)
(-1.12098093580681e+21 0 0)
(-1.10913207246112e+21 0 0)
(-1.09715833623347e+21 0 0)
(-1.08507856582905e+21 0 0)
(-1.07287665962711e+21 0 0)
(-1.06057106904482e+21 0 0)
(-1.04814614203322e+21 0 0)
(-1.035619944506e+21 0 0)
(-1.02297726914921e+21 0 0)
(-1.01023579736302e+21 0 0)
(-9.97380762889919e+20 0 0)
(-9.84429463210505e+20 0 0)
(-9.71367569688175e+20 0 0)
(-9.58211995184489e+20 0 0)
(-9.44948846618909e+20 0 0)
(-9.31594651250083e+20 0 0)
(-9.18135950296502e+20 0 0)
(-9.04588882850655e+20 0 0)
(-8.90940423734232e+20 0 0)
(-8.77206321195871e+20 0 0)
(-8.63373984333057e+20 0 0)
(-8.49458767120296e+20 0 0)
(-8.35448513368575e+20 0 0)
(-8.2135817872091e+20 0 0)
(-8.07176043342443e+20 0 0)
(-7.92916660021813e+20 0 0)
(-7.78568747302099e+20 0 0)
(-7.64146450005607e+20 0 0)
(-7.49638927967234e+20 0 0)
(-7.35059912036992e+20 0 0)
(-7.20399007307083e+20 0 0)
(-7.05669523669491e+20 0 0)
(-6.90861516610618e+20 0 0)
(-6.75987866997834e+20 0 0)
(-6.61039087162818e+20 0 0)
(-6.46027619180525e+20 0 0)
(-6.3094444081908e+20 0 0)
(-6.1580154335071e+20 0 0)
(-6.00590380852474e+20 0 0)
(-5.85322479372838e+20 0 0)
(-5.6998978359887e+20 0 0)
(-5.54603336279656e+20 0 0)
(-5.39155590504054e+20 0 0)
(-5.23657084183736e+20 0 0)
(-5.08100800613797e+20 0 0)
(-4.9249674650862e+20 0 0)
(-4.76838463076698e+20 0 0)
(-4.61135393402294e+20 0 0)
(-4.45381669467764e+20 0 0)
(-4.29586134049496e+20 0 0)
(-4.13743547009996e+20 0 0)
(-3.97862110519319e+20 0 0)
(-3.81937252732865e+20 0 0)
(-3.65976491384966e+20 0 0)
(-3.4997596622818e+20 0 0)
(-3.33942464452512e+20 0 0)
(-3.17872882918985e+20 0 0)
(-3.01773230256532e+20 0 0)
(-2.85641207710259e+20 0 0)
(-2.69481994335273e+20 0 0)
(-2.53294147207205e+20 0 0)
(-2.37081964196426e+20 0 0)
(-2.20844910140205e+20 0 0)
(-2.04586348570317e+20 0 0)
(-1.88306706985197e+20 0 0)
(-1.7200834878167e+20 0 0)
(-1.55692697436591e+20 0 0)
(-1.39361416915547e+20 0 0)
(-1.23015855619591e+20 0 0)
(-1.06658523363607e+20 0 0)
(-9.02896851226311e+19 0 0)
(-7.39128020155479e+19 0 0)
(-5.75272475929499e+19 0 0)
(-4.11373778546725e+19 0 0)
(-2.47407053827792e+19 0 0)
(-8.34540710971772e+18 0 0)
(8.05378619259534e+18 0 0)
(2.44491796853168e+19 0 0)
(4.08459054333336e+19 0 0)
(5.72361245249954e+19 0 0)
(7.36218459567673e+19 0 0)
(8.99992188825468e+19 0 0)
(1.06368368081361e+20 0 0)
(1.22726337793619e+20 0 0)
(1.39072352502034e+20 0 0)
(1.55404413655311e+20 0 0)
(1.71720675680783e+20 0 0)
(1.88019940357105e+20 0 0)
(2.04300359214468e+20 0 0)
(2.20559949159452e+20 0 0)
(2.36797944891598e+20 0 0)
(2.5301128093278e+20 0 0)
(2.69200230350184e+20 0 0)
(2.85360723084319e+20 0 0)
(3.01494004884758e+20 0 0)
(3.17595065078044e+20 0 0)
(3.33666059404884e+20 0 0)
(3.4970109823532e+20 0 0)
(3.65703185773407e+20 0 0)
(3.81665615280377e+20 0 0)
(3.97592180647535e+20 0 0)
(4.13475417434244e+20 0 0)
(4.29319853661169e+20 0 0)
(4.45117321922695e+20 0 0)
(4.60873033640621e+20 0 0)
(4.76578168422716e+20 0 0)
(4.92238574994971e+20 0 0)
(5.07844825062344e+20 0 0)
(5.23403364613001e+20 0 0)
(5.3890419592841e+20 0 0)
(5.54354327998008e+20 0 0)
(5.69743227535554e+20 0 0)
(5.85078436971235e+20 0 0)
(6.00348916203324e+20 0 0)
(6.1556271680017e+20 0 0)
(6.3070831536251e+20 0 0)
(6.45794253281175e+20 0 0)
(6.6080854292988e+20 0 0)
(6.75760200660215e+20 0 0)
(6.90636789722566e+20 0 0)
(7.05447790041244e+20 0 0)
(7.20180327956397e+20 0 0)
(7.34844338273643e+20 0 0)
(7.49426520088807e+20 0 0)
(7.63937256660727e+20 0 0)
(7.7836282806673e+20 0 0)
(7.92714060868374e+20 0 0)
(8.06976823170145e+20 0 0)
(8.21162380749077e+20 0 0)
(8.35256195633391e+20 0 0)
(8.49269969950374e+20 0 0)
(8.63188765093397e+20 0 0)
(8.77024717248132e+20 0 0)
(8.907624918158e+20 0 0)
(9.04414657239084e+20 0 0)
(9.17965486749376e+20 0 0)
(9.31427980676766e+20 0 0)
(9.44786023722922e+20 0 0)
(9.58053047512807e+20 0 0)
(9.712125506666e+20 0 0)
(9.84278397140839e+20 0 0)
(9.97233701929535e+20 0 0)
(1.01009276271098e+21 0 0)
(1.02283831173986e+21 0 0)
(1.03548508255761e+21 0 0)
(1.04801542511909e+21 0 0)
(1.06044451187295e+21 0 0)
(1.07275431033319e+21 0 0)
(1.08496043567043e+21 0 0)
(1.09704447200723e+21 0 0)
(1.1090224823135e+21 0 0)
(1.12087566518669e+21 0 0)
(1.13262053681133e+21 0 0)
(1.14423790657141e+21 0 0)
(1.15574475108332e+21 0 0)
(1.16712148709546e+21 0 0)
(1.1783855593204e+21 0 0)
(1.18951698607699e+21 0 0)
(1.20053368834274e+21 0 0)
(1.21141528072122e+21 0 0)
(1.22218017132688e+21 0 0)
(1.23280756233717e+21 0 0)
(1.24331636070213e+21 0 0)
(1.25368533302766e+21 0 0)
(1.26393390241725e+21 0 0)
(1.27404041026728e+21 0 0)
(1.28402481026008e+21 0 0)
(1.29386499285415e+21 0 0)
(1.30358145547571e+21 0 0)
(1.31315162947665e+21 0 0)
(1.32259658047891e+21 0 0)
(1.33189322026025e+21 0 0)
(1.34106308156467e+21 0 0)
(1.35008272909265e+21 0 0)
(1.35897435257779e+21 0 0)
(1.3677138744798e+21 0 0)
(1.37632408586591e+21 0 0)
(1.38478039577866e+21 0 0)
(1.39310627898115e+21 0 0)
(1.40127655914326e+21 0 0)
(1.40931534314909e+21 0 0)
(1.41719685251846e+21 0 0)
(1.42494595700635e+21 0 0)
(1.4325361512058e+21 0 0)
(1.43999288792584e+21 0 0)
(1.44728913654308e+21 0 0)
(1.45445148399316e+21 0 0)
(1.46145200303179e+21 0 0)
(1.4683179566875e+21 0 0)
(1.47502050528977e+21 0 0)
(1.48158794661881e+21 0 0)
(1.48799069748756e+21 0 0)
(1.49425801049947e+21 0 0)
(1.50035885687001e+21 0 0)
(1.50632309272058e+21 0 0)
(1.51212125291251e+21 0 0)
(1.51778394962008e+21 0 0)
(1.52327938558842e+21 0 0)
(1.52863881804755e+21 0 0)
(1.53382875821532e+21 0 0)
(1.53888097371825e+21 0 0)
(1.54376503134956e+21 0 0)
(1.54851349182421e+21 0 0)
(1.55309343415466e+21 0 0)
(1.55753622854865e+21 0 0)
(1.56181339471548e+21 0 0)
(1.5659554411952e+21 0 0)
(1.56992720486329e+21 0 0)
(1.57376742591573e+21 0 0)
(1.57744064175936e+21 0 0)
(1.58097924315149e+21 0 0)
(1.58435649755276e+21 0 0)
(1.58760266972825e+21 0 0)
(1.59068617222065e+21 0 0)
(1.59364952388288e+21 0 0)
(1.59645114021943e+21 0 0)
(1.59913676784852e+21 0 0)
(1.6016716677139e+21 0 0)
(1.60409092412138e+21 0 0)
(1.60636944409056e+21 0 0)
(1.60854478436403e+21 0 0)
(1.61058101822431e+21 0 0)
(1.61252713981571e+21 0 0)
(1.61434847304254e+21 0 0)
(1.61608427716479e+21 0 0)
(1.61770539990177e+21 0 0)
(1.61925589836273e+21 0 0)
(1.62070372933369e+21 0 0)
(1.6220851513572e+21 0 0)
(1.62337460099996e+21 0 0)
(1.62460970907628e+21 0 0)
(1.62576372431431e+21 0 0)
(1.62687170126164e+21 0 0)
(1.62790348578329e+21 0 0)
(1.62889648886134e+21 0 0)
(1.62982300190034e+21 0 0)
(1.63071764415961e+21 0 0)
(1.63155261872576e+21 0 0)
(1.63236072607173e+21 0 0)
(1.63311465423871e+21 0 0)
(1.63384471460944e+21 0 0)
(1.63452492709814e+21 0 0)
(1.63518626569502e+21 0 0)
(1.63580286006537e+21 0 0)
(1.63640385805667e+21 0 0)
(1.63696408776981e+21 0 0)
(1.63751124437238e+21 0 0)
(1.63802103191844e+21 0 0)
(1.6385197967575e+21 0 0)
(1.6389841781888e+21 0 0)
(1.6394393056349e+21 0 0)
(1.6398626916111e+21 0 0)
(1.64027764073257e+21 0 0)
(1.64066371744304e+21 0 0)
(1.64104294796628e+21 0 0)
(1.6413956303207e+21 0 0)
(1.64174253672705e+21 0 0)
(1.64206484390183e+21 0 0)
(1.64238220465589e+21 0 0)
(1.64267673079561e+21 0 0)
(1.64296699648873e+21 0 0)
(1.64323602756082e+21 0 0)
(1.64350135780141e+21 0 0)
(1.64374691825317e+21 0 0)
(1.64398924475492e+21 0 0)
(1.64421315364439e+21 0 0)
(1.64443420976223e+21 0 0)
(1.64463807985906e+21 0 0)
(1.64483939923915e+21 0 0)
(1.64502468609337e+21 0 0)
(1.64520740688092e+21 0 0)
(1.64537516858623e+21 0 0)
(1.64554064835141e+21 0 0)
(1.64569218787706e+21 0 0)
(1.64584157790275e+21 0 0)
(1.6459779261714e+21 0 0)
(1.64611218742519e+21 0 0)
(1.6462342432048e+21 0 0)
(1.64635424225403e+21 0 0)
(1.64646283282697e+21 0 0)
(1.64656936159855e+21 0 0)
(1.64666523735607e+21 0 0)
(1.64675903523034e+21 0 0)
(1.64684290449572e+21 0 0)
(1.64692465626399e+21 0 0)
(1.64699717321992e+21 0 0)
(1.64706751481464e+21 0 0)
(1.64712928700242e+21 0 0)
(1.64718880700693e+21 0 0)
(1.64724040226585e+21 0 0)
(1.64728965307391e+21 0 0)
(1.64733159141619e+21 0 0)
(1.64737110754379e+21 0 0)
(1.64740395230118e+21 0 0)
(1.64743425568597e+21 0 0)
(1.64745851104794e+21 0 0)
(1.6474800744514e+21 0 0)
(1.64749629860569e+21 0 0)
(1.64750970717698e+21 0 0)
(1.64751835417762e+21 0 0)
(1.6475239814705e+21 0 0)
(1.64752566449212e+21 0 0)
(1.64752417540998e+21 0 0)
(1.64751951655498e+21 0 0)
(1.64751137805555e+21 0 0)
(1.64750094586581e+21 0 0)
(1.64748678874642e+21 0 0)
(1.64747123584822e+21 0 0)
(1.64745152884341e+21 0 0)
(1.6474314063401e+21 0 0)
(1.64740676117645e+21 0 0)
(1.64738277838784e+21 0 0)
(1.64735368854866e+21 0 0)
(1.64732636153208e+21 0 0)
(1.6472933383007e+21 0 0)
(1.64726345310329e+21 0 0)
(1.64722696112869e+21 0 0)
(1.64719507602368e+21 0 0)
(1.64715541631617e+21 0 0)
(1.64712224658121e+21 0 0)
(1.64707988184893e+21 0 0)
(1.64704600502183e+21 0 0)
(1.64700121513408e+21 0 0)
(1.64696670319796e+21 0 0)
(1.64692184663437e+21 0 0)
(1.6468681805482e+21 0 0)
)
;

boundaryField
{
    electrode
    {
        type            calculated;
        value           uniform (-1.64665330235653e+21 0 0);
    }
    ground
    {
        type            calculated;
        value           uniform (1.6468681805482e+21 0 0);
    }
    otherfaces
    {
        type            empty;
    }
}


// ************************************************************************* //
