/*--------------------------------*- C++ -*----------------------------------*\
| =========                 |                                                 |
| \\      /  F ield         | foam-extend: Open Source CFD                    |
|  \\    /   O peration     | Version:     4.1                                |
|   \\  /    A nd           | Web:         http://www.foam-extend.org         |
|    \\/     M anipulation  |                                                 |
\*---------------------------------------------------------------------------*/
FoamFile
{
    version     2.0;
    format      ascii;
    class       volScalarField;
    location    "2.50010000204314e-05";
    object      EPotentialMean;
}
// * * * * * * * * * * * * * * * * * * * * * * * * * * * * * * * * * * * * * //

dimensions      [1 2 -3 0 0 -1 0];

internalField   nonuniform List<scalar> 
500
(
1.66800185880933
4.74238166602614
7.52851134488402
10.0220139093403
12.2096901014351
14.1008331896059
15.7096715870263
17.0732591612754
18.2278178582199
19.2146955146913
20.0655099214518
20.8078140811618
21.4613335182421
22.0419740643106
22.5614401355126
23.029264746238
23.4527841993215
23.8380823082269
24.1901469773047
24.5132165026576
24.8108445918578
25.0860759220949
25.341533524259
25.5794867781069
25.8019011455769
26.0104862838974
26.2067314192153
26.3919328401579
26.5672197914966
26.7335764127234
26.8918617533963
27.0428260634096
27.1871244480189
27.3253306375853
27.4579481788028
27.5854199452649
27.7081375768606
27.8264491435562
27.9406650385068
28.0510629765427
28.1578920576162
28.2613763721814
28.361718712568
28.459103511875
28.5536988537712
28.6456583260644
28.7351226070677
28.8222208537031
28.9070719121432
28.9897853790935
29.0704625325134
29.149197150983
29.226076234427
29.3011806442518
29.3745856716285
29.4463615417099
29.5165738620396
29.5852840232376
29.6525495572504
29.7184244587108
29.7829594736269
29.8462023592589
29.9081981185538
29.9689892123424
30.0286157512859
30.0871156703835
30.1445248873878
30.2008774471015
30.2562056528955
30.3105401868965
30.3639102199636
30.4163435124051
30.4678665065044
30.5185044113214
30.5682812809192
30.6172200864754
30.6653427826507
30.7126703689499
30.7592229464713
30.8050197704324
30.850079298822
30.8944192377249
30.9380565834613
30.9810076617422
31.0232881642287
31.0649131826216
31.105897240355
31.1462543223542
31.185997902503
31.2251409698007
31.2636960525357
31.3016752409425
31.3390902085882
31.3759522323925
31.4122722113673
31.4480606843458
31.4833278464544
31.5180835650438
31.5523373941469
31.5860985886076
31.6193761169697
31.6521786740138
31.6845146923851
31.7163923536883
31.7478195988665
31.7788041381665
31.8093534605409
31.839474842387
31.869175356199
31.8984618783229
31.9273410967529
31.9558195181518
31.9839034747703
32.011599130983
32.038912489396
32.0658493968888
32.0924155500295
32.1186165004976
32.1444576602864
32.1699443063483
32.1950815854313
32.219874518323
32.2443280041836
32.2684468245521
32.292235647149
32.3156990296115
32.3388414229709
32.3616671751287
32.3841805338465
32.4063856501019
32.4282865809751
32.4498872922461
32.4711916614563
32.4922034803289
32.5129264572537
32.533364219734
32.5535203166808
32.5733982206287
32.5930013298098
32.6123329702983
32.6313963978072
32.6501947998144
32.668731297127
32.6870089457587
32.7050307385652
32.7227996068929
32.7403184221203
32.7575899972362
32.7746170880688
32.7914023949366
32.8079485637146
32.8242581874496
32.8403338073456
32.8561779140961
32.8717929490232
32.8871813051395
32.9023453283398
32.917287318416
32.9320095299471
32.9465141734783
32.9608034162443
32.9748793832529
32.9887441581853
33.0023997840601
33.0158482642013
33.0290915629818
33.0421316066946
33.0549702840652
33.0676094472986
33.0800509124923
33.0922964604688
33.1043478373973
33.1162067553541
33.1278748931399
33.1393538966297
33.1506453794835
33.1617509237014
33.1726720801015
33.1834103689589
33.1939672803875
33.2043442749053
33.2145427838591
33.2245642099763
33.2344099277294
33.2440812837471
33.2535795973764
33.2629061609765
33.272062240304
33.2810490750496
33.2898678789127
33.2985198404077
33.3070061226443
33.3153278642953
33.3234861792254
33.3314821579112
33.3393168656907
33.3469913465518
33.354506617837
33.3618636681187
33.3690634658514
33.3761069609419
33.3829950817364
33.3897287400792
33.3963088183173
33.4027361924645
33.4090117191935
33.4151362210074
33.4211105035047
33.4269353444668
33.432611502763
33.4381397111676
33.4435206870994
33.4487551312528
33.4538437229984
33.458787123007
33.4635859718341
33.4682408911223
33.4727524830179
33.477121330821
33.4813479987375
33.4854330322023
33.4893769578874
33.4931802836919
33.496843498415
33.5003670719144
33.5037514496302
33.5069970689825
33.5101043622721
33.5130737368105
33.5159055891799
33.5186002753727
33.5211581263043
33.5235794555091
33.5258645683727
33.5280137631029
33.530027310286
33.5319054687776
33.5336484742025
33.5352565508797
33.5367298984703
33.5380687093121
33.5392731445813
33.5403433688857
33.5412794993306
33.5420816816704
33.5427499759099
33.5432845294742
33.5436853130042
33.543952528351
33.5440859658111
33.5440858877019
33.5439522939831
33.5436849221834
33.5432839824047
33.5427492723784
33.5420808217587
33.5412784828555
33.5403421958326
33.5392718148436
33.5380672228205
33.5367282550633
33.535254750454
33.5336465165943
33.5319033538466
33.5300250378675
33.5280113330352
33.5258619804307
33.5235767095364
33.5211552220296
33.5185972126383
33.5159023677209
33.5130703563832
33.5101008226498
33.5069933698332
33.5037475907024
33.500363052885
33.496839318996
33.4931759435167
33.4893724566951
33.4854283696515
33.4813431744366
33.4771163444861
33.4727473342028
33.4682355794764
33.4635804969844
33.4587814845316
33.4538379204984
33.4487491643192
33.4435145553014
33.4381334140423
33.4326050399116
33.426928715428
33.4211037078137
33.4151292582235
33.4090045887753
33.4027288939599
33.3963013512209
33.3897211039091
33.3829872759981
33.3760989850675
33.3690553193355
33.3618553504797
33.3544981284895
33.3469826850075
33.3393080313718
33.3314731502793
33.3234769977016
33.3153185083575
33.3069965916406
33.2985101338682
33.2898579962149
33.2810390156226
33.2720520035687
33.2628957462986
33.2535690042014
33.2440705114864
33.234398975766
33.2245530777675
33.2145314707641
33.2043327803169
33.1939556037029
33.1833985095636
33.1726600373806
33.1617386970588
33.1506329683289
33.1393413003394
33.1278621111043
33.1161937869974
33.1043346820554
33.0922831175953
33.0800373814676
33.0675957274707
33.054956374893
33.042117507548
33.0290772733299
33.0158337833968
33.0023851115103
32.9887292933563
32.9748643255489
32.9607881650477
32.9464987282747
32.9319938901736
32.9172714834857
32.9023292977502
32.8871650782791
32.8717765254197
32.8561612932344
32.8403169886812
32.8242411704653
32.8079313479182
32.7913849798044
32.7745994731749
32.7575721820203
32.740300406185
32.7227813897595
32.7050123198109
32.6869903249377
32.6687124738322
32.6501757736692
32.6313771683906
32.6123135372197
32.592981692744
32.5733783791877
32.5535002705592
32.533343968577
32.5129060007555
32.4921828182225
32.4711707934359
32.4498662180715
32.4282653003709
32.4063641629127
32.384158839804
32.3616452740017
32.338819314688
32.3156767139259
32.2922131239576
32.2684240937087
32.2443050656311
32.2198513719198
32.1950582311465
32.1699207441662
32.1444338901338
32.1185925223686
32.0923913639116
32.0658250028747
32.0388878875561
32.0115743213245
31.9838784574081
31.9557942931783
31.9273156643608
31.8984362386754
31.8691495094269
31.8394487887243
31.8093272001558
31.7787776713486
31.7477929258504
31.7163654747774
31.6844876079127
31.6521513842545
31.6193486222628
31.5860708892991
31.552309490654
31.5180554576853
31.4832995356795
31.4480321705129
31.4122434950008
31.3759233138839
31.3390610883741
31.3016459195037
31.2636665303863
31.22511124737
31.1859679803004
31.1462242008845
31.1058669201632
31.0648826641684
31.0232574480214
30.9809767483255
30.9380254733597
30.894387931418
30.8500477967982
30.8049880731993
30.7591910544619
30.7126382825941
30.6653105023556
30.617187612635
30.5682486139139
30.5184715514833
30.4678334541328
30.4163102678038
30.3638767832797
30.3105065582928
30.256171832444
30.2008434348483
30.1444906832825
30.0870812742527
30.0285811629086
29.9689544314298
29.9081631446393
29.8461671917696
29.7829241118695
29.718388901853
29.6525138042743
29.5852480729658
29.516537713072
29.4463251924047
29.3745491201609
29.3011438885519
29.2260392722634
29.1491599797202
29.070425149184
28.9897477802297
28.9070340939512
28.8221828119323
28.7350843369876
28.6456198223741
28.5536601106971
28.4590645230573
28.3616794708927
28.2613368697281
28.1578522856867
28.051022925514
27.940624697626
27.8264085008312
27.7080966189727
27.5853786574749
27.4579065449037
27.3252886398323
27.1870820669542
27.042783277781
26.8918185405186
26.7335327484528
26.567175650719
26.3918881975584
26.2066862499612
26.0104405643743
25.8018548546647
25.5794398985461
25.3414860442896
25.0860278368145
24.8107959052386
24.513167229433
24.1900971452251
23.838031959748
23.4527333953558
23.0292135678975
22.5613886875057
22.0419224772166
21.4612819578734
20.807762749754
20.0654590700803
19.2146454557967
18.2277690000973
17.0732120371138
15.7096269036962
14.1007918324238
12.2096531653657
10.0219825811032
7.52848687475478
4.74236523451364
1.6679946136846
)
;

boundaryField
{
    electrode
    {
        type            calculated;
        value           uniform 9.99999999182884e-11;
    }
    ground
    {
        type            calculated;
        value           uniform -2.142075317534e-06;
    }
    otherfaces
    {
        type            empty;
    }
}


// ************************************************************************* //
