/*--------------------------------*- C++ -*----------------------------------*\
| =========                 |                                                 |
| \\      /  F ield         | foam-extend: Open Source CFD                    |
|  \\    /   O peration     | Version:     4.1                                |
|   \\  /    A nd           | Web:         http://www.foam-extend.org         |
|    \\/     M anipulation  |                                                 |
\*---------------------------------------------------------------------------*/
FoamFile
{
    version     2.0;
    format      ascii;
    class       volVectorField;
    location    "1.50009999935002e-05";
    object      currentDensity;
}
// * * * * * * * * * * * * * * * * * * * * * * * * * * * * * * * * * * * * * //

dimensions      [0 -2 0 0 0 1 0];

internalField   nonuniform List<vector> 
500
(
(-210.2405102729 0 0)
(-170.4325611059 0 0)
(-95.0156358149769 0 0)
(-13.0129514656728 0 0)
(82.1038175106409 0 0)
(170.144774605934 0 0)
(241.934583640961 0 0)
(267.337997527411 0 0)
(217.775188878063 0 0)
(54.8534708450624 0 0)
(-257.05506609148 0 0)
(-753.222042759181 0 0)
(-1451.53165893163 0 0)
(-2374.1131322484 0 0)
(-3517.60486728054 0 0)
(-4841.26842310517 0 0)
(-6303.37796190941 0 0)
(-7889.46757834162 0 0)
(-9518.40260964882 0 0)
(-11119.9995421099 0 0)
(-12717.0618428278 0 0)
(-14237.4275696089 0 0)
(-15614.2591488365 0 0)
(-16937.6446673996 0 0)
(-18141.6163264732 0 0)
(-19166.2169477876 0 0)
(-20144.2659050977 0 0)
(-21021.6256210223 0 0)
(-21722.2647480484 0 0)
(-22371.596088878 0 0)
(-22969.2189848813 0 0)
(-23419.9162213381 0 0)
(-23777.9505845453 0 0)
(-24132.8920339449 0 0)
(-24440.9677122474 0 0)
(-24631.5087956201 0 0)
(-24748.3937511139 0 0)
(-24877.7507999435 0 0)
(-25016.8931310673 0 0)
(-25114.6538481509 0 0)
(-25134.743064793 0 0)
(-25107.146161558 0 0)
(-25103.5551819613 0 0)
(-25117.5106863757 0 0)
(-25127.2393588581 0 0)
(-25127.0590238494 0 0)
(-25097.0839735173 0 0)
(-25038.147413943 0 0)
(-24985.129927919 0 0)
(-24948.8196675835 0 0)
(-24915.9788438832 0 0)
(-24880.6979987919 0 0)
(-24844.2788580748 0 0)
(-24808.7656296262 0 0)
(-24775.4656350367 0 0)
(-24738.5381254746 0 0)
(-24694.959978782 0 0)
(-24652.4178703928 0 0)
(-24616.052427697 0 0)
(-24582.3126752695 0 0)
(-24548.4546369253 0 0)
(-24513.9457067629 0 0)
(-24480.7415911489 0 0)
(-24450.7844356833 0 0)
(-24422.06725231 0 0)
(-24393.1158109264 0 0)
(-24364.5762056381 0 0)
(-24336.6671077052 0 0)
(-24309.8378346707 0 0)
(-24284.0715191431 0 0)
(-24258.6756425116 0 0)
(-24233.6308504222 0 0)
(-24209.2539033221 0 0)
(-24185.53376457 0 0)
(-24162.4402306371 0 0)
(-24139.9637151888 0 0)
(-24118.082088615 0 0)
(-24096.7806519338 0 0)
(-24076.0252011716 0 0)
(-24055.7588039494 0 0)
(-24035.7578326989 0 0)
(-24016.2740994765 0 0)
(-23997.1509963177 0 0)
(-23978.1056111931 0 0)
(-23960.0454306008 0 0)
(-23943.9530451001 0 0)
(-23928.3184672884 0 0)
(-23912.0059583326 0 0)
(-23895.7192563914 0 0)
(-23879.8412379964 0 0)
(-23864.3442952169 0 0)
(-23849.2111854663 0 0)
(-23834.4279906545 0 0)
(-23819.9864532414 0 0)
(-23805.873292043 0 0)
(-23792.0783208906 0 0)
(-23778.5951785919 0 0)
(-23765.4083147401 0 0)
(-23752.5149213652 0 0)
(-23739.8998718532 0 0)
(-23727.5617291741 0 0)
(-23715.4870088103 0 0)
(-23703.6695235947 0 0)
(-23692.1034025122 0 0)
(-23680.7797687672 0 0)
(-23669.6941469853 0 0)
(-23658.8336425304 0 0)
(-23648.2014451315 0 0)
(-23637.7826027717 0 0)
(-23627.5766719804 0 0)
(-23617.5738558596 0 0)
(-23607.775875638 0 0)
(-23598.165926532 0 0)
(-23588.7502748418 0 0)
(-23579.5175799046 0 0)
(-23570.4636083456 0 0)
(-23561.5860399214 0 0)
(-23552.8779819579 0 0)
(-23544.3370812887 0 0)
(-23535.9583296101 0 0)
(-23527.7375967517 0 0)
(-23519.670735803 0 0)
(-23511.7558020909 0 0)
(-23503.9873899085 0 0)
(-23496.3615996421 0 0)
(-23488.8760120462 0 0)
(-23481.5281721607 0 0)
(-23474.3143708486 0 0)
(-23467.2297070234 0 0)
(-23460.2732543894 0 0)
(-23453.4430933834 0 0)
(-23446.7339692461 0 0)
(-23440.1425538579 0 0)
(-23433.6719477561 0 0)
(-23427.3119485516 0 0)
(-23421.0655357797 0 0)
(-23414.9286091129 0 0)
(-23408.899546646 0 0)
(-23402.9744711253 0 0)
(-23397.1538918559 0 0)
(-23391.4319932173 0 0)
(-23385.8108272233 0 0)
(-23380.2851170882 0 0)
(-23374.8575909048 0 0)
(-23369.5189371551 0 0)
(-23364.2741847108 0 0)
(-23359.1201785826 0 0)
(-23354.0522897292 0 0)
(-23349.071273636 0 0)
(-23344.1768280866 0 0)
(-23339.3623771724 0 0)
(-23334.6335368531 0 0)
(-23329.9831222228 0 0)
(-23325.4124636047 0 0)
(-23320.9195324609 0 0)
(-23316.5027503045 0 0)
(-23312.1620708317 0 0)
(-23307.8938449061 0 0)
(-23303.7004767823 0 0)
(-23299.5763843526 0 0)
(-23295.5258400651 0 0)
(-23291.5411212105 0 0)
(-23287.6266118946 0 0)
(-23283.7801035462 0 0)
(-23279.9981337848 0 0)
(-23276.2832393344 0 0)
(-23272.6301233618 0 0)
(-23269.0430333665 0 0)
(-23265.516495949 0 0)
(-23262.052746073 0 0)
(-23258.649350971 0 0)
(-23255.3054949552 0 0)
(-23252.0211575669 0 0)
(-23248.7955407253 0 0)
(-23245.625583919 0 0)
(-23242.5158057989 0 0)
(-23239.4580340738 0 0)
(-23236.4592489771 0 0)
(-23233.5142076911 0 0)
(-23230.6205994237 0 0)
(-23227.7849307698 0 0)
(-23224.9980736581 0 0)
(-23222.2653892741 0 0)
(-23219.5832583227 0 0)
(-23216.9524611061 0 0)
(-23214.3720930312 0 0)
(-23211.8419721777 0 0)
(-23209.359953686 0 0)
(-23206.9275774449 0 0)
(-23204.5440938795 0 0)
(-23202.2062999691 0 0)
(-23199.9185604417 0 0)
(-23197.6751726857 0 0)
(-23195.478181228 0 0)
(-23193.3302243239 0 0)
(-23191.2227903285 0 0)
(-23189.1659647674 0 0)
(-23187.1478859324 0 0)
(-23185.1788977874 0 0)
(-23183.2511707818 0 0)
(-23181.3670430137 0 0)
(-23179.5259229838 0 0)
(-23177.7288006549 0 0)
(-23175.9735475102 0 0)
(-23174.2586985992 0 0)
(-23172.5869559313 0 0)
(-23170.9566553442 0 0)
(-23169.3680950002 0 0)
(-23167.8180893821 0 0)
(-23166.3098021531 0 0)
(-23164.8424041199 0 0)
(-23163.4134427702 0 0)
(-23162.0230514053 0 0)
(-23160.6930978491 0 0)
(-23159.4313091012 0 0)
(-23158.0840552842 0 0)
(-23156.7751206173 0 0)
(-23155.6987025157 0 0)
(-23154.6108237894 0 0)
(-23153.4734994641 0 0)
(-23152.4065435948 0 0)
(-23151.3740282313 0 0)
(-23150.3762734537 0 0)
(-23149.416917152 0 0)
(-23148.4956120551 0 0)
(-23147.6081619487 0 0)
(-23146.7575667159 0 0)
(-23145.9463472386 0 0)
(-23145.1631298491 0 0)
(-23144.4239080989 0 0)
(-23143.7221477756 0 0)
(-23143.0493824286 0 0)
(-23142.4122495306 0 0)
(-23141.8136706797 0 0)
(-23141.2537739029 0 0)
(-23140.7261273003 0 0)
(-23140.232790244 0 0)
(-23139.7770827251 0 0)
(-23139.3554122166 0 0)
(-23138.9688107037 0 0)
(-23138.6196667613 0 0)
(-23138.3023808799 0 0)
(-23138.0217270315 0 0)
(-23137.7770165596 0 0)
(-23137.5654859642 0 0)
(-23137.3890827626 0 0)
(-23137.2403670194 0 0)
(-23137.1847784603 0 0)
(-23137.0384022191 0 0)
(-23136.9307568239 0 0)
(-23136.9454783118 0 0)
(-23136.9303795955 0 0)
(-23137.06679482 0 0)
(-23137.2467105555 0 0)
(-23137.3830003716 0 0)
(-23137.5558620774 0 0)
(-23137.7665135568 0 0)
(-23138.0104223759 0 0)
(-23138.2916469625 0 0)
(-23138.6056940177 0 0)
(-23138.9561723914 0 0)
(-23139.3426622605 0 0)
(-23139.7632464411 0 0)
(-23140.2182818182 0 0)
(-23140.7096209268 0 0)
(-23141.2355577641 0 0)
(-23141.7893889167 0 0)
(-23142.3568917562 0 0)
(-23143.0350245693 0 0)
(-23143.709001384 0 0)
(-23144.4157578539 0 0)
(-23145.1619027433 0 0)
(-23145.9450395627 0 0)
(-23146.7698322876 0 0)
(-23147.6271076722 0 0)
(-23148.5246100739 0 0)
(-23149.4582943421 0 0)
(-23150.4320618504 0 0)
(-23151.4423463364 0 0)
(-23152.4903001729 0 0)
(-23153.5787034944 0 0)
(-23154.670671806 0 0)
(-23155.9029028666 0 0)
(-23157.2251537093 0 0)
(-23158.3689853962 0 0)
(-23159.5498306338 0 0)
(-23160.90793865 0 0)
(-23162.2809571421 0 0)
(-23163.6638180301 0 0)
(-23165.0917332857 0 0)
(-23166.5581150191 0 0)
(-23168.0662982624 0 0)
(-23169.6133655073 0 0)
(-23171.2037210269 0 0)
(-23172.833448033 0 0)
(-23174.5073249035 0 0)
(-23176.2208949676 0 0)
(-23177.9782347352 0 0)
(-23179.7764270802 0 0)
(-23181.6199434482 0 0)
(-23183.5063887065 0 0)
(-23185.4348478951 0 0)
(-23187.4101223947 0 0)
(-23189.428037595 0 0)
(-23191.4900173377 0 0)
(-23193.6001507605 0 0)
(-23195.7535763031 0 0)
(-23197.9551361482 0 0)
(-23200.2014915627 0 0)
(-23202.4958986375 0 0)
(-23204.8381452835 0 0)
(-23207.2279683274 0 0)
(-23209.6649868352 0 0)
(-23212.1532495021 0 0)
(-23214.6905588525 0 0)
(-23217.2760877041 0 0)
(-23219.914561669 0 0)
(-23222.6023990508 0 0)
(-23225.3432818784 0 0)
(-23228.135981932 0 0)
(-23230.9812745502 0 0)
(-23233.8804695916 0 0)
(-23236.8338949722 0 0)
(-23239.8422107139 0 0)
(-23242.9054907181 0 0)
(-23246.0254716791 0 0)
(-23249.2029897225 0 0)
(-23252.4359714612 0 0)
(-23255.7302202442 0 0)
(-23259.0809454154 0 0)
(-23262.4933313631 0 0)
(-23265.965891879 0 0)
(-23269.500127643 0 0)
(-23273.0959351707 0 0)
(-23276.7562795459 0 0)
(-23280.4806783382 0 0)
(-23284.2691860912 0 0)
(-23288.1235564505 0 0)
(-23292.0475266549 0 0)
(-23296.0360228669 0 0)
(-23300.0964794236 0 0)
(-23304.2253072213 0 0)
(-23308.4261771939 0 0)
(-23312.6982133986 0 0)
(-23317.0455686449 0 0)
(-23321.4658450793 0 0)
(-23325.9638194337 0 0)
(-23330.5365458912 0 0)
(-23335.1897367563 0 0)
(-23339.9222788334 0 0)
(-23344.7351378205 0 0)
(-23349.6319377004 0 0)
(-23354.6134026195 0 0)
(-23359.6778205094 0 0)
(-23364.8317600117 0 0)
(-23370.0734287605 0 0)
(-23375.4070785865 0 0)
(-23380.8309676929 0 0)
(-23386.3496855664 0 0)
(-23391.9641949816 0 0)
(-23397.6765699096 0 0)
(-23403.4873971008 0 0)
(-23409.4016142998 0 0)
(-23415.4186153952 0 0)
(-23421.5400760462 0 0)
(-23427.7717623512 0 0)
(-23434.1126874031 0 0)
(-23440.565983137 0 0)
(-23447.134328615 0 0)
(-23453.8215707387 0 0)
(-23460.6276332587 0 0)
(-23467.5571757724 0 0)
(-23474.6118839127 0 0)
(-23481.7956698575 0 0)
(-23489.1113307629 0 0)
(-23496.5618788947 0 0)
(-23504.1485167032 0 0)
(-23511.8785357608 0 0)
(-23519.7523305343 0 0)
(-23527.7740821591 0 0)
(-23535.9490619473 0 0)
(-23544.2778615283 0 0)
(-23552.7677941463 0 0)
(-23561.4212049662 0 0)
(-23570.2419934049 0 0)
(-23579.2348714511 0 0)
(-23588.4052519584 0 0)
(-23597.7537782851 0 0)
(-23607.2912951558 0 0)
(-23617.0175614087 0 0)
(-23626.9313183864 0 0)
(-23637.0874944243 0 0)
(-23647.3862064006 0 0)
(-23657.9212631065 0 0)
(-23668.6914135782 0 0)
(-23679.6924538037 0 0)
(-23690.9371591888 0 0)
(-23702.4256368322 0 0)
(-23714.1650865774 0 0)
(-23726.1654573692 0 0)
(-23738.4307694878 0 0)
(-23750.9716700921 0 0)
(-23763.7948873085 0 0)
(-23776.911207876 0 0)
(-23790.3298802853 0 0)
(-23804.0581414452 0 0)
(-23818.1119738577 0 0)
(-23832.4974992231 0 0)
(-23847.2312713204 0 0)
(-23862.3203448798 0 0)
(-23877.7838445158 0 0)
(-23893.6307483976 0 0)
(-23909.8483221131 0 0)
(-23926.820185676 0 0)
(-23945.2307972573 0 0)
(-23964.089072195 0 0)
(-23982.0136111683 0 0)
(-23999.9383149903 0 0)
(-24018.7444683972 0 0)
(-24038.2292107481 0 0)
(-24058.3107868009 0 0)
(-24078.9941208853 0 0)
(-24100.3028129171 0 0)
(-24122.2559441846 0 0)
(-24144.8867176371 0 0)
(-24168.2237145005 0 0)
(-24192.2969424905 0 0)
(-24217.1510433999 0 0)
(-24242.8169329987 0 0)
(-24269.3369873986 0 0)
(-24297.0675577565 0 0)
(-24326.0717562714 0 0)
(-24355.7991122934 0 0)
(-24386.385871705 0 0)
(-24418.4867382532 0 0)
(-24452.1585629287 0 0)
(-24488.110817451 0 0)
(-24524.903268435 0 0)
(-24560.495544816 0 0)
(-24597.1034106576 0 0)
(-24636.8675509697 0 0)
(-24679.2327440253 0 0)
(-24721.5932871764 0 0)
(-24760.526656558 0 0)
(-24800.79151883 0 0)
(-24849.6736275158 0 0)
(-24904.1485657488 0 0)
(-24959.3920473717 0 0)
(-25015.5534834876 0 0)
(-25074.2031924397 0 0)
(-25135.9409129345 0 0)
(-25194.1626667879 0 0)
(-25234.6626210957 0 0)
(-25264.681845897 0 0)
(-25317.8441160176 0 0)
(-25396.5382448123 0 0)
(-25475.1336521778 0 0)
(-25544.4514927013 0 0)
(-25578.3418374904 0 0)
(-25564.1127353069 0 0)
(-25566.327284004 0 0)
(-25611.6278042987 0 0)
(-25652.8087074322 0 0)
(-25628.8900570301 0 0)
(-25524.7834370009 0 0)
(-25413.2385266048 0 0)
(-25328.5145174331 0 0)
(-25181.3122352089 0 0)
(-24912.1481044068 0 0)
(-24592.9512579694 0 0)
(-24264.257612129 0 0)
(-23809.3679105751 0 0)
(-23213.0458901924 0 0)
(-22591.5937913761 0 0)
(-21852.4494072349 0 0)
(-20934.4004348479 0 0)
(-19973.7542418588 0 0)
(-18913.3062257926 0 0)
(-17703.585611648 0 0)
(-16467.3033345528 0 0)
(-15181.9221312061 0 0)
(-13832.1894738355 0 0)
(-12513.5237525555 0 0)
(-11232.4549617237 0 0)
(-9978.16420735241 0 0)
(-8811.07308204566 0 0)
(-7743.36220651285 0 0)
(-6758.44659099997 0 0)
(-5865.24900911097 0 0)
(-5073.34972204867 0 0)
(-4368.035437605 0 0)
(-3742.000482286 0 0)
(-3183.91410148119 0 0)
(-2696.73342627155 0 0)
(-2270.70479267112 0 0)
(-1907.18519114111 0 0)
(-1594.18298367234 0 0)
(-1336.87856117983 0 0)
(-1115.57908976228 0 0)
(-968.598800622015 0 0)
)
;

boundaryField
{
    electrode
    {
        type            calculated;
        value           uniform (-377.810732539865 0 0);
    }
    ground
    {
        type            calculated;
        value           uniform (-529.14291567247 0 0);
    }
    otherfaces
    {
        type            empty;
    }
}


// ************************************************************************* //
