/*--------------------------------*- C++ -*----------------------------------*\
| =========                 |                                                 |
| \\      /  F ield         | foam-extend: Open Source CFD                    |
|  \\    /   O peration     | Version:     4.1                                |
|   \\  /    A nd           | Web:         http://www.foam-extend.org         |
|    \\/     M anipulation  |                                                 |
\*---------------------------------------------------------------------------*/
FoamFile
{
    version     2.0;
    format      ascii;
    class       volScalarField;
    location    "1.50009999935002e-05";
    object      diffusionAr2p;
}
// * * * * * * * * * * * * * * * * * * * * * * * * * * * * * * * * * * * * * //

dimensions      [0 2 -1 0 0 0 0];

internalField   nonuniform List<scalar> 
500
(
0.000303184079976054
0.000308255363372155
0.000314544649721356
0.000320940306399716
0.000327449084017426
0.000334067542977864
0.000340800794457318
0.000347642216428649
0.000357689438888338
0.000368054197193123
0.000378492987189675
0.000388971702223644
0.000400762414421188
0.000416101536647184
0.000431200208567316
0.000445976040591486
0.00046431195155601
0.000484637813821901
0.000504019651471172
0.000525993980600033
0.000551260228715837
0.000574736150717363
0.000601395274735987
0.000630474717528559
0.000656918786393944
0.000687694818256423
0.000719146811219398
0.000747320193541236
0.000779800272290595
0.000812418963569216
0.000841401004700456
0.000871481595130172
0.000904582922891714
0.000933925318024121
0.000960058087322395
0.000989375730217434
0.0010191484285309
0.00104569169922033
0.00106941340772435
0.00109086131784134
0.00111778352278285
0.00114242595022544
0.00116472572305705
0.00118489706064109
0.00120328109381255
0.00122029430307448
0.00124099951748736
0.00126031847802456
0.00127823614046909
0.00129478786516003
0.00131011419337243
0.00132436788177118
0.00133767532749567
0.00135014415455982
0.00136422489875462
0.00137755844683852
0.00139019893227611
0.0014021689856844
0.00141348879460245
0.00142420863500331
0.00143438418334816
0.00144405928645749
0.00145326441851445
0.00146202889645472
0.0014703923238581
0.00147817134129349
0.00148561488554813
0.00149275844554417
0.00149962272315286
0.00150622803449631
0.00151259430994745
0.00151873826530296
0.00152467340178322
0.00153041193477809
0.0015359651795961
0.00154134329429828
0.00154655579403043
0.00155161142244004
0.00155651802309323
0.00156119034542702
0.00156489598038141
0.00156849669156596
0.00157199556497391
0.00157539902975783
0.00157870888608042
0.00158192847710103
0.00158506641788408
0.00158813106632791
0.00159112627992407
0.00159405475891661
0.00159691894638352
0.00159972115681972
0.00160246396188624
0.00160514929032885
0.00160777932805941
0.00161035587524064
0.00161288098920137
0.00161535647010431
0.00161778386094607
0.00162016483330633
0.00162250105876476
0.00162479382315185
0.00162704479804728
0.00162925501211546
0.00163142613693606
0.00163355907259043
0.00163565510490909
0.00163771551972255
0.00163974121711217
0.00164173335432541
0.00164369296002667
0.00164562093429733
0.00164751817721874
0.00164938558887225
0.00165122419792227
0.00165303451870102
0.00165481757987291
0.00165657415293623
0.00165830475222319
0.00166001027781516
0.00166169137262739
0.00166334867957514
0.00166498284157366
0.0016665945015382
0.00166818417380098
0.00166975250127725
0.00167129999829922
0.00167282717919908
0.00167433455830906
0.00167582277854439
0.00167729209707119
0.0016787431568047
0.0016801763434941
0.00168159217147157
0.00168299089790322
0.00168437303712126
0.00168573897487484
0.00168708922549617
0.00168842391756829
0.00168974356542341
0.00169104842622764
0.00169233901431318
0.00169361558684614
0.0016948784009926
0.00169612771391869
0.00169736403995659
0.00169858750768937
0.00169979837428313
0.00170099715407006
0.00170218384705018
0.00170335896755569
0.00170452251558658
0.00170567487689201
0.00170681643722113
0.0017079470679909
0.00170906741211656
0.00171017734101508
0.00171127736901864
0.00171236749612726
0.00171344797950704
0.00171451907632407
0.00171558104374446
0.00171663388176821
0.00171767797614448
0.00171871332687326
0.00171974031970371
0.00172075895463582
0.00172176936025266
0.00172277192230336
0.001723766769371
0.00172475390145555
0.00172573357572313
0.00172670592075679
0.00172767106513958
0.00172862926603761
0.00172958052345086
0.00173052509454545
0.00173146297932137
0.00173239443494473
0.00173331946141552
0.00173423844448291
0.00173515125556383
0.00173605802324135
0.00173695900468156
0.00173785419988446
0.00173874386601616
0.00173962800307665
0.00174050673964899
0.00174138020431623
0.00174224852566142
0.00174311170368455
0.00174396999555174
0.00174482340126298
0.00174567192081828
0.00174651593996678
0.00174735533012543
0.00174819021987729
0.00174902060922235
0.00174984688390978
0.00175066878677346
0.00175148670356255
0.001752300505694
0.00175311045033392
0.00175391640889924
0.00175471863855608
0.00175551713930443
0.00175631191114429
0.00175710321124177
0.00175789103959687
0.00175867552479263
0.00175945653824601
0.00176023446570616
0.00176100905000698
0.00176178067689762
0.00176254921779502
0.00176331480128225
0.00176407755594235
0.00176483735319227
0.00176559445019811
0.00176634897554293
0.00176710092922673
0.0017678505684156
0.00176859789310955
0.00176934303189162
0.00177008585617878
0.00177082675172016
0.00177156558993272
0.00177230237081647
0.00177303748012055
0.00177377066067886
0.0017745021696575
0.00177523200705648
0.00177596017287578
0.00177668692428153
0.00177741226127371
0.00177813605526928
0.00177885869201738
0.00177957991435193
0.00178029997943901
0.00178101888727862
0.00178173689503688
0.00178245374554768
0.00178316956739407
0.00178388461774215
0.00178459889659192
0.00178531227536034
0.0017860250112135
0.0017867371041514
0.00178744868275709
0.00178815961844754
0.00178886991122272
0.00178958007541485
0.00179028998244088
0.00179099937513471
0.00179170863924548
0.00179241764619015
0.00179312652455177
0.00179383527433034
0.00179454415269196
0.00179525315963663
0.00179596229516435
0.00179667155927513
0.001797381080552
0.00179809085899498
0.00179880102318712
0.0017995118302945
0.0018099666610267
0.00181572615305893
0.00179970766228158
0.00179899454067927
0.0017982807761617
0.00179756624014583
0.00179685093263164
0.00179613446787
0.00179541710302699
0.00179469858093653
0.00179397903018165
0.00179325819359627
0.00179253607118037
0.00179181266293395
0.00179108771169093
0.00179036121745128
0.00178963318021502
0.0017889034713991
0.0017881715766713
0.00178743775319774
0.00178670212956145
0.00178596444859635
0.00178522471030243
0.00178448278609663
0.00178373867597897
0.00178299225136638
0.00178224338367581
0.00178149207290728
0.00178073844764382
0.00177998212213628
0.00177922322496772
0.00177846149897203
0.00177769720131531
0.00177692994624842
0.00177615973377135
0.00177538656388409
0.00177461043658666
0.00177383109471295
0.0017730484096799
0.00177226251007058
0.00177147326730192
0.00177068055279087
0.00176988436653744
0.00176908445137553
0.00176828080730513
0.00176747343432624
0.00176666207527276
0.00176584673014469
0.00176502739894204
0.00176420395308174
0.0017633761353977
0.00176254394588992
0.00176170738455839
0.00176086619423702
0.00176002037492581
0.00175916979804169
0.00175831433500163
0.00175745385722257
0.00175658823612146
0.0017557174716983
0.00175484143537004
0.00175395986997057
0.0017530727754999
0.00175218002337497
0.00175128148501273
0.00175037690324709
0.00174946627807803
0.00174854948092252
0.00174762625461444
0.0017466965991538
0.0017457602573745
0.00174481722927652
0.00174386712911073
0.00174291008546017
0.00174194571257569
0.00174097401045728
0.0017399945933558
0.00173900746127125
0.00173801248562057
0.00173700940923765
0.00173599797495641
0.00173497805419378
0.00173394951836672
0.00173291211030912
0.00173186557285488
0.00173080977742095
0.00172974459542427
0.00172866951253265
0.00172758452874608
0.00172648938689847
0.0017253838298237
0.00172426760035567
0.00172314044132829
0.00172200209557544
0.00172085217734799
0.00171969068664592
0.00171851698055398
0.00171733105907217
0.00171613253645133
0.00171492102694232
0.00171369614479598
0.00171245776142925
0.00171120536250994
0.00170993869087193
0.00170865723218303
0.00170736072927713
0.00170604892498814
0.00170472104781773
0.00170337696918286
0.00170201604616828
0.00170063802160788
0.00169924225258641
0.00169782848193776
0.00169639593816362
0.00169494423551485
0.00169347273107618
0.00169198103909846
0.00169046838808339
0.00168893439228181
0.00168737815161236
0.00168579915174283
0.00168419674975798
0.00168257004557643
0.00168091852486599
0.00167924141612835
0.0016775376906991
0.00167580670566298
0.00167404743235558
0.0016722590992786
0.00167044080635067
0.00166859126774129
0.00166670971195213
0.00166479485315271
0.00166284566267859
0.00166086085469928
0.0016588392719673
0.0016567795000691
0.00165468025317416
0.00165253985970281
0.00165035703382455
0.0016481301039597
0.00164585726994555
0.00164353686020244
0.00164116694598459
0.00163874546996318
0.00163627050339244
0.00163373960319441
0.0016311505834572
0.00162849997243844
0.00162578031232115
0.0016229837595392
0.00162010748526547
0.00161714981792029
0.00161410792867653
0.0016109775742935
0.00160775489727967
0.00160443475431297
0.00160101213065442
0.00159748136864975
0.00159383629631251
0.00159007022732403
0.00158617583245039
0.00158214513954241
0.00157796927636955
0.00157363872778602
0.00156914153556805
0.00156445982667152
0.00155927085763775
0.00155291023984086
0.00154626442483626
0.00153930756743066
0.0015320046930341
0.0015243206984736
0.00151623218163382
0.00150771509748418
0.00149873279985506
0.0014892377130175
0.00147918817606289
0.00146850305308588
0.00145696555306204
0.00144476430732757
0.00143180159276351
0.00141797762892209
0.00140318749203347
0.00138730838528369
0.00137019179524854
0.00135170965320896
0.00133496068211738
0.0013173877508333
0.00129865512900986
0.0012784714474529
0.0012564975040732
0.00123239641127642
0.00120934879941866
0.00118766172482632
0.00116429805582855
0.00113883899742737
0.00111072585626505
0.00108275171338115
0.00105798211730085
0.00103087353122653
0.00100088526342763
0.000968049009626266
0.000941886023310944
0.000912937092315406
0.000880645323444624
0.000848559994662646
0.000820739508525003
0.000789747585719451
0.000755600170544349
0.000729258646662347
0.000700107968859375
0.000667873805195559
0.000643164321691729
0.000616777472284157
0.000588063655397855
0.000566262720513623
0.000543694916311652
0.000519642652928596
0.000500811697216704
0.000482774613263318
0.000463992711985484
0.000446948964248877
0.000433482879184885
0.00041977419004892
0.000405887220512377
0.000393433919851668
0.000383942883380223
0.000374473577444442
0.000365058083515614
0.000355710031397175
0.000346985510640079
0.000340795972592896
0.000334724923827453
)
;

boundaryField
{
    electrode
    {
        type            zeroGradient;
    }
    ground
    {
        type            zeroGradient;
    }
    otherfaces
    {
        type            empty;
    }
}


// ************************************************************************* //
