/*--------------------------------*- C++ -*----------------------------------*\
| =========                 |                                                 |
| \\      /  F ield         | foam-extend: Open Source CFD                    |
|  \\    /   O peration     | Version:     4.1                                |
|   \\  /    A nd           | Web:         http://www.foam-extend.org         |
|    \\/     M anipulation  |                                                 |
\*---------------------------------------------------------------------------*/
FoamFile
{
    version     2.0;
    format      ascii;
    class       volScalarField;
    location    "1.50009999935002e-05";
    object      eDensity;
}
// * * * * * * * * * * * * * * * * * * * * * * * * * * * * * * * * * * * * * //

dimensions      [1 -1 -2 0 0 0 0];

internalField   nonuniform List<scalar> 
500
(
0.00552765884804989
0.00817953215259083
0.0118836098915155
0.016959996452865
0.0237918571328225
0.0328216345547052
0.0445419537027715
0.0594786667508161
0.0781666898110215
0.101120614478167
0.128799786516759
0.161569455082602
0.199665816191554
0.243174739142338
0.292022195061239
0.345966256352983
0.404608924693666
0.467435600886832
0.533844168318472
0.603170587873302
0.674746275649752
0.747929418961136
0.822110090338907
0.896754997948434
0.971415769252525
1.04570075928714
1.11930802345961
1.19202116292787
1.26365934425248
1.33410030394492
1.40328672658416
1.4711739475498
1.5377322965765
1.60298008709628
1.66695662318125
1.72968023922695
1.79116719268995
1.85147038493566
1.9106664666667
1.96881356046234
2.02593692974224
2.08205665709103
2.13722205464039
2.19150524212301
2.24497219446097
2.29767009935331
2.34962559187405
2.40085500987241
2.45138500092419
2.50125772631212
2.55051857804001
2.59920746876519
2.64735865591651
2.69500208859973
2.74216348165758
2.78886339682103
2.83511813435918
2.88094422731367
2.92636118558812
2.97138909319414
3.0160460098477
3.06034801709642
3.10431056439214
3.14794915044718
3.19127820218185
3.23430986466317
3.27705440989856
3.31952096656425
3.36171782992183
3.40365247671491
3.4453313718313
3.48676005365934
3.52794346397653
3.56888610537209
3.60959207102319
3.65006508819348
3.6903085577676
3.73032558908561
3.77011903414945
3.80969151873794
3.84904547466972
3.88818317216977
3.92710675450975
3.96581831306798
4.00432014320289
4.04261476864198
4.08070414832711
4.11858911497698
4.1562698745564
4.19374653754763
4.23101917911474
4.26808781603267
4.30495241119219
4.34161287858298
4.37806908758431
4.41432086657342
4.45036800688604
4.48621026491236
4.52184736508782
4.55727900334794
4.59250484943981
4.6275245500272
4.66233772846037
4.69694400849156
4.73134299870843
4.76553426984011
4.7995173767189
4.83329186384703
4.86685726485762
4.90021310439564
4.93335889811659
4.96629415409583
4.9990183743803
5.03153105402306
5.06383168452775
5.09591975292294
5.12779474199894
5.15945613296944
5.19090340503812
5.22213603586686
5.25315350198921
5.28395527953465
5.31454084512533
5.34490967672412
5.37506125165177
5.40499504944075
5.43471055173441
5.46420724079308
5.49348460226357
5.52254212381099
5.55137929627755
5.57999561250972
5.60839056894805
5.63656366577044
5.66451440580958
5.69224229591237
5.71974684651387
5.74702757211376
5.77408399032013
5.80091562357164
5.82752199804311
5.85390264373013
5.88005709575574
5.90598489284612
5.9316855773901
5.95715869693301
5.98240380409679
6.00742045538091
6.03220821131631
6.05676663768559
6.0810953044288
6.10519378669606
6.12906166413518
6.15269852010329
6.17610394419989
6.19927752960444
6.22221887432745
6.24492758190933
6.26740325969102
6.28964552007871
6.31165398029506
6.33342826234775
6.35496799320933
6.37627280454503
6.39734233235027
6.41817621814951
6.43877410839019
6.45913565369372
6.47926050985245
6.49914833813757
6.51879880399364
6.53821157826346
6.55738633647956
6.57632275899468
6.59502053204337
6.6134793460541
6.63169889718314
6.64967888579923
6.66741901762201
6.68491900452516
6.7021785627501
6.71919741320348
6.73597528280512
6.75251190433547
6.76880701457937
6.78486035617736
6.80067167746927
6.81624073184359
6.83156727822591
6.8466510814493
6.86149191141534
6.87608954328646
6.89044375889742
6.90455434470545
6.91842109323055
6.93204380352119
6.94542227911952
6.95855632947983
6.97144577133149
6.98409042642402
6.99649012189411
7.00864469160134
7.0205539756066
7.03221781985483
7.04363607609873
7.05480860273161
7.06573526446915
7.07641593167181
7.08685048165394
7.09703879815114
7.10698077129194
7.11667629781136
7.1261252809565
7.13532763293101
7.14428327090623
7.15299208058248
7.16145395472169
7.16966888462411
7.17763686145272
7.18535778201382
7.19283153154171
7.20005801467905
7.20703713208552
7.21376878630551
7.22025288391932
7.2264893325213
7.23247803600768
7.23821889996464
7.24371183561654
7.24895675521698
7.25395357502516
7.25870221506677
7.263202597353
7.26745464882791
7.27145829853479
7.27521347667638
7.2787201186334
7.28197816465932
7.28498755997634
7.2877482528374
7.29026019325871
7.29252333590349
7.29453764015183
7.29630306929474
7.29781959159443
7.29908717947479
7.30010580991012
7.30087547098636
7.30139612701675
7.30166765672082
7.30169030229162
7.30146396007892
7.30098858057579
7.30026418229399
7.29929079245133
7.29806842152893
7.2965970915113
7.29487682855741
7.29290766241963
7.29068962717443
7.28822276106621
7.28550710687014
7.28254271191483
7.27932962933707
7.27586791682095
7.2721576352675
7.26819884882237
7.26399162507714
7.25953603780953
7.25483216508322
7.24988008725702
7.24467988960865
7.23923166194631
7.23353549611628
7.22759148700727
7.22139973394302
7.21496033949899
7.20827340835736
7.20133904750318
7.19415736622911
7.18672847406995
7.17905247981391
7.17112951259596
7.16295969218075
7.15454305532178
7.14587964176288
7.13696958043843
7.12781300622769
7.11841002774763
7.10876076073543
7.09886533130454
7.08872387355663
7.07833652921832
7.0677034485837
7.0568247896776
7.04570071821876
7.03433140907312
7.02271704448443
7.01085781377152
6.99875391499758
6.98640555577226
6.97381294915999
6.96097631737862
6.94789589020601
6.93457190493065
6.92100460714294
6.90719425055249
6.89314109563176
6.87884541105687
6.86430747356497
6.84952756647705
6.83450598173422
6.81924301775773
6.80373898036574
6.78799418454752
6.77200895069004
6.75578360698719
6.73931848859519
6.72261393795778
6.70567030487027
6.68848794539579
6.67106722252044
6.65340850636327
6.63551217320781
6.61737860607403
6.59900819446662
6.58040133414669
6.56155842676064
6.54247988018444
6.52316610823242
6.50361753075967
6.48383457282499
6.46381766448299
6.44356724191622
6.42308374661985
6.40236762420247
6.3814193253003
6.36023930546997
6.33882802406988
6.31718594501593
6.29531353625462
6.27321126944121
6.250879619299
6.22831906386435
6.2055300846665
6.18251316546991
6.15926879259446
6.13579745442681
6.1120996410437
6.08817584423392
6.0640265574352
6.03965227432215
6.01505348926395
5.99023069642329
5.96518439011308
5.93991506414984
5.9144232106749
5.88870932152984
5.8627738860213
5.83661739004264
5.81024031802323
5.78364315062459
5.75682636393776
5.72979043054497
5.70253581786092
5.67506298736832
5.6473723948046
5.61946448933065
5.59133971309512
5.56299849991364
5.53444127495036
5.50566845450501
5.47668044413563
5.4474776393685
5.4180604246919
5.38842917164957
5.35858423810557
5.32852596927091
5.2982546946917
5.2677707282311
5.23707436780947
5.20616589254829
5.1750455636579
5.14371362254442
5.11217028956047
5.0804157635721
5.04845021930888
5.01627380749212
4.98388665340693
4.95128885468597
4.91848048159691
4.88546157356369
4.85223213827425
4.8187921515753
4.78514155398687
4.7512802493645
4.71720810394197
4.68292494413343
4.64843055382234
4.61372467328847
4.57880699668804
4.54367716920432
4.5083347852972
4.47277938636789
4.43701045821814
4.40102742766885
4.36482965994189
4.3284164564327
4.2917870512522
4.25494060851528
4.2178762184837
4.18059289489316
4.14308957183422
4.10536512939667
4.06741832148162
4.02924718635978
3.9908485092667
3.95221845508186
3.91335345004045
3.87425016649393
3.83490523141456
3.79531511394826
3.75547609860978
3.71538422116974
3.67503526753372
3.63442473200718
3.59354778681427
3.55239924510132
3.51097351975371
3.46926458086787
3.42726592417816
3.38497039835089
3.34236985022786
3.29945504266427
3.25621587170784
3.21264136062914
3.1687193629383
3.12443587427237
3.07977460513637
3.03471805536297
2.98924855601368
2.94334756718081
2.89699441076403
2.85016622453282
2.80284070488621
2.7549985171228
2.70662015531351
2.65768115497178
2.60815124813905
2.55799527989765
2.50717301672869
2.45563766759803
2.40333602835059
2.35021735653418
2.29624520299623
2.24139108022691
2.18561391100698
2.12884998769676
2.07101450907597
2.01201424049309
1.95177652501054
1.89025517794339
1.82739599315251
1.76311035410396
1.69729074213816
1.62985408799677
1.56075649814759
1.48995816713741
1.41740855386391
1.34309251933315
1.2670624944848
1.18941231044049
1.11028251791316
1.02991787965178
0.948665782171144
0.86695791119422
0.785355934872978
0.704546586766495
0.625298041018225
0.548463094440312
0.474944386152479
0.405619371886904
0.34130144305365
0.2826815976525
0.230258950590368
0.184313633607445
0.144891684244161
0.111800208906041
0.0846380176307432
0.0628466688811242
0.0457631073446777
0.0326750562851065
0.0228745206673875
0.0157001679616019
0.0105647801370611
0.00696929539813247
0.00450633040276126
0.00285540139124663
0.00177272113943221
0.00107905199474196
)
;

boundaryField
{
    electrode
    {
        type            energyDensity_wilsonBC5;
        seec            0;
        Tse             22000;
        value           uniform 0.00552765884804989;
    }
    ground
    {
        type            energyDensity_wilsonBC5;
        seec            0;
        Tse             22000;
        value           uniform 0.00107905199474196;
    }
    otherfaces
    {
        type            empty;
    }
}


// ************************************************************************* //
