/*--------------------------------*- C++ -*----------------------------------*\
| =========                 |                                                 |
| \\      /  F ield         | foam-extend: Open Source CFD                    |
|  \\    /   O peration     | Version:     4.1                                |
|   \\  /    A nd           | Web:         http://www.foam-extend.org         |
|    \\/     M anipulation  |                                                 |
\*---------------------------------------------------------------------------*/
FoamFile
{
    version     2.0;
    format      ascii;
    class       volScalarField;
    location    "1.50009999935002e-05";
    object      electron;
}
// * * * * * * * * * * * * * * * * * * * * * * * * * * * * * * * * * * * * * //

dimensions      [0 -3 0 0 0 0 0];

internalField   nonuniform List<scalar> 
500
(
1.53718170861673e+15
2.54818590292864e+15
4.1262636890061e+15
6.53848217004024e+15
1.01501575726106e+16
1.54456309948854e+16
2.30461291086419e+16
3.37200870797606e+16
4.83813792547144e+16
6.80710736090748e+16
9.39183372372043e+16
1.27077115042213e+17
1.6864379594623e+17
2.19566498857568e+17
2.80555424046447e+17
3.51996885925052e+17
4.33896763629859e+17
5.2587117812591e+17
6.27163632651501e+17
7.36689088512091e+17
8.53133536435039e+17
9.75052841720651e+17
1.10095056543009e+18
1.22938926890319e+18
1.35906113892127e+18
1.48880150428377e+18
1.61765113344891e+18
1.74486605405573e+18
1.86986429018004e+18
1.99223980891048e+18
2.11175712255128e+18
2.22827626288915e+18
2.34173718339758e+18
2.45218255841795e+18
2.55971351495903e+18
2.66442749175088e+18
2.76643160207617e+18
2.86588393032115e+18
2.9629742243777e+18
3.05786568814496e+18
3.15067271233955e+18
3.2414953464868e+18
3.33046468935186e+18
3.41773700534758e+18
3.50345576177803e+18
3.58773175721182e+18
3.67064077989891e+18
3.75223894740877e+18
3.83259055323708e+18
3.91177742039038e+18
3.9898845853091e+18
4.06698790651634e+18
4.1431526994883e+18
4.21843546145358e+18
4.29288420735832e+18
4.36653775616213e+18
4.43942764323431e+18
4.51158455797576e+18
4.58304250186427e+18
4.65383608275068e+18
4.72399692253279e+18
4.79355347277227e+18
4.86253262459715e+18
4.93096055811723e+18
4.99886145373875e+18
5.06625617759654e+18
5.13316277201576e+18
5.19959736926225e+18
5.26557464464959e+18
5.33110787031348e+18
5.39620869080666e+18
5.46088724024737e+18
5.52515261120659e+18
5.58901313169062e+18
5.65247644409195e+18
5.71554957534499e+18
5.7782390014127e+18
5.84055070248125e+18
5.90249021530779e+18
5.96406269199238e+18
6.02527297553753e+18
6.08612566773014e+18
6.14662518176067e+18
6.20677586433963e+18
6.26658232936214e+18
6.3260494320526e+18
6.38518118998403e+18
6.44397995237766e+18
6.50244697902099e+18
6.56058324209853e+18
6.61838962464082e+18
6.67586691179239e+18
6.73301579249918e+18
6.78983686477564e+18
6.84633064046869e+18
6.9024975494439e+18
6.95833794483395e+18
7.0138521064759e+18
7.06904024519448e+18
7.12390250709603e+18
7.17843897737821e+18
7.2326496840819e+18
7.28653460039832e+18
7.3400936492102e+18
7.3933267058577e+18
7.44623360073148e+18
7.49881412149945e+18
7.55106801667529e+18
7.6029949979281e+18
7.65459474131005e+18
7.70586689049882e+18
7.75681105895087e+18
7.8074268307533e+18
7.85771376296971e+18
7.90767138845588e+18
7.9572992155051e+18
8.00659673071138e+18
8.05556340041051e+18
8.10419867184551e+18
8.15250197468058e+18
8.20047272194276e+18
8.24811031132655e+18
8.29541412675086e+18
8.34238353913465e+18
8.38901790691054e+18
8.4353165775614e+18
8.48127888894335e+18
8.52690416971356e+18
8.57219173964447e+18
8.61714091100806e+18
8.6617509899045e+18
8.7060212761378e+18
8.74995106353993e+18
8.79353964197478e+18
8.83678629707575e+18
8.87969031058621e+18
8.92225096210147e+18
8.96446752876981e+18
9.006339285676e+18
9.0478655066781e+18
9.08904546473229e+18
9.12987843243202e+18
9.17036368275129e+18
9.21050048935938e+18
9.25028812643077e+18
9.28972586953132e+18
9.32881299710306e+18
9.36754878912263e+18
9.40593252781201e+18
9.44396349886062e+18
9.48164099078834e+18
9.51896429598688e+18
9.5559327110307e+18
9.59254553606947e+18
9.62880207594941e+18
9.66470164014671e+18
9.70024354319522e+18
9.735427104675e+18
9.77025164982455e+18
9.8047165095783e+18
9.8388210207663e+18
9.87256452610408e+18
9.90594637454589e+18
9.93896592242852e+18
9.97162253228569e+18
1.00039155734452e+19
1.00358444222093e+19
1.00674084623783e+19
1.00986070854046e+19
1.01294396899821e+19
1.01599056828099e+19
1.01900044783124e+19
1.02197354991134e+19
1.02490981761171e+19
1.02780919481962e+19
1.0306716263125e+19
1.03349705770229e+19
1.03628543547115e+19
1.03903670703264e+19
1.04175082060205e+19
1.04442772538663e+19
1.04706737150689e+19
1.0496697099551e+19
1.05223469271189e+19
1.05476227268608e+19
1.05725240376524e+19
1.05970504080436e+19
1.06212013961036e+19
1.06449765698532e+19
1.06683755075677e+19
1.06913977972079e+19
1.0714043037158e+19
1.07363108358407e+19
1.07582008115301e+19
1.07797125937723e+19
1.08008458219081e+19
1.08216001459249e+19
1.08419752263068e+19
1.08619707341085e+19
1.0881586351662e+19
1.0900821771196e+19
1.09196766961576e+19
1.09381508412533e+19
1.09562439319571e+19
1.09739557040943e+19
1.09912859049273e+19
1.10082342933474e+19
1.10248006392333e+19
1.10409847231065e+19
1.10567863367837e+19
1.10722052840427e+19
1.10872413796293e+19
1.11018944496928e+19
1.11161643333596e+19
1.1130050871897e+19
1.114355388156e+19
1.11566732049375e+19
1.11694087786803e+19
1.11817605290653e+19
1.11937282938625e+19
1.1205311896523e+19
1.12165111758435e+19
1.12273259698732e+19
1.12377561190499e+19
1.1247801466983e+19
1.1257461859302e+19
1.12667371445129e+19
1.12756271754232e+19
1.1284131807798e+19
1.12922509032238e+19
1.12999843297409e+19
1.13073319570243e+19
1.13142936592582e+19
1.13208693190453e+19
1.13270588262976e+19
1.13328620754299e+19
1.13382789653336e+19
1.13433094017108e+19
1.13479532967392e+19
1.13522105686597e+19
1.13560811426863e+19
1.13595649500094e+19
1.1362661928204e+19
1.13653720222533e+19
1.13676951833615e+19
1.13696313693559e+19
1.13711805456268e+19
1.13723426888317e+19
1.13731177591325e+19
1.13735057363112e+19
1.13735066854459e+19
1.13731207073701e+19
1.13723475268371e+19
1.13711872660685e+19
1.1369639979673e+19
1.13677056911482e+19
1.13653844341933e+19
1.13626762501032e+19
1.13595811871383e+19
1.13560993002822e+19
1.13522306511077e+19
1.13479753083638e+19
1.13433333469461e+19
1.1338304848057e+19
1.13328899003422e+19
1.13270886000037e+19
1.13209010505951e+19
1.13143273625129e+19
1.13073676506042e+19
1.13000220335729e+19
1.12922906341597e+19
1.12841735806168e+19
1.12756710081907e+19
1.12667830578997e+19
1.12575098743039e+19
1.12478516057451e+19
1.1237808405353e+19
1.12273804297271e+19
1.12165678380121e+19
1.1205370791173e+19
1.11937894526026e+19
1.11818239866993e+19
1.11694745760453e+19
1.11567413849283e+19
1.11436244762213e+19
1.11301239007753e+19
1.11162398153205e+19
1.11019724085307e+19
1.10873218399169e+19
1.10722882692064e+19
1.10568718697176e+19
1.10410728264166e+19
1.10248913359101e+19
1.10083276064098e+19
1.09913818576388e+19
1.09740543206924e+19
1.09563452378371e+19
1.09382548621489e+19
1.09197834579e+19
1.09009313006892e+19
1.088169867731e+19
1.08620858847999e+19
1.08420932314857e+19
1.08217210364734e+19
1.08009696289988e+19
1.07798393497953e+19
1.07583305500703e+19
1.07364435912052e+19
1.07141788450838e+19
1.06915366938822e+19
1.06685175305082e+19
1.06451217578252e+19
1.06213497885456e+19
1.05972020459677e+19
1.05726789635026e+19
1.05477809836783e+19
1.05225085592602e+19
1.04968621529813e+19
1.0470842237025e+19
1.0444449293202e+19
1.04176838124403e+19
1.0390546295121e+19
1.03630372510335e+19
1.03351571990355e+19
1.03069066668293e+19
1.02782861910992e+19
1.02492963174662e+19
1.02199375997311e+19
1.01902106005757e+19
1.01601158912273e+19
1.01296540509057e+19
1.00988256672139e+19
1.0067631335355e+19
1.00360716582334e+19
1.00041472467339e+19
9.97185871944561e+18
9.93920670186818e+18
9.90619182660035e+18
9.87281473379107e+18
9.83907606996388e+18
9.80497648821174e+18
9.77051664833603e+18
9.73569721599725e+18
9.70051886293908e+18
9.66498226685068e+18
9.62908811096693e+18
9.5928370836649e+18
9.55622987827028e+18
9.51926719303664e+18
9.48194973109247e+18
9.44427819928166e+18
9.40625330868956e+18
9.36787577435338e+18
9.32914631391645e+18
9.29006564825807e+18
9.25063450148698e+18
9.21085359993854e+18
9.17072367161585e+18
9.1302454459273e+18
9.08941965389705e+18
9.04824702722738e+18
9.00672829761574e+18
8.96486419676726e+18
8.92265545577933e+18
8.88010280408471e+18
8.83720697000447e+18
8.79396867987895e+18
8.75038865687291e+18
8.70646762102506e+18
8.66220628880285e+18
8.61760537195395e+18
8.57266557685986e+18
8.52738760424046e+18
8.48177214832538e+18
8.43581989622149e+18
8.38953152679539e+18
8.34290770951821e+18
8.29594910426266e+18
8.24865636046843e+18
8.20103011554678e+18
8.15307099442977e+18
8.10477960805088e+18
8.05615655252727e+18
8.00720240833143e+18
7.95791773836317e+18
7.90830308698213e+18
7.85835897883725e+18
7.80808591700849e+18
7.75748438248378e+18
7.70655483273832e+18
7.65529769894668e+18
7.60371338857627e+18
7.55180226398071e+18
7.49956464408536e+18
7.44700082878422e+18
7.39411108559441e+18
7.34089564411634e+18
7.28735469286661e+18
7.2334883749648e+18
7.17929678654901e+18
7.12477997326253e+18
7.06993792677201e+18
7.01477058181075e+18
6.95927781237829e+18
6.90345942789883e+18
6.8473151682815e+18
6.79084470019939e+18
6.73404761198382e+18
6.67692340773251e+18
6.61947150138405e+18
6.56169121026061e+18
6.50358174849979e+18
6.44514221961914e+18
6.38637162580976e+18
6.32726869337203e+18
6.26783114035145e+18
6.20805513269923e+18
6.14793603411983e+18
6.08746940153604e+18
6.02665101746586e+18
5.96547658375373e+18
5.90394159418593e+18
5.84204127316573e+18
5.77977052440651e+18
5.71712388269439e+18
5.65409546579485e+18
5.59067892223786e+18
5.52686737812848e+18
5.46265337686037e+18
5.39802881195537e+18
5.33298485613272e+18
5.26751171233029e+18
5.2015981790115e+18
5.13523151922331e+18
5.06839763429438e+18
5.0010809986245e+18
4.93326423065394e+18
4.8649271825002e+18
4.79604650296474e+18
4.72659713902044e+18
4.65655377902732e+18
4.58589001234199e+18
4.51457672781716e+18
4.44258229708466e+18
4.36987604755869e+18
4.29643100701527e+18
4.22222024161114e+18
4.14721102770479e+18
4.07136328360132e+18
3.99463048014862e+18
3.91695954557607e+18
3.83828950359537e+18
3.7585532123783e+18
3.6776900068986e+18
3.59566079005272e+18
3.51244021383932e+18
3.4279896805656e+18
3.34224256109388e+18
3.25510708051246e+18
3.16648671644548e+18
3.07631834763791e+18
2.98457823268038e+18
2.89123690548241e+18
2.79622410795335e+18
2.6994487469638e+18
2.60085341269418e+18
2.50042903536333e+18
2.39816665762432e+18
2.29403586814465e+18
2.18803600569733e+18
2.08022718869825e+18
1.97069222661712e+18
1.85953681555907e+18
1.7469501675682e+18
1.63319840643662e+18
1.51860205142214e+18
1.40359449471447e+18
1.28872789808209e+18
1.17463989160975e+18
1.06208566522412e+18
9.51927762316032e+17
8.45085459503408e+17
7.4252434472459e+17
6.4521331918536e+17
5.54051219290703e+17
4.69826661539471e+17
3.93171889642141e+17
3.24505237885554e+17
2.64007340750075e+17
2.11622839543006e+17
1.67067611936206e+17
1.29854130062865e+17
9.93376580502749e+16
7.47713916418154e+16
5.53585279603244e+16
4.02988586381797e+16
2.88285679459749e+16
2.02501101632861e+16
1.39503002814199e+16
9.4087081459372e+15
)
;

boundaryField
{
    electrode
    {
        type            electronDensity_wilsonBC3_2;
        seec            0;
        value           uniform 1.21804055314001e+15;
    }
    ground
    {
        type            electronDensity_wilsonBC3_2;
        seec            0;
        value           uniform 7.79751217430758e+15;
    }
    otherfaces
    {
        type            empty;
    }
}


// ************************************************************************* //
