/*--------------------------------*- C++ -*----------------------------------*\
| =========                 |                                                 |
| \\      /  F ield         | foam-extend: Open Source CFD                    |
|  \\    /   O peration     | Version:     4.1                                |
|   \\  /    A nd           | Web:         http://www.foam-extend.org         |
|    \\/     M anipulation  |                                                 |
\*---------------------------------------------------------------------------*/
FoamFile
{
    version     2.0;
    format      ascii;
    class       volVectorField;
    location    "1.50009999935002e-05";
    object      Flux_Arp1Mean;
}
// * * * * * * * * * * * * * * * * * * * * * * * * * * * * * * * * * * * * * //

dimensions      [0 -2 -1 0 0 0 0];

internalField   nonuniform List<vector> 
500
(
(-2.96851376958648e+21 0 0)
(-3.02788486911688e+21 0 0)
(-3.00882969349714e+21 0 0)
(-3.02406881199159e+21 0 0)
(-3.0117570799267e+21 0 0)
(-3.02175526593875e+21 0 0)
(-3.01380301818412e+21 0 0)
(-3.0199282596251e+21 0 0)
(-3.01561413660475e+21 0 0)
(-3.01886047785988e+21 0 0)
(-3.01616885352594e+21 0 0)
(-3.01772274491839e+21 0 0)
(-3.01665102397549e+21 0 0)
(-3.01760853721738e+21 0 0)
(-3.01597921055099e+21 0 0)
(-3.01627272012084e+21 0 0)
(-3.01639424475711e+21 0 0)
(-3.01531735730054e+21 0 0)
(-3.01438482560255e+21 0 0)
(-3.01502053026165e+21 0 0)
(-3.01343958884113e+21 0 0)
(-3.012050450131e+21 0 0)
(-3.01275713932938e+21 0 0)
(-3.01056923589817e+21 0 0)
(-3.00901863133991e+21 0 0)
(-3.00932746394843e+21 0 0)
(-3.00684810473097e+21 0 0)
(-3.00509096648899e+21 0 0)
(-3.0045191554579e+21 0 0)
(-3.00233520565964e+21 0 0)
(-3.00004833960505e+21 0 0)
(-2.99840702055951e+21 0 0)
(-2.99670530444387e+21 0 0)
(-2.99397753568321e+21 0 0)
(-2.99148016591152e+21 0 0)
(-2.98905067441197e+21 0 0)
(-2.9868835447337e+21 0 0)
(-2.98378610791318e+21 0 0)
(-2.9808278825466e+21 0 0)
(-2.97766958208602e+21 0 0)
(-2.97450129602936e+21 0 0)
(-2.97163537686277e+21 0 0)
(-2.96793265726873e+21 0 0)
(-2.96438029714401e+21 0 0)
(-2.96068173531962e+21 0 0)
(-2.95677873330907e+21 0 0)
(-2.95283634513669e+21 0 0)
(-2.94886164414467e+21 0 0)
(-2.94468425361789e+21 0 0)
(-2.94027160525446e+21 0 0)
(-2.93580288530669e+21 0 0)
(-2.9312036580195e+21 0 0)
(-2.92647701306528e+21 0 0)
(-2.92161829229323e+21 0 0)
(-2.91661848898877e+21 0 0)
(-2.91148875420578e+21 0 0)
(-2.90625336269009e+21 0 0)
(-2.90090122460643e+21 0 0)
(-2.89536979091847e+21 0 0)
(-2.88972999872334e+21 0 0)
(-2.88395952527359e+21 0 0)
(-2.87806106065818e+21 0 0)
(-2.87204461354604e+21 0 0)
(-2.86587561502208e+21 0 0)
(-2.85958390502172e+21 0 0)
(-2.85316655215592e+21 0 0)
(-2.84661777600763e+21 0 0)
(-2.83993878550429e+21 0 0)
(-2.83313128547401e+21 0 0)
(-2.82618945919919e+21 0 0)
(-2.81912141246417e+21 0 0)
(-2.81192370902548e+21 0 0)
(-2.80459572663891e+21 0 0)
(-2.79713839405051e+21 0 0)
(-2.78955177593695e+21 0 0)
(-2.78183604343925e+21 0 0)
(-2.77399138274464e+21 0 0)
(-2.76601799824087e+21 0 0)
(-2.75791611237291e+21 0 0)
(-2.74968596518407e+21 0 0)
(-2.7413278062624e+21 0 0)
(-2.73284182977601e+21 0 0)
(-2.72422815916446e+21 0 0)
(-2.71548830549729e+21 0 0)
(-2.70662335532855e+21 0 0)
(-2.69762883910252e+21 0 0)
(-2.6885044735243e+21 0 0)
(-2.67926071222593e+21 0 0)
(-2.66989061333319e+21 0 0)
(-2.66039449523752e+21 0 0)
(-2.65077399622086e+21 0 0)
(-2.64102938627631e+21 0 0)
(-2.63116108786394e+21 0 0)
(-2.62116956857755e+21 0 0)
(-2.61105530205949e+21 0 0)
(-2.60081876186135e+21 0 0)
(-2.59046046665431e+21 0 0)
(-2.57998091295808e+21 0 0)
(-2.56938062239748e+21 0 0)
(-2.55866014037651e+21 0 0)
(-2.54782001084967e+21 0 0)
(-2.53686078996561e+21 0 0)
(-2.52578305145452e+21 0 0)
(-2.51458737692991e+21 0 0)
(-2.50327434594941e+21 0 0)
(-2.49184456673697e+21 0 0)
(-2.48029864412026e+21 0 0)
(-2.4686371979824e+21 0 0)
(-2.45686085538809e+21 0 0)
(-2.4449702475314e+21 0 0)
(-2.43296602149625e+21 0 0)
(-2.42084882609522e+21 0 0)
(-2.40861931816929e+21 0 0)
(-2.39627816514828e+21 0 0)
(-2.38382603720635e+21 0 0)
(-2.37126361093678e+21 0 0)
(-2.35859157637081e+21 0 0)
(-2.34581062280133e+21 0 0)
(-2.33292144730741e+21 0 0)
(-2.31992475180322e+21 0 0)
(-2.30682124470062e+21 0 0)
(-2.29361163970432e+21 0 0)
(-2.28029665487444e+21 0 0)
(-2.26687701372151e+21 0 0)
(-2.25335344396827e+21 0 0)
(-2.23972667794786e+21 0 0)
(-2.22599745222608e+21 0 0)
(-2.21216650748874e+21 0 0)
(-2.19823458803949e+21 0 0)
(-2.18420244245853e+21 0 0)
(-2.17007082251122e+21 0 0)
(-2.15584048356402e+21 0 0)
(-2.14151218434836e+21 0 0)
(-2.1270866867037e+21 0 0)
(-2.11256475540836e+21 0 0)
(-2.09794715835605e+21 0 0)
(-2.08323466595012e+21 0 0)
(-2.06842805138663e+21 0 0)
(-2.05352809021742e+21 0 0)
(-2.03853556027288e+21 0 0)
(-2.02345124195177e+21 0 0)
(-2.00827591838092e+21 0 0)
(-1.99301037501326e+21 0 0)
(-1.97765539966643e+21 0 0)
(-1.96221178222063e+21 0 0)
(-1.94668031459966e+21 0 0)
(-1.9310617906128e+21 0 0)
(-1.91535700589491e+21 0 0)
(-1.89956675793595e+21 0 0)
(-1.88369184584152e+21 0 0)
(-1.86773307041657e+21 0 0)
(-1.85169123405095e+21 0 0)
(-1.83556714068888e+21 0 0)
(-1.81936159568777e+21 0 0)
(-1.8030754059522e+21 0 0)
(-1.78670937956621e+21 0 0)
(-1.77026432612764e+21 0 0)
(-1.75374105636912e+21 0 0)
(-1.73714038233475e+21 0 0)
(-1.7204631172155e+21 0 0)
(-1.70371007535152e+21 0 0)
(-1.68688207217696e+21 0 0)
(-1.66997992427177e+21 0 0)
(-1.65300444919418e+21 0 0)
(-1.63595646553479e+21 0 0)
(-1.61883679291364e+21 0 0)
(-1.60164625181573e+21 0 0)
(-1.58438566365861e+21 0 0)
(-1.5670558508769e+21 0 0)
(-1.54965763668412e+21 0 0)
(-1.53219184542865e+21 0 0)
(-1.51465930214943e+21 0 0)
(-1.49706083264515e+21 0 0)
(-1.47939726353434e+21 0 0)
(-1.46166942219077e+21 0 0)
(-1.44387813655824e+21 0 0)
(-1.42602423540982e+21 0 0)
(-1.40810854813861e+21 0 0)
(-1.39013190480489e+21 0 0)
(-1.37209513605746e+21 0 0)
(-1.35399907318278e+21 0 0)
(-1.33584454804961e+21 0 0)
(-1.31763239309824e+21 0 0)
(-1.29936344130779e+21 0 0)
(-1.28103852619341e+21 0 0)
(-1.26265848179543e+21 0 0)
(-1.24422414265382e+21 0 0)
(-1.22573634381233e+21 0 0)
(-1.20719592068407e+21 0 0)
(-1.18860370928274e+21 0 0)
(-1.16996054592582e+21 0 0)
(-1.15126726743192e+21 0 0)
(-1.13252471100076e+21 0 0)
(-1.11373371414145e+21 0 0)
(-1.09489511485511e+21 0 0)
(-1.07600975140536e+21 0 0)
(-1.05707846250069e+21 0 0)
(-1.03810208698684e+21 0 0)
(-1.01908146426459e+21 0 0)
(-1.00001743381354e+21 0 0)
(-9.80910835527979e+20 0 0)
(-9.61762509498473e+20 0 0)
(-9.4257329607431e+20 0 0)
(-9.23344035875586e+20 0 0)
(-9.04075569751218e+20 0 0)
(-8.84768738628062e+20 0 0)
(-8.65424383759057e+20 0 0)
(-8.46043346601058e+20 0 0)
(-8.2662646846142e+20 0 0)
(-8.07174590768042e+20 0 0)
(-7.87688557266095e+20 0 0)
(-7.68169208450752e+20 0 0)
(-7.48617371205955e+20 0 0)
(-7.29033912482122e+20 0 0)
(-7.09420016319592e+20 0 0)
(-6.89774621906686e+20 0 0)
(-6.70102943865991e+20 0 0)
(-6.50400581477001e+20 0 0)
(-6.30671442502714e+20 0 0)
(-6.10916204039811e+20 0 0)
(-5.91134772676574e+20 0 0)
(-5.71328654750619e+20 0 0)
(-5.51498421436043e+20 0 0)
(-5.31644914407628e+20 0 0)
(-5.11769161075634e+20 0 0)
(-4.91871818384229e+20 0 0)
(-4.7195381143316e+20 0 0)
(-4.52015968285896e+20 0 0)
(-4.32059131822149e+20 0 0)
(-4.1208414554876e+20 0 0)
(-3.92091852891347e+20 0 0)
(-3.72083097276821e+20 0 0)
(-3.52058722259497e+20 0 0)
(-3.32019571580639e+20 0 0)
(-3.11966488970899e+20 0 0)
(-2.9190031838617e+20 0 0)
(-2.71821903794452e+20 0 0)
(-2.51732089266912e+20 0 0)
(-2.3163171905052e+20 0 0)
(-2.11521637295817e+20 0 0)
(-1.91402688420471e+20 0 0)
(-1.71275716841348e+20 0 0)
(-1.51141566756648e+20 0 0)
(-1.31001083485006e+20 0 0)
(-1.10855114531973e+20 0 0)
(-9.07044763588157e+19 0 0)
(-7.05499881540173e+19 0 0)
(-5.03934779277377e+19 0 0)
(-3.02307106787049e+19 0 0)
(-1.00691182149671e+19 0 0)
(1.00853406123462e+19 0 0)
(3.02469362478543e+19 0 0)
(5.04096978355174e+19 0 0)
(7.05661961371464e+19 0 0)
(9.07206738931318e+19 0 0)
(1.1087129807593e+20 0 0)
(1.31017250251726e+20 0 0)
(1.51157714001242e+20 0 0)
(1.71291841744253e+20 0 0)
(1.91418788267008e+20 0 0)
(2.11537709247687e+20 0 0)
(2.31647760388095e+20 0 0)
(2.51748097201354e+20 0 0)
(2.71837875571894e+20 0 0)
(2.9191625126219e+20 0 0)
(3.1198238019974e+20 0 0)
(3.32035418425084e+20 0 0)
(3.52074521999475e+20 0 0)
(3.72098847182565e+20 0 0)
(3.92107550246561e+20 0 0)
(4.12099787636547e+20 0 0)
(4.32074715966597e+20 0 0)
(4.52031491789857e+20 0 0)
(4.71969271624132e+20 0 0)
(4.91887212578358e+20 0 0)
(5.11784486691338e+20 0 0)
(5.31660168289901e+20 0 0)
(5.51513602449582e+20 0 0)
(5.71343757792761e+20 0 0)
(5.91149797546144e+20 0 0)
(6.10931146729512e+20 0 0)
(6.30686300708862e+20 0 0)
(6.5041535326219e+20 0 0)
(6.70117625278782e+20 0 0)
(6.89789211975374e+20 0 0)
(7.09434511327253e+20 0 0)
(7.29048310393637e+20 0 0)
(7.48631669490347e+20 0 0)
(7.68183404488756e+20 0 0)
(7.87702648656545e+20 0 0)
(8.0718857504576e+20 0 0)
(8.26640343178868e+20 0 0)
(8.4605710930674e+20 0 0)
(8.65438032134676e+20 0 0)
(8.84782270222794e+20 0 0)
(9.04088982221174e+20 0 0)
(9.23357326929376e+20 0 0)
(9.42586463339527e+20 0 0)
(9.61775550692208e+20 0 0)
(9.80923748374118e+20 0 0)
(1.00003021608703e+21 0 0)
(1.01909411370071e+21 0 0)
(1.03811460144344e+21 0 0)
(1.05709083973314e+21 0 0)
(1.07602198933373e+21 0 0)
(1.09490721129454e+21 0 0)
(1.11374566702876e+21 0 0)
(1.13253651821024e+21 0 0)
(1.15127892696084e+21 0 0)
(1.16997205573513e+21 0 0)
(1.18861506733515e+21 0 0)
(1.20720712509027e+21 0 0)
(1.2257473925302e+21 0 0)
(1.24423503386756e+21 0 0)
(1.26266921357411e+21 0 0)
(1.281049096681e+21 0 0)
(1.29937384869815e+21 0 0)
(1.31764263556482e+21 0 0)
(1.33585462384743e+21 0 0)
(1.35400898053228e+21 0 0)
(1.37210487326023e+21 0 0)
(1.39014147015007e+21 0 0)
(1.40811794001729e+21 0 0)
(1.42603345214802e+21 0 0)
(1.44388717663038e+21 0 0)
(1.46167828397886e+21 0 0)
(1.47940594564178e+21 0 0)
(1.49706933348003e+21 0 0)
(1.51466762025563e+21 0 0)
(1.53219997944024e+21 0 0)
(1.54966558516538e+21 0 0)
(1.56706361247699e+21 0 0)
(1.58439323709707e+21 0 0)
(1.60165363576185e+21 0 0)
(1.61884398616792e+21 0 0)
(1.63596346688987e+21 0 0)
(1.65301125747838e+21 0 0)
(1.66998653836931e+21 0 0)
(1.68688849099839e+21 0 0)
(1.70371629784593e+21 0 0)
(1.72046914237027e+21 0 0)
(1.7371462091663e+21 0 0)
(1.75374668388491e+21 0 0)
(1.77026975339991e+21 0 0)
(1.78671460570096e+21 0 0)
(1.80308043005129e+21 0 0)
(1.81936641699051e+21 0 0)
(1.83557175839537e+21 0 0)
(1.85169564745326e+21 0 0)
(1.86773727881222e+21 0 0)
(1.88369584860107e+21 0 0)
(1.89957055442916e+21 0 0)
(1.91536059560238e+21 0 0)
(1.93106517290749e+21 0 0)
(1.94668348903802e+21 0 0)
(1.96221474828125e+21 0 0)
(1.97765815696798e+21 0 0)
(1.99301292315108e+21 0 0)
(2.00827825703465e+21 0 0)
(2.02345337082559e+21 0 0)
(2.03853747912692e+21 0 0)
(2.0535297988129e+21 0 0)
(2.06842954954251e+21 0 0)
(2.08323595358698e+21 0 0)
(2.09794823536221e+21 0 0)
(2.11256562171386e+21 0 0)
(2.12708734230452e+21 0 0)
(2.14151262937717e+21 0 0)
(2.1558407180202e+21 0 0)
(2.17007084651459e+21 0 0)
(2.1842022560452e+21 0 0)
(2.19823419147683e+21 0 0)
(2.2121659008548e+21 0 0)
(2.22599663586829e+21 0 0)
(2.23972565217697e+21 0 0)
(2.25335220910582e+21 0 0)
(2.26687557030338e+21 0 0)
(2.28029500331567e+21 0 0)
(2.29360978055045e+21 0 0)
(2.30681917836842e+21 0 0)
(2.31992247890415e+21 0 0)
(2.33291896846931e+21 0 0)
(2.34580793856967e+21 0 0)
(2.35858868746302e+21 0 0)
(2.37126051802145e+21 0 0)
(2.38382274102783e+21 0 0)
(2.39627466662382e+21 0 0)
(2.4086156180004e+21 0 0)
(2.42084492534762e+21 0 0)
(2.43296192097496e+21 0 0)
(2.44496594838537e+21 0 0)
(2.45685635852427e+21 0 0)
(2.4686325044417e+21 0 0)
(2.48029375513426e+21 0 0)
(2.49183948320644e+21 0 0)
(2.50326906916648e+21 0 0)
(2.51458190805124e+21 0 0)
(2.52577739170733e+21 0 0)
(2.5368549406536e+21 0 0)
(2.54781397333289e+21 0 0)
(2.5586539159032e+21 0 0)
(2.56937421252181e+21 0 0)
(2.57997431904107e+21 0 0)
(2.59045369020018e+21 0 0)
(2.60081180449968e+21 0 0)
(2.61104816522764e+21 0 0)
(2.62116225401049e+21 0 0)
(2.63115359708208e+21 0 0)
(2.64102172102555e+21 0 0)
(2.65076615811826e+21 0 0)
(2.6603864861629e+21 0 0)
(2.66988243499734e+21 0 0)
(2.67925236613123e+21 0 0)
(2.68849596244888e+21 0 0)
(2.69762016406207e+21 0 0)
(2.7066145188736e+21 0 0)
(2.71547930986326e+21 0 0)
(2.72421900710767e+21 0 0)
(2.73283252354141e+21 0 0)
(2.74131834830898e+21 0 0)
(2.74967635762237e+21 0 0)
(2.75790635797154e+21 0 0)
(2.76600809901583e+21 0 0)
(2.77398134105003e+21 0 0)
(2.78182586173274e+21 0 0)
(2.78954145649682e+21 0 0)
(2.79712793944149e+21 0 0)
(2.80458513926962e+21 0 0)
(2.81191299145867e+21 0 0)
(2.81911056706829e+21 0 0)
(2.82617848897499e+21 0 0)
(2.83312019270091e+21 0 0)
(2.83992757333379e+21 0 0)
(2.84660644720351e+21 0 0)
(2.85315510949758e+21 0 0)
(2.85957235128285e+21 0 0)
(2.86586395299346e+21 0 0)
(2.87203284508894e+21 0 0)
(2.87804918847077e+21 0 0)
(2.88394755206644e+21 0 0)
(2.88971792769201e+21 0 0)
(2.8953576255308e+21 0 0)
(2.9008889678079e+21 0 0)
(2.90624101693979e+21 0 0)
(2.9114763235824e+21 0 0)
(2.9166059736668e+21 0 0)
(2.92160569384199e+21 0 0)
(2.92646433268951e+21 0 0)
(2.93119089993898e+21 0 0)
(2.93579005247815e+21 0 0)
(2.94025870200617e+21 0 0)
(2.94467128455482e+21 0 0)
(2.94884860824377e+21 0 0)
(2.95282324889091e+21 0 0)
(2.9567655774265e+21 0 0)
(2.96066852168589e+21 0 0)
(2.96436702847489e+21 0 0)
(2.96791933965039e+21 0 0)
(2.97162201467299e+21 0 0)
(2.97448788792805e+21 0 0)
(2.97765613932523e+21 0 0)
(2.98081440974008e+21 0 0)
(2.98377259906829e+21 0 0)
(2.98687000999699e+21 0 0)
(2.98903711026538e+21 0 0)
(2.99146658942448e+21 0 0)
(2.99396395018817e+21 0 0)
(2.99669170864685e+21 0 0)
(2.99839340528573e+21 0 0)
(3.00003472379583e+21 0 0)
(3.00232160602887e+21 0 0)
(3.00450554651878e+21 0 0)
(3.00507735014707e+21 0 0)
(3.00683451978301e+21 0 0)
(3.00931387268333e+21 0 0)
(3.0090050379999e+21 0 0)
(3.01055567349543e+21 0 0)
(3.01274356489812e+21 0 0)
(3.01203688302968e+21 0 0)
(3.013426042168e+21 0 0)
(3.01500696266935e+21 0 0)
(3.01437127704883e+21 0 0)
(3.01530380562351e+21 0 0)
(3.01638068234927e+21 0 0)
(3.01625915667441e+21 0 0)
(3.01596566066726e+21 0 0)
(3.01759494314323e+21 0 0)
(3.01663745497293e+21 0 0)
(3.01770914922604e+21 0 0)
(3.01615527589275e+21 0 0)
(3.01884684932081e+21 0 0)
(3.01560054704914e+21 0 0)
(3.01991461887165e+21 0 0)
(3.01378941519872e+21 0 0)
(3.02174159667821e+21 0 0)
(3.01174347687945e+21 0 0)
(3.02405511730797e+21 0 0)
(3.00881609997157e+21 0 0)
(3.02787113794133e+21 0 0)
(2.96850033997888e+21 0 0)
)
;

boundaryField
{
    electrode
    {
        type            calculated;
        value           uniform (-3.01716000877325e+21 0 0);
    }
    ground
    {
        type            calculated;
        value           uniform (3.01714633119391e+21 0 0);
    }
    otherfaces
    {
        type            empty;
    }
}


// ************************************************************************* //
