/*--------------------------------*- C++ -*----------------------------------*\
| =========                 |                                                 |
| \\      /  F ield         | foam-extend: Open Source CFD                    |
|  \\    /   O peration     | Version:     4.1                                |
|   \\  /    A nd           | Web:         http://www.foam-extend.org         |
|    \\/     M anipulation  |                                                 |
\*---------------------------------------------------------------------------*/
FoamFile
{
    version     2.0;
    format      ascii;
    class       volVectorField;
    location    "1.50009999935002e-05";
    object      totalElectronFlux;
}
// * * * * * * * * * * * * * * * * * * * * * * * * * * * * * * * * * * * * * //

dimensions      [0 -2 0 0 0 1 0];

internalField   nonuniform List<vector> 
500
(
(320.572154871586 0 0)
(372.063829012427 0 0)
(446.353215587023 0 0)
(532.772889766555 0 0)
(626.748325654767 0 0)
(717.39702361049 0 0)
(788.105829939748 0 0)
(814.51269926031 0 0)
(766.827904098289 0 0)
(606.398726168657 0 0)
(295.229143092147 0 0)
(-200.131935189862 0 0)
(-898.529906948582 0 0)
(-1818.57965008079 0 0)
(-2961.15041214504 0 0)
(-4285.2205182023 0 0)
(-5746.69734001851 0 0)
(-7331.64580162642 0 0)
(-8961.27758188398 0 0)
(-10563.6135272557 0 0)
(-12160.1094533302 0 0)
(-13682.056221183 0 0)
(-15059.8964524887 0 0)
(-16383.7186415951 0 0)
(-17590.2398415689 0 0)
(-18615.6369390664 0 0)
(-19594.8859541256 0 0)
(-20475.3124832098 0 0)
(-21176.7646792221 0 0)
(-21827.2165955801 0 0)
(-22427.5846305267 0 0)
(-22880.1544259924 0 0)
(-23238.3915821676 0 0)
(-23595.1153671983 0 0)
(-23905.8239944233 0 0)
(-24096.925975438 0 0)
(-24214.0738313541 0 0)
(-24344.6757899538 0 0)
(-24485.4494076934 0 0)
(-24585.2592869523 0 0)
(-24604.5480567889 0 0)
(-24577.2029602986 0 0)
(-24574.3718892068 0 0)
(-24589.2426005693 0 0)
(-24600.0560763347 0 0)
(-24601.096895762 0 0)
(-24570.5802242642 0 0)
(-24511.6656857886 0 0)
(-24459.0205024783 0 0)
(-24423.2166333499 0 0)
(-24390.9732779342 0 0)
(-24356.3817656193 0 0)
(-24320.7329593868 0 0)
(-24286.0601068895 0 0)
(-24252.7693517715 0 0)
(-24215.9994644016 0 0)
(-24172.7493192309 0 0)
(-24130.6608432763 0 0)
(-24094.8120208682 0 0)
(-24061.6384682038 0 0)
(-24028.3988067154 0 0)
(-23994.5568856107 0 0)
(-23962.0542948029 0 0)
(-23932.8145860328 0 0)
(-23904.8339070402 0 0)
(-23876.7261502561 0 0)
(-23849.0601792574 0 0)
(-23822.0503899995 0 0)
(-23796.1444686519 0 0)
(-23771.3256684351 0 0)
(-23746.9060618372 0 0)
(-23722.8684502319 0 0)
(-23699.5283294154 0 0)
(-23676.8740973083 0 0)
(-23654.8749056158 0 0)
(-23633.520569257 0 0)
(-23612.7882807417 0 0)
(-23592.6626532053 0 0)
(-23573.1088720154 0 0)
(-23554.0989217675 0 0)
(-23535.6436642293 0 0)
(-23517.7172941392 0 0)
(-23500.1628815105 0 0)
(-23482.6953210489 0 0)
(-23466.2164590868 0 0)
(-23451.7041971134 0 0)
(-23437.6587842509 0 0)
(-23422.9570615222 0 0)
(-23408.3041984452 0 0)
(-23394.0818521835 0 0)
(-23380.2621533165 0 0)
(-23366.8275616226 0 0)
(-23353.7637576613 0 0)
(-23341.0622654082 0 0)
(-23328.7094920326 0 0)
(-23316.6950387877 0 0)
(-23305.0122402085 0 0)
(-23293.6453004549 0 0)
(-23282.5912255268 0 0)
(-23271.8346500852 0 0)
(-23261.3738840224 0 0)
(-23251.195287278 0 0)
(-23241.2923944406 0 0)
(-23231.659226285 0 0)
(-23222.2866045879 0 0)
(-23213.1699573985 0 0)
(-23204.2961735053 0 0)
(-23195.6682210412 0 0)
(-23187.2710221449 0 0)
(-23179.1039254446 0 0)
(-23171.1569569438 0 0)
(-23163.4316880556 0 0)
(-23155.9111532515 0 0)
(-23148.6014536678 0 0)
(-23141.491043032 0 0)
(-23134.5756129295 0 0)
(-23127.8526254987 0 0)
(-23121.3150317691 0 0)
(-23114.9603867873 0 0)
(-23108.7834834376 0 0)
(-23102.7800539618 0 0)
(-23096.945811727 0 0)
(-23091.2786671726 0 0)
(-23085.7730643169 0 0)
(-23080.4249826784 0 0)
(-23075.2318478668 0 0)
(-23070.1910789089 0 0)
(-23065.2988356684 0 0)
(-23060.5500815532 0 0)
(-23055.9437244019 0 0)
(-23051.4777685468 0 0)
(-23047.1467830953 0 0)
(-23042.9473276307 0 0)
(-23038.882358592 0 0)
(-23034.9415838754 0 0)
(-23031.1278318176 0 0)
(-23027.4368806795 0 0)
(-23023.8669546384 0 0)
(-23020.4141088126 0 0)
(-23017.0786931022 0 0)
(-23013.8547907739 0 0)
(-23010.7442960378 0 0)
(-23007.7418287474 0 0)
(-23004.8500097487 0 0)
(-23002.0594159186 0 0)
(-22999.3749117139 0 0)
(-22996.7932593501 0 0)
(-22994.3097135238 0 0)
(-22991.9248623525 0 0)
(-22989.6383421357 0 0)
(-22987.443404236 0 0)
(-22985.3456015126 0 0)
(-22983.337603268 0 0)
(-22981.4205920996 0 0)
(-22979.5924954395 0 0)
(-22977.8515345323 0 0)
(-22976.1976171527 0 0)
(-22974.626919112 0 0)
(-22973.1417683757 0 0)
(-22971.7364568996 0 0)
(-22970.4151310836 0 0)
(-22969.1699389561 0 0)
(-22968.0051855808 0 0)
(-22966.9185096751 0 0)
(-22965.906365378 0 0)
(-22964.9711364846 0 0)
(-22964.1074418584 0 0)
(-22963.3194187808 0 0)
(-22962.6014404929 0 0)
(-22961.9556338722 0 0)
(-22961.3794762812 0 0)
(-22960.8720179082 0 0)
(-22960.4331274079 0 0)
(-22960.0618946473 0 0)
(-22959.7551246776 0 0)
(-22959.517243669 0 0)
(-22959.3399441461 0 0)
(-22959.230114308 0 0)
(-22959.1823742349 0 0)
(-22959.1943171447 0 0)
(-22959.2722949942 0 0)
(-22959.4071031106 0 0)
(-22959.6039847545 0 0)
(-22959.8591846549 0 0)
(-22960.1733855996 0 0)
(-22960.5455455812 0 0)
(-22960.9753832626 0 0)
(-22961.4606347106 0 0)
(-22962.002722736 0 0)
(-22962.6007790411 0 0)
(-22963.251496346 0 0)
(-22963.9591029767 0 0)
(-22964.7177949081 0 0)
(-22965.5295138809 0 0)
(-22966.396744033 0 0)
(-22967.3108853431 0 0)
(-22968.2819038018 0 0)
(-22969.2978329876 0 0)
(-22970.3688629288 0 0)
(-22971.487090895 0 0)
(-22972.6547021265 0 0)
(-22973.8710158902 0 0)
(-22975.1368855834 0 0)
(-22976.4500893534 0 0)
(-22977.8090246803 0 0)
(-22979.2162883462 0 0)
(-22980.670109479 0 0)
(-22982.170647383 0 0)
(-22983.7146083751 0 0)
(-22985.3050362152 0 0)
(-22986.9410056717 0 0)
(-22988.6199182925 0 0)
(-22990.3418283242 0 0)
(-22992.1284027269 0 0)
(-22993.9874134716 0 0)
(-22995.7657397547 0 0)
(-22997.586266905 0 0)
(-22999.6421169054 0 0)
(-23001.6905361234 0 0)
(-23003.6940765226 0 0)
(-23005.7721101596 0 0)
(-23007.8887521637 0 0)
(-23010.0443043889 0 0)
(-23012.2423467974 0 0)
(-23014.4825109119 0 0)
(-23016.7605514379 0 0)
(-23019.0794239345 0 0)
(-23021.4416254588 0 0)
(-23023.8357130609 0 0)
(-23026.2776126415 0 0)
(-23028.7607395525 0 0)
(-23031.2766122332 0 0)
(-23033.831800071 0 0)
(-23036.4291227281 0 0)
(-23039.0686535749 0 0)
(-23041.743928218 0 0)
(-23044.4569335082 0 0)
(-23047.2109408388 0 0)
(-23050.0022799363 0 0)
(-23052.8319242453 0 0)
(-23055.7021940691 0 0)
(-23058.6074395305 0 0)
(-23061.5523666492 0 0)
(-23064.5362152133 0 0)
(-23067.5561599999 0 0)
(-23070.6140999461 0 0)
(-23073.7025282683 0 0)
(-23076.8866386099 0 0)
(-23079.983156159 0 0)
(-23083.1207263032 0 0)
(-23086.3820049448 0 0)
(-23089.6170985392 0 0)
(-23093.0065683073 0 0)
(-23096.4411273115 0 0)
(-23099.834489477 0 0)
(-23103.2666390918 0 0)
(-23106.7387348286 0 0)
(-23110.2461891692 0 0)
(-23113.7929963344 0 0)
(-23117.3746030972 0 0)
(-23120.9945594313 0 0)
(-23124.652389115 0 0)
(-23128.3461215964 0 0)
(-23132.0760596995 0 0)
(-23135.8439862181 0 0)
(-23139.6481302027 0 0)
(-23143.4908910346 0 0)
(-23147.3713627419 0 0)
(-23151.2825327798 0 0)
(-23155.2280876753 0 0)
(-23159.2026442314 0 0)
(-23163.21275802 0 0)
(-23167.2559509454 0 0)
(-23171.3368542766 0 0)
(-23175.4462788378 0 0)
(-23179.5919054232 0 0)
(-23183.7696473924 0 0)
(-23187.9833742167 0 0)
(-23192.2295064824 0 0)
(-23196.5091624226 0 0)
(-23200.8250854301 0 0)
(-23205.1404477678 0 0)
(-23209.5914565753 0 0)
(-23214.1285096668 0 0)
(-23218.4845971294 0 0)
(-23222.8739506104 0 0)
(-23227.4357718383 0 0)
(-23232.0082895761 0 0)
(-23236.5865053327 0 0)
(-23241.205461116 0 0)
(-23245.8584608411 0 0)
(-23250.5487213751 0 0)
(-23255.2732112268 0 0)
(-23260.0362279534 0 0)
(-23264.8337527151 0 0)
(-23269.6704346794 0 0)
(-23274.5417150695 0 0)
(-23279.4515497616 0 0)
(-23284.3969299994 0 0)
(-23289.3821994519 0 0)
(-23294.4048547338 0 0)
(-23299.463873435 0 0)
(-23304.5639518608 0 0)
(-23309.7007918634 0 0)
(-23314.8757028844 0 0)
(-23320.092678363 0 0)
(-23325.3467428065 0 0)
(-23330.642623542 0 0)
(-23335.976876303 0 0)
(-23341.3526333729 0 0)
(-23346.7695782249 0 0)
(-23352.2273427111 0 0)
(-23357.7254215297 0 0)
(-23363.2677611921 0 0)
(-23368.8520604993 0 0)
(-23374.4773780559 0 0)
(-23380.1483141199 0 0)
(-23385.8611837601 0 0)
(-23391.6195685707 0 0)
(-23397.4221144726 0 0)
(-23403.2694949429 0 0)
(-23409.1629073728 0 0)
(-23415.1025657097 0 0)
(-23421.0890168111 0 0)
(-23427.1222222817 0 0)
(-23433.2038196658 0 0)
(-23439.3345331103 0 0)
(-23445.5121646574 0 0)
(-23451.7424184238 0 0)
(-23458.020391247 0 0)
(-23464.3511587726 0 0)
(-23470.7331093982 0 0)
(-23477.1676475732 0 0)
(-23483.6545602644 0 0)
(-23490.1966885649 0 0)
(-23496.7934551802 0 0)
(-23503.4447888704 0 0)
(-23510.1523552393 0 0)
(-23516.9197525806 0 0)
(-23523.741830232 0 0)
(-23530.6258842988 0 0)
(-23537.5682379445 0 0)
(-23544.5724219373 0 0)
(-23551.6374758432 0 0)
(-23558.7674500219 0 0)
(-23565.9598260113 0 0)
(-23573.2192622181 0 0)
(-23580.5427122211 0 0)
(-23587.9357898478 0 0)
(-23595.3972665042 0 0)
(-23602.9279933765 0 0)
(-23610.5314998507 0 0)
(-23618.2084148118 0 0)
(-23625.9568749813 0 0)
(-23633.7833799136 0 0)
(-23641.6860289525 0 0)
(-23649.6689659601 0 0)
(-23657.7303434573 0 0)
(-23665.8746474163 0 0)
(-23674.1027380845 0 0)
(-23682.416568766 0 0)
(-23690.8166736143 0 0)
(-23699.3078314746 0 0)
(-23707.8893847908 0 0)
(-23716.5628975433 0 0)
(-23725.3340274576 0 0)
(-23734.2016790553 0 0)
(-23743.1689233291 0 0)
(-23752.2383163389 0 0)
(-23761.413629406 0 0)
(-23770.6946661759 0 0)
(-23780.0860168066 0 0)
(-23789.5893032697 0 0)
(-23799.2082829371 0 0)
(-23808.9457197304 0 0)
(-23818.8045000075 0 0)
(-23828.7857797858 0 0)
(-23838.8967374969 0 0)
(-23849.1377294317 0 0)
(-23859.5128059619 0 0)
(-23870.0271895001 0 0)
(-23880.681377038 0 0)
(-23891.4826447844 0 0)
(-23902.4332307966 0 0)
(-23913.5370100976 0 0)
(-23924.7985750899 0 0)
(-23936.2233045166 0 0)
(-23947.8117902959 0 0)
(-23959.5747806843 0 0)
(-23971.5120212148 0 0)
(-23983.6221951923 0 0)
(-23995.9600948354 0 0)
(-24008.4258188215 0 0)
(-24021.1131642297 0 0)
(-24034.0208971416 0 0)
(-24047.1447831397 0 0)
(-24060.4975176819 0 0)
(-24074.0792543818 0 0)
(-24087.8971418107 0 0)
(-24101.9611517195 0 0)
(-24116.2752873889 0 0)
(-24130.8502256963 0 0)
(-24145.6926859489 0 0)
(-24160.8134982672 0 0)
(-24176.2218871656 0 0)
(-24191.9251810833 0 0)
(-24207.9393930869 0 0)
(-24224.2706741921 0 0)
(-24240.9356689367 0 0)
(-24257.9414985568 0 0)
(-24275.3073643267 0 0)
(-24293.0424065571 0 0)
(-24311.13403655 0 0)
(-24329.9652657716 0 0)
(-24350.2221850797 0 0)
(-24370.9260090016 0 0)
(-24390.7061923366 0 0)
(-24410.4932392933 0 0)
(-24431.163437918 0 0)
(-24452.5133145101 0 0)
(-24474.4609926438 0 0)
(-24497.0117702987 0 0)
(-24520.1896327321 0 0)
(-24544.0143952201 0 0)
(-24568.5201345025 0 0)
(-24593.7364735775 0 0)
(-24619.6946381591 0 0)
(-24646.440660016 0 0)
(-24674.0070794177 0 0)
(-24702.4380865268 0 0)
(-24732.0914526112 0 0)
(-24763.035217911 0 0)
(-24794.725901617 0 0)
(-24827.2170563425 0 0)
(-24860.9792535158 0 0)
(-24896.3269696633 0 0)
(-24933.9740666595 0 0)
(-24972.4963610103 0 0)
(-25009.8622421917 0 0)
(-25048.2712052568 0 0)
(-25089.8516869518 0 0)
(-25134.0496230095 0 0)
(-25178.2679877785 0 0)
(-25219.0785726724 0 0)
(-25261.1622893617 0 0)
(-25311.6955982603 0 0)
(-25367.7484436296 0 0)
(-25424.5170418827 0 0)
(-25482.1491732575 0 0)
(-25542.2034061276 0 0)
(-25605.2683185609 0 0)
(-25664.7415283438 0 0)
(-25706.3798025761 0 0)
(-25738.3122736936 0 0)
(-25793.0370899033 0 0)
(-25872.8892474698 0 0)
(-25952.364873028 0 0)
(-26022.2949879364 0 0)
(-26056.5494365948 0 0)
(-26043.4334590246 0 0)
(-26047.1090002373 0 0)
(-26093.0457851818 0 0)
(-26134.2614025403 0 0)
(-26109.8708732096 0 0)
(-26005.6919932929 0 0)
(-25895.2443022427 0 0)
(-25810.4367259059 0 0)
(-25662.3333348393 0 0)
(-25391.2589570565 0 0)
(-25073.1061383742 0 0)
(-24744.0229344837 0 0)
(-24287.6965063085 0 0)
(-23689.8549384605 0 0)
(-23068.6491857985 0 0)
(-22328.8335426858 0 0)
(-21407.9286462292 0 0)
(-20448.197401145 0 0)
(-19387.7626314592 0 0)
(-18175.3669981824 0 0)
(-16940.3206785255 0 0)
(-15655.5804486977 0 0)
(-14303.7242090634 0 0)
(-12986.7321129666 0 0)
(-11706.8666820908 0 0)
(-10451.6034775835 0 0)
(-9285.91308963418 0 0)
(-8220.0493423528 0 0)
(-7235.53476933057 0 0)
(-6342.79821568713 0 0)
(-5552.89329069564 0 0)
(-4849.33877627759 0 0)
(-4223.15763922097 0 0)
(-3666.63018217606 0 0)
(-3180.7872637901 0 0)
(-2757.57860136257 0 0)
(-2393.20233566458 0 0)
(-2082.30224380755 0 0)
(-1822.49460096372 0 0)
(-1606.84332331882 0 0)
(-1451.81730221764 0 0)
)
;

boundaryField
{
    electrode
    {
        type            calculated;
        value           uniform (161.097365538437 0 0);
    }
    ground
    {
        type            calculated;
        value           uniform (-1021.20998579733 0 0);
    }
    otherfaces
    {
        type            empty;
    }
}


// ************************************************************************* //
