/*--------------------------------*- C++ -*----------------------------------*\
| =========                 |                                                 |
| \\      /  F ield         | foam-extend: Open Source CFD                    |
|  \\    /   O peration     | Version:     4.1                                |
|   \\  /    A nd           | Web:         http://www.foam-extend.org         |
|    \\/     M anipulation  |                                                 |
\*---------------------------------------------------------------------------*/
FoamFile
{
    version     2.0;
    format      ascii;
    class       volVectorField;
    location    "2.50010000204314e-05";
    object      Flux_electronMean;
}
// * * * * * * * * * * * * * * * * * * * * * * * * * * * * * * * * * * * * * //

dimensions      [0 -2 -1 0 0 0 0];

internalField   nonuniform List<vector> 
500
(
(-2.68026536011329e+22 0 0)
(1.75548893875492e+22 0 0)
(4.91183592372671e+22 0 0)
(4.65077966980831e+22 0 0)
(-7.00375243488296e+22 0 0)
(-1.2693191460374e+23 0 0)
(-1.32394329137263e+23 0 0)
(-6.04718812009774e+22 0 0)
(-5.99607801147477e+22 0 0)
(-2.52020438159868e+22 0 0)
(-2.92804475826234e+22 0 0)
(-1.31174460532917e+22 0 0)
(-1.65670078788135e+22 0 0)
(-9.13246149003671e+21 0 0)
(-1.06137076803943e+22 0 0)
(-7.04279547782189e+21 0 0)
(-8.05643899560564e+21 0 0)
(-6.29411904667458e+21 0 0)
(-6.82072656362041e+21 0 0)
(-5.84278586956839e+21 0 0)
(-6.07508583061517e+21 0 0)
(-5.51116387807414e+21 0 0)
(-5.59280586954737e+21 0 0)
(-5.25470564598688e+21 0 0)
(-5.26301518965291e+21 0 0)
(-5.05095431930502e+21 0 0)
(-5.02597965833573e+21 0 0)
(-4.88599270928311e+21 0 0)
(-4.8478333659445e+21 0 0)
(-4.75018149839817e+21 0 0)
(-4.70847229441343e+21 0 0)
(-4.63644428236436e+21 0 0)
(-4.59556377445707e+21 0 0)
(-4.53959765849063e+21 0 0)
(-4.50125832839336e+21 0 0)
(-4.4557195740828e+21 0 0)
(-4.42037057983593e+21 0 0)
(-4.38183866035247e+21 0 0)
(-4.34935558314183e+21 0 0)
(-4.31570027411255e+21 0 0)
(-4.28575910871324e+21 0 0)
(-4.25560877108615e+21 0 0)
(-4.2278186352506e+21 0 0)
(-4.20024636301581e+21 0 0)
(-4.17423381904328e+21 0 0)
(-4.14859980316384e+21 0 0)
(-4.12403508674118e+21 0 0)
(-4.09988011890401e+21 0 0)
(-4.07648243470877e+21 0 0)
(-4.05346736584483e+21 0 0)
(-4.03100280621632e+21 0 0)
(-4.00887089630283e+21 0 0)
(-3.98714676284294e+21 0 0)
(-3.96569984223483e+21 0 0)
(-3.94455832908911e+21 0 0)
(-3.92364105622928e+21 0 0)
(-3.90295326574159e+21 0 0)
(-3.88244236103577e+21 0 0)
(-3.8621030622621e+21 0 0)
(-3.8418998503965e+21 0 0)
(-3.82182325375074e+21 0 0)
(-3.80184822681518e+21 0 0)
(-3.78196433165671e+21 0 0)
(-3.76215320120927e+21 0 0)
(-3.74240490180782e+21 0 0)
(-3.72270561472564e+21 0 0)
(-3.70304640355336e+21 0 0)
(-3.68341671839075e+21 0 0)
(-3.66380890193268e+21 0 0)
(-3.64421460142801e+21 0 0)
(-3.62462750392709e+21 0 0)
(-3.60504103528643e+21 0 0)
(-3.58544997194479e+21 0 0)
(-3.56584925616788e+21 0 0)
(-3.54623451344107e+21 0 0)
(-3.52660188975455e+21 0 0)
(-3.50694797943044e+21 0 0)
(-3.48726967733392e+21 0 0)
(-3.46756432692253e+21 0 0)
(-3.44782964489851e+21 0 0)
(-3.42806365775055e+21 0 0)
(-3.4082645935314e+21 0 0)
(-3.38843105290852e+21 0 0)
(-3.36856178580226e+21 0 0)
(-3.34865589917808e+21 0 0)
(-3.32871254527065e+21 0 0)
(-3.30873114266799e+21 0 0)
(-3.28871128729281e+21 0 0)
(-3.26865271505908e+21 0 0)
(-3.24855526536335e+21 0 0)
(-3.22841903067631e+21 0 0)
(-3.20824404989141e+21 0 0)
(-3.18803056919062e+21 0 0)
(-3.16777904349199e+21 0 0)
(-3.14748979663451e+21 0 0)
(-3.12716338610779e+21 0 0)
(-3.10680040718845e+21 0 0)
(-3.08640154150154e+21 0 0)
(-3.06596743018774e+21 0 0)
(-3.04549894819985e+21 0 0)
(-3.02499683975013e+21 0 0)
(-3.00446205871571e+21 0 0)
(-2.98389544122257e+21 0 0)
(-2.96329800843674e+21 0 0)
(-2.94267075924671e+21 0 0)
(-2.92201459692791e+21 0 0)
(-2.90133066395997e+21 0 0)
(-2.88061999033022e+21 0 0)
(-2.8598836039021e+21 0 0)
(-2.83912269156344e+21 0 0)
(-2.81833828292427e+21 0 0)
(-2.7975315229806e+21 0 0)
(-2.77670348365955e+21 0 0)
(-2.75585531483e+21 0 0)
(-2.73498824917038e+21 0 0)
(-2.71410323966125e+21 0 0)
(-2.69320151569778e+21 0 0)
(-2.67228417871494e+21 0 0)
(-2.65135237519116e+21 0 0)
(-2.63040722209789e+21 0 0)
(-2.60944981267801e+21 0 0)
(-2.58848116447286e+21 0 0)
(-2.5675025893963e+21 0 0)
(-2.54651523218311e+21 0 0)
(-2.525519403079e+21 0 0)
(-2.50451706508523e+21 0 0)
(-2.48350917404715e+21 0 0)
(-2.46249541726457e+21 0 0)
(-2.44147954037906e+21 0 0)
(-2.42046113964482e+21 0 0)
(-2.39943978478902e+21 0 0)
(-2.37841807777796e+21 0 0)
(-2.35739650379577e+21 0 0)
(-2.33637629237784e+21 0 0)
(-2.31535789937507e+21 0 0)
(-2.29434263081889e+21 0 0)
(-2.27333131373851e+21 0 0)
(-2.25232470097423e+21 0 0)
(-2.23132359369019e+21 0 0)
(-2.21032893898108e+21 0 0)
(-2.18934161928816e+21 0 0)
(-2.16836223019857e+21 0 0)
(-2.14739181338098e+21 0 0)
(-2.1264309009149e+21 0 0)
(-2.10548024563966e+21 0 0)
(-2.08454041886973e+21 0 0)
(-2.06361219861373e+21 0 0)
(-2.04269631855336e+21 0 0)
(-2.02179367163238e+21 0 0)
(-2.00090455246646e+21 0 0)
(-1.98002956886368e+21 0 0)
(-1.95916921309905e+21 0 0)
(-1.93832408800707e+21 0 0)
(-1.91749448678766e+21 0 0)
(-1.89668069338673e+21 0 0)
(-1.87588387356902e+21 0 0)
(-1.85510469350193e+21 0 0)
(-1.83434351230263e+21 0 0)
(-1.81360076540093e+21 0 0)
(-1.79287693173623e+21 0 0)
(-1.77217233932422e+21 0 0)
(-1.75148738894759e+21 0 0)
(-1.7308224175712e+21 0 0)
(-1.71017776246134e+21 0 0)
(-1.68955368763453e+21 0 0)
(-1.66895056667802e+21 0 0)
(-1.64836854320927e+21 0 0)
(-1.62780803260592e+21 0 0)
(-1.60726917879555e+21 0 0)
(-1.5867522185417e+21 0 0)
(-1.56625743787237e+21 0 0)
(-1.54578491190747e+21 0 0)
(-1.52533486555146e+21 0 0)
(-1.50490751657811e+21 0 0)
(-1.48450288435413e+21 0 0)
(-1.46412117762264e+21 0 0)
(-1.44376251930544e+21 0 0)
(-1.42342690804261e+21 0 0)
(-1.40311453800941e+21 0 0)
(-1.38282538710881e+21 0 0)
(-1.36255962395917e+21 0 0)
(-1.34231696185301e+21 0 0)
(-1.3220976066749e+21 0 0)
(-1.30190164292517e+21 0 0)
(-1.28172898105291e+21 0 0)
(-1.26157952380001e+21 0 0)
(-1.24145333047801e+21 0 0)
(-1.22135029857629e+21 0 0)
(-1.20127028516199e+21 0 0)
(-1.18121330763142e+21 0 0)
(-1.16117924580381e+21 0 0)
(-1.14116782337376e+21 0 0)
(-1.12117917561166e+21 0 0)
(-1.10121290627963e+21 0 0)
(-1.08126898336689e+21 0 0)
(-1.06134722592475e+21 0 0)
(-1.04144740490008e+21 0 0)
(-1.02156944185485e+21 0 0)
(-1.00171290005517e+21 0 0)
(-9.81877837469809e+20 0 0)
(-9.62063785756459e+20 0 0)
(-9.42270622055417e+20 0 0)
(-9.22498075416456e+20 0 0)
(-9.02745957731463e+20 0 0)
(-8.83013831740252e+20 0 0)
(-8.63301500849775e+20 0 0)
(-8.43608658805959e+20 0 0)
(-8.23934981821959e+20 0 0)
(-8.04280070357714e+20 0 0)
(-7.84643801472736e+20 0 0)
(-7.65025847812324e+20 0 0)
(-7.45425837138662e+20 0 0)
(-7.25843020710264e+20 0 0)
(-7.06277289699923e+20 0 0)
(-6.86727905694053e+20 0 0)
(-6.67194987416004e+20 0 0)
(-6.47677713818059e+20 0 0)
(-6.28176014421345e+20 0 0)
(-6.08689199908503e+20 0 0)
(-5.8921845822027e+20 0 0)
(-5.6976243231755e+20 0 0)
(-5.50323742597095e+20 0 0)
(-5.30901049745943e+20 0 0)
(-5.1150203377823e+20 0 0)
(-4.92133961269378e+20 0 0)
(-4.72784477253478e+20 0 0)
(-4.53409757493688e+20 0 0)
(-4.34032403592302e+20 0 0)
(-4.14640856648948e+20 0 0)
(-3.9526646531468e+20 0 0)
(-3.75866219534178e+20 0 0)
(-3.56489489842564e+20 0 0)
(-3.37140707425625e+20 0 0)
(-3.17865754044453e+20 0 0)
(-2.98547598638555e+20 0 0)
(-2.79332383353697e+20 0 0)
(-2.60010598989134e+20 0 0)
(-2.4083127877573e+20 0 0)
(-2.21405366431334e+20 0 0)
(-2.02286014837158e+20 0 0)
(-1.82769844902573e+20 0 0)
(-1.63793990011457e+20 0 0)
(-1.43778744528868e+20 0 0)
(-1.21573159903276e+20 0 0)
(-1.07415783860064e+20 0 0)
(-8.83366791789933e+19 0 0)
(-6.98364441487868e+19 0 0)
(-4.91678606370029e+19 0 0)
(-2.97411550696293e+19 0 0)
(-1.40314035871294e+19 0 0)
(1.40300897447756e+19 0 0)
(2.97400198418717e+19 0 0)
(4.91666175419355e+19 0 0)
(6.98350877116802e+19 0 0)
(8.83356343721809e+19 0 0)
(1.07414591263821e+20 0 0)
(1.21572203624486e+20 0 0)
(1.43777428392446e+20 0 0)
(1.63792794710025e+20 0 0)
(1.82768723310218e+20 0 0)
(2.02284868677988e+20 0 0)
(2.21404187451629e+20 0 0)
(2.40830187417486e+20 0 0)
(2.60009440784154e+20 0 0)
(2.79331275855926e+20 0 0)
(2.98546496549529e+20 0 0)
(3.17864628856465e+20 0 0)
(3.37139656809907e+20 0 0)
(3.56488412122542e+20 0 0)
(3.75865156740884e+20 0 0)
(3.95265413123983e+20 0 0)
(4.14639813566693e+20 0 0)
(4.34031356579455e+20 0 0)
(4.53408771749254e+20 0 0)
(4.72783482891209e+20 0 0)
(4.92132951375051e+20 0 0)
(5.11501078953634e+20 0 0)
(5.30900115888552e+20 0 0)
(5.50322817844459e+20 0 0)
(5.69761501852072e+20 0 0)
(5.89217581020377e+20 0 0)
(6.08688304469778e+20 0 0)
(6.28175178793736e+20 0 0)
(6.47676833759336e+20 0 0)
(6.67194208683621e+20 0 0)
(6.86727092124059e+20 0 0)
(7.06276507912351e+20 0 0)
(7.25842269379166e+20 0 0)
(7.45425107203318e+20 0 0)
(7.6502513670143e+20 0 0)
(7.8464311291476e+20 0 0)
(8.04279399787333e+20 0 0)
(8.23934341441278e+20 0 0)
(8.43608042549532e+20 0 0)
(8.63300893306005e+20 0 0)
(8.83013312153531e+20 0 0)
(9.02745378703635e+20 0 0)
(9.22497577959429e+20 0 0)
(9.42270112735496e+20 0 0)
(9.62063375059619e+20 0 0)
(9.81877357525139e+20 0 0)
(1.00171253117764e+21 0 0)
(1.02156904589022e+21 0 0)
(1.04144705084307e+21 0 0)
(1.06134691669269e+21 0 0)
(1.08126869821798e+21 0 0)
(1.10121263669081e+21 0 0)
(1.12117892869562e+21 0 0)
(1.14116767497384e+21 0 0)
(1.16117902465596e+21 0 0)
(1.18121319407915e+21 0 0)
(1.20127019261596e+21 0 0)
(1.22135019505969e+21 0 0)
(1.24145328584756e+21 0 0)
(1.26157952439688e+21 0 0)
(1.28172900066343e+21 0 0)
(1.30190169125806e+21 0 0)
(1.32209769896342e+21 0 0)
(1.34231707090398e+21 0 0)
(1.36255976608237e+21 0 0)
(1.38282558084164e+21 0 0)
(1.40311473459831e+21 0 0)
(1.4234271655214e+21 0 0)
(1.44376280418483e+21 0 0)
(1.46412151237301e+21 0 0)
(1.48450322532642e+21 0 0)
(1.50490790218599e+21 0 0)
(1.52533527683397e+21 0 0)
(1.54578537643775e+21 0 0)
(1.56625792116272e+21 0 0)
(1.5867527579401e+21 0 0)
(1.60726970939009e+21 0 0)
(1.62780865215851e+21 0 0)
(1.64836914935994e+21 0 0)
(1.66895121454924e+21 0 0)
(1.6895544080291e+21 0 0)
(1.71017850379869e+21 0 0)
(1.73082314330059e+21 0 0)
(1.7514881937981e+21 0 0)
(1.77217320720915e+21 0 0)
(1.79287776687935e+21 0 0)
(1.81360170311051e+21 0 0)
(1.83434440043653e+21 0 0)
(1.85510572034775e+21 0 0)
(1.87588483585701e+21 0 0)
(1.89668175371066e+21 0 0)
(1.91749555975557e+21 0 0)
(1.93832518249821e+21 0 0)
(1.95917035170518e+21 0 0)
(1.98003075443572e+21 0 0)
(2.00090574662231e+21 0 0)
(2.0217949182365e+21 0 0)
(2.04269759185195e+21 0 0)
(2.06361349915245e+21 0 0)
(2.08454172945108e+21 0 0)
(2.10548161528395e+21 0 0)
(2.12643234545839e+21 0 0)
(2.14739318929938e+21 0 0)
(2.16836374324279e+21 0 0)
(2.18934307556898e+21 0 0)
(2.2103304990367e+21 0 0)
(2.23132510604773e+21 0 0)
(2.25232630470659e+21 0 0)
(2.27333293935067e+21 0 0)
(2.29434426125966e+21 0 0)
(2.31535957912269e+21 0 0)
(2.33637799529062e+21 0 0)
(2.35739824181089e+21 0 0)
(2.37841981833559e+21 0 0)
(2.39944159673673e+21 0 0)
(2.42046293560853e+21 0 0)
(2.44148136350177e+21 0 0)
(2.46249729082631e+21 0 0)
(2.48351108871903e+21 0 0)
(2.50451896958431e+21 0 0)
(2.52552134872338e+21 0 0)
(2.54651720265112e+21 0 0)
(2.56750460681553e+21 0 0)
(2.58848314697778e+21 0 0)
(2.60945186535839e+21 0 0)
(2.63040928007573e+21 0 0)
(2.6513544645979e+21 0 0)
(2.67228629181031e+21 0 0)
(2.69320363996898e+21 0 0)
(2.71410541935409e+21 0 0)
(2.73499038103512e+21 0 0)
(2.75585754747175e+21 0 0)
(2.77670564936257e+21 0 0)
(2.79753376239511e+21 0 0)
(2.8183405795602e+21 0 0)
(2.83912490278612e+21 0 0)
(2.85988592863416e+21 0 0)
(2.88062227846601e+21 0 0)
(2.90133296974163e+21 0 0)
(2.92201696735644e+21 0 0)
(2.9426730701602e+21 0 0)
(2.96330040764448e+21 0 0)
(2.98389784077599e+21 0 0)
(3.00446441991913e+21 0 0)
(3.02499930179144e+21 0 0)
(3.04550135146061e+21 0 0)
(3.06596987028738e+21 0 0)
(3.0864039981503e+21 0 0)
(3.10680285174164e+21 0 0)
(3.12716587963777e+21 0 0)
(3.14749228191018e+21 0 0)
(3.16778152351129e+21 0 0)
(3.18803312249232e+21 0 0)
(3.20824654517023e+21 0 0)
(3.22842154741742e+21 0 0)
(3.24855781224686e+21 0 0)
(3.26865526646116e+21 0 0)
(3.28871382079793e+21 0 0)
(3.30873373469246e+21 0 0)
(3.32871509828936e+21 0 0)
(3.34865846430251e+21 0 0)
(3.36856440557354e+21 0 0)
(3.38843363708999e+21 0 0)
(3.40826717225911e+21 0 0)
(3.42806626470034e+21 0 0)
(3.44783225684352e+21 0 0)
(3.46756692778322e+21 0 0)
(3.48727230194853e+21 0 0)
(3.50695058670539e+21 0 0)
(3.52660452523069e+21 0 0)
(3.54623714281635e+21 0 0)
(3.56585188329878e+21 0 0)
(3.58545259851202e+21 0 0)
(3.60504369088721e+21 0 0)
(3.62463010807867e+21 0 0)
(3.64421728601696e+21 0 0)
(3.66381152339953e+21 0 0)
(3.68341936505622e+21 0 0)
(3.70304905203137e+21 0 0)
(3.72270825899802e+21 0 0)
(3.74240755260356e+21 0 0)
(3.76215584632814e+21 0 0)
(3.78196699682395e+21 0 0)
(3.80185086344554e+21 0 0)
(3.82182591856188e+21 0 0)
(3.8419024831969e+21 0 0)
(3.86210573818869e+21 0 0)
(3.88244500621504e+21 0 0)
(3.90295590140041e+21 0 0)
(3.92364372530411e+21 0 0)
(3.94456098249567e+21 0 0)
(3.96570247702549e+21 0 0)
(3.98714943025379e+21 0 0)
(4.00887354371618e+21 0 0)
(4.0310054474104e+21 0 0)
(4.05347002652206e+21 0 0)
(4.07648509401716e+21 0 0)
(4.099882757826e+21 0 0)
(4.12403773487722e+21 0 0)
(4.14860246870095e+21 0 0)
(4.17423645344835e+21 0 0)
(4.20024903631212e+21 0 0)
(4.2278212665455e+21 0 0)
(4.25561144413036e+21 0 0)
(4.28576176900226e+21 0 0)
(4.31570291804831e+21 0 0)
(4.34935824896606e+21 0 0)
(4.38184132570486e+21 0 0)
(4.42037323978852e+21 0 0)
(4.45572224556229e+21 0 0)
(4.50126100221253e+21 0 0)
(4.53960033218641e+21 0 0)
(4.59556645618895e+21 0 0)
(4.63644696091819e+21 0 0)
(4.70847501576142e+21 0 0)
(4.75018418001434e+21 0 0)
(4.84783610760612e+21 0 0)
(4.88599537611419e+21 0 0)
(5.02598243904743e+21 0 0)
(5.05095699731151e+21 0 0)
(5.2630180357939e+21 0 0)
(5.25470831247645e+21 0 0)
(5.59280880324284e+21 0 0)
(5.51116651555887e+21 0 0)
(6.07508882160385e+21 0 0)
(5.84278836695731e+21 0 0)
(6.82072981934055e+21 0 0)
(6.29412146251849e+21 0 0)
(8.0564426836369e+21 0 0)
(7.04279746123148e+21 0 0)
(1.06137120167751e+22 0 0)
(9.13246309355521e+21 0 0)
(1.65670138498547e+22 0 0)
(1.3117446244398e+22 0 0)
(2.92804563182312e+22 0 0)
(2.52020429808338e+22 0 0)
(5.99607945978687e+22 0 0)
(6.04718825852059e+22 0 0)
(1.32394369801463e+23 0 0)
(1.26931984610442e+23 0 0)
(7.00376325092464e+22 0 0)
(-4.65078810885182e+22 0 0)
(-4.91184185673551e+22 0 0)
(-1.75549182231651e+22 0 0)
(2.68026688975569e+22 0 0)
)
;

boundaryField
{
    electrode
    {
        type            calculated;
        value           uniform (-4.11823487121828e+21 0 0);
    }
    ground
    {
        type            calculated;
        value           uniform (4.1182373848532e+21 0 0);
    }
    otherfaces
    {
        type            empty;
    }
}


// ************************************************************************* //
