/*--------------------------------*- C++ -*----------------------------------*\
| =========                 |                                                 |
| \\      /  F ield         | foam-extend: Open Source CFD                    |
|  \\    /   O peration     | Version:     4.1                                |
|   \\  /    A nd           | Web:         http://www.foam-extend.org         |
|    \\/     M anipulation  |                                                 |
\*---------------------------------------------------------------------------*/
FoamFile
{
    version     2.0;
    format      ascii;
    class       volScalarField;
    location    "3.00031247849625e-06";
    object      Arm;
}
// * * * * * * * * * * * * * * * * * * * * * * * * * * * * * * * * * * * * * //

dimensions      [0 -3 0 0 0 0 0];

internalField   nonuniform List<scalar> 
500
(
2.86115093453849e+20
2.8611506347984e+20
2.86115010761039e+20
2.86114942383503e+20
2.86114866573717e+20
2.86114793154871e+20
2.86114734016478e+20
2.86114703504118e+20
2.86114718952147e+20
2.86114801068739e+20
2.86114974273571e+20
2.8611526694494e+20
2.86115711535415e+20
2.86116344364354e+20
2.86117205031215e+20
2.86118335160717e+20
2.86119777497747e+20
2.86121575861025e+20
2.86123775327447e+20
2.86126421443288e+20
2.86129559357203e+20
2.86133233357705e+20
2.86137486765908e+20
2.86142361639641e+20
2.86147897854202e+20
2.86154132312689e+20
2.86161098906223e+20
2.86168827827354e+20
2.86177341414467e+20
2.86186657793656e+20
2.86196792271508e+20
2.86207758052729e+20
2.86219563563828e+20
2.8623221200275e+20
2.86245704326001e+20
2.86260041549166e+20
2.86275224299741e+20
2.86291250332846e+20
2.86308114670931e+20
2.86325812031626e+20
2.86344337234498e+20
2.86363683258026e+20
2.86383840369388e+20
2.86404797366175e+20
2.86426542612261e+20
2.86449063529668e+20
2.86472345561472e+20
2.8649637191448e+20
2.8652112425518e+20
2.86546582919847e+20
2.86572726249e+20
2.86599525487246e+20
2.86626943912946e+20
2.8665494420073e+20
2.8668348898111e+20
2.86712542003888e+20
2.8674206880484e+20
2.86772036348713e+20
2.86802412129803e+20
2.86833163407457e+20
2.86864256738555e+20
2.86895658210274e+20
2.86927334935705e+20
2.86959256680583e+20
2.86991395824011e+20
2.87023726183634e+20
2.87056222185893e+20
2.87088858463392e+20
2.87121609434824e+20
2.87154449030772e+20
2.87187351351412e+20
2.87220292274738e+20
2.87253250450954e+20
2.87286206808002e+20
2.87319143500827e+20
2.87352043320934e+20
2.87384889457935e+20
2.87417665212096e+20
2.87450353839764e+20
2.87482938899795e+20
2.87515404782886e+20
2.87547736914727e+20
2.87579921970133e+20
2.87611948165967e+20
2.87643805120573e+20
2.8767548328309e+20
2.87706973466265e+20
2.87738266598159e+20
2.87769353696094e+20
2.87800226234615e+20
2.87830876424936e+20
2.87861297206452e+20
2.8789148207986e+20
2.87921424986755e+20
2.87951120214543e+20
2.87980562511737e+20
2.88009747285588e+20
2.88038670584378e+20
2.88067328798091e+20
2.88095718557619e+20
2.88123836915225e+20
2.88151681386032e+20
2.88179249896842e+20
2.88206540702808e+20
2.88233552338977e+20
2.88260283589307e+20
2.88286733474754e+20
2.88312901165618e+20
2.88338785903627e+20
2.8836438689522e+20
2.88389703381579e+20
2.88414734894356e+20
2.8843948144454e+20
2.88463943525693e+20
2.88488121919626e+20
2.88512017580559e+20
2.88535631570985e+20
2.88558965050542e+20
2.88582019254509e+20
2.88604795463265e+20
2.88627294964605e+20
2.88649519097409e+20
2.88671469293647e+20
2.88693147104369e+20
2.88714554164072e+20
2.88735692160303e+20
2.88756562830009e+20
2.88777167932914e+20
2.88797509225229e+20
2.88817588490361e+20
2.88837407645227e+20
2.88856968756845e+20
2.88876273987126e+20
2.88895325533427e+20
2.88914125589405e+20
2.88932676348555e+20
2.88950980006908e+20
2.88969038750009e+20
2.88986854767645e+20
2.89004430248426e+20
2.89021767381852e+20
2.89038868375945e+20
2.89055735436314e+20
2.8907237076006e+20
2.89088776517299e+20
2.89104954854171e+20
2.89120907886668e+20
2.89136637711462e+20
2.8915214639626e+20
2.89167435974966e+20
2.89182508447245e+20
2.89197365815137e+20
2.892120101036e+20
2.89226443360524e+20
2.89240667626087e+20
2.89254684912542e+20
2.89268497214165e+20
2.89282106495306e+20
2.89295514690857e+20
2.89308723717073e+20
2.89321735460573e+20
2.89334551784415e+20
2.89347174527956e+20
2.89359605501217e+20
2.8937184648612e+20
2.89383899242079e+20
2.89395765505533e+20
2.89407446967983e+20
2.89418945326364e+20
2.89430262223747e+20
2.89441399285584e+20
2.89452358107669e+20
2.89463140254447e+20
2.89473747265418e+20
2.8948418064143e+20
2.89494441869693e+20
2.89504532427209e+20
2.89514453784725e+20
2.89524207388625e+20
2.89533794656245e+20
2.89543216979751e+20
2.89552475728297e+20
2.89561572241199e+20
2.89570507832957e+20
2.89579283785316e+20
2.895879013768e+20
2.89596361838438e+20
2.89604666396524e+20
2.89612816240753e+20
2.89620812540554e+20
2.89628656440774e+20
2.89636349064559e+20
2.8964389151511e+20
2.89651284866067e+20
2.89658530171067e+20
2.89665628458103e+20
2.89672580749639e+20
2.89679388019861e+20
2.89686051240372e+20
2.8969257135662e+20
2.89698949284526e+20
2.89705185909899e+20
2.89711282105189e+20
2.89717238717342e+20
2.89723056569296e+20
2.89728736467357e+20
2.89734279187922e+20
2.89739685501257e+20
2.89744956155691e+20
2.89750091868817e+20
2.89755093339854e+20
2.89759961255384e+20
2.89764696285316e+20
2.89769299070372e+20
2.89773770242004e+20
2.89778110410914e+20
2.89782320160459e+20
2.89786400066581e+20
2.89790350686584e+20
2.89794172558049e+20
2.89797866209617e+20
2.89801432143201e+20
2.89804870845218e+20
2.89808182773912e+20
2.89811368358869e+20
2.89814428034711e+20
2.89817362200312e+20
2.89820171243526e+20
2.89822855540913e+20
2.8982541544022e+20
2.89827851293497e+20
2.89830163401698e+20
2.89832352083934e+20
2.89834417623609e+20
2.8983636030093e+20
2.89838180363104e+20
2.89839878043913e+20
2.89841453579707e+20
2.89842907171423e+20
2.89844239011759e+20
2.89845449273011e+20
2.89846538113863e+20
2.89847505681446e+20
2.89848352104292e+20
2.89849077488098e+20
2.89849681925617e+20
2.89850165498609e+20
2.89850528272834e+20
2.89850770296524e+20
2.89850891591995e+20
2.89850892179291e+20
2.89850772049865e+20
2.89850531193082e+20
2.89850169588669e+20
2.89849687175423e+20
2.898490838963e+20
2.89848359680042e+20
2.89847514414907e+20
2.89846548000838e+20
2.89845460302717e+20
2.89844251186483e+20
2.8984292048477e+20
2.89841468021786e+20
2.89839893615535e+20
2.89838197047809e+20
2.89836378103614e+20
2.89834436539205e+20
2.89832372094138e+20
2.89830184498827e+20
2.8982787346406e+20
2.89825438686277e+20
2.89822879842834e+20
2.89820196590721e+20
2.89817388575088e+20
2.89814455431812e+20
2.89811396770172e+20
2.89808212176038e+20
2.89804901229721e+20
2.89801463497469e+20
2.89797898518479e+20
2.89794205805545e+20
2.89790384855319e+20
2.89786435144209e+20
2.89782356129719e+20
2.89778147252886e+20
2.89773807944309e+20
2.89769337611353e+20
2.89764735643528e+20
2.89760001420021e+20
2.89755134284458e+20
2.89750133566399e+20
2.89744998594877e+20
2.89739728660489e+20
2.89734323039446e+20
2.89728780988453e+20
2.89723101744153e+20
2.89717284527033e+20
2.89711328519124e+20
2.89705232905031e+20
2.8969899683174e+20
2.89692619439862e+20
2.89686099826974e+20
2.89679437089129e+20
2.89672630272736e+20
2.89665678412198e+20
2.89658580522268e+20
2.89651335588531e+20
2.89643942577711e+20
2.8963640043939e+20
2.89628708097283e+20
2.89620864449457e+20
2.89612868372974e+20
2.89604718715502e+20
2.89596414314386e+20
2.89587953980911e+20
2.8957933648611e+20
2.89570560592943e+20
2.89561625038547e+20
2.89552528528978e+20
2.89543269749404e+20
2.89533847359467e+20
2.89524259990331e+20
2.89514506250912e+20
2.89504584713972e+20
2.89494493950667e+20
2.89484232480863e+20
2.89473798828561e+20
2.89463191501779e+20
2.89452408999223e+20
2.89441449791182e+20
2.8943031230305e+20
2.89418994950602e+20
2.89407496098541e+20
2.89395814092725e+20
2.89383947260967e+20
2.89371893900156e+20
2.8935965226717e+20
2.89347220611184e+20
2.89334597146692e+20
2.8932178006627e+20
2.89308767530184e+20
2.89295557676286e+20
2.89282148612092e+20
2.89268538429637e+20
2.89254725186542e+20
2.89240706926601e+20
2.89226481645601e+20
2.89212047338709e+20
2.89197401961463e+20
2.89182543470627e+20
2.89167469837984e+20
2.89152179064561e+20
2.89136669146205e+20
2.89120938059787e+20
2.89104983738393e+20
2.89088804075906e+20
2.89072396957473e+20
2.89055760243398e+20
2.89038891763582e+20
2.89021789318205e+20
2.89004450704203e+20
2.88986873710206e+20
2.88969056149945e+20
2.88950995843033e+20
2.88932690600007e+20
2.88914138226421e+20
2.8889533653253e+20
2.88876283328468e+20
2.88856976417832e+20
2.88837413607244e+20
2.88817592734516e+20
2.88797511735175e+20
2.88777168694713e+20
2.88756561829099e+20
2.88735689382902e+20
2.88714549601101e+20
2.88693140755295e+20
2.88671461144329e+20
2.88649509148042e+20
2.88627283215225e+20
2.8860478191246e+20
2.88582003908243e+20
2.88558947913239e+20
2.88535612653319e+20
2.88511996889066e+20
2.88488099468701e+20
2.88463919326448e+20
2.8843945552349e+20
2.88414707275365e+20
2.88389674089176e+20
2.88364355958789e+20
2.88338753359205e+20
2.88312867044724e+20
2.88286697820026e+20
2.88260246448587e+20
2.88233513750365e+20
2.88206500721898e+20
2.88179208579216e+20
2.88151638788528e+20
2.88123793099235e+20
2.88095673597701e+20
2.8806728276456e+20
2.88038623554169e+20
2.8800969933967e+20
2.87980513740138e+20
2.87951070713146e+20
2.87921374851871e+20
2.87891431412838e+20
2.87861246112068e+20
2.87830825025279e+20
2.87800174647357e+20
2.87769302048096e+20
2.87738215018827e+20
2.87706922097619e+20
2.87675432263215e+20
2.87643754604805e+20
2.87611898310778e+20
2.87579872939689e+20
2.87547688876395e+20
2.87515357911748e+20
2.87482893381089e+20
2.87450309872808e+20
2.87417622992253e+20
2.87384849186958e+20
2.87352005211788e+20
2.873191077759e+20
2.87286173693883e+20
2.87253220177958e+20
2.87220265086363e+20
2.87187327497409e+20
2.87154428761951e+20
2.87121593012686e+20
2.87088846156717e+20
2.87056214268912e+20
2.87023722933148e+20
2.86991397517911e+20
2.86959263612844e+20
2.86927347402365e+20
2.86895676502812e+20
2.86864281152705e+20
2.86833194235845e+20
2.86802449669632e+20
2.86772080896367e+20
2.86742120654375e+20
2.86712601437626e+20
2.86683556271209e+20
2.86655019608288e+20
2.86627027682241e+20
2.86599617846683e+20
2.86572827413855e+20
2.86546692772996e+20
2.86521242723935e+20
2.86496499108851e+20
2.86472481538698e+20
2.86449208319635e+20
2.86426696195501e+20
2.86404959654255e+20
2.86384011200048e+20
2.86363862417849e+20
2.8634452440704e+20
2.86326006837972e+20
2.86308316641093e+20
2.86291458878237e+20
2.86275438754419e+20
2.86260261148187e+20
2.86245928198571e+20
2.86232439195824e+20
2.86219793010071e+20
2.86207988613088e+20
2.86197022850065e+20
2.86186887283522e+20
2.861775685689e+20
2.86169051371797e+20
2.86161317530207e+20
2.86154344529601e+20
2.86148102384803e+20
2.86142557375307e+20
2.86137672743164e+20
2.86133408763987e+20
2.86129723553827e+20
2.86126573977905e+20
2.86123915927232e+20
2.86121704426264e+20
2.86119894102099e+20
2.86118440042247e+20
2.86117298554443e+20
2.86116427009139e+20
2.86115783952454e+20
2.86115329856402e+20
2.86115028446664e+20
2.8611484730835e+20
2.86114758063901e+20
2.86114736284055e+20
2.86114761227455e+20
2.86114815520931e+20
2.86114884762482e+20
2.86114957008338e+20
2.86115022376567e+20
2.86115072582241e+20
2.86115100463811e+20
)
;

boundaryField
{
    electrode
    {
        type            zeroGradient;
    }
    ground
    {
        type            zeroGradient;
    }
    otherfaces
    {
        type            empty;
    }
}


// ************************************************************************* //
