/*--------------------------------*- C++ -*----------------------------------*\
| =========                 |                                                 |
| \\      /  F ield         | foam-extend: Open Source CFD                    |
|  \\    /   O peration     | Version:     4.1                                |
|   \\  /    A nd           | Web:         http://www.foam-extend.org         |
|    \\/     M anipulation  |                                                 |
\*---------------------------------------------------------------------------*/
FoamFile
{
    version     2.0;
    format      ascii;
    class       volScalarField;
    location    "3.00031247849625e-06";
    object      Arp1;
}
// * * * * * * * * * * * * * * * * * * * * * * * * * * * * * * * * * * * * * //

dimensions      [0 -3 0 0 0 0 0];

internalField   nonuniform List<scalar> 
500
(
6.14567200484774e+19
6.32957374414327e+19
6.39424955374577e+19
6.51286245423689e+19
6.58840664169861e+19
6.70940827694933e+19
6.80693612719282e+19
6.93983596780274e+19
7.06194869947987e+19
7.21237417421029e+19
7.35265965763637e+19
7.50381153610193e+19
7.65508780028768e+19
7.82833201732353e+19
8.01368498741417e+19
8.21713595923907e+19
8.42323825790027e+19
8.63497691591409e+19
8.85846311833562e+19
9.10632906689644e+19
9.37039838550562e+19
9.64185610256911e+19
9.91727248953993e+19
1.02103578031172e+20
1.05308864587593e+20
1.08603609283847e+20
1.11895547978365e+20
1.15311062830847e+20
1.19011489035113e+20
1.22850526234252e+20
1.26590971818645e+20
1.30399929866533e+20
1.3447862449887e+20
1.38742948374777e+20
1.42842658237677e+20
1.46891973680229e+20
1.51184162515799e+20
1.55631427213042e+20
1.59981953273987e+20
1.64195020532939e+20
1.68506555779638e+20
1.72926148950423e+20
1.77316631938253e+20
1.81616013388674e+20
1.85872787674993e+20
1.9013498103716e+20
1.94430716793603e+20
1.98663131478569e+20
2.02819232126025e+20
2.0691887560913e+20
2.10953401544968e+20
2.14974771970907e+20
2.18996513978635e+20
2.22989588262037e+20
2.26896612693438e+20
2.30689639767379e+20
2.34399256141869e+20
2.38068863340051e+20
2.41716006385984e+20
2.45354478989195e+20
2.4900081147831e+20
2.52596238462541e+20
2.56047707813656e+20
2.59387654009645e+20
2.6268255329435e+20
2.65942510472944e+20
2.69172159216928e+20
2.72381463312288e+20
2.75592298634222e+20
2.78794873829258e+20
2.81919968038755e+20
2.84924213172725e+20
2.87847769158687e+20
2.90733642327892e+20
2.93586191355846e+20
2.96407293181453e+20
2.99203564580955e+20
3.01990127735454e+20
3.04751394683098e+20
3.07463337857058e+20
3.10133162639674e+20
3.12760611888481e+20
3.15321787522217e+20
3.17822519253572e+20
3.20290291781007e+20
3.2273028270291e+20
3.25148376266372e+20
3.2754964057488e+20
3.29919463188026e+20
3.32246686683252e+20
3.3453838299229e+20
3.36798576616548e+20
3.39029349336049e+20
3.41233092878893e+20
3.43410845178537e+20
3.45549197811929e+20
3.47645648281386e+20
3.49720141795756e+20
3.51771882151401e+20
3.53790481877997e+20
3.55777764343903e+20
3.57736795150223e+20
3.59669096484729e+20
3.61575524358118e+20
3.63456946153809e+20
3.65313898517724e+20
3.67146882456987e+20
3.68957958195977e+20
3.70751820212117e+20
3.72526518264339e+20
3.74275856569095e+20
3.75992230474132e+20
3.7767624143405e+20
3.7933648573176e+20
3.80974715325332e+20
3.82591230423613e+20
3.84186333359253e+20
3.85760533306826e+20
3.87314831708572e+20
3.88851108256198e+20
3.90368256987871e+20
3.91864242904784e+20
3.93339809936592e+20
3.94795798663612e+20
3.96232683149959e+20
3.97650756142317e+20
3.99050551144274e+20
4.00432968764931e+20
4.01798759759362e+20
4.03144014761461e+20
4.04466995989576e+20
4.05771564333151e+20
4.07059316452304e+20
4.08330431626544e+20
4.09585041421128e+20
4.10823355062881e+20
4.12045594810842e+20
4.1325206035884e+20
4.14443064918159e+20
4.15618649182254e+20
4.16778526091965e+20
4.17923001403456e+20
4.1905296524756e+20
4.20168792265367e+20
4.2127043662718e+20
4.22357946032637e+20
4.23431517630327e+20
4.24491306357213e+20
4.25537633640484e+20
4.26571079368005e+20
4.27590726756499e+20
4.28595228290726e+20
4.29585426130858e+20
4.30562483560926e+20
4.31526578251116e+20
4.32477767188909e+20
4.3341618179576e+20
4.34341942921623e+20
4.3525519215005e+20
4.36156035951034e+20
4.37044555864533e+20
4.37920875647072e+20
4.38785106788341e+20
4.39637327739061e+20
4.40477652175e+20
4.41306171451538e+20
4.42122969831301e+20
4.4292813232742e+20
4.43721755788526e+20
4.44503915221472e+20
4.45274684629499e+20
4.46034163666199e+20
4.46782512086982e+20
4.47520001052626e+20
4.48246065119962e+20
4.48960372804805e+20
4.49663501991524e+20
4.50355718669569e+20
4.51037090149734e+20
4.51707655602012e+20
4.52367502168829e+20
4.53016691325823e+20
4.536552881644e+20
4.54283366314706e+20
4.54900973831387e+20
4.55508192793587e+20
4.56105072647968e+20
4.56691673396487e+20
4.57268057578052e+20
4.57834267084683e+20
4.58390376685979e+20
4.58936427275471e+20
4.59472475612895e+20
4.59998574494456e+20
4.60514762842918e+20
4.61021106049581e+20
4.61517639732911e+20
4.62004348792813e+20
4.62481416582325e+20
4.62948961865748e+20
4.63406912886144e+20
4.6385526923463e+20
4.64294092148453e+20
4.64723409541724e+20
4.65143215287344e+20
4.6555358407352e+20
4.65954479512536e+20
4.66345970859782e+20
4.66728096173373e+20
4.67100836374761e+20
4.67464228253844e+20
4.67818314001224e+20
4.68163078525849e+20
4.68498542059128e+20
4.68824765424293e+20
4.6914173687353e+20
4.69449475094889e+20
4.69747968879476e+20
4.70037281253222e+20
4.70317311365544e+20
4.70588156035839e+20
4.70850113428251e+20
4.71103052771598e+20
4.71346883737896e+20
4.71581623220336e+20
4.71807247352752e+20
4.72023800599257e+20
4.72231294357355e+20
4.72429718622674e+20
4.7261905411667e+20
4.72799353059385e+20
4.72970611895178e+20
4.73132798060068e+20
4.73285960323353e+20
4.73430095711912e+20
4.73565194008913e+20
4.73691248301191e+20
4.73808268360446e+20
4.73916302326513e+20
4.74015324307462e+20
4.74105289199205e+20
4.74186254443326e+20
4.74258240343317e+20
4.74321196019776e+20
4.74375137536668e+20
4.74420094569697e+20
4.74456046997003e+20
4.74482961588087e+20
4.74500935719004e+20
4.74509843894805e+20
4.74509796095568e+20
4.74500770617854e+20
4.74482684344464e+20
4.74455594626231e+20
4.7441951763994e+20
4.74374479874097e+20
4.74320399004582e+20
4.74257309147582e+20
4.74185229120251e+20
4.74104130307532e+20
4.74014006824952e+20
4.73914882755474e+20
4.73806753837772e+20
4.73689581349297e+20
4.73563375476305e+20
4.73428171953722e+20
4.73283933986792e+20
4.73130636218467e+20
4.72968303433127e+20
4.7279693350692e+20
4.72616510390199e+20
4.7242702576943e+20
4.72228484777395e+20
4.72020866953828e+20
4.71804183975123e+20
4.71578404429869e+20
4.71343552929763e+20
4.71099587365707e+20
4.7084650507631e+20
4.70584433738831e+20
4.70313343647467e+20
4.70033121964957e+20
4.69743648837429e+20
4.69444964107639e+20
4.69137092988308e+20
4.68819951849003e+20
4.68493570840874e+20
4.68157943445241e+20
4.67813024902258e+20
4.67458800695974e+20
4.67095267653605e+20
4.66722376316498e+20
4.66340115582162e+20
4.65948481929107e+20
4.65547438692129e+20
4.65136942980042e+20
4.64716975342055e+20
4.64287542651151e+20
4.63848611588213e+20
4.63400119420265e+20
4.62942030111193e+20
4.62474371797899e+20
4.61997196257956e+20
4.61510374138414e+20
4.6101373944231e+20
4.60507313095093e+20
4.59991026977844e+20
4.59464837325499e+20
4.58928699885986e+20
4.58382550110211e+20
4.57826349545145e+20
4.57260030007429e+20
4.56683546331254e+20
4.56096842950761e+20
4.55499852992948e+20
4.54892531545612e+20
4.54274800906824e+20
4.53646609105496e+20
4.53007893294033e+20
4.52358578601614e+20
4.51698612969035e+20
4.51027906681564e+20
4.50346404439055e+20
4.49654048016471e+20
4.48950780370764e+20
4.48236371926986e+20
4.47510324317095e+20
4.46772918574161e+20
4.460245620363e+20
4.45265051068547e+20
4.44494241795264e+20
4.43712033249861e+20
4.42918350162017e+20
4.42113103744401e+20
4.41296233128208e+20
4.40467644006949e+20
4.3962723442658e+20
4.38774907759975e+20
4.37910599679061e+20
4.37034180198522e+20
4.36145542052872e+20
4.35244611939502e+20
4.34331236325698e+20
4.3340532447656e+20
4.32466762966973e+20
4.31515410454346e+20
4.30551176325335e+20
4.2957395157656e+20
4.28583591114023e+20
4.27579117372222e+20
4.26559744837108e+20
4.25526614580949e+20
4.24480461415603e+20
4.2342083023761e+20
4.22347384586556e+20
4.21259953061395e+20
4.2015844049797e+20
4.19042725164977e+20
4.17912924564527e+20
4.16768684972869e+20
4.15608929301671e+20
4.14433441565818e+20
4.13242502192272e+20
4.12035958713289e+20
4.10813635753183e+20
4.09575275908605e+20
4.08320606939433e+20
4.07049420259747e+20
4.05761583922162e+20
4.04456961574805e+20
4.03134018717889e+20
4.01789317817516e+20
4.00424292483245e+20
3.9904233164429e+20
3.97642861026332e+20
3.96225085831353e+20
3.94788529684805e+20
3.93332759732527e+20
3.9185734468724e+20
3.90361488754805e+20
3.8884417009194e+20
3.87307692036136e+20
3.85753430946101e+20
3.84179243713872e+20
3.82583991194241e+20
3.80967240767707e+20
3.79328733529224e+20
3.77668120674379e+20
3.75983686505658e+20
3.74267726028382e+20
3.72519305561182e+20
3.70744810305499e+20
3.68951273309392e+20
3.67140974676508e+20
3.65308707176943e+20
3.63452496482776e+20
3.61571394489585e+20
3.59664730529513e+20
3.57732029915186e+20
3.55772486479897e+20
3.53784531640404e+20
3.51764869256479e+20
3.49711575927139e+20
3.47636070405867e+20
3.45539791629277e+20
3.43403148426495e+20
3.41227753802123e+20
3.39025724518537e+20
3.36796045381774e+20
3.3453624960178e+20
3.32244207030545e+20
3.2991587353885e+20
3.27544033941534e+20
3.25141055021202e+20
3.22722552342469e+20
3.20282498251573e+20
3.17814633568929e+20
3.15313815640396e+20
3.12754563954919e+20
3.10130003265519e+20
3.07461396135692e+20
3.04749218560279e+20
3.01985693459364e+20
2.99197381083185e+20
2.96401134164081e+20
2.9358005842908e+20
2.9072751452065e+20
2.87841700428677e+20
2.84917624950033e+20
2.81913601698855e+20
2.78789447313579e+20
2.75586862783744e+20
2.72376077830057e+20
2.69167048422461e+20
2.65937466709498e+20
2.62677586081734e+20
2.59382690054623e+20
2.5604058403391e+20
2.52584493413758e+20
2.48989917651819e+20
2.45348080937154e+20
2.41710769221106e+20
2.38063553023341e+20
2.34393819551821e+20
2.30682446640545e+20
2.26881543652868e+20
2.22973335401439e+20
2.1898711719332e+20
2.14967079747236e+20
2.10945118924405e+20
2.06909664600944e+20
2.02803417739323e+20
1.98644644067795e+20
1.94416850169507e+20
1.90122188048521e+20
1.85859400873615e+20
1.81600940505214e+20
1.77299213914711e+20
1.72908371220263e+20
1.68489560315084e+20
1.64178822674204e+20
1.5996586373059e+20
1.55613750125138e+20
1.51166360891395e+20
1.46876456107504e+20
1.4282745975e+20
1.38725700443235e+20
1.34463051639323e+20
1.30388918682799e+20
1.26579299004057e+20
1.22834486577975e+20
1.18999297892456e+20
1.15306485986988e+20
1.11889345728843e+20
1.08591700514531e+20
1.0530036609535e+20
1.02103361367506e+20
9.91733684932033e+19
9.64133441971819e+19
9.36973472213196e+19
9.10639043890052e+19
8.85907241411981e+19
8.63533321401454e+19
8.42297319586111e+19
8.21693160337351e+19
8.01408385365214e+19
7.82899721303774e+19
7.65575874923138e+19
7.50421489578118e+19
7.35256495990827e+19
7.21249772119928e+19
7.06248692239786e+19
6.94036201888366e+19
6.80739623983531e+19
6.70982202995155e+19
6.58875198318746e+19
6.5132126149629e+19
6.39459205380934e+19
6.32993520851946e+19
6.14611486841596e+19
)
;

boundaryField
{
    electrode
    {
        type            zeroGradient;
    }
    ground
    {
        type            zeroGradient;
    }
    otherfaces
    {
        type            empty;
    }
}


// ************************************************************************* //
