/*--------------------------------*- C++ -*----------------------------------*\
| =========                 |                                                 |
| \\      /  F ield         | foam-extend: Open Source CFD                    |
|  \\    /   O peration     | Version:     4.1                                |
|   \\  /    A nd           | Web:         http://www.foam-extend.org         |
|    \\/     M anipulation  |                                                 |
\*---------------------------------------------------------------------------*/
FoamFile
{
    version     2.0;
    format      ascii;
    class       volScalarField;
    location    "3.00031247849625e-06";
    object      ionDensity;
}
// * * * * * * * * * * * * * * * * * * * * * * * * * * * * * * * * * * * * * //

dimensions      [0 -3 0 0 0 0 0];

internalField   nonuniform List<scalar> 
500
(
6.1479026311377e+19
6.33186751297475e+19
6.39656520937358e+19
6.51521812277645e+19
6.59078771293524e+19
6.71183022970585e+19
6.80939106350779e+19
6.94233599741588e+19
7.06449023900705e+19
7.21496696053711e+19
7.35530016340489e+19
7.50650334821467e+19
7.65783098464386e+19
7.83113421195074e+19
8.01655046510404e+19
8.22007098757717e+19
8.42624367343512e+19
8.63805456376597e+19
8.86161707135877e+19
9.10956785312332e+19
9.37372762230686e+19
9.64527826063423e+19
9.92078883902156e+19
1.02139744792111e+20
1.05346130428482e+20
1.08642004320455e+20
1.11935069876429e+20
1.15351754020299e+20
1.19053448769502e+20
1.22893801879617e+20
1.26635527249812e+20
1.30445788079653e+20
1.34525879130151e+20
1.38791663178936e+20
1.42892773910381e+20
1.46943471405611e+20
1.51237126292847e+20
1.55685909910606e+20
1.60037919502098e+20
1.64252420890942e+20
1.68565423517896e+20
1.72986520462055e+20
1.77378495595114e+20
1.81679336003559e+20
1.85937553086176e+20
1.90201189836772e+20
1.94498379316345e+20
1.98732224278661e+20
2.02889727313981e+20
2.06990752272427e+20
2.11026635804282e+20
2.15049358034617e+20
2.19072450723224e+20
2.23066864454558e+20
2.26975197228142e+20
2.30769491948829e+20
2.34480345978809e+20
2.38151175930224e+20
2.41799532910756e+20
2.45439215387978e+20
2.49086759370827e+20
2.52683379148726e+20
2.56135990539032e+20
2.59477039351492e+20
2.62773024851207e+20
2.66034055361772e+20
2.69264766167567e+20
2.72475124492969e+20
2.75687013732553e+20
2.7889063914578e+20
2.8201675609406e+20
2.85021981668152e+20
2.87946489688542e+20
2.90833301313453e+20
2.93686776746392e+20
2.96508793591412e+20
2.99305970908912e+20
3.02093436066782e+20
3.04855595774034e+20
3.07568414266334e+20
3.10239099423724e+20
3.12867394048698e+20
3.15429391937178e+20
3.17930924842664e+20
3.20399486884036e+20
3.22840257451759e+20
3.2525912281733e+20
3.27661152824889e+20
3.30031730074453e+20
3.32359693370845e+20
3.34652117079684e+20
3.36913027096024e+20
3.39144505929957e+20
3.41348946142567e+20
3.43527386038159e+20
3.45666412663011e+20
3.47763522696668e+20
3.49838668135669e+20
3.51891052525487e+20
3.53910284896563e+20
3.55898189255435e+20
3.57857832259777e+20
3.59790736629336e+20
3.6169775868018e+20
3.63579766104184e+20
3.65437295743588e+20
3.67270848789743e+20
3.69082486177567e+20
3.70876903983252e+20
3.72652151323373e+20
3.74402030342026e+20
3.76118933840718e+20
3.77803463493842e+20
3.79464218493946e+20
3.81102951399785e+20
3.82719962531174e+20
3.84315554332475e+20
3.85890236159695e+20
3.87445009802105e+20
3.88981755593563e+20
3.90499367212331e+20
3.91995808988592e+20
3.93471825113131e+20
3.94928256458631e+20
3.96365577257841e+20
3.97784080364927e+20
3.99184299471477e+20
4.00567135497446e+20
4.01933339458202e+20
4.03279000687345e+20
4.04602380830351e+20
4.05907342076276e+20
4.07195481625555e+20
4.0846697882361e+20
4.09721965285889e+20
4.10960650315585e+20
4.1218325625256e+20
4.13390082897328e+20
4.14581443572278e+20
4.15757378990944e+20
4.16917602004742e+20
4.18062418477499e+20
4.19192718841892e+20
4.20308877869137e+20
4.21410849720035e+20
4.22498682116176e+20
4.23572572277951e+20
4.24632675200091e+20
4.25679312422978e+20
4.26713064033609e+20
4.27733012949741e+20
4.28737811213826e+20
4.29728301271574e+20
4.30705646798548e+20
4.31670025528403e+20
4.32621494471964e+20
4.33560185098776e+20
4.34486218303367e+20
4.3539973572072e+20
4.36300843860562e+20
4.37189624294273e+20
4.38066200823745e+20
4.38930684979899e+20
4.39783155243672e+20
4.40623725332652e+20
4.4145248663657e+20
4.42269523449984e+20
4.43074920818138e+20
4.43868775625612e+20
4.44651162907916e+20
4.45422156696551e+20
4.46181856681803e+20
4.46930422675636e+20
4.47668125932184e+20
4.48394400824781e+20
4.49108915763035e+20
4.49812248825617e+20
4.50504666092857e+20
4.51186234900611e+20
4.51856994434604e+20
4.52517031868812e+20
4.5316640870191e+20
4.53805190049498e+20
4.54433449568688e+20
4.55051235332616e+20
4.55658629450085e+20
4.56255681386615e+20
4.56842451166447e+20
4.57419001351572e+20
4.57985373850236e+20
4.58541643459061e+20
4.59087851087386e+20
4.59624053515942e+20
4.60150303560582e+20
4.606666401591e+20
4.61173128726495e+20
4.61669804895093e+20
4.62156653563925e+20
4.62633858144725e+20
4.63101537437793e+20
4.63559619664582e+20
4.6400810441776e+20
4.64447052956436e+20
4.64876493204996e+20
4.65296419036412e+20
4.65706905165714e+20
4.66107915195128e+20
4.66499518404243e+20
4.66881752865419e+20
4.67254599495959e+20
4.67618095099596e+20
4.67972281882487e+20
4.68317144750503e+20
4.68652703943415e+20
4.68979020305713e+20
4.69296082087452e+20
4.69603907984553e+20
4.69902486785714e+20
4.70191881539317e+20
4.70471991362906e+20
4.70742913108748e+20
4.71004945040589e+20
4.71257956345761e+20
4.71501856667622e+20
4.71736662906196e+20
4.71962351188852e+20
4.7217896599522e+20
4.72386518727973e+20
4.7258499938034e+20
4.72774388668429e+20
4.72954738830674e+20
4.73126046310914e+20
4.73288278535412e+20
4.73441484290563e+20
4.73585660602852e+20
4.7372079725273e+20
4.73846887325711e+20
4.73963940597341e+20
4.74072005223683e+20
4.74171055304916e+20
4.74261045722759e+20
4.74342033938057e+20
4.74414040261387e+20
4.7447701379703e+20
4.74530970614503e+20
4.74575940399572e+20
4.74611903024004e+20
4.74638825246557e+20
4.74656804475361e+20
4.74665715180318e+20
4.74665667365518e+20
4.74656639321808e+20
4.74638547914375e+20
4.74611450508125e+20
4.74575363284767e+20
4.74530312741359e+20
4.7447621652645e+20
4.74413108767198e+20
4.74341008286613e+20
4.74259886459818e+20
4.74169737400012e+20
4.7407058519761e+20
4.73962425589384e+20
4.7384521983955e+20
4.73718978137001e+20
4.7358373622771e+20
4.73439457304327e+20
4.7328611600069e+20
4.73123737108353e+20
4.7295231850209e+20
4.72771844126109e+20
4.7258230566305e+20
4.7238370824657e+20
4.72176031408551e+20
4.71959286828047e+20
4.71733443082517e+20
4.71498524790245e+20
4.71254489827209e+20
4.71001335529896e+20
4.70739189616231e+20
4.70468022369371e+20
4.70187720913531e+20
4.69898165354171e+20
4.69599395545503e+20
4.69291436707516e+20
4.68974205180533e+20
4.68647731123965e+20
4.68312008015698e+20
4.6796699107946e+20
4.67612665792637e+20
4.67249028979771e+20
4.6687603116426e+20
4.66493661238191e+20
4.66101915677213e+20
4.65700757802222e+20
4.65290144705546e+20
4.64870056928465e+20
4.64440501344871e+20
4.64001444622227e+20
4.63552824005269e+20
4.63094603444266e+20
4.62626811084351e+20
4.62149498717911e+20
4.61662536952445e+20
4.61165759738242e+20
4.6065918800321e+20
4.60142753604023e+20
4.59616412759008e+20
4.59080121199297e+20
4.58533814352275e+20
4.5797745374995e+20
4.57410971184157e+20
4.56834321471826e+20
4.56247449026362e+20
4.55650286950252e+20
4.55042790313983e+20
4.54424881387449e+20
4.53796508179827e+20
4.53157607820159e+20
4.52508105410243e+20
4.51847948870983e+20
4.51177048455284e+20
4.50495348841963e+20
4.49802791783959e+20
4.49099320216547e+20
4.48384704485944e+20
4.47658446056117e+20
4.46920826049678e+20
4.4617225193595e+20
4.45412520008929e+20
4.44641486341677e+20
4.43859049930467e+20
4.43065135476301e+20
4.42259654158629e+20
4.41442545084597e+20
4.40613713912532e+20
4.39773058650597e+20
4.38920482635561e+20
4.38055921513885e+20
4.37179245252954e+20
4.36290346547444e+20
4.35389152066114e+20
4.34475508220948e+20
4.33549324242516e+20
4.32610486663616e+20
4.31658854090268e+20
4.30694335874599e+20
4.29716822972607e+20
4.2872617023764e+20
4.2772139977442e+20
4.26701725802279e+20
4.25668289767182e+20
4.24621826719411e+20
4.23561881397856e+20
4.22488117223906e+20
4.21400362733256e+20
4.20298522723894e+20
4.19182475417922e+20
4.18052338350819e+20
4.16907757675707e+20
4.15747655940145e+20
4.14571817081249e+20
4.1338052161315e+20
4.12173617010707e+20
4.10950927833082e+20
4.09712196584372e+20
4.08457150926951e+20
4.07185582198731e+20
4.05897358402002e+20
4.04592343133328e+20
4.03269001373443e+20
4.019238944306e+20
4.00558456385598e+20
3.99176077293707e+20
3.97776182679298e+20
3.9635797746891e+20
3.94920985119135e+20
3.93464772621372e+20
3.91988908534012e+20
3.90492596785551e+20
3.88974815178288e+20
3.87437867810622e+20
3.85883131491956e+20
3.84308462383828e+20
3.82712720947707e+20
3.81095474408321e+20
3.79456463763474e+20
3.77795340081412e+20
3.76110387076101e+20
3.74393897143515e+20
3.72644936270974e+20
3.70869891795244e+20
3.69075799118623e+20
3.67264939098444e+20
3.65432102733309e+20
3.63575315013754e+20
3.61693627500106e+20
3.59786369282676e+20
3.57853065498091e+20
3.55892909691032e+20
3.53904332730514e+20
3.51884037341621e+20
3.49830099451085e+20
3.47753941660638e+20
3.45657003375958e+20
3.43519686759472e+20
3.41343605337649e+20
3.39140879965367e+20
3.36910495085178e+20
3.34649983048164e+20
3.32357212959363e+20
3.30028139288784e+20
3.27655544368203e+20
3.25251799163844e+20
3.22832524541629e+20
3.20391690781077e+20
3.17923036550637e+20
3.15421417415986e+20
3.12861344129747e+20
3.10235939048546e+20
3.07566471958924e+20
3.04853418984405e+20
3.02089000350931e+20
2.99299785371214e+20
2.96502632539945e+20
2.93680641791804e+20
2.90827171477382e+20
2.87940418947086e+20
2.85015391252806e+20
2.82010387634429e+20
2.78885210830071e+20
2.75681576076152e+20
2.72469737219213e+20
2.69259653672933e+20
2.66029009918093e+20
2.62768055981522e+20
2.59472073737265e+20
2.56128864352152e+20
2.52671630094636e+20
2.49075861826898e+20
2.45432815165274e+20
2.41794293972284e+20
2.38145863811033e+20
2.34474907538983e+20
2.30762296360609e+20
2.26960122994361e+20
2.2305060598315e+20
2.19063050696414e+20
2.15041663155911e+20
2.11018350319726e+20
2.06981538073835e+20
2.0287390743781e+20
1.98713730442251e+20
1.94484507867095e+20
1.90188392391689e+20
1.85924161617219e+20
1.8166425786062e+20
1.77361071489408e+20
1.72968736518808e+20
1.68548422108564e+20
1.6423621736223e+20
1.60021824323316e+20
1.55668226628392e+20
1.51219318426873e+20
1.46927948388888e+20
1.42877570088662e+20
1.3877440919172e+20
1.34510300800528e+20
1.30434773028064e+20
1.2662385033418e+20
1.2287775658239e+20
1.19041253338767e+20
1.15347175573248e+20
1.11928865450357e+20
1.08630091355466e+20
1.05337628942239e+20
1.02139528064601e+20
9.92085322292698e+19
9.64475639377951e+19
9.37306372391882e+19
9.10962924734041e+19
8.86222658422424e+19
8.63841098875981e+19
8.42597851630573e+19
8.21986655759899e+19
8.01694947240316e+19
7.83179964385024e+19
7.65850217189734e+19
7.50690685010679e+19
7.35520542889243e+19
7.2150905486562e+19
7.06502865228277e+19
6.94286223433941e+19
6.80985133852854e+19
6.71224412815946e+19
6.59113317564269e+19
6.51556840615497e+19
6.39690782994944e+19
6.33222910431064e+19
6.14834565224063e+19
)
;

boundaryField
{
    electrode
    {
        type            calculated;
        value           uniform 6.1479026311377e+19;
    }
    ground
    {
        type            calculated;
        value           uniform 6.14834565224063e+19;
    }
    otherfaces
    {
        type            empty;
    }
}


// ************************************************************************* //
