/*--------------------------------*- C++ -*----------------------------------*\
| =========                 |                                                 |
| \\      /  F ield         | foam-extend: Open Source CFD                    |
|  \\    /   O peration     | Version:     4.1                                |
|   \\  /    A nd           | Web:         http://www.foam-extend.org         |
|    \\/     M anipulation  |                                                 |
\*---------------------------------------------------------------------------*/
FoamFile
{
    version     2.0;
    format      ascii;
    class       volScalarField;
    location    "1.49999999935008e-05";
    object      diffusionArp1;
}
// * * * * * * * * * * * * * * * * * * * * * * * * * * * * * * * * * * * * * //

dimensions      [0 2 -1 0 0 0 0];

internalField   nonuniform List<scalar> 
500
(
0.000220129972669529
0.000222307108747773
0.000224522369700717
0.000226770772935124
0.00022905522764253
0.000231377662568702
0.000233740392208565
0.000236684108292684
0.00024031429714174
0.00024401552812662
0.000247792205216829
0.000251649150276789
0.000255591747721774
0.00025962615346536
0.000263759021680453
0.000268030598862097
0.000274473638394848
0.000281091679460369
0.000287891697689192
0.000294877132677939
0.000302045959243551
0.000311300531483721
0.000322399402573938
0.000333675557546085
0.000345055028999923
0.000360445198697271
0.000377134378670016
0.000393473973472137
0.000415284873542842
0.000437533791777678
0.000461554777333513
0.00049016556704999
0.000517115320910234
0.00055190944454167
0.000582957172391471
0.000621928702192381
0.000657191832503304
0.000697863808865659
0.000736547055465635
0.000775807575674262
0.000817243913984858
0.000852739136703312
0.000894308622763492
0.000931706424599979
0.000963750092473347
0.00100042365027359
0.00103426336620701
0.00106386993521824
0.00108976617599372
0.00112028767770622
0.00114734386618715
0.00117131380427163
0.00119288901160937
0.00121250384174753
0.00123362733682618
0.0012548857155256
0.0012741592862457
0.00129173016020097
0.00130782528647687
0.0013226412685588
0.00133637213827111
0.00134919829763472
0.00136346548725385
0.00137707124565728
0.00138984610038344
0.00140187067300547
0.00141321324112359
0.00142391199390404
0.00143401257833
0.00144358172900509
0.00145267846554983
0.00146134933502879
0.00146963175510988
0.00147735882499255
0.00148472843399271
0.00149180101614445
0.00149860125939362
0.0015051492226962
0.00151146110751666
0.0015175522152381
0.00152343617566396
0.0015291254613502
0.00153463113043923
0.00153996346957516
0.00154513199390378
0.00155014570423868
0.00155501167264767
0.00155973697119858
0.0015636287944112
0.00156720301748719
0.00157067038804758
0.00157404170706868
0.00157732790410984
0.00158053527974058
0.00158366704853717
0.0015867264250759
0.00158971636676695
0.00159263957385439
0.00159549874658231
0.00159829632802866
0.00160103463268839
0.00160371584647335
0.00160634202671237
0.00160891523073427
0.00161143738728482
0.00161391016794369
0.00161633550145663
0.00161871480223723
0.00162104961328208
0.00162334160617087
0.0016255920667341
0.00162780228080228
0.00162997366278898
0.00163210736994166
0.00163420468809083
0.00163626664590091
0.00163829414345324
0.0016402885951614
0.00164225077252369
0.00164418170420453
0.00164608216170222
0.00164795317368116
0.00164979551163968
0.00165161007565912
0.00165339750865474
0.00165515871070791
0.00165689432473388
0.0016586049936479
0.00166029148894828
0.00166195445355028
0.0016635944017861
0.00166521197657101
0.00166680782082025
0.00166838244886603
0.00166993650362361
0.00167147037084214
0.00167298456485383
0.00167447972857393
0.00167595611916855
0.00167741437955294
0.0016788547668932
0.00168027792410459
0.00168168410835322
0.00168307383397128
0.00168444735812489
0.00168580532372929
0.00168714773078449
0.00168847522220574
0.0016897879265761
0.00169108648681082
0.0016923709029099
0.00169364168920554
0.0016948989742808
0.00169614340105094
0.0016973748409329
0.00169859393684194
0.00169980068877805
0.00170099561107345
0.00170217870372813
0.00170335035249125
0.00170451094311196
0.00170566047559027
0.00170679933567531
0.00170792765195016
0.00170904581016395
0.0017101538103167
0.00171125203815754
0.00171234062226955
0.00171341969123576
0.00171448963080533
0.00171555056956131
0.00171660263608675
0.00171764595896471
0.00171868092394434
0.00171970740244258
0.00172072590879165
0.00172173644299153
0.00172273913362529
0.00172373410927597
0.00172472162710968
0.00172570181570947
0.00172667480365839
0.00172764071953949
0.00172859982051887
0.00172955210659653
0.00173049783493858
0.00173143687696196
0.00173236987558194
0.00173329631646629
0.00173421697111335
0.00173513132519089
0.00173604015019722
0.0017369428032171
0.00173784031291492
0.00173873190779239
0.00173961861651391
0.00174049941041507
0.00174137570390943
0.00174224621116649
0.00174311247518286
0.00174397308154497
0.00174482983041555
0.00174568092163187
0.0017465285411058
0.00174737050292548
0.00174820937875193
0.00174904259692412
0.00174987311485224
0.00175069810370915
0.00175152052090503
0.00175233728044666
0.00175315185407642
0.00175396102721803
0.00175477122902405
0.00175559248897247
0.00175638674648013
0.00175717418908607
0.00175796201744117
0.00175874714555219
0.00175952957341913
0.00176030878670979
0.00176108555692248
0.00176185885539278
0.00176262983936816
0.00176339773735032
0.00176416332083754
0.00176492607549764
0.00176568664424587
0.00176644451275002
0.0017672004525084
0.00176795394918881
0.00176870551712345
0.00176945477056317
0.00177020248100627
0.00177094787695445
0.00177169185848907
0.00177243378269486
0.00177317429248709
0.00177391287353355
0.00177465042591561
0.00177538604955189
0.00177612077310681
0.00177685382508207
0.00177758597697597
0.00177831658587325
0.00177904642327223
0.00177977484625764
0.0017805026263278
0.00178122924915049
0.0017819574149698
0.0017826792802196
0.00178340590304229
0.00178412982562091
0.00178485323386733
0.00178557599919848
0.00178629863594659
0.00178702062977944
0.00178774262361228
0.00178846423169598
0.00178918583977968
0.00178990719069727
0.00179062879878096
0.0017913500211155
0.00179207175778225
0.00179279323728289
0.00179351535969879
0.0017942374821147
0.00179496050461195
0.00179568352710921
0.00179640744968783
0.0017971315008495
0.00179785670925863
0.00179858230341692
0.00179930931198876
0.00180452091163956
0.00182845291772392
0.00179985990461428
0.00179912890996784
0.00179839714382309
0.00179766370609868
0.00179692936829291
0.00179619310174137
0.00179545567794237
0.00179471761122812
0.00179398160184268
0.00179324032055214
0.00179247383698355
0.00179171995455399
0.00179096864378545
0.00179021360410843
0.00178945817868225
0.00178869902434759
0.00178793909851462
0.00178717544377316
0.00178641076036729
0.00178564221946988
0.00178487239274196
0.00178409883710556
0.00178332373847254
0.00178254478234798
0.00178176389747765
0.00178097928369883
0.00178019248400815
0.00177940182682592
0.00177860872656573
0.00177781176881399
0.00177701211081818
0.00177620846674778
0.00177540173668414
0.00177459089196287
0.00177377683266532
0.00177295865871012
0.00177213688442949
0.00177131073832512
0.00177048086331226
0.00176964661647566
0.00176880825498141
0.00176796526449732
0.00176711803077254
0.00176626603947487
0.0017654095477704
0.00176454804132693
0.00176368164872751
0.00176281011280604
0.00176193356214557
0.0017610514824139
0.00176016413077712
0.00175927112148609
0.00175837232595775
0.00175746774419211
0.00175655711902306
0.00175564045045059
0.00175471735272557
0.00175378795443103
0.00175285186981782
0.00175190909888595
0.00175095938446932
0.00175000246940181
0.00174903848226648
0.00174806690873113
0.00174708774879575
0.00174610087387729
0.00174510602680966
0.0017441028218437
0.00174309138756245
0.00174207133821677
0.00174104254522361
0.0017400046228338
0.00173895744246431
0.00173790087553207
0.00173683453628793
0.00173575829614885
0.00173467176936567
0.00173357482735533
0.00173246708436869
0.00173134841182269
0.00173021829538513
0.00172907673505601
0.00172792308792006
0.0017267573539773
0.00172557901889551
0.0017243878255086
0.00172318351665046
0.00172196544940583
0.00172073349519167
0.00171948713967577
0.00171822612569202
0.00171694993890822
0.00171565819357522
0.00171435037536081
0.00171302609851584
0.0017116848487081
0.00171032624018844
0.00170894963004161
0.00170755450393539
0.00170614021895453
0.00170470651793294
0.00170325250078924
0.00170177765319124
0.00170028120364062
0.00169876276638825
0.00169722131276969
0.00169565632845275
0.00169406691335607
0.0016924521673983
0.00169081144766416
0.00168914372548927
0.0016874482293753
0.00168572393065784
0.00168396992925555
0.00168218506792095
0.00168036831798963
0.00167851839363109
0.00167663426618092
0.00167471464980859
0.00167275813010056
0.00167076329264324
0.00166872872302309
0.00166665287824348
0.00166453395814169
0.00166237029113807
0.00166016020565294
0.00165790164435748
0.00165559242133982
0.0016532306078542
0.00165081363223959
0.00164833943716716
0.00164580506522674
0.00164320781617425
0.00164054216093849
0.00163779768429231
0.00163496859999839
0.00163205670821946
0.00162905828004703
0.00162596752924379
0.00162277956965379
0.00161948990087025
0.00161609196515754
0.0016125793333631
0.00160894480483606
0.00160518079317641
0.00160127855473664
0.00159722883153707
0.0015930210797675
0.00158864372695331
0.00158408301470801
0.00157932132715359
0.00157434053407982
0.00156912391969003
0.00156364679603837
0.00155715463778004
0.00154956656617578
0.00154153809762094
0.00153301355565432
0.0015239592515165
0.00151435178309213
0.0015041421602387
0.00149327444932889
0.00148173244889826
0.00146945238175336
0.00145602445370983
0.00144162559504621
0.00142610664942302
0.00140934019103646
0.00139119570808951
0.00137151928666979
0.00135029048207216
0.00133146772352979
0.00131157078217715
0.00129044985875953
0.00126773952024523
0.00124299242619891
0.00121704822394531
0.00119538725171238
0.00117277257898822
0.00114912962760311
0.00112437636157032
0.00109852756794076
0.00107705207675928
0.00105720515421359
0.00103712761796545
0.00101695576604921
0.00099680885924492
0.000976770733701997
0.000960576084144414
0.000946657290302683
0.000932753797844052
0.000918643608130515
0.000903987261906732
0.000888344233639073
0.000871151008105371
0.000853552231627982
0.000838050001801457
0.000819978361153044
0.000798799253904726
0.000773957779898774
0.00074853594629094
0.000725298224391881
0.000698513731898274
0.000667917716307566
0.000643680646934081
0.000617157499492169
0.000587743612183258
0.000565136847316753
0.000541262767896988
0.000515581292962888
0.000496714173267828
0.000477111687102588
0.000456599572286941
0.000440670832479373
0.000425825372732943
0.00041064906879561
0.000395700453296304
0.000385168858482503
0.000374583869556664
0.000363989076173166
0.000353419806525344
0.000344586890256032
0.0003375278736162
0.000330549157091882
)
;

boundaryField
{
    electrode
    {
        type            zeroGradient;
    }
    ground
    {
        type            zeroGradient;
    }
    otherfaces
    {
        type            empty;
    }
}


// ************************************************************************* //
