/*--------------------------------*- C++ -*----------------------------------*\
| =========                 |                                                 |
| \\      /  F ield         | foam-extend: Open Source CFD                    |
|  \\    /   O peration     | Version:     4.1                                |
|   \\  /    A nd           | Web:         http://www.foam-extend.org         |
|    \\/     M anipulation  |                                                 |
\*---------------------------------------------------------------------------*/
FoamFile
{
    version     2.0;
    format      ascii;
    class       volVectorField;
    location    "1.49999999935008e-05";
    object      EField;
}
// * * * * * * * * * * * * * * * * * * * * * * * * * * * * * * * * * * * * * //

dimensions      [1 1 -3 0 0 -1 0];

internalField   nonuniform List<vector> 
500
(
(-1770336.0208301 -0 -0)
(-1735710.63812966 -0 -0)
(-1700478.65409172 -0 -0)
(-1664719.78260896 -0 -0)
(-1628387.37565271 -0 -0)
(-1591450.91339774 -0 -0)
(-1553873.82444999 -0 -0)
(-1515619.08402302 -0 -0)
(-1476646.17259072 -0 -0)
(-1436910.45613379 -0 -0)
(-1396364.67256106 -0 -0)
(-1354957.30690018 -0 -0)
(-1312630.07859517 -0 -0)
(-1269317.03458385 -0 -0)
(-1224946.42912352 -0 -0)
(-1179443.62450282 -0 -0)
(-1132735.69731694 -0 -0)
(-1084757.24166779 -0 -0)
(-1035456.58384905 -0 -0)
(-984807.22764164 -0 -0)
(-932821.299705378 -0 -0)
(-879563.447076802 -0 -0)
(-825176.038557385 -0 -0)
(-769904.441678274 -0 -0)
(-714107.400800446 -0 -0)
(-658251.994101822 -0 -0)
(-602898.319509285 -0 -0)
(-548679.009969814 -0 -0)
(-496259.041468326 -0 -0)
(-446269.755970485 -0 -0)
(-399264.819131482 -0 -0)
(-355685.714163097 -0 -0)
(-315827.329315352 -0 -0)
(-279836.62509848 -0 -0)
(-247713.987850207 -0 -0)
(-219338.759116162 -0 -0)
(-194500.616173914 -0 -0)
(-172924.643488705 -0 -0)
(-154298.535236353 -0 -0)
(-138287.272670988 -0 -0)
(-124560.169161166 -0 -0)
(-112804.284307477 -0 -0)
(-102741.140903308 -0 -0)
(-94133.1174694698 -0 -0)
(-86760.1080021601 -0 -0)
(-80416.0488024986 -0 -0)
(-74916.2424959297 -0 -0)
(-70106.3972256559 -0 -0)
(-65900.947711069 -0 -0)
(-62246.0089880154 -0 -0)
(-59057.8065917556 -0 -0)
(-56234.1714091797 -0 -0)
(-53693.3856802467 -0 -0)
(-51384.0695055051 -0 -0)
(-49283.7307495399 -0 -0)
(-47380.8500056545 -0 -0)
(-45655.9185983972 -0 -0)
(-44083.5825992786 -0 -0)
(-42643.4823283798 -0 -0)
(-41317.9605181525 -0 -0)
(-40089.6272341281 -0 -0)
(-38942.293144922 -0 -0)
(-37864.8696506955 -0 -0)
(-36852.7018655625 -0 -0)
(-35902.385917877 -0 -0)
(-35007.9118536148 -0 -0)
(-34164.1835225921 -0 -0)
(-33368.3623426408 -0 -0)
(-32617.0522229391 -0 -0)
(-31905.2881518089 -0 -0)
(-31228.6623845999 -0 -0)
(-30583.722892896 -0 -0)
(-29967.6764062452 -0 -0)
(-29378.2718264559 -0 -0)
(-28813.6305419826 -0 -0)
(-28271.7414759603 -0 -0)
(-27750.7263504203 -0 -0)
(-27249.0513913383 -0 -0)
(-26765.4547399602 -0 -0)
(-26298.7674010534 -0 -0)
(-25847.9638079563 -0 -0)
(-25412.071883391 -0 -0)
(-24990.2531845584 -0 -0)
(-24581.7107863435 -0 -0)
(-24185.7223425597 -0 -0)
(-23801.5876660522 -0 -0)
(-23428.7764293228 -0 -0)
(-23066.7492180738 -0 -0)
(-22714.8711342339 -0 -0)
(-22372.7278151247 -0 -0)
(-22040.4052475216 -0 -0)
(-21717.2902933292 -0 -0)
(-21402.3162237979 -0 -0)
(-21094.9083301153 -0 -0)
(-20794.7445360737 -0 -0)
(-20501.5100800631 -0 -0)
(-20214.9401349551 -0 -0)
(-19934.7541652809 -0 -0)
(-19660.7173651116 -0 -0)
(-19392.5782636059 -0 -0)
(-19130.127969409 -0 -0)
(-18873.1398977644 -0 -0)
(-18621.4275443229 -0 -0)
(-18374.7858177697 -0 -0)
(-18133.0477396331 -0 -0)
(-17896.0270937864 -0 -0)
(-17663.5738886035 -0 -0)
(-17435.5183709093 -0 -0)
(-17211.7254278562 -0 -0)
(-16992.0399958334 -0 -0)
(-16776.3398128919 -0 -0)
(-16564.4828154654 -0 -0)
(-16356.3584955497 -0 -0)
(-16151.8361239362 -0 -0)
(-15950.8152787098 -0 -0)
(-15753.175509332 -0 -0)
(-15558.8255299984 -0 -0)
(-15367.6541471902 -0 -0)
(-15179.5781506544 -0 -0)
(-14994.4943711483 -0 -0)
(-14812.3269654832 -0 -0)
(-14632.9802445779 -0 -0)
(-14456.3846073825 -0 -0)
(-14282.451226135 -0 -0)
(-14111.1163070364 -0 -0)
(-13942.2969279603 -0 -0)
(-13775.9347205099 -0 -0)
(-13611.9521374364 -0 -0)
(-13450.2955168925 -0 -0)
(-13290.8924220426 -0 -0)
(-13133.6932568244 -0 -0)
(-12978.6302011807 -0 -0)
(-12825.6576276348 -0 -0)
(-12674.7117604876 -0 -0)
(-12525.7505121899 -0 -0)
(-12378.7139505321 -0 -0)
(-12233.5632142532 -0 -0)
(-12090.2418183371 -0 -0)
(-11948.7136925367 -0 -0)
(-11808.9256109475 -0 -0)
(-11670.8441974159 -0 -0)
(-11534.4191541704 -0 -0)
(-11399.6194600787 -0 -0)
(-11266.3976312465 -0 -0)
(-11134.7248627665 -0 -0)
(-11004.5561376365 -0 -0)
(-10875.8647213958 -0 -0)
(-10748.6078970211 -0 -0)
(-10622.7607325987 -0 -0)
(-10498.2827171045 -0 -0)
(-10375.1507670743 -0 -0)
(-10253.3263304412 -0 -0)
(-10132.7877227001 -0 -0)
(-10013.4983817082 -0 -0)
(-9895.43813564672 -0 -0)
(-9778.57208450182 -0 -0)
(-9662.88142714394 -0 -0)
(-9548.33284822905 -0 -0)
(-9434.90877046148 -0 -0)
(-9322.57744506751 -0 -0)
(-9211.32251415416 -0 -0)
(-9101.11336426968 -0 -0)
(-8991.93482185569 -0 -0)
(-8883.75757438184 -0 -0)
(-8776.56762207385 -0 -0)
(-8670.33665547095 -0 -0)
(-8565.05192200447 -0 -0)
(-8460.68586017758 -0 -0)
(-8357.2270602332 -0 -0)
(-8254.6483530603 -0 -0)
(-8152.93990671475 -0 -0)
(-8052.07483660724 -0 -0)
(-7952.04498370329 -0 -0)
(-7852.82301143754 -0 -0)
(-7754.40306555872 -0 -0)
(-7656.75678700381 -0 -0)
(-7559.88120173891 -0 -0)
(-7463.74626439379 -0 -0)
(-7368.35238924183 -0 -0)
(-7273.66710181926 -0 -0)
(-7179.69545524739 -0 -0)
(-7086.40118949534 -0 -0)
(-6993.79489605271 -0 -0)
(-6901.83551762003 -0 -0)
(-6810.54049376537 -0 -0)
(-6719.86203379211 -0 -0)
(-6629.82599880873 -0 -0)
(-6540.37638227848 -0 -0)
(-6451.54905293619 -0 -0)
(-6363.27800049516 -0 -0)
(-6275.611142598 -0 -0)
(-6188.47010957468 -0 -0)
(-6101.91710936802 -0 -0)
(-6015.85972959228 -0 -0)
(-5930.37662523266 -0 -0)
(-5845.35887489231 -0 -0)
(-5760.90398085249 -0 -0)
(-5676.88414472683 -0 -0)
(-5593.41729185825 -0 -0)
(-5510.35402782797 -0 -0)
(-5427.83503870206 -0 -0)
(-5345.68774768447 -0 -0)
(-5264.07845236062 -0 -0)
(-5182.80971273861 -0 -0)
(-5102.07393179678 -0 -0)
(-5021.6450707294 -0 -0)
(-4941.74237069941 -0 -0)
(-4862.11213363008 -0 -0)
(-4783.00795942328 -0 -0)
(-4704.15187758931 -0 -0)
(-4625.83002766816 -0 -0)
(-4547.72847837881 -0 -0)
(-4470.13599816771 -0 -0)
(-4392.44433640214 -0 -0)
(-4313.69387736745 -0 -0)
(-4237.53437915133 -0 -0)
(-4162.02444391239 -0 -0)
(-4086.4782856414 -0 -0)
(-4011.19583885437 -0 -0)
(-3936.16957491208 -0 -0)
(-3861.44880590446 -0 -0)
(-3786.96879513609 -0 -0)
(-3712.80591150427 -0 -0)
(-3638.88135144093 -0 -0)
(-3565.24691846468 -0 -0)
(-3491.82783530767 -0 -0)
(-3418.68701055781 -0 -0)
(-3345.74757285137 -0 -0)
(-3273.07393210522 -0 -0)
(-3200.5818032419 -0 -0)
(-3128.33265773961 -0 -0)
(-3056.25212780641 -0 -0)
(-2984.40501028371 -0 -0)
(-2912.70588141094 -0 -0)
(-2841.22209370385 -0 -0)
(-2769.87714667742 -0 -0)
(-2698.7331774758 -0 -0)
(-2627.71355922952 -0 -0)
(-2556.88112995223 -0 -0)
(-2486.15586114389 -0 -0)
(-2415.60569963306 -0 -0)
(-2345.15172483909 -0 -0)
(-2274.85596764104 -0 -0)
(-2204.64225963113 -0 -0)
(-2134.57468465907 -0 -0)
(-2064.57903203381 -0 -0)
(-1994.71665187069 -0 -0)
(-1924.92373914955 -0 -0)
(-1855.2362496602 -0 -0)
(-1785.41238429518 -0 -0)
(-1716.18004081785 -0 -0)
(-1646.49358685671 -0 -0)
(-1577.07278348165 -0 -0)
(-1507.69362671781 -0 -0)
(-1438.38470942223 -0 -0)
(-1369.07827692853 -0 -0)
(-1299.83718636549 -0 -0)
(-1230.58821585504 -0 -0)
(-1161.39407819848 -0 -0)
(-1092.18057637282 -0 -0)
(-1023.00827722463 -0 -0)
(-953.802459065163 -0 -0)
(-884.628110991818 -0 -0)
(-815.407756107056 -0 -0)
(-746.20477176071 -0 -0)
(-676.93956805345 -0 -0)
(-607.6790318231 -0 -0)
(-538.343465719138 -0 -0)
(-468.999248210436 -0 -0)
(-399.56615501756 -0 -0)
(-330.110694171436 -0 -0)
(-260.555740042494 -0 -0)
(-190.958662301024 -0 -0)
(-121.24536077007 -0 -0)
(-51.4874371639711 -0 -0)
(18.3977497610917 -0 -0)
(88.3588510111633 -0 -0)
(158.467511865214 -0 -0)
(228.652320296794 -0 -0)
(298.990691993487 -0 -0)
(369.434370356579 -0 -0)
(440.057672803306 -0 -0)
(510.777893281668 -0 -0)
(581.56771329848 -0 -0)
(652.166620044419 -0 -0)
(723.280710978682 -0 -0)
(796.804249757769 -0 -0)
(869.108601492925 -0 -0)
(941.174050323027 -0 -0)
(1013.59400671401 -0 -0)
(1086.05899999597 -0 -0)
(1158.8743570657 -0 -0)
(1231.76233474223 -0 -0)
(1305.00700310222 -0 -0)
(1378.35968185774 -0 -0)
(1452.06995257374 -0 -0)
(1525.91387536464 -0 -0)
(1600.11176055961 -0 -0)
(1674.46977952179 -0 -0)
(1749.18295729151 -0 -0)
(1824.08483947342 -0 -0)
(1899.34457976696 -0 -0)
(1974.82000060217 -0 -0)
(2050.65698363061 -0 -0)
(2126.73655425941 -0 -0)
(2203.18371521166 -0 -0)
(2279.90021434546 -0 -0)
(2356.9921606296 -0 -0)
(2434.37975468409 -0 -0)
(2512.15213213662 -0 -0)
(2590.24525455272 -0 -0)
(2668.73381516757 -0 -0)
(2747.5677023261 -0 -0)
(2826.80925407556 -0 -0)
(2906.42027751032 -0 -0)
(2986.45288108148 -0 -0)
(3066.87863998879 -0 -0)
(3147.74094232332 -0 -0)
(3229.01823943104 -0 -0)
(3310.74746556031 -0 -0)
(3392.91740964755 -0 -0)
(3475.56130410149 -0 -0)
(3558.67123813647 -0 -0)
(3642.27613054804 -0 -0)
(3726.37285510699 -0 -0)
(3810.98726827297 -0 -0)
(3896.11923406766 -0 -0)
(3981.79279093241 -0 -0)
(4068.01045915066 -0 -0)
(4154.79502608985 -0 -0)
(4242.15094496133 -0 -0)
(4330.10050064033 -0 -0)
(4418.64987564607 -0 -0)
(4507.82125301405 -0 -0)
(4597.62208237713 -0 -0)
(4688.07485449447 -0 -0)
(4779.18822577042 -0 -0)
(4870.98504732549 -0 -0)
(4963.47484607658 -0 -0)
(5056.68139518418 -0 -0)
(5150.61519004925 -0 -0)
(5245.30077780921 -0 -0)
(5340.74956880395 -0 -0)
(5436.98720759292 -0 -0)
(5534.02606916514 -0 -0)
(5631.89296938393 -0 -0)
(5730.60116693771 -0 -0)
(5830.17878968286 -0 -0)
(5930.64028012752 -0 -0)
(6032.01514259174 -0 -0)
(6134.31879365618 -0 -0)
(6237.58224510948 -0 -0)
(6341.82231729071 -0 -0)
(6447.07155243297 -0 -0)
(6553.34798264844 -0 -0)
(6660.68609905073 -0 -0)
(6769.10538446103 -0 -0)
(6878.64211982923 -0 -0)
(6989.31735201169 -0 -0)
(7101.16955640358 -0 -0)
(7214.22161310686 -0 -0)
(7328.51405758574 -0 -0)
(7444.07161906513 -0 -0)
(7560.93742583004 -0 -0)
(7679.13836911291 -0 -0)
(7798.72013451433 -0 -0)
(7919.71187392859 -0 -0)
(8042.16225632894 -0 -0)
(8166.10298590251 -0 -0)
(8291.58573982394 -0 -0)
(8418.6451721149 -0 -0)
(8547.33642305556 -0 -0)
(8677.6972390965 -0 -0)
(8809.7866878573 -0 -0)
(8943.6458739757 -0 -0)
(9079.33797224048 -0 -0)
(9216.90806775981 -0 -0)
(9356.42399607676 -0 -0)
(9497.93519330131 -0 -0)
(9641.5146124471 -0 -0)
(9787.21672976393 -0 -0)
(9935.1203758061 -0 -0)
(10085.2856227298 -0 -0)
(10237.7993758136 -0 -0)
(10392.7296668837 -0 -0)
(10550.1671536033 -0 -0)
(10710.1818143456 -0 -0)
(10872.8724019159 -0 -0)
(11038.3184978805 -0 -0)
(11206.6276819421 -0 -0)
(11377.887878124 -0 -0)
(11552.2165271349 -0 -0)
(11729.7114549673 -0 -0)
(11910.5014167795 -0 -0)
(12094.6955300416 -0 -0)
(12282.4350406258 -0 -0)
(12473.8416393998 -0 -0)
(12669.0707669079 -0 -0)
(12868.2585826866 -0 -0)
(13071.5766894553 -0 -0)
(13279.1776581315 -0 -0)
(13491.2517466602 -0 -0)
(13707.9705440141 -0 -0)
(13929.5452706861 -0 -0)
(14156.1694747964 -0 -0)
(14388.0786784356 -0 -0)
(14625.4914825728 -0 -0)
(14868.6726519284 -0 -0)
(15117.8924683825 -0 -0)
(15373.6713147224 -0 -0)
(15637.0112439767 -0 -0)
(15908.4587490705 -0 -0)
(16187.8638965113 -0 -0)
(16475.5672612859 -0 -0)
(16772.1306283703 -0 -0)
(17078.0177431083 -0 -0)
(17393.6749887016 -0 -0)
(17719.7108348839 -0 -0)
(18056.7496689012 -0 -0)
(18405.4821100044 -0 -0)
(18766.6316845187 -0 -0)
(19141.0446840978 -0 -0)
(19529.6092527426 -0 -0)
(19933.341763041 -0 -0)
(20353.3335746699 -0 -0)
(20790.9299517909 -0 -0)
(21247.7919546036 -0 -0)
(21725.6797481165 -0 -0)
(22226.1887346744 -0 -0)
(22751.2446872813 -0 -0)
(23303.2548799981 -0 -0)
(23885.2050033837 -0 -0)
(24500.9298871074 -0 -0)
(25154.6991478341 -0 -0)
(25849.0768602198 -0 -0)
(26585.8701463438 -0 -0)
(27368.8352322522 -0 -0)
(28202.2585602219 -0 -0)
(29087.3822858729 -0 -0)
(30026.0695801258 -0 -0)
(31025.6937844837 -0 -0)
(32097.5822111798 -0 -0)
(33252.8275523023 -0 -0)
(34500.9124625287 -0 -0)
(35851.5417186527 -0 -0)
(37316.1606645345 -0 -0)
(38896.2934699589 -0 -0)
(40580.3095138763 -0 -0)
(42360.8212392975 -0 -0)
(44250.7651591552 -0 -0)
(46282.8085993122 -0 -0)
(48496.9525110143 -0 -0)
(50899.089073225 -0 -0)
(53446.6022407263 -0 -0)
(56105.9675873811 -0 -0)
(58885.83938486 -0 -0)
(61795.7266712192 -0 -0)
(64833.7603050842 -0 -0)
(67977.7110730305 -0 -0)
(71188.3211020795 -0 -0)
(74434.867869498 -0 -0)
(77694.9345300251 -0 -0)
(80948.842134839 -0 -0)
(84182.5971124407 -0 -0)
(87383.7752531459 -0 -0)
(90554.5423102075 -0 -0)
(93717.6553484627 -0 -0)
(96923.3831175878 -0 -0)
(100248.86666453 -0 -0)
(103794.347022308 -0 -0)
(107688.249280513 -0 -0)
(112075.35480074 -0 -0)
(117121.953544597 -0 -0)
(123006.466939793 -0 -0)
(129905.715911418 -0 -0)
(138002.23896374 -0 -0)
(147476.658071592 -0 -0)
(158494.075574114 -0 -0)
(171200.677148927 -0 -0)
(185724.042364094 -0 -0)
(202168.953881944 -0 -0)
(220606.582759802 -0 -0)
(241065.504739319 -0 -0)
(263533.746039414 -0 -0)
(287958.584514526 -0 -0)
(314247.190116236 -0 -0)
(342270.842353641 -0 -0)
(371870.056668725 -0 -0)
(402859.069908979 -0 -0)
(435033.149967703 -0 -0)
(468176.948327229 -0 -0)
(502074.024489268 -0 -0)
(536516.978616892 -0 -0)
(571316.289437882 -0 -0)
(606302.89119265 -0 -0)
(641331.14141816 -0 -0)
(676282.951827826 -0 -0)
(711061.616104396 -0 -0)
(745611.580087374 -0 -0)
(779772.398750367 -0 -0)
)
;

boundaryField
{
    electrode
    {
        type            calculated;
        value           uniform (-1787471.55234227 -0 -0);
    }
    ground
    {
        type            calculated;
        value           uniform (796721.109515614 -0 -0);
    }
    otherfaces
    {
        type            empty;
    }
}


// ************************************************************************* //
