/*--------------------------------*- C++ -*----------------------------------*\
| =========                 |                                                 |
| \\      /  F ield         | foam-extend: Open Source CFD                    |
|  \\    /   O peration     | Version:     4.1                                |
|   \\  /    A nd           | Web:         http://www.foam-extend.org         |
|    \\/     M anipulation  |                                                 |
\*---------------------------------------------------------------------------*/
FoamFile
{
    version     2.0;
    format      ascii;
    class       volScalarField;
    location    "1.49999999935008e-05";
    object      powerDissipatedElectron;
}
// * * * * * * * * * * * * * * * * * * * * * * * * * * * * * * * * * * * * * //

dimensions      [1 -1 -3 0 0 0 0];

internalField   nonuniform List<scalar> 
500
(
-78820.6508289812
-118538.810045623
-199848.975847351
-357396.873737592
-661685.609372056
-1250652.50933493
-2382841.91101127
-4542398.32664675
-8607926.18974469
-16138269.7561085
-29780321.5294892
-53869765.8869683
-95081156.2007472
-162868476.582957
-269592135.81946
-429047914.411495
-653461968.913206
-945331927.085445
-1291699517.64973
-1651606664.22717
-1951192192.51165
-2086789715.8648
-1941700335.70941
-1416705490.31692
-465402907.549501
877529170.676211
2490318052.0007
4189173619.22159
5775891530.77136
7083240458.59212
8015108800.34382
8555124964.61316
8738723489.09645
8639965691.97215
8341274508.46624
7917939506.11293
7430286589.1489
6921595414.25992
6422782045.14604
5948736328.65873
5508258598.21696
5103801543.12638
4735645682.601
4407707070.13987
4118003090.3873
3861131023.24359
3631134641.31891
3417580693.20327
3224349313.66569
3059148180.57744
2917213770.70506
2789011780.90098
2669795842.62354
2557652353.33669
2454037245.10966
2360911082.15395
2277158881.4133
2200319796.3636
2129712996.86765
2064779644.48746
2004570713.34164
1947858504.79146
1893954675.18146
1843201508.17601
1795848767.30268
1751221179.95786
1708922606.62154
1669106175.60301
1631705166.03967
1596251653.36838
1562483087.29428
1530254599.36027
1499436882.72261
1469932430.7212
1441696024.56418
1414599776.92166
1388527766.17474
1363409424.74671
1339197783.83694
1315828784.57987
1293258656.61084
1271430722.64974
1250310958.60336
1229855856.07127
1210033753.64318
1190795195.26999
1172130009.77353
1154018380.44961
1136399706.50167
1119227694.6954
1102613731.06139
1086504864.88936
1070763974.14035
1055383177.66226
1040367363.45193
1025697075.09819
1011364200.04492
997349678.917133
983646571.509094
970237295.190942
957116370.278497
944267279.399128
931685682.629112
919356396.647007
907275610.58803
895429601.312494
883814985.939527
872419074.904101
861239266.873726
850263441.406878
839489784.07615
828906926.075297
818513300.200222
808298430.289247
798261138.578304
788391495.537876
778688742.050644
769143488.623978
759755146.811782
750515152.335833
741422956.119955
732470361.693096
723657402.479808
714976026.666752
706426457.04793
698001284.690068
689700670.450011
681517671.660091
673452558.754215
665498730.138146
657656699.572999
649920007.770576
642289336.065688
634758619.511184
627328472.502928
619993244.834953
612753540.096356
605603967.276695
598545254.338275
591572211.862696
584685653.151686
577880552.268556
571157815.00758
564512633.622517
557945946.163891
551453124.113652
545035102.158905
538687598.517451
532411366.532183
526202416.125278
520061519.516046
513984792.498588
507973125.282762
502022694.406105
496134419.848047
490304662.483975
484534339.541944
478819925.405201
473162378.87403
467558260.703744
462008567.17612
456509982.63865
451063498.733121
445665896.939376
440318191.245681
435017284.834332
429764173.788412
424555835.239005
419393369.242431
414273672.454881
409198108.743825
404163312.865939
399171020.992906
394217615.967851
389305134.563191
384429712.629127
379593792.588401
374793048.362573
370030606.978006
365301411.156507
360609490.23392
355948850.817202
351324637.702199
346729687.22895
342170521.609329
337638481.904321
333141819.66935
328669999.44833
324233381.111107
319819211.244311
315440235.421039
311081213.400703
306757632.01337
302451356.698691
298180983.366188
293925189.502709
289706033.230038
285498549.49316
281328672.291583
277167398.85256
273044761.019464
268927618.468625
264850322.081911
260775438.714697
256741759.182822
252707212.132218
248715043.082425
244718553.95715
240765950.386132
236806445.428015
232892950.960549
228970425.650632
225101387.957714
221237030.226679
217177443.460199
213418857.981518
209653475.657429
205856541.372796
202081342.249306
198316855.360344
194570328.454754
190831506.454724
187112234.390716
183400899.796188
179706895.24576
176019617.152973
172349262.036292
168685001.981086
165037088.601537
161394310.039658
157766280.382817
154143045.691299
150534256.159505
146929050.537884
143337113.169888
139748731.39437
136172640.784125
132599515.461295
129037912.221739
125478395.213956
121929722.147546
118382837.881014
114845663.921061
111309709.756792
107782731.594144
104256668.647995
100738584.201559
97221960.1738783
93713792.3661269
90185390.6107403
86708225.2752083
83186227.0458657
79689151.6236616
76189917.4790236
72694636.0173289
69197499.6250307
65704395.795289
62208983.9952098
58716936.9307986
55222153.9587184
51729891.1277416
48234271.7571489
44740594.9741773
41243062.7715161
37746611.5642187
34245597.2445765
30744897.8366644
27239126.1395148
23732850.7507926
20220942.6082607
16707680.2536572
13188420.0038038
9666631.44643769
6138124.0705084
2606849.69762442
-931569.870248447
-4474498.05205769
-8025447.5739603
-11581066.2972625
-15144913.1130483
-18715013.3552284
-22294438.5800278
-25879538.282234
-29467825.3770962
-33051290.179176
-36668291.7061414
-40378899.8678631
-44053004.0716685
-47714071.6058464
-51387913.1630528
-55069095.7826179
-58764249.5297583
-62468342.1583112
-66186598.2838424
-69915548.8776058
-73658765.6855948
-77413928.786567
-81183336.3591701
-84965866.2269261
-88762913.0859792
-92574275.2489934
-96400576.3918084
-100242276.68766
-104099428.077622
-107973023.087219
-111862731.011181
-115769887.406275
-119693910.847108
-123636377.895869
-127596546.487714
-131576089.232081
-135574235.437886
-139592674.632405
-143630665.404843
-147689875.568848
-151769659.024686
-155871567.774283
-159995064.349163
-164141915.482897
-168310784.424068
-172504081.373783
-176721329.544695
-180963875.759807
-185231574.496882
-189525764.525672
-193846398.163885
-198194704.526053
-202570798.02258
-206975850.037494
-211410053.83858
-215874559.028419
-220369629.066035
-224896451.155362
-229455306.479788
-234047415.130635
-238673114.16688
-243333677.540766
-248029448.161971
-252761720.595433
-257530943.647093
-262338443.661496
-267184663.460291
-272071039.155831
-276998014.14685
-281967144.601451
-286978869.165156
-292034821.360813
-297135462.341196
-302282592.736855
-307476615.975539
-312719493.287086
-318011595.163874
-323355069.165143
-328750308.056584
-334199494.257225
-339703165.288393
-345263593.915389
-350881369.899681
-356558839.818998
-362296740.352478
-368097537.044471
-373961978.286577
-379892715.133019
-385890576.790218
-391958408.875858
-398097008.124466
-404309549.835429
-410596803.058775
-416962200.430745
-423406568.624864
-429933584.858699
-436544183.836228
-443242218.99815
-450028877.599716
-456908147.76971
-463881377.464639
-470952875.629261
-478124129.130433
-485399773.639919
-492781463.064486
-500274164.276004
-507879845.51441
-515603845.368245
-523448072.08144
-531417871.610724
-539518508.024526
-547752582.268469
-556123780.175504
-564638947.437912
-573300935.076959
-582117102.816812
-591090728.807044
-600229752.817098
-609537859.676508
-619023826.187613
-628691762.824637
-638551274.617337
-648607045.475667
-658869556.605896
-669344289.655828
-680042560.805336
-690970817.38345
-702141494.001831
-713561903.903643
-725245843.369604
-737201667.181605
-749444771.6652
-761986167.049796
-774855353.692935
-788094144.24541
-801693662.428687
-815666164.024521
-830081609.771133
-844940023.794725
-860249272.89694
-876038628.211652
-892343272.914135
-909184611.572878
-926598577.231962
-944618195.797855
-963287328.019803
-982643891.813954
-1002739888.64577
-1023623779.92534
-1045365194.85619
-1068037577.48984
-1091711219.55286
-1116456736.90981
-1142393694.30077
-1169633001.79253
-1198305995.25816
-1228588008.95814
-1260644318.5824
-1294525728.82042
-1330438622.50723
-1368695424.98325
-1409374669.37514
-1452399285.54944
-1498138986.15389
-1547108762.03018
-1599557602.53457
-1655700210.04664
-1715980158.58489
-1781045145.04118
-1851529902.80503
-1926916809.9838
-2006941648.2058
-2092676778.98359
-2185342709.17608
-2285541268.28467
-2393640994.02727
-2507266840.13638
-2625051421.32263
-2751006760.83458
-2887035765.87711
-3028741824.19494
-3174990229.94655
-3324415083.07432
-3476033291.92671
-3630561983.59829
-3785887586.47289
-3939528335.47585
-4090022351.29535
-4235159794.46569
-4374627304.06063
-4507565067.28225
-4634104018.76483
-4754188174.73708
-4868529639.41783
-4979540978.73908
-5088572980.71799
-5198954660.24355
-5312002806.99639
-5428623093.2779
-5549952490.47303
-5673841649.23308
-5796424938.64819
-5911620491.9688
-6011888939.53584
-6088034527.4935
-6129642541.33146
-6126887451.72741
-6072279864.17063
-5960692142.82242
-5790448670.41434
-5563982744.62091
-5287133097.16232
-4968054000.88291
-4617412294.20995
-4246476241.02769
-3865760630.94566
-3485575665.13215
-3114355355.62416
-2760548586.44355
-2430459078.58911
-2129731559.34068
-1862067122.38453
-1629950130.1373
-1433589465.34939
-1288798053.02098
)
;

boundaryField
{
    electrode
    {
        type            calculated;
        value           uniform -22580.4918909467;
    }
    ground
    {
        type            calculated;
        value           uniform -910098529.223767;
    }
    otherfaces
    {
        type            empty;
    }
}


// ************************************************************************* //
