/*--------------------------------*- C++ -*----------------------------------*\
| =========                 |                                                 |
| \\      /  F ield         | foam-extend: Open Source CFD                    |
|  \\    /   O peration     | Version:     4.1                                |
|   \\  /    A nd           | Web:         http://www.foam-extend.org         |
|    \\/     M anipulation  |                                                 |
\*---------------------------------------------------------------------------*/
FoamFile
{
    version     2.0;
    format      ascii;
    class       volScalarField;
    location    "1.50133329961086e-05";
    object      Arp1;
}
// * * * * * * * * * * * * * * * * * * * * * * * * * * * * * * * * * * * * * //

dimensions      [0 -3 0 0 0 0 0];

internalField   nonuniform List<scalar> 
500
(
7.15458582651373e+17
7.25639370709196e+17
7.32530378570009e+17
7.40051420905703e+17
7.47873659606803e+17
7.55770182264234e+17
7.64197223830835e+17
7.72716138048603e+17
7.81832076522783e+17
7.91079722018967e+17
8.00946035658215e+17
8.11008896817603e+17
8.21743188364829e+17
8.32700168316252e+17
8.44382362326371e+17
8.56402507920474e+17
8.69249851232019e+17
8.82535653443649e+17
8.96772200252323e+17
9.11550271717831e+17
9.2741193813315e+17
9.440947059773e+17
9.62184414221507e+17
9.81299448234535e+17
1.00197670259882e+18
1.02386708019166e+18
1.04755743605817e+18
1.07277379185031e+18
1.10014042547547e+18
1.1293691869256e+18
1.16115895259988e+18
1.19541047337911e+18
1.23277025166393e+18
1.27298551145044e+18
1.3167509063759e+18
1.36382641464436e+18
1.41495062555887e+18
1.47013941480323e+18
1.52997023273617e+18
1.59401869244155e+18
1.66283826283604e+18
1.73632611570235e+18
1.81468897370875e+18
1.89712752197011e+18
1.98426488903353e+18
2.07495413922363e+18
2.16918394784131e+18
2.26625474869112e+18
2.36566527502259e+18
2.46686008860336e+18
2.56931645319824e+18
2.67245968913517e+18
2.77592351742776e+18
2.87905426627596e+18
2.98161530692251e+18
3.08304782550922e+18
3.18378233206177e+18
3.28312432048982e+18
3.3818200205118e+18
3.4784242301927e+18
3.57420079884365e+18
3.66749721935712e+18
3.75936295834944e+18
3.85045311873163e+18
3.94131689937146e+18
4.03049133099829e+18
4.11810339932926e+18
4.20347686563941e+18
4.28809776831761e+18
4.37132721254996e+18
4.4540734108957e+18
4.53564178886651e+18
4.61674658778438e+18
4.69637166091542e+18
4.77514656931706e+18
4.85260073550555e+18
4.92967657522789e+18
5.00559802642208e+18
5.08116231611092e+18
5.15561263146935e+18
5.22977868352974e+18
5.30291507538339e+18
5.37578147678894e+18
5.44753825570797e+18
5.51901448090561e+18
5.58959853412665e+18
5.66003479387409e+18
5.72954075749203e+18
5.79890862916178e+18
5.86736480799444e+18
5.93570210325638e+18
6.00315011407858e+18
6.07049740716109e+18
6.13696789659085e+18
6.20335092073255e+18
6.26888718803137e+18
6.33435022135577e+18
6.39893393819189e+18
6.4634605544592e+18
6.52722933299239e+18
6.59095961784514e+18
6.65387503187937e+18
6.71675389532477e+18
6.77882374037626e+18
6.84086099500308e+18
6.90209441721419e+18
6.96329851790295e+18
7.02370323139928e+18
7.08408121683918e+18
7.14366361894553e+18
7.20322131261997e+18
7.26198665405918e+18
7.32072880461665e+18
7.37868136030099e+18
7.43661179519737e+18
7.49375494683977e+18
7.55087665823474e+18
7.60721300773976e+18
7.66352825149378e+18
7.71905971523673e+18
7.77457011721521e+18
7.82929802475822e+18
7.88400465371789e+18
7.93792980530177e+18
7.99183322379488e+18
8.04495594948526e+18
8.09805627506251e+18
8.15037649856265e+18
8.20267347919631e+18
8.25419077688382e+18
8.30568381826957e+18
8.35639744111376e+18
8.40708565175805e+18
8.45699457487388e+18
8.50687680348761e+18
8.55597976422643e+18
8.60505464098155e+18
8.65335017355883e+18
8.70161613271589e+18
8.7491025811547e+18
8.79655788381146e+18
8.8432334329412e+18
8.88987619698206e+18
8.93573891050919e+18
8.98156712807785e+18
9.02661494978413e+18
9.07162654420846e+18
9.11585732930758e+18
9.16005007434601e+18
9.20346158297515e+18
9.24683320979812e+18
9.28942315042446e+18
9.33197133859362e+18
9.37373737316972e+18
9.41545976126638e+18
9.45639951798123e+18
9.49729371517444e+18
9.53740479510678e+18
9.5774683967334e+18
9.61674838877611e+18
9.65597898374874e+18
9.69442547174022e+18
9.73282065320896e+18
9.77043122219181e+18
9.80798859804881e+18
9.84476084338671e+18
9.88147804413318e+18
9.91740957758492e+18
9.95328426452575e+18
9.98837272002794e+18
1.00234025936202e+19
1.00576456280338e+19
1.0091828441859e+19
1.01252237382866e+19
1.01585572977455e+19
1.01911025784541e+19
1.02235847457453e+19
1.02552777701165e+19
1.02869064687447e+19
1.03177450277082e+19
1.03485182693037e+19
1.03785001952725e+19
1.04084160729697e+19
1.04375392412534e+19
1.0466595933236e+19
1.0494858265865e+19
1.05230540446343e+19
1.05504535121979e+19
1.05777867447738e+19
1.06043213685536e+19
1.06307905227049e+19
1.06564583798259e+19
1.0682062026309e+19
1.07068612551358e+19
1.07315980680001e+19
1.07555268728767e+19
1.07793956295554e+19
1.08024522834464e+19
1.08254518660876e+19
1.08476347189009e+19
1.08697641116812e+19
1.08910715896167e+19
1.09123298728571e+19
1.09327605053769e+19
1.09531468486057e+19
1.09726992518711e+19
1.09922129018488e+19
1.10108858254981e+19
1.10295261597611e+19
1.10473183558338e+19
1.10650848355901e+19
1.10819953546297e+19
1.10988874372639e+19
1.11149152690472e+19
1.11309326080703e+19
1.11460771307185e+19
1.11612194234947e+19
1.11754794110578e+19
1.11897468509567e+19
1.12031225062878e+19
1.12165139849895e+19
1.12290042471955e+19
1.12415213354269e+19
1.12531262172334e+19
1.12647663088472e+19
1.12754869786066e+19
1.12862520462775e+19
1.12960874624746e+19
1.1305988542111e+19
1.13149887807554e+19
1.13238080779885e+19
1.13320784924525e+19
1.13400126824888e+19
1.13474029657754e+19
1.13544599450162e+19
1.13609760436482e+19
1.13671556072798e+19
1.13727971775567e+19
1.13780995673222e+19
1.13828674497555e+19
1.13872922474381e+19
1.13911868059109e+19
1.13947338498037e+19
1.13977550023695e+19
1.14004254604805e+19
1.14025718282424e+19
1.1404365299076e+19
1.14056378369958e+19
1.14065557856233e+19
1.14069634533374e+19
1.14069642555543e+19
1.14065575225138e+19
1.14056412040436e+19
1.14043696045086e+19
1.14025782075475e+19
1.14004316349294e+19
1.13977636110779e+19
1.13947433998023e+19
1.13911978796574e+19
1.13873039121358e+19
1.13828813126716e+19
1.13781141149659e+19
1.13728135797947e+19
1.13671721764314e+19
1.13609951493017e+19
1.13544798444856e+19
1.13474247252193e+19
1.13400331583825e+19
1.1332102978335e+19
1.13238348715389e+19
1.1315012099891e+19
1.1306015443365e+19
1.12961155007487e+19
1.12862819774874e+19
1.12755169966436e+19
1.12647990499003e+19
1.12531588833995e+19
1.12415559366984e+19
1.12290397383644e+19
1.12165512829873e+19
1.12031602596124e+19
1.11897864070392e+19
1.11755199111624e+19
1.11612614105757e+19
1.11461200314299e+19
1.11309771078397e+19
1.11149607274392e+19
1.10989343776273e+19
1.1082043357718e+19
1.10651341666912e+19
1.10473689178101e+19
1.10295779103054e+19
1.10109388554294e+19
1.09922671052552e+19
1.09727547500595e+19
1.09532034928032e+19
1.09328184735642e+19
1.09123889750037e+19
1.08911320167077e+19
1.08698256866036e+19
1.08476976109493e+19
1.08255159136565e+19
1.0802517639508e+19
1.07794621504354e+19
1.07555946902897e+19
1.07316670521645e+19
1.07069315258888e+19
1.06821334631002e+19
1.06565310922423e+19
1.06308643983514e+19
1.06043965090783e+19
1.05778630456176e+19
1.05505310695177e+19
1.05231327582265e+19
1.04949382275065e+19
1.04666770489476e+19
1.04376215957589e+19
1.04084995801589e+19
1.03785849312178e+19
1.03486041591772e+19
1.03178321345118e+19
1.02869947298441e+19
1.02553672351959e+19
1.022367536502e+19
1.01911943893588e+19
1.0158650273707e+19
1.01253179013219e+19
1.00919237774213e+19
1.00577421391113e+19
1.00235002799232e+19
9.98847156790056e+18
9.95338428694196e+18
9.91751074667e+18
9.88158038425995e+18
9.844864314509e+18
9.8080932340182e+18
9.77053697363521e+18
9.73292756140479e+18
9.69453348007672e+18
9.6560881367652e+18
9.61685862749932e+18
9.57757976491001e+18
9.53751723361117e+18
9.49740726555862e+18
9.45651412390242e+18
9.41557545870302e+18
9.37385411109403e+18
9.33208914414367e+18
9.28954197946314e+18
9.24695308097016e+18
9.203582458581e+18
9.16017196447349e+18
9.11598020629691e+18
9.07175040458069e+18
9.02673977733465e+18
8.98169290894457e+18
8.93586563357456e+18
8.89000384302391e+18
8.84336199260372e+18
8.79668733165108e+18
8.74923291334787e+18
8.70174731945269e+18
8.65348221238928e+18
8.60518749819384e+18
8.55611343684335e+18
8.50701125559855e+18
8.45712980297079e+18
8.4072216257041e+18
8.35653415244107e+18
8.30582123835566e+18
8.25432888769626e+18
8.20281225831269e+18
8.15051591929674e+18
8.0981963197214e+18
8.04509658509654e+18
7.99197444340589e+18
7.93807156729539e+18
7.88414695183167e+18
7.82944081214196e+18
7.77471338221387e+18
7.71920341641528e+18
7.66367237312771e+18
7.60735752037702e+18
7.55102152433356e+18
7.49390016031568e+18
7.43675728235282e+18
7.37882714355909e+18
7.32087477965398e+18
7.26213287285262e+18
7.20336763744004e+18
7.1438101388015e+18
7.08422777628918e+18
7.02384991561691e+18
6.96344518747392e+18
6.90224111203915e+18
6.84100762040635e+18
6.77897027573837e+18
6.71690035136463e+18
6.65402129272681e+18
6.59110575119125e+18
6.52737527431693e+18
6.46360657305148e+18
6.39907985273994e+18
6.33449635570488e+18
6.26903318973264e+18
6.20349686428278e+18
6.13711348962233e+18
6.07064286293467e+18
6.00329514824515e+18
5.93584676732087e+18
5.86750883503591e+18
5.7990521404079e+18
5.72968357807149e+18
5.66017701132901e+18
5.58973958913662e+18
5.51915443515531e+18
5.44767728183334e+18
5.37592069281748e+18
5.30305404835843e+18
5.22991804408784e+18
5.1557520456685e+18
5.08130269896084e+18
5.00573896862856e+18
4.92981921088355e+18
4.8527446774014e+18
4.77529204701743e+18
4.69651956646196e+18
4.61689916785943e+18
4.53580093184872e+18
4.45424138355795e+18
4.37150642006046e+18
4.28829110276455e+18
4.20368235335903e+18
4.11832840312208e+18
4.0307518438924e+18
3.94161801946227e+18
3.85078382680069e+18
3.75972332640552e+18
3.66792916038438e+18
3.57471758887253e+18
3.47899597333347e+18
3.38249275212894e+18
3.28391001675725e+18
3.18467326619499e+18
3.08407721877511e+18
2.98277392245746e+18
2.88035783099964e+18
2.77736706063568e+18
2.67405295734401e+18
2.57103682690805e+18
2.46869899960841e+18
2.36758232545643e+18
2.26822842754874e+18
2.17117281012384e+18
2.07690811265048e+18
1.98618392388225e+18
1.89890450540536e+18
1.81634340701778e+18
1.73787181730345e+18
1.66414893222175e+18
1.59513985333197e+18
1.53100047215599e+18
1.47100811807642e+18
1.41556507497309e+18
1.36427398192054e+18
1.31717518358879e+18
1.27336461947398e+18
1.23303451218204e+18
1.19555001330495e+18
1.16117925496613e+18
1.12933052928497e+18
1.1001475775051e+18
1.07284654084378e+18
1.04763481839955e+18
1.02388717522775e+18
1.00193289084726e+18
9.81229926408496e+17
9.62127708541981e+17
9.44067645265346e+17
9.2736709413057e+17
9.11456134013166e+17
8.96688270042402e+17
8.82529013997397e+17
8.69298032616236e+17
8.56430999822002e+17
8.4436936047189e+17
8.32653442893542e+17
8.21648244945649e+17
8.10888785657738e+17
8.0083872704437e+17
7.90974380081984e+17
7.81690918797242e+17
7.72549931235474e+17
7.64014547456452e+17
7.55560308780027e+17
7.47627812248207e+17
7.39766005796369e+17
7.32364034938435e+17
7.25452425374041e+17
7.15296393749943e+17
)
;

boundaryField
{
    electrode
    {
        type            zeroGradient;
    }
    ground
    {
        type            zeroGradient;
    }
    otherfaces
    {
        type            empty;
    }
}


// ************************************************************************* //
