/*--------------------------------*- C++ -*----------------------------------*\
| =========                 |                                                 |
| \\      /  F ield         | foam-extend: Open Source CFD                    |
|  \\    /   O peration     | Version:     4.1                                |
|   \\  /    A nd           | Web:         http://www.foam-extend.org         |
|    \\/     M anipulation  |                                                 |
\*---------------------------------------------------------------------------*/
FoamFile
{
    version     2.0;
    format      ascii;
    class       volVectorField;
    location    "1.50133329961086e-05";
    object      EField;
}
// * * * * * * * * * * * * * * * * * * * * * * * * * * * * * * * * * * * * * //

dimensions      [1 1 -3 0 0 -1 0];

internalField   nonuniform List<vector> 
500
(
(-449351.421671358 -0 -0)
(-425172.836310641 -0 -0)
(-401384.859431105 -0 -0)
(-377958.057816099 -0 -0)
(-355083.389661181 -0 -0)
(-332783.738589977 -0 -0)
(-311222.710355081 -0 -0)
(-290423.635937484 -0 -0)
(-270516.877544855 -0 -0)
(-251530.62696884 -0 -0)
(-233557.631506066 -0 -0)
(-216615.89166882 -0 -0)
(-200763.219387258 -0 -0)
(-186006.545760708 -0 -0)
(-172373.196107685 -0 -0)
(-159836.54527296 -0 -0)
(-148382.927404667 -0 -0)
(-137985.790493643 -0 -0)
(-128643.231662261 -0 -0)
(-120308.143949947 -0 -0)
(-112908.381846996 -0 -0)
(-106354.743322303 -0 -0)
(-100617.992193057 -0 -0)
(-95710.1806130797 -0 -0)
(-91612.7444926952 -0 -0)
(-88191.3327199391 -0 -0)
(-85292.0642774242 -0 -0)
(-82866.0399754446 -0 -0)
(-80999.8377142766 -0 -0)
(-79757.1267507143 -0 -0)
(-79040.8754593179 -0 -0)
(-78618.6994495964 -0 -0)
(-78337.7510575082 -0 -0)
(-78246.6748332453 -0 -0)
(-78505.416153311 -0 -0)
(-79153.027542632 -0 -0)
(-80018.4904349754 -0 -0)
(-80838.5263677714 -0 -0)
(-81484.7477996051 -0 -0)
(-82037.4378568266 -0 -0)
(-82652.1276323268 -0 -0)
(-83348.417549055 -0 -0)
(-83959.8281318295 -0 -0)
(-84264.9026120669 -0 -0)
(-84159.4299228229 -0 -0)
(-83703.5529669577 -0 -0)
(-83035.8622994558 -0 -0)
(-82219.0812134781 -0 -0)
(-81207.641221493 -0 -0)
(-79908.5331849385 -0 -0)
(-78284.7584782906 -0 -0)
(-76388.1020123983 -0 -0)
(-74316.8828995072 -0 -0)
(-72154.9683004015 -0 -0)
(-69945.0987151919 -0 -0)
(-67700.6827880576 -0 -0)
(-65423.3984331368 -0 -0)
(-63118.0949674644 -0 -0)
(-60793.4888447898 -0 -0)
(-58478.9883275574 -0 -0)
(-56220.8911788589 -0 -0)
(-54076.727694468 -0 -0)
(-52098.0281133966 -0 -0)
(-50266.3924319844 -0 -0)
(-48506.6491703263 -0 -0)
(-46756.0137081914 -0 -0)
(-45014.1388482365 -0 -0)
(-43343.0231548987 -0 -0)
(-41816.7474062507 -0 -0)
(-40469.8542023521 -0 -0)
(-39273.7926241659 -0 -0)
(-38149.6013906616 -0 -0)
(-37022.565751437 -0 -0)
(-35875.4374254654 -0 -0)
(-34757.783448553 -0 -0)
(-33738.7802862407 -0 -0)
(-32850.2055746279 -0 -0)
(-32065.7305241941 -0 -0)
(-31323.1189466672 -0 -0)
(-30569.6244155763 -0 -0)
(-29798.0464032556 -0 -0)
(-29046.1160775527 -0 -0)
(-28362.6519132658 -0 -0)
(-27768.0605005369 -0 -0)
(-27238.2087447722 -0 -0)
(-26720.4930514283 -0 -0)
(-26174.6055343304 -0 -0)
(-25603.2145308297 -0 -0)
(-25046.079755406 -0 -0)
(-24547.3062326794 -0 -0)
(-24121.1266950136 -0 -0)
(-23740.9338768541 -0 -0)
(-23359.1575844304 -0 -0)
(-22942.4305849578 -0 -0)
(-22495.2617450642 -0 -0)
(-22054.7444519281 -0 -0)
(-21662.0558869488 -0 -0)
(-21332.2815526034 -0 -0)
(-21043.2028104294 -0 -0)
(-20750.3767336814 -0 -0)
(-20420.4037557087 -0 -0)
(-20054.4779750569 -0 -0)
(-19685.6288920578 -0 -0)
(-19354.210449838 -0 -0)
(-19078.9120840805 -0 -0)
(-18843.8128326095 -0 -0)
(-18610.4235804493 -0 -0)
(-18345.0018442373 -0 -0)
(-18041.6103139395 -0 -0)
(-17724.7349084336 -0 -0)
(-17431.0718697028 -0 -0)
(-17184.0793880224 -0 -0)
(-16978.3679691506 -0 -0)
(-16784.7932990362 -0 -0)
(-16571.2804714332 -0 -0)
(-16323.9216397259 -0 -0)
(-16054.9373598859 -0 -0)
(-15792.8057425344 -0 -0)
(-15562.5821837097 -0 -0)
(-15369.6559752404 -0 -0)
(-15197.7608903263 -0 -0)
(-15020.9996885374 -0 -0)
(-14820.9901157483 -0 -0)
(-14598.0034642066 -0 -0)
(-14369.0165430257 -0 -0)
(-14155.2616694204 -0 -0)
(-13968.3649497029 -0 -0)
(-13804.0375150289 -0 -0)
(-13646.3881259348 -0 -0)
(-13479.185139022 -0 -0)
(-13295.9449956226 -0 -0)
(-13102.489966434 -0 -0)
(-12911.8785051472 -0 -0)
(-12735.1320479064 -0 -0)
(-12574.8842696061 -0 -0)
(-12424.9842526818 -0 -0)
(-12275.2627593237 -0 -0)
(-12118.4266063909 -0 -0)
(-11953.81637322 -0 -0)
(-11786.6852171168 -0 -0)
(-11624.2664367788 -0 -0)
(-11471.0264531495 -0 -0)
(-11326.5860058453 -0 -0)
(-11186.7052463668 -0 -0)
(-11046.3579771226 -0 -0)
(-10902.6898856917 -0 -0)
(-10756.3508802725 -0 -0)
(-10610.3246115572 -0 -0)
(-10467.9639594393 -0 -0)
(-10330.896953743 -0 -0)
(-10198.42113421 -0 -0)
(-10068.3248007968 -0 -0)
(-9938.24527574253 -0 -0)
(-9807.02386337146 -0 -0)
(-9675.06183226765 -0 -0)
(-9543.77183650111 -0 -0)
(-9414.70482395074 -0 -0)
(-9288.65294784682 -0 -0)
(-9165.44425852916 -0 -0)
(-9044.1837138209 -0 -0)
(-8923.89255131586 -0 -0)
(-8803.90494094309 -0 -0)
(-8684.2258095579 -0 -0)
(-8565.20320872111 -0 -0)
(-8447.37575676835 -0 -0)
(-8331.06221109653 -0 -0)
(-8216.27293906388 -0 -0)
(-8102.76909132129 -0 -0)
(-7990.23379408184 -0 -0)
(-7878.40965481164 -0 -0)
(-7767.27042385215 -0 -0)
(-7656.87758095293 -0 -0)
(-7547.42545635333 -0 -0)
(-7439.01832435605 -0 -0)
(-7331.70722422558 -0 -0)
(-7225.4150264003 -0 -0)
(-7120.03761855605 -0 -0)
(-7015.44305886164 -0 -0)
(-6911.57076342926 -0 -0)
(-6808.38195663402 -0 -0)
(-6705.90479029748 -0 -0)
(-6604.15528055349 -0 -0)
(-6503.15953079405 -0 -0)
(-6402.90731556989 -0 -0)
(-6303.38183443645 -0 -0)
(-6204.54778689418 -0 -0)
(-6106.37925721109 -0 -0)
(-6008.8500591163 -0 -0)
(-5911.94994605038 -0 -0)
(-5815.66553246566 -0 -0)
(-5719.99200723484 -0 -0)
(-5624.91718638545 -0 -0)
(-5530.4271740676 -0 -0)
(-5436.51160507962 -0 -0)
(-5343.1459276806 -0 -0)
(-5250.32751668301 -0 -0)
(-5158.0245458388 -0 -0)
(-5066.24282772686 -0 -0)
(-4974.94793375263 -0 -0)
(-4884.15193461239 -0 -0)
(-4793.8228067525 -0 -0)
(-4703.97621849064 -0 -0)
(-4614.57855713855 -0 -0)
(-4525.64577581134 -0 -0)
(-4437.13416516269 -0 -0)
(-4349.06261044607 -0 -0)
(-4261.37945285497 -0 -0)
(-4174.11506337945 -0 -0)
(-4087.21609998352 -0 -0)
(-4000.72747384387 -0 -0)
(-3914.59101455899 -0 -0)
(-3828.85123190279 -0 -0)
(-3743.44074308648 -0 -0)
(-3658.40252598899 -0 -0)
(-3573.66490711684 -0 -0)
(-3489.27605326113 -0 -0)
(-3405.16917924854 -0 -0)
(-3321.411671871 -0 -0)
(-3237.92780014573 -0 -0)
(-3154.76982967298 -0 -0)
(-3071.86583722003 -0 -0)
(-2989.27670747438 -0 -0)
(-2906.90007937933 -0 -0)
(-2824.80225128437 -0 -0)
(-2742.93152131147 -0 -0)
(-2661.34086808846 -0 -0)
(-2579.94384812517 -0 -0)
(-2498.80293871922 -0 -0)
(-2417.61888909018 -0 -0)
(-2335.49554759037 -0 -0)
(-2255.80305142236 -0 -0)
(-2175.97004366247 -0 -0)
(-2096.20347494434 -0 -0)
(-2016.5744003683 -0 -0)
(-1937.11422783456 -0 -0)
(-1857.77274580284 -0 -0)
(-1778.57454308717 -0 -0)
(-1699.47520401061 -0 -0)
(-1620.50476976744 -0 -0)
(-1541.61843861639 -0 -0)
(-1462.86101119923 -0 -0)
(-1384.17899372264 -0 -0)
(-1305.6080852237 -0 -0)
(-1227.08283892586 -0 -0)
(-1148.61351155447 -0 -0)
(-1070.16548826786 -0 -0)
(-991.771877701881 -0 -0)
(-913.399292316432 -0 -0)
(-835.060540259408 -0 -0)
(-756.545251138781 -0 -0)
(-678.57980328472 -0 -0)
(-600.063448056241 -0 -0)
(-521.722673621624 -0 -0)
(-443.339770705782 -0 -0)
(-364.92393515226 -0 -0)
(-286.457994935202 -0 -0)
(-207.976824203439 -0 -0)
(-129.423506368065 -0 -0)
(-50.8249733786312 -0 -0)
(27.8866734578341 -0 -0)
(106.686066085627 -0 -0)
(185.630955936164 -0 -0)
(264.661485450941 -0 -0)
(343.810301512505 -0 -0)
(423.052019776764 -0 -0)
(502.447120630514 -0 -0)
(581.966858628482 -0 -0)
(661.638591450712 -0 -0)
(741.468142631804 -0 -0)
(821.44535188442 -0 -0)
(901.227457777027 -0 -0)
(983.400496155029 -0 -0)
(1064.66133210243 -0 -0)
(1145.8814128428 -0 -0)
(1227.35019084876 -0 -0)
(1309.03177303845 -0 -0)
(1391.01256936419 -0 -0)
(1473.22305772861 -0 -0)
(1555.72085763901 -0 -0)
(1638.42813513333 -0 -0)
(1721.43808692202 -0 -0)
(1804.69369475386 -0 -0)
(1888.28821307187 -0 -0)
(1972.16915293965 -0 -0)
(2056.41593066603 -0 -0)
(2140.95157662558 -0 -0)
(2225.83402659023 -0 -0)
(2311.00342126772 -0 -0)
(2396.53836866874 -0 -0)
(2482.40371023045 -0 -0)
(2568.68412708632 -0 -0)
(2655.3358878027 -0 -0)
(2742.40818149509 -0 -0)
(2829.83917911418 -0 -0)
(2917.67254176745 -0 -0)
(3005.87992284218 -0 -0)
(3094.53644503913 -0 -0)
(3183.63479337431 -0 -0)
(3273.22772075721 -0 -0)
(3363.27350675695 -0 -0)
(3453.78662136886 -0 -0)
(3544.73478606497 -0 -0)
(3636.16702991463 -0 -0)
(3728.10146425511 -0 -0)
(3820.59544916912 -0 -0)
(3913.63959047431 -0 -0)
(4007.23392379433 -0 -0)
(4101.34710639699 -0 -0)
(4195.99842064268 -0 -0)
(4291.21834446294 -0 -0)
(4387.06313070445 -0 -0)
(4483.55470148561 -0 -0)
(4580.6880055355 -0 -0)
(4678.43718874076 -0 -0)
(4776.79643379718 -0 -0)
(4875.80044901075 -0 -0)
(4975.50066249029 -0 -0)
(5075.94300802553 -0 -0)
(5177.12350488464 -0 -0)
(5279.02688894117 -0 -0)
(5381.63452992606 -0 -0)
(5484.9864601079 -0 -0)
(5589.13045402461 -0 -0)
(5694.12492998303 -0 -0)
(5799.96364532491 -0 -0)
(5906.63756875237 -0 -0)
(6014.12366576492 -0 -0)
(6122.46916793579 -0 -0)
(6231.7230754521 -0 -0)
(6341.95006791282 -0 -0)
(6453.1411636228 -0 -0)
(6565.29080616069 -0 -0)
(6678.38042627519 -0 -0)
(6792.46875289136 -0 -0)
(6907.60838988681 -0 -0)
(7023.86183829193 -0 -0)
(7141.21491771779 -0 -0)
(7259.66689790518 -0 -0)
(7379.2140325556 -0 -0)
(7499.92910400937 -0 -0)
(7621.86593651743 -0 -0)
(7745.076138343 -0 -0)
(7869.54102618856 -0 -0)
(7995.27197386175 -0 -0)
(8122.29118359072 -0 -0)
(8250.68528626081 -0 -0)
(8380.50201234348 -0 -0)
(8511.77513694998 -0 -0)
(8644.48776354513 -0 -0)
(8778.6748863833 -0 -0)
(8914.38973942273 -0 -0)
(9051.72329865777 -0 -0)
(9190.70792037183 -0 -0)
(9331.36418941845 -0 -0)
(9473.69593640145 -0 -0)
(9617.77336923198 -0 -0)
(9763.67253332457 -0 -0)
(9911.47065175149 -0 -0)
(10061.1839276986 -0 -0)
(10212.8416468149 -0 -0)
(10366.4904179004 -0 -0)
(10522.231118922 -0 -0)
(10680.1383993838 -0 -0)
(10840.2658759093 -0 -0)
(11002.6365618544 -0 -0)
(11167.3195383448 -0 -0)
(11334.4074958545 -0 -0)
(11504.0049780114 -0 -0)
(11676.1693946068 -0 -0)
(11850.9535782188 -0 -0)
(12028.427505039 -0 -0)
(12208.7087596027 -0 -0)
(12391.9066251714 -0 -0)
(12578.1070790969 -0 -0)
(12767.3755212526 -0 -0)
(12959.811934243 -0 -0)
(13155.5472331575 -0 -0)
(13354.7152947727 -0 -0)
(13557.418582809 -0 -0)
(13763.7546804161 -0 -0)
(13973.8529312581 -0 -0)
(14187.8749773836 -0 -0)
(14405.9779087046 -0 -0)
(14628.2920701527 -0 -0)
(14854.9553370107 -0 -0)
(15086.1392740237 -0 -0)
(15322.0470899161 -0 -0)
(15562.8649380336 -0 -0)
(15808.7698265774 -0 -0)
(16059.9495569885 -0 -0)
(16316.642282568 -0 -0)
(16579.0943635488 -0 -0)
(16847.550050454 -0 -0)
(17122.2414888946 -0 -0)
(17403.4475107148 -0 -0)
(17691.475410182 -0 -0)
(17986.6549729967 -0 -0)
(18289.2974849899 -0 -0)
(18599.7505976007 -0 -0)
(18918.3973033805 -0 -0)
(19245.6779029219 -0 -0)
(19582.080212304 -0 -0)
(19929.2935144778 -0 -0)
(20288.9567401083 -0 -0)
(20660.9993323024 -0 -0)
(21045.3789181916 -0 -0)
(21442.9708393386 -0 -0)
(21854.7115468247 -0 -0)
(22281.4464579224 -0 -0)
(22724.1544322182 -0 -0)
(23184.0547561382 -0 -0)
(23662.4880063337 -0 -0)
(24161.0052567283 -0 -0)
(24681.3979444625 -0 -0)
(25225.8435162351 -0 -0)
(25797.0949227103 -0 -0)
(26399.6252791658 -0 -0)
(27036.7452179262 -0 -0)
(27709.256807498 -0 -0)
(28419.3860779384 -0 -0)
(29172.191491934 -0 -0)
(29974.0360340703 -0 -0)
(30831.7238446371 -0 -0)
(31752.9386219968 -0 -0)
(32747.302054715 -0 -0)
(33827.0834522003 -0 -0)
(35005.2964453725 -0 -0)
(36290.6417446629 -0 -0)
(37693.3858196426 -0 -0)
(39235.308019513 -0 -0)
(40949.2205600615 -0 -0)
(42874.6458974407 -0 -0)
(45056.1398283412 -0 -0)
(47544.1764817253 -0 -0)
(50386.81355458 -0 -0)
(53631.0132038628 -0 -0)
(57347.4434533265 -0 -0)
(61646.5611184023 -0 -0)
(66675.2817665504 -0 -0)
(72581.8873078748 -0 -0)
(79507.8160747716 -0 -0)
(87631.142702485 -0 -0)
(97162.6419978416 -0 -0)
(108338.79458331 -0 -0)
(121429.050306947 -0 -0)
(136715.695372518 -0 -0)
(154489.316061186 -0 -0)
(175032.337649615 -0 -0)
(198612.01644207 -0 -0)
(225459.120764049 -0 -0)
(255744.980546215 -0 -0)
(289554.478611136 -0 -0)
(326866.461534181 -0 -0)
(367538.106390296 -0 -0)
(411299.564252118 -0 -0)
(457767.015599159 -0 -0)
(506455.374078018 -0 -0)
(556822.884504184 -0 -0)
(608303.743519251 -0 -0)
(660340.029590852 -0 -0)
(712430.290797333 -0 -0)
(764148.526168268 -0 -0)
(815147.972089053 -0 -0)
(865170.488823179 -0 -0)
(914048.375954124 -0 -0)
(961687.513403912 -0 -0)
(1008044.64077882 -0 -0)
(1053116.17825513 -0 -0)
(1096930.39852315 -0 -0)
(1139537.83798054 -0 -0)
(1181003.30647844 -0 -0)
(1221397.18002364 -0 -0)
(1260787.30670243 -0 -0)
(1299236.87734097 -0 -0)
(1336805.07134561 -0 -0)
(1373547.90916162 -0 -0)
(1409518.90822375 -0 -0)
(1444768.82805178 -0 -0)
(1479345.06197948 -0 -0)
(1513290.89874542 -0 -0)
(1546645.1687359 -0 -0)
(1579442.8632086 -0 -0)
(1611715.73005218 -0 -0)
(1643491.62405692 -0 -0)
(1674793.99015719 -0 -0)
(1705644.05123682 -0 -0)
(1736062.69455649 -0 -0)
(1766069.09523113 -0 -0)
(1795680.61501055 -0 -0)
(1824914.58682915 -0 -0)
(1853787.25151586 -0 -0)
(1882312.51990147 -0 -0)
(1910503.52216182 -0 -0)
(1938373.83501895 -0 -0)
(1965935.92040851 -0 -0)
(1993200.71964435 -0 -0)
(2020178.98889207 -0 -0)
(2046880.3550029 -0 -0)
(2073322.05648783 -0 -0)
(2099454.10532172 -0 -0)
)
;

boundaryField
{
    electrode
    {
        type            calculated;
        value           uniform (-461724.026966429 -0 -0);
    }
    ground
    {
        type            calculated;
        value           uniform (2112428.00604858 -0 -0);
    }
    otherfaces
    {
        type            empty;
    }
}


// ************************************************************************* //
