/*--------------------------------*- C++ -*----------------------------------*\
| =========                 |                                                 |
| \\      /  F ield         | foam-extend: Open Source CFD                    |
|  \\    /   O peration     | Version:     4.1                                |
|   \\  /    A nd           | Web:         http://www.foam-extend.org         |
|    \\/     M anipulation  |                                                 |
\*---------------------------------------------------------------------------*/
FoamFile
{
    version     2.0;
    format      ascii;
    class       volScalarField;
    location    "1.50133329961086e-05";
    object      EPotential;
}
// * * * * * * * * * * * * * * * * * * * * * * * * * * * * * * * * * * * * * //

dimensions      [1 2 -3 0 0 -1 0];

internalField   nonuniform List<scalar> 
500
(
0.461724027066429
1.33568165981901
2.162415372309
2.94122109754343
3.67424760357339
4.36155465618816
5.0053825579333
5.60644549760848
6.16707710168324
6.6885130077879
7.1731996095586
7.62274353381216
8.03966317623388
8.42579641136119
8.78368935927671
9.11528919579193
9.42303554036855
9.70882090541061
9.97497870234312
10.2233938320597
10.4562112781429
10.6750273594476
10.8816302514321
11.0774993282199
11.2644709738844
11.4439503061906
11.6172363047642
11.7851185633003
11.948700464666
12.1091179141575
12.2677289716688
12.4252814159947
12.5822037694672
12.7386324202248
12.8951904688002
13.052654084838
13.2118025789707
13.3727280465779
13.5351566844418
13.6986670377763
13.8633064358691
14.0292755483056
14.1967001060653
14.365114860833
14.5337597165136
14.7017525805242
14.8685739283814
15.0338960297221
15.1974502532353
15.358726594608
15.5170843859751
15.6718656285212
15.8226367940247
15.9691331601192
16.1112566672263
16.24891355498
16.3820593983785
16.5106071487125
16.6345317782484
16.7537811040917
16.8684477315586
16.9786646688071
17.0847546423365
17.1870567812607
17.2858202120644
17.381083377942
17.4728442668972
17.561139933335
17.6462163595168
17.72840692296
17.8080957763262
17.8855020934566
17.9606941818888
18.0335923564624
18.1041959315907
18.1726234902566
18.2391510527357
18.3040243125551
18.3674139748324
18.4293167883418
18.4896924724948
18.5485089739548
18.605876936805
18.6619595816078
18.7169491788071
18.7709124165869
18.8238311510128
18.8756108387243
18.9262440091362
18.9757951577459
19.0244332340669
19.0722796645259
19.1193969695743
19.1657162948637
19.2111666919141
19.2556973418439
19.2993856697218
19.3423455653917
19.3847147959322
19.4265183766334
19.467716302867
19.5081999916563
19.5479342147672
19.5869425072245
19.6253510565665
19.6632581555608
19.700726307897
19.7376998498826
19.7741063152739
19.8098662911384
19.8450052549076
19.8795905786172
19.9137415724597
19.9475040504938
19.9808807456559
20.0137891723795
20.0461764322148
20.0780089218191
20.1093476551849
20.1402592505539
20.1708262790859
20.2010502941152
20.23091027784
20.2603342545782
20.2893022916969
20.3178103207503
20.3459233383745
20.3736837805491
20.4011394884346
20.4282693330529
20.4550562289907
20.4814531130354
20.5074661888565
20.533100627056
20.5584067170481
20.5834001641344
20.6081066540588
20.6325012151717
20.6565803604844
20.6803164806646
20.7037271013528
20.7268135464117
20.7496112071654
20.7721198904351
20.7943580281509
20.8163053223436
20.8379687876937
20.8593307258646
20.8804100861399
20.9012025817024
20.9217336739549
20.9419962662392
20.9620069731581
20.9817492473422
21.0012350686116
21.0204494946713
21.0394101559576
21.0581083139671
21.076564767749
21.0947700910012
21.1127415026042
21.1304656612065
21.147957122368
21.1652025644447
21.1822179352029
21.1989920674718
21.2155421840473
21.231857159228
21.2479532604126
21.2638180944044
21.2794668990318
21.2948871760998
21.3100944093556
21.3250768779252
21.339850482653
21.3544037068221
21.3687521427586
21.3828838572963
21.3968139149941
21.41053014035
21.4240474428206
21.4373537595112
21.4504640639428
21.4633663976344
21.4760756932051
21.4885799249721
21.5008938843527
21.513005442001
21.5249292845892
21.5366532417852
21.548191946719
21.5595332098141
21.5706916154646
21.5816549185104
21.5924376618849
21.6030275022211
21.6134389719516
21.6236596004045
21.6337039432625
21.6435593921395
21.653240551001
21.6627346833665
21.6720564558749
21.681192997595
21.6901590389782
21.6989415342557
21.70755528942
21.7159870520671
21.7242517496735
21.732335916467
21.7402546595689
21.7479942805253
21.7555700644965
21.7629680434976
21.7702036746004
21.7772627031261
21.7841607788135
21.7908833798431
21.797446425501
21.8038350910437
21.8100655048197
21.8161225543925
21.8220226116495
21.8277501547101
21.8333218206547
21.8387218807953
21.843967184127
21.8490416561878
21.8539623958819
21.8587121317442
21.8633043780723
21.8677353439499
21.8720082582469
21.8761201578496
21.8800745558484
21.883868614761
21.8875056468316
21.8909829129333
21.8943035476477
21.8974649320124
21.9004700214021
21.9033163760572
21.906006737377
21.9085388083981
21.9109150687327
21.9131332624443
21.9151957306858
21.9171003499551
21.918849327855
21.9204405921162
21.9218755088596
21.9231549113293
21.9242757626518
21.9252418020238
21.9260491217347
21.9267014977644
21.9271949537144
21.9275334050612
21.9277126477399
21.9277367049547
21.927601101046
21.9273099606904
21.9268585772223
21.9262513147486
21.9254833360162
21.9245591066695
21.9234735475337
21.9222312392349
21.9208269931679
21.9192653666644
21.9175412117604
21.9156604568333
21.9136076097757
21.9114018115049
21.9090240841244
21.9064924107415
21.9037879570322
21.9009283604641
21.8978950648013
21.8947054770335
21.8913413522608
21.8878197246858
21.8841225774817
21.8802665718335
21.87623390087
21.8720409081109
21.8676700945635
21.8631375720045
21.8584260808784
21.8535514185298
21.8484964660375
21.8432766820215
21.8378751224863
21.8323070492955
21.8265557657698
21.8206363591285
21.8145322460784
21.8082582133483
21.8017977069049
21.7951653024653
21.7883446128779
21.7813501559798
21.7741656737337
21.7668054878601
21.7592532678766
21.7515231060635
21.7435987095147
21.7354941703683
21.7271933210891
21.7187101766857
21.7100284477113
21.7011619241629
21.6920942289054
21.6828391721408
21.6733804801504
21.6637319864056
21.6538772783544
21.6438299837556
21.6335735063223
21.6231214897361
21.6124573987665
21.6015949516164
21.5905174529261
21.5792384298003
21.5677409532061
21.5560385752189
21.5441144029311
21.5319820805559
21.5196245262594
21.5070551882541
21.4942567259877
21.4812426235996
21.4679955627631
21.4545291018945
21.4408256877515
21.4268986683349
21.4127302403983
21.3983338086641
21.3836915728067
21.3688169525339
21.3536918563907
21.3383294887878
21.3227115518373
21.306851324683
21.2907304639419
21.2743621599487
21.2577277227968
21.2408401518993
21.223680622249
21.2062622008451
21.1885659227035
21.1706046418874
21.1523590295088
21.1338418102059
21.1150335727512
21.0959470264603
21.0765624792742
21.056892336327
21.0369165966672
21.0166476006162
20.99606523008
20.9751816389446
20.9539763056043
20.9324610853471
20.9106152421007
20.8884505390997
20.8659459639473
20.8431129091163
20.8199299440352
20.7964082315378
20.7725261297224
20.7482945215177
20.723691294684
20.698726895017
20.6733788663676
20.647657392932
20.6215396186306
20.5950352039993
20.5681207574515
20.5408055296681
20.5130657387298
20.4849101179431
20.4563142388203
20.4272862063083
20.3978010705397
20.3678663849602
20.3374565134436
20.3065781966006
20.2752050536915
20.2433431172942
20.2109652554635
20.178076548164
20.1446488780093
20.1106863479622
20.0761599120537
20.0410725579193
20.005394010413
19.9691259380273
19.932236820473
19.8947269356369
19.8565632312595
19.8177442240252
19.7782349104103
19.7380270499673
19.6970790834499
19.6553830526381
19.6128975677771
19.5696111692808
19.5254787215898
19.4804853834491
19.4345821038609
19.3877491644245
19.3399321518356
19.2911051433976
19.2412065600577
19.1902017693327
19.1380181803669
19.084603268216
19.0298711994952
18.973766240986
18.9161936551834
18.8570774750183
18.7962975110471
18.7337505796397
18.6692857565592
18.6027613714209
18.5339774227504
18.4627401856394
18.3888148557717
18.3119666423608
18.2318736236937
18.1481697601206
18.0603750401039
17.9679452008072
17.870198334177
17.7663979465889
17.6556742813616
17.5370081727755
17.409088036888
17.2703070457093
17.1187604876565
16.9522757814102
16.7682359168465
16.5636252134189
16.3348807385133
16.0779090121911
15.7880179570233
15.4599517479463
15.0878886064247
14.6655036821781
14.1860521233686
13.6425237599932
13.0278342089241
12.3350579138564
11.5576817833627
10.6898596568478
9.72661372096638
8.664038160536
7.49932218294959
6.2308231864587
4.85796206458578
3.38110202326944
1.80136795991275
0.120510134913818
-1.6593139953803
-3.53568336890278
-5.50606404899627
-7.56786193201796
-9.71852876201678
-11.9555835261106
-14.2766801139391
-16.6795967520236
-19.162268834034
-21.7227459788339
-24.3592163433972
-27.0699662642161
-29.8534079800437
-32.7080418971121
-35.6324832922511
-38.6254221450293
-41.6856468872322
-44.8120028199729
-48.0034183400659
-51.258865740182
-54.5773848362942
-57.9580417008113
-61.3999610412409
-64.9022924790365
-68.4642374221657
-72.085014939079
-75.7638957694829
-79.5001639451428
-83.2931458490873
-87.1421780337903
-91.046641189164
-95.005921715425
-99.0194440677418
-103.086637670992
-107.206965487753
-111.379925896944
)
;

boundaryField
{
    electrode
    {
        type            fixedValue;
        value           uniform 1e-10;
    }
    ground
    {
        type            plasmaPower;
        frequency       750000000;
        nCycles         1;
        power           0.098;
        dampingFactor   0.01;
        amplitude       113.625784331038;
        bias            0;
        value           uniform -113.492353902992;
    }
    otherfaces
    {
        type            empty;
    }
}


// ************************************************************************* //
