/*--------------------------------*- C++ -*----------------------------------*\
| =========                 |                                                 |
| \\      /  F ield         | foam-extend: Open Source CFD                    |
|  \\    /   O peration     | Version:     4.1                                |
|   \\  /    A nd           | Web:         http://www.foam-extend.org         |
|    \\/     M anipulation  |                                                 |
\*---------------------------------------------------------------------------*/
FoamFile
{
    version     2.0;
    format      ascii;
    class       volScalarField;
    location    "1.50133329961086e-05";
    object      powerDissipatedIonMean;
}
// * * * * * * * * * * * * * * * * * * * * * * * * * * * * * * * * * * * * * //

dimensions      [1 -1 -3 0 0 0 0];

internalField   nonuniform List<scalar> 
500
(
661272631.939341
648023683.786303
634760379.645265
621234120.746627
607865181.532449
594261654.4294
580772331.775149
567079293.224022
553513377.438282
539780362.194829
526163483.509203
512411185.454128
498809341.005649
485107040.552697
471547357.688522
457916926.771407
444430299.14472
430873651.989843
417471896.393523
404062036.246364
390825260.293023
377569598.087052
364459209.021521
351355116.544926
338407646.852933
325481624.988663
312697004.165366
299926750.639286
287286549.781464
274693774.208177
262264763.186304
249900999.861829
237684610.210419
225547576.540952
213567064.427611
201707444.116169
190069808.176046
178618893.545501
167421185.852668
156477830.674914
145887092.168086
135654763.322908
125850638.297605
116503632.832334
107674665.078702
99373264.1301286
91642724.1173536
84476728.490968
77888316.5944422
71852520.9806148
66358986.8912913
61367633.5746213
56853603.243674
52771131.1265852
49091528.924037
45772798.8607004
42786209.6163018
40091780.5589623
37660137.9057374
35457529.5930026
33462912.831956
31653255.2224127
30018727.4832346
28536898.9466545
27182010.2336936
25930192.9670397
24773942.2926984
23709349.9165245
22733729.3600626
21836157.5643409
21008345.5145583
20239014.0817293
19520703.5052752
18845959.9622547
18213741.2627087
17621756.8090966
17068263.1829051
16547960.0696644
16058500.1146341
15595916.2591899
15158743.8315898
14743494.1355412
14348919.4486612
13972559.6130102
13614751.3642644
13273626.6901935
12948350.6341091
12636434.2214134
12337559.0843933
12049920.4310943
11773497.2810933
11506750.4555397
11249779.4495439
11001238.9349059
10761360.10529
10528937.0609354
10304178.2110117
10086114.7123726
9875317.13594504
9670704.78204959
9472184.26345284
9278636.46776846
9090355.13516957
8906522.15429878
8727489.36103094
8552503.98405503
8381918.45021132
8215033.92702706
8052196.58748949
7892753.3998059
7737041.84823907
7584452.84931821
7435317.19262207
7289067.49103382
7146025.97694546
7005662.42992879
6868289.24469062
6733410.15590181
6601327.00284583
6471574.64229372
6344443.9620883
6219498.50673717
6097017.98655429
5976592.44881607
5858490.34297126
5742326.27747688
5628357.49150784
5516221.41709372
5406164.2201571
5297844.60172802
5191497.86260804
5086802.54356287
4983983.29934915
4882737.19381671
4783278.4981828
4685321.63050252
4589070.82444182
4494256.83442549
4401074.22092343
4309269.09103278
4219026.6446653
4130107.38943612
4042687.46810823
3956540.94126319
3871835.21910929
3788357.11999825
3706265.65626135
3625359.67835681
3545790.1315326
3467367.20634826
3390234.08978294
3314211.66849611
3239435.68795037
3165737.14068151
3093244.64008722
3021798.72848147
2951521.18920864
2882261.59611638
2814135.19983805
2747000.12005416
2680965.36152874
2615897.13151926
2551898.46280944
2488843.2124686
2426828.70319309
2365736.03764955
2305657.08242073
2246479.80389
2188290.8642412
2130984.73043869
2074643.08835449
2019166.57618428
1964632.12813034
1910946.24044936
1858181.30766857
1806249.40123597
1755218.56283593
1705006.15424305
1655676.05012438
1607150.69034174
1559489.94373545
1512621.07040508
1466600.09653196
1421358.92849655
1376949.87407766
1333309.28820462
1290485.89491745
1248420.3269433
1207157.83207616
1166643.16137262
1126918.18963196
1087931.63800769
1049722.1283259
1012242.19587501
975527.286209951
939533.636216476
904293.626619305
869767.048846232
835983.305877326
802905.643496109
770560.5752399
738914.626339271
707991.574118367
677761.081156252
648244.309253709
619413.911785047
591288.51111094
563843.637404496
537095.530368209
511022.423975656
485638.281054907
460923.901593382
436891.117565015
413523.133942757
390829.812430273
368796.55854233
347431.409184733
326721.833182798
306674.186592118
287277.822639298
268537.574891282
250444.584763377
233002.421643784
216203.747532661
200050.746859687
184537.443980125
169664.960662354
155428.161028916
141822.021560386
128788.675953629
116459.838444354
104784.995565965
93726.5578568242
83292.386843531
73486.2119517988
64296.2677805686
55725.4908342189
47770.5173313785
40432.5059659002
33708.4536116132
27599.0517183079
22101.8476962068
17217.30768361
12943.600912296
9281.03347949535
6228.32086366002
3785.64152951384
1952.20208584248
727.863511918057
111.880591576075
105.379985486407
708.367966963077
1919.72570692074
3740.19123346562
6169.88635137071
9209.64479852297
12859.2473120014
17120.0291939796
21991.631524145
27475.9487536871
33572.447911023
40283.6574764197
47608.8112819876
55550.9999657451
64108.9779347474
73286.2320569198
83079.7693412834
93500.7138161565
104546.555975737
116208.850924069
128524.433808792
141545.635904323
155139.271449999
169363.624140972
184223.645722915
199724.595151948
215865.271037526
232651.728824102
250081.662293782
268162.543670561
286890.728837562
306275.181942097
326310.918168088
347008.737101495
368362.153539985
390383.824459333
413065.602007665
436422.194083427
460443.629658932
485146.813195639
510519.816931762
536581.953120743
563319.155353937
590753.281305327
618868.011131874
647687.917978536
677194.27616433
707414.519031619
738327.419407819
769963.401002459
802298.595242108
835366.580075817
869140.73443461
903657.924161501
938888.655155019
974873.230410075
1011579.18260828
1049050.36691121
1087251.25009249
1126229.38137974
1165946.06349276
1206452.66994974
1247707.22951123
1289765.09555142
1332580.92384126
1376214.18662519
1420616.0614546
1465850.29206867
1511864.47537512
1558726.81327669
1606381.17701889
1654900.41536242
1704224.54271544
1754431.25495373
1805456.55718436
1857383.20582603
1910143.0368684
1963824.12081597
2018353.92646219
2073826.09920617
2130163.56419087
2187465.83910895
2245651.08110481
2304824.98546608
2364900.72591471
2425990.51597676
2488002.3094892
2551055.19334861
2615051.65497486
2680118.03667937
2746151.10327012
2813284.86107006
2881410.08653903
2950668.88604757
3020945.77735576
3092391.4289556
3164883.81082311
3238582.63711052
3313359.03349798
3389382.28073835
3466516.3566032
3544940.66254561
3624511.71757525
3705419.6384277
3787513.16668571
3870993.7728688
3955702.1108937
4041851.70478138
4129274.79301532
4218197.67668737
4308443.83972464
4400253.15220198
4493440.02029914
4588258.73873242
4684514.32682373
4782476.45404415
4881940.44350617
4983192.33255366
5086017.3861117
5190719.01893928
5297072.08048496
5405398.53425907
5515462.55667536
5627605.98046663
5741582.08283651
5857753.99397952
5975863.88672664
6096297.74945848
6218786.50818576
6343740.74874939
6470880.10151258
6600641.68876124
6732733.91099853
6867622.61811066
7005005.21678129
7145378.72259236
7288429.93923257
7434689.88015679
7583835.46071096
7736434.89997371
7892156.46844034
8051610.12480451
8214457.47669148
8381352.63201649
8551948.48893922
8726944.95677761
8905988.47507184
9089832.87714973
9278125.08583498
9471684.3370511
9670215.1804103
9874837.57605917
10085644.0315103
10303717.2902632
10528485.5532362
10760918.9313034
11000807.2697027
11249358.0628139
11506338.4914248
11773095.5701894
12049527.9515103
12337176.6072783
12636060.4752806
12947986.2080283
13273269.5154069
13614401.164084
13972215.0830249
14348582.8083567
14743164.2414953
15158421.1580149
15595598.4001584
16058187.7892477
16547651.027993
17067957.9661302
17621452.1584828
18213438.3503178
18845659.5860727
19520411.9303354
20238730.0672612
21008067.2497067
21835877.0098281
22733444.2508761
23709054.785285
24773641.8077379
25929893.1531746
27181722.5696654
28536618.7322292
30018442.5095253
31652949.2392755
33462593.8436541
35457200.8588356
37659805.3616979
40091443.4765594
42785873.4762295
45772463.0949712
49091206.230327
52770833.877757
56853357.5807182
61367466.8945462
66358943.5210155
71852656.3826412
77888704.3757354
84477457.8652907
91643904.2734171
99375018.3754724
107677132.421479
116506961.374689
125854981.206883
135660279.614933
145893933.365225
156486123.875008
167431073.226666
178630487.973147
190083205.592245
201722717.938629
213584302.329692
225566840.362239
237705959.615468
249924469.226525
262290399.633313
274721605.07804
287316623.348559
299959088.321935
312731640.562073
325518565.611832
338446930.218491
351396753.493937
364503241.633697
377616022.817365
390874096.78928
404113287.726001
417525611.405469
430929820.59486
444488925.535679
457977982.246974
471610886.590181
485173016.758579
498877769.677665
512482045.182286
526236801.971299
539856064.781801
553591474.666471
567159753.053218
580855171.05134
594346781.762573
607952624.150086
621323843.690276
634852401.665655
648117846.901073
661368962.255828
)
;

boundaryField
{
    electrode
    {
        type            calculated;
        value           uniform 667877675.609935;
    }
    ground
    {
        type            calculated;
        value           uniform 667975073.953673;
    }
    otherfaces
    {
        type            empty;
    }
}


// ************************************************************************* //
