/*--------------------------------*- C++ -*----------------------------------*\
| =========                 |                                                 |
| \\      /  F ield         | foam-extend: Open Source CFD                    |
|  \\    /   O peration     | Version:     4.1                                |
|   \\  /    A nd           | Web:         http://www.foam-extend.org         |
|    \\/     M anipulation  |                                                 |
\*---------------------------------------------------------------------------*/
FoamFile
{
    version     2.0;
    format      ascii;
    class       volScalarField;
    location    "3.00005000349568e-06";
    object      EPotentialMean;
}
// * * * * * * * * * * * * * * * * * * * * * * * * * * * * * * * * * * * * * //

dimensions      [1 2 -3 0 0 -1 0];

internalField   nonuniform List<scalar> 
500
(
0.812574856265747
2.39442086741359
3.93184517265307
5.42460125717325
6.87204051192845
8.27382707310175
9.62939235376247
10.9384826829707
12.2007668070748
13.4161754687924
14.5845748090306
15.7059470640301
16.7802561997343
17.8076559456319
18.7884624143767
19.7232332193814
20.6126386506646
21.4574037884332
22.258342957008
23.0164951501414
23.7331374639447
24.4096592446844
25.0474252389238
25.6478881416189
26.2126836111512
26.7435887519528
27.2423149329428
27.7104805946222
28.1498124087966
28.5621420070232
28.9491850339457
29.3124701662799
29.6535504197944
29.9740532341531
30.275482954345
30.5591158677603
30.8261842019911
31.0779613750683
31.3156590795533
31.5402904500229
31.7527551919685
31.9539480997271
32.1447509549373
32.3259782600853
32.4983020822628
32.6623324820442
32.8186508347823
32.9677944455252
33.1102835961505
33.2465826399225
33.3771053695991
33.5022451633663
33.6223451802786
33.7376988222638
33.8485815191103
33.9552657408568
34.0580215451281
34.1571115729842
34.2527694688306
34.3451899003731
34.4345233852349
34.5208834440625
34.6043975414263
34.6852304510614
34.7635518069653
34.839517930491
34.9132663618177
34.9849119852373
35.0545404410313
35.1222033051833
35.1879417813656
35.2518251501866
35.3139502279651
35.3744174754317
35.4333196415642
35.4907391310518
35.5467461131194
35.6013945770105
35.6547205072496
35.7067523176311
35.7575200010827
35.807055336367
35.8553994138877
35.9026051747471
35.9487280405354
35.9938190061151
36.0379215265441
36.0810686432545
36.1232848823741
36.1645938079515
36.2050213215127
36.2445937272617
36.2833358242918
36.3212696517099
36.3584144606304
36.3947903534981
36.43042194182
36.4653345180569
36.4995483850658
36.5330811274897
36.5659515207841
36.5981792107544
36.6297837236357
36.6607839221305
36.6911977912223
36.7210423439723
36.750333449977
36.7790852694582
36.8073089433023
36.835011466131
36.8621978568692
36.8888759906685
36.9150581625907
36.9407587085739
36.9659919357438
36.990771502181
37.0151103459385
37.0390206816016
37.0625138611132
37.0855999762409
37.1082876305106
37.1305847582613
37.152499420723
37.1740396959702
37.1952134528448
37.2160281940643
37.2364908956404
37.2566077836458
37.2763842616972
37.2958258429964
37.3149394130791
37.3337328895452
37.3522141413586
37.3703905997926
37.3882692573671
37.4058567260695
37.4231592784773
37.4401828739882
37.4569331801298
37.4734156144773
37.4896354588238
37.5055980507661
37.5213086543527
37.5367721652373
37.5519930945113
37.5669756449022
37.5817237576566
37.5962411138853
37.61053108359
37.6245966406416
37.6384404491091
37.652065494477
37.6654753089214
37.6786735142802
37.6916636033519
37.7044489122736
37.7170326352218
37.7294178378804
37.741607466348
37.7536043540776
37.7654112280031
37.7770307141919
37.7884653430145
37.7997175539426
37.8107896997112
37.8216840503394
37.8324027959867
37.8429480492497
37.8533218472602
37.8635261525435
37.8735628523706
37.8834337504071
37.8931405419899
37.9026847785166
37.9120679171845
37.9212915506333
37.9303574503142
37.9392673937586
37.94802310511
37.9566262523836
37.9650784534531
37.9733812798965
37.9815362591425
37.9895448758658
37.9974085738867
38.0051287576509
38.0127067941308
38.0201440143404
38.027441714698
38.0346011582292
38.0416235758519
38.0485101676357
38.0552621043851
38.0618805288195
38.0683665565599
38.0747212772661
38.0809457557
38.0870410352456
38.0930081573066
38.0988481080163
38.1045617761738
38.1101499947894
38.115613560135
38.1209532360847
38.1261697559066
38.1312638238189
38.1362361168949
38.1410872868788
38.1458179616529
38.1504287467058
38.1549202262954
38.1592929645614
38.1635475066849
38.1676843799856
38.1717040950267
38.1756071468675
38.1793940160988
38.1830651713939
38.1866210755144
38.1900621999397
38.1933890350266
38.1966020310454
38.1997015443059
38.2026878732335
38.2055612970511
38.2083220840259
38.2109704914054
38.2135067645189
38.2159311369576
38.2182438308682
38.2204450569732
38.2225350149664
38.2245138935517
38.2263818706203
38.2281391134639
38.2297857788402
38.2313220131116
38.2327479523923
38.2340637226556
38.2352694397466
38.236365209621
38.2373511283395
38.2382272820974
38.2389937473665
38.2396505909907
38.2401978701753
38.2406356329394
38.240963917857
38.2411827492346
38.2412921272361
38.2412921066748
38.2411826875186
38.2409638150536
38.2406354890089
38.2401976850612
38.2396503647368
38.2389934799522
38.238226973494
38.2373507785458
38.2363648186343
38.2352690075315
38.2340632491881
38.2327474376553
38.2313214570656
38.2297851814642
38.2281384747185
38.2263811904365
38.2245131718949
38.2225342518163
38.2204442522797
38.2182429845288
38.2159302489398
38.2135058347541
38.2109695198541
38.2083210705668
38.2055602416002
38.2026867757202
38.1997004046197
38.1966008490987
38.1933878107096
38.1900609330963
38.186619766014
38.1830638190945
38.1793926208172
38.1756057084053
38.1717026132055
38.1676828545071
38.1635459373213
38.1592913510105
38.1549185682936
38.1504270439455
38.1458162137532
38.1410854935198
38.1362342777635
38.1312619385081
38.1261678240028
38.1209512571481
38.1156115337215
38.1101479204832
38.1045596534011
38.0988459363308
38.0930059362136
38.0870387641989
38.0809434341647
38.0747189047874
38.0683641325323
38.0618780527204
38.0552595756778
38.0485075857991
38.0416209403098
38.0345984684646
38.0274389701833
38.0201412144968
38.0127039384443
38.0051258455968
37.9974056048931
37.989541849427
37.9815331747023
37.9733781369338
37.965075251415
37.9566229907349
37.948019783333
37.9392640113123
37.9303540066693
37.9212880452652
37.9120643495678
37.9026811481497
37.8931368483164
37.8834299929416
37.8735590305637
37.863522265927
37.8533178952998
37.8429440314301
37.8323987117473
37.8216798992438
37.8107854811992
37.7997132674883
37.7884609881804
37.7770262904248
37.7654067348253
37.7535997910022
37.7416028328768
37.729413133547
37.7170278594659
37.7044440646809
37.6916586834486
37.6786685215423
37.6654702429739
37.6520603547964
37.6384352352439
37.6245913521748
37.6105257200754
37.5962356748577
37.5817182427091
37.566970053639
37.5519874264681
37.5367664199921
37.5213028314654
37.5055921498593
37.4896294794457
37.4734095562932
37.4569270426867
37.4401766569784
37.4231529815263
37.4058503487375
37.3882627993851
37.3703840607692
37.3522075209544
37.3337261874367
37.3149326289109
37.2958189764776
37.2763773125513
37.2566007515595
37.2364837803919
37.2160209953726
37.1952061704116
37.1740323295878
37.152491970103
37.1305772231977
37.1082800107202
37.0855922715474
37.0625060712442
37.0390128063665
37.0151023851631
36.9907634556373
36.9659838033144
36.9407504899965
36.9150498577176
36.8888675993731
36.8621893790559
36.8350029017175
36.8073002921891
36.7790765316105
36.7503246252904
36.7210334323451
36.6911887926661
36.6607748365215
36.6297745509661
36.5981699509748
36.5659421739309
36.5330716935595
36.4995388640953
36.4653249100919
36.4304122469459
36.3947805717493
36.3584045921009
36.321259696612
36.2833257827244
36.2445835994268
36.2050111075591
36.1645835080967
36.123274496843
36.0810581722715
36.0379109703437
35.9938083650677
35.9487173148288
35.9025943646592
35.8553885197249
35.8070443584589
35.7575089398311
35.7067411735986
35.6547092809377
35.6013832688975
35.5467347238241
35.4907276611179
35.4333080915221
35.3744058458514
35.3139385194581
35.251813363415
35.1879299170266
35.1221913641193
35.0545284242201
34.9848998936208
34.9132541964166
34.839505692302
34.7635394970379
34.6852180704236
34.6043850912778
34.5208709255555
34.4345107998736
34.3451772496941
34.2527567543994
34.1570987965001
34.0580087082851
33.9552528455258
33.8485685672102
33.7376858159205
33.6223321217708
33.5022320552112
33.3770922144334
33.2465694405113
33.1102703554982
32.9677811668042
32.8186375214051
32.6623191377021
32.4982887110205
32.3259648661727
32.1447375430694
31.9539346748223
31.7527417593686
31.5402770155611
31.3156456494902
31.0779479562509
30.8261708016184
30.5591024936911
30.2754696150529
29.9740399388683
29.6535371783472
29.3124569892319
28.9491719326664
28.5621289937558
28.14979949652
27.710467797205
27.2423022650747
26.7435762292515
26.2126712500379
25.6478759593345
25.0474132534565
24.4096474748064
23.7331259290722
23.0164838703557
22.258331953064
21.4573930816259
20.6126282628181
19.7232231728334
18.7884527319314
17.8076466502191
16.7802473142066
15.7059386110417
14.5845668111386
13.4161679486213
12.2007597873107
10.938476186374
9.62938640305168
8.27382169066701
6.8720357198242
5.42459707688196
3.93184162542147
2.39441797419804
0.812572637923377
)
;

boundaryField
{
    electrode
    {
        type            calculated;
        value           uniform 1.0000000005015e-10;
    }
    ground
    {
        type            calculated;
        value           uniform -1.87061020004071e-06;
    }
    otherfaces
    {
        type            empty;
    }
}


// ************************************************************************* //
