/*--------------------------------*- C++ -*----------------------------------*\
| =========                 |                                                 |
| \\      /  F ield         | foam-extend: Open Source CFD                    |
|  \\    /   O peration     | Version:     4.1                                |
|   \\  /    A nd           | Web:         http://www.foam-extend.org         |
|    \\/     M anipulation  |                                                 |
\*---------------------------------------------------------------------------*/
FoamFile
{
    version     2.0;
    format      ascii;
    class       volScalarField;
    location    "3.00005000349568e-06";
    object      eTempMean;
}
// * * * * * * * * * * * * * * * * * * * * * * * * * * * * * * * * * * * * * //

dimensions      [0 0 0 1 0 0 0];

internalField   nonuniform List<scalar> 
500
(
66256.2239096203
66128.5519422512
66053.6912818321
66010.9950387817
65989.4840978974
65982.0371111092
65984.0362415203
65992.4972557283
66005.4863788792
66021.7825014946
66040.5393705849
66061.0683189221
66082.7459690449
66105.0451482626
66127.5958014498
66150.1987033549
66172.6853496693
66194.7594957399
66216.0674065296
66236.4097298389
66255.8101399146
66274.2865005765
66291.6729257515
66307.7925610474
66322.7000453483
66336.6069283112
66349.5498308874
66361.3858406226
66372.1662703467
66382.1724669871
66391.5252999451
66400.0994243987
66407.9022855848
66415.1954992379
66422.135893212
66428.6200648213
66434.5847290548
66440.1924795406
66445.6183389024
66450.838461993
66455.7562635477
66460.3852107893
66464.8404830965
66469.204768632
66473.4485570506
66477.5342062047
66481.4659960218
66485.2600216837
66488.9517542701
66492.5534638181
66496.06154484
66499.5005503781
66502.8790367688
66506.1700762298
66509.3530648776
66512.4295251624
66515.4197122333
66518.3560808638
66521.2658638715
66524.1609098273
66527.0189839752
66529.7840728034
66532.4299703479
66534.9865997064
66537.4905370247
66539.960006861
66542.4073553823
66544.8457927313
66547.2749225398
66549.6604720686
66551.9590570727
66554.1661601728
66556.310265659
66558.4153003322
66560.49146925
66562.545325771
66564.5839430695
66566.6077219718
66568.6054132873
66570.5652595233
66572.4806484858
66574.3444944975
66576.1562752902
66577.9273904971
66579.6707246451
66581.3945718323
66583.1031352629
66584.793560367
66586.4575514831
66588.090391387
66589.6939499487
66591.2721227053
66592.8276395053
66594.3601324357
66595.8653007801
66597.3405241109
66598.7907729882
66600.2224650228
66601.6349104318
66603.0242391055
66604.3899359576
66605.7337774741
66607.0572797976
66608.3613942579
66609.6468366591
66610.9145049149
66612.1660177063
66613.4037574407
66614.6287706189
66615.8378014796
66617.0251393412
66618.1885859254
66619.3308367591
66620.4554352189
66621.5642284409
66622.6578780613
66623.7367898938
66624.801570912
66625.8530386412
66626.8914903243
66627.9161976039
66628.9263783354
66629.9221228378
66630.903997296
66631.8725539258
66632.8283402735
66633.7718887305
66634.7031606494
66635.6209802895
66636.5241345671
66637.4130405401
66638.2891935757
66639.1536206181
66640.0066553497
66640.8484051925
66641.6789680471
66642.4984600583
66643.3069940366
66644.1046288657
66644.8913088205
66645.6670161791
66646.4320599211
66647.1869143831
66647.9318318163
66648.6668642642
66649.3920653143
66650.1075639152
66650.8135690877
66651.5102632826
66652.1974385524
66652.8744958733
66653.5412626687
66654.1982567212
66654.8460006187
66655.4847152338
66656.114495001
66656.7354156537
66657.3475566858
66657.9509986294
66658.5458218473
66659.1321055828
66659.709927767
66660.2793646083
66660.8404915623
66661.3933828451
66661.9381119924
66662.4747520305
66663.0033745239
66663.5240520302
66664.0368603479
66664.5418887455
66665.0392483944
66665.5290271641
66666.0111576187
66666.4854531124
66666.9519103793
66667.410753664
66667.8621753311
66668.306260044
66668.7430585394
66669.1726190774
66669.5949914918
66670.0102254055
66670.4183695248
66670.8194709577
66671.2135755676
66671.6007286499
66671.9809744707
66672.3543566696
66672.7209174882
66673.0806976711
66673.4337373288
66673.7800757689
66674.1197515637
66674.4528021984
66674.7792628629
66675.0991587656
66675.4125315609
66675.7194756314
66676.0200688936
66676.3143183771
66676.6022191931
66676.8837902946
66677.1590585119
66677.4280516047
66677.6907960115
66677.9473176465
66678.1976414299
66678.4417927564
66678.6797958439
66678.9116744124
66679.13745162
66679.3571501517
66679.5707913315
66679.7783960426
66679.9799842352
66680.1755715179
66680.3651660654
66680.5487672438
66680.7264054658
66680.8981730109
66681.0641470716
66681.2243197048
66681.3786528202
66681.5271375428
66681.6697864221
66681.806615182
66681.9376383316
66682.0628693101
66682.1823207621
66682.2960050186
66682.4039335352
66682.5061175086
66682.6025671254
66682.6932922767
66682.7783023622
66682.8576060129
66682.9312112428
66682.9991256957
66683.0613562811
66683.117909276
66683.1687905012
66683.2140051398
66683.2535578501
66683.2874523478
66683.315691891
66683.338281765
66683.3552337131
66683.3665559452
66683.3722313646
66683.3722308388
66683.3665543947
66683.3552311168
66683.3382780936
66683.3156871735
66683.2874465155
66683.2535510095
66683.2139972706
66683.1687815946
66683.1178992942
66683.0613452609
66682.9991136169
66682.9311981551
66682.857591911
66682.778287297
66682.6932762091
66682.6025501703
66682.5060996791
66682.4039149837
66682.2959856321
66682.1823006262
66682.0628484125
66681.9376166228
66681.8065924352
66681.6697626109
66681.5271126418
66681.3786266515
66681.224292407
66681.0641184024
66680.8981428675
66680.7263739518
66680.5487340527
66680.3651313723
66680.1755352167
66679.9799458447
66679.778356105
66679.5707492618
66679.3571059207
66679.1374054255
66678.9116258486
66678.679744786
66678.4417392591
66678.197585409
66677.9472585994
66677.6907342861
66677.4279869674
66677.1589907013
66676.8837190836
66676.6021447296
66676.3142403835
66676.0199871187
66675.7193898983
66675.4124420344
66675.099065192
66674.7791648498
66674.452699644
66674.1196445161
66673.7799639514
66673.4336203069
66673.0805753535
66672.7207898059
66672.3542237153
66671.9808358794
66671.6005839894
66671.2134247608
66670.8193138252
66670.4182059326
66670.0100552021
66669.5948142061
66669.1724344206
66668.7428662483
66668.3060599831
66667.8619673096
66667.4105374524
66666.9516856948
66666.4852194072
66666.0109144257
66665.5287740168
66665.0389848935
66664.5416148807
66664.0365757817
66663.5237569043
66663.0030686881
66662.474435312
66661.9377847502
66661.3930447901
66660.8401427238
66660.2790049082
66659.7095570106
66659.1317239138
66658.5454291521
66657.9505947272
66657.3471416478
66656.7349894974
66656.1140573177
66655.4842662528
66654.8455400375
66654.1977845244
66653.5407785539
66652.8739995282
66652.1969296683
66651.5097417605
66650.8130350147
66650.1070173862
66649.3915061963
66648.666292483
66647.9312480499
66647.1863187552
66646.4314522852
66645.6663966749
66644.89067767
66644.1039860694
66643.3063394525
66642.4977938834
66641.6782902537
66640.8477155497
66640.0059536348
66639.1529068299
66638.2884678387
66637.4123030166
66636.5233853286
66635.6202196982
66634.7023888104
66633.7711061009
66632.8275475985
66631.8717514393
66630.9031847836
66629.9212999672
66628.9255450634
66627.9153540408
66626.8906364816
66625.8521745118
66624.8006964289
66623.7359049263
66622.6569824222
66621.5633220449
66620.4545180416
66619.3299088308
66618.1876471099
66617.0241895473
66615.8368409424
66614.6277990712
66613.4027749495
66612.1650242258
66610.9135003907
66609.6458210918
66608.3603676369
66607.0562420741
66605.7327286721
66604.3888761647
66603.0231684863
66601.6338288992
66600.2213725505
66598.7896697012
66597.3394099188
66595.8641755662
66594.3589965034
66592.8264927625
66591.2709653529
66589.6927819192
66588.0892128085
66586.4563623592
66584.7923606819
66583.1019251411
66581.3933513372
66579.6694938759
66577.9261495345
66576.1550242151
66574.343233269
66572.4793771627
66570.5639782003
66568.6041221879
66566.6064212704
66564.5826329538
66562.5440062793
66560.490140547
66558.4139624918
66556.3089187939
66554.1648044166
66551.9576924907
66549.6590989413
66547.2735409929
66544.844403106
66542.4059577454
66539.9586013205
66537.4891237091
66534.9851787151
66532.4285419624
66529.7826371004
66527.0175411766
66524.1594603033
66521.2644079044
66518.3546188178
66515.4182441759
66512.4280512111
66509.3515853206
66506.1685910878
66502.8775462042
66499.4990546822
66496.060043945
66492.5519578239
66488.9502433424
66485.258505635
66481.4644741048
66477.5326782528
66473.447024056
66469.2032319056
66464.838944213
66460.3836710149
66455.7547235231
66450.8369223384
66445.6168009266
66440.1909443791
66434.5831962918
66428.6185352913
66422.1343682338
66415.1939783854
66407.9007698462
66400.0979143133
66391.5237953125
66382.1709692326
66372.1647792637
66361.3843569576
66349.5483539285
66336.6054591609
66322.6985839459
66307.7911080913
66291.6714824525
66274.2850662374
66255.808715811
66236.4083163843
66216.0660032677
66194.7581038242
66172.6839703784
66150.197336819
66127.5944473593
66105.0438067201
66082.7446395762
66061.066999306
66040.5380584417
66021.7811944831
66005.4850749443
65992.4959520687
65984.0349352472
65982.0357968385
65989.4827684352
66010.9936852083
66053.6898901679
66128.5504902377
66256.2223617961
)
;

boundaryField
{
    electrode
    {
        type            calculated;
        value           uniform 66256.2503689635;
    }
    ground
    {
        type            calculated;
        value           uniform 66256.2488177871;
    }
    otherfaces
    {
        type            empty;
    }
}


// ************************************************************************* //
