/*--------------------------------*- C++ -*----------------------------------*\
| =========                 |                                                 |
| \\      /  F ield         | foam-extend: Open Source CFD                    |
|  \\    /   O peration     | Version:     4.1                                |
|   \\  /    A nd           | Web:         http://www.foam-extend.org         |
|    \\/     M anipulation  |                                                 |
\*---------------------------------------------------------------------------*/
FoamFile
{
    version     2.0;
    format      ascii;
    class       volScalarField;
    location    "3.00005000349568e-06";
    object      powerDissipatedMean;
}
// * * * * * * * * * * * * * * * * * * * * * * * * * * * * * * * * * * * * * //

dimensions      [1 2 -3 0 0 0 0];

internalField   nonuniform List<scalar> 
500
(
-0.000898759770760256
-0.000987053858312381
-0.001143613222286
-0.00128571142591164
-0.00143203624193407
-0.00155932680695391
-0.0016756681315025
-0.00176246634894894
-0.00182126104364225
-0.00183614964621725
-0.001809869177413
-0.00173929094362943
-0.00163456399442499
-0.00149681907481771
-0.00132856437200206
-0.00112545798989134
-0.000902798425546132
-0.000686813874798725
-0.000493168243604632
-0.000309724034939043
-0.00012200982228193
4.65794235988506e-05
0.000164118434534615
0.00024091697423582
0.000317424132974514
0.000401142355700818
0.000443469602648677
0.000438374571170629
0.000446712523615186
0.000486225093150685
0.00050140659143053
0.000473803778359409
0.000461613319363571
0.00049037158987997
0.000509376354348639
0.000491501569303803
0.000475275450391743
0.000491550556508974
0.000515905126207325
0.000516336658745927
0.000504150630143998
0.000500073170622279
0.000512170539004481
0.000524138030908096
0.000523095950850981
0.000520078806173669
0.000515906931743523
0.000513223578309387
0.000514212933367636
0.000511616621240338
0.000509074531482813
0.000509647673760868
0.000507156515174768
0.000500299164583113
0.000492107860136032
0.000484523942073983
0.000479557907539017
0.00047762576951486
0.000477219924066427
0.00047682178328779
0.000471665020662671
0.000460571696433332
0.000450460041105788
0.000444650109325549
0.000440912250734838
0.000438093104152481
0.000436255502600512
0.000435439792844354
0.000433382163338604
0.000427001797679419
0.000418145555384948
0.000411210861538182
0.000406885115747771
0.000403662608130625
0.000400884803362429
0.000398622999507433
0.000396854378902353
0.000394650470924155
0.000391339777017275
0.000387571097088396
0.000383459928485753
0.000378888003543971
0.000374843966162905
0.000371851615743499
0.000369525344503877
0.000367619127492766
0.000365842416360308
0.00036362588241429
0.000360904743979961
0.00035818959645639
0.000355751265756063
0.000353547266301941
0.000351476217024923
0.000349291846007351
0.000346820196777986
0.000344426879395078
0.00034254592357912
0.000340875880940793
0.00033896940588273
0.000336948938507979
0.000335038057827772
0.000333243902044911
0.000331529349377751
0.000329872655484485
0.000328270134037858
0.000326739684011895
0.000325325794275184
0.000324047241928174
0.000322759924098535
0.000321229401024909
0.000319488130453178
0.00031781756611755
0.000316352367878546
0.000315020713400449
0.000313744888531232
0.000312500858636523
0.000311290129779602
0.000310125567947244
0.00030900865706033
0.000307895836855826
0.000306752294100394
0.000305609823443911
0.000304502449253676
0.000303430859210578
0.000302392033969907
0.000301387252525678
0.000300412960399069
0.000299432971368455
0.000298407781239763
0.000297376629816398
0.000296407897517202
0.000295501075161685
0.000294623118128342
0.000293760483290529
0.000292911615200669
0.000292077090471343
0.000291257098358386
0.000290450865818942
0.000289655606004934
0.00028886717515644
0.000288091909637956
0.000287341953818868
0.000286613837030423
0.000285897669357673
0.000285191571663456
0.000284497137110086
0.000283816480962484
0.000283151416202745
0.000282498519840671
0.000281841286763192
0.000281177206619966
0.00028053017815707
0.000279909451096561
0.000279304906419478
0.00027871114913445
0.000278127136751733
0.000277552860754028
0.000276988307323009
0.000276433387964607
0.000275887977990809
0.000275351942829435
0.000274825148532042
0.000274307460891384
0.000273798748728664
0.00027329888759512
0.000272807757267735
0.000272325239691733
0.000271851224166614
0.000271385633619688
0.000270928511253377
0.000270480161778519
0.000270040945365369
0.000269609530511847
0.000269181564373599
0.000268757271858623
0.000268342792230898
0.000267939494147319
0.000267544488843423
0.000267156660544458
0.000266775837753123
0.000266402004129208
0.000266035115654431
0.000265675101537748
0.000265321883796377
0.000264975384409703
0.000264635527365799
0.000264302240233483
0.000263975451101635
0.000263655086859387
0.000263341074704574
0.000263033344050687
0.000262731827848858
0.000262436462130456
0.000262147185043321
0.000261863936552265
0.000261586625262137
0.000261314987532242
0.000261049591098965
0.000260791013389924
0.000260538179408494
0.000260290398515029
0.000260048015524039
0.000259811162894107
0.000259579822957519
0.000259353949001555
0.000259133501653814
0.000258918447277136
0.000258708752794532
0.00025850438575796
0.000258305314640898
0.000258111507703843
0.000257922933283305
0.000257739560469327
0.000257561358399313
0.000257388295654386
0.000257220333577788
0.000257057405441468
0.000256899395365611
0.000256746242120548
0.000256598356183328
0.000256456026956902
0.000256318688372023
0.000256185855745501
0.000256057714495077
0.000255934470783788
0.000255816146590843
0.000255702712776267
0.000255594140901443
0.000255490408692704
0.000255391497393302
0.000255297389689931
0.00025520806990449
0.000255123523933882
0.000255043738721635
0.000254968702137538
0.000254898403211667
0.000254832831771589
0.000254771978455097
0.000254715834321258
0.000254664391391992
0.000254617642435001
0.000254575580663015
0.000254538199644148
0.000254505492945214
0.000254477454036486
0.000254454077486594
0.000254435367219342
0.000254421368625898
0.000254412279782138
0.000254407612055496
0.000254407611813714
0.000254412279260652
0.000254421367819216
0.000254435365969007
0.000254454075870417
0.000254477452060439
0.000254505490614718
0.00025453819695015
0.000254575577602715
0.00025461763901518
0.000254664387617534
0.000254715830168048
0.000254771973950263
0.000254832826915073
0.000254898397947915
0.000254968696493087
0.000255043732765813
0.000255123517647135
0.000255208063217646
0.000255297382632861
0.000255391489994152
0.000255490400917017
0.000255594132689227
0.000255702704200909
0.000255816137675087
0.000255934461506851
0.000256057704883005
0.00025618584571152
0.000256318677885379
0.000256456016098985
0.000256598344893082
0.000256746230542815
0.000256899383523773
0.000257057393043191
0.000257220320668244
0.000257388282361624
0.000257561344822791
0.000257739546729644
0.000257922919086405
0.000258111493009244
0.000258305299808214
0.000258504370548598
0.000258708736802434
0.000258918430852726
0.00025913348513044
0.000259353932161789
0.00025957980569378
0.00025981114524473
0.000260047997542397
0.000260290380170116
0.000260538160692419
0.000260790994384007
0.000261049571765223
0.000261314967829408
0.000261586605210803
0.000261863916138055
0.000262147164246092
0.000262436440974842
0.000262731806373165
0.000263033322209934
0.000263341052472727
0.000263655064222235
0.000263975428118077
0.000264302216901656
0.000264635503684233
0.000264975360316827
0.000265321859296169
0.000265675076648079
0.00026603509038833
0.000266401978510725
0.000266775811784501
0.000267156634136594
0.000267544462015001
0.000267939466908079
0.000268342764597138
0.000268757243858335
0.000269181535976262
0.000269609501689449
0.0002700409160964
0.000270480132056612
0.000270928481069616
0.000271385602979713
0.000271851193099686
0.000272325208179356
0.000272807725337839
0.000273298855246079
0.000273798715923727
0.000274307427570814
0.000274825114693484
0.000275351908482709
0.000275887943105734
0.000276433352561167
0.000276988271411592
0.000277552824296313
0.000278127099766009
0.000278711111655375
0.000279304868393474
0.000279909412473978
0.000280530138986437
0.000281177166792143
0.000281841246108868
0.000282498478384333
0.000283151374083279
0.000283816438191549
0.000284497093664477
0.000285191527551978
0.000285897624511938
0.000286613791459603
0.000287341907463544
0.000288091862450137
0.00028886712706198
0.000289655556968355
0.000290450815832089
0.000291257047416061
0.000292077038476237
0.000292911562121139
0.000293760429227016
0.000294623063127876
0.000295501019190156
0.000296407840631857
0.000297376571754512
0.000298407721556705
0.000299432909988487
0.000300412897590767
0.000301387188436057
0.00030239196854703
0.000303430792364574
0.000304502380969554
0.00030560975359208
0.000306752222444622
0.00030789576344361
0.000309008582087424
0.000310125491267124
0.000311290051189933
0.000312500778215357
0.000313744806382062
0.000315020629585373
0.000316352282453788
0.000317817478942483
0.000319488040475592
0.00032122930719092
0.000322759826936191
0.00032404714264775
0.000325325693098579
0.000326739580630668
0.000328270028145677
0.00032987254686767
0.000331529238044041
0.000333243787900949
0.00033503794051697
0.000336948817496448
0.000338969280881205
0.000340875752262824
0.000342545792717647
0.000344426746265857
0.000346820058962042
0.000349291702513514
0.000351476068936327
0.000353547114467963
0.00035575111012301
0.000358189436484467
0.000360904578510754
0.000363625710188127
0.000365842238007091
0.000367618944321959
0.000369525157058829
0.00037185142440978
0.000374843771640504
0.000378887803352645
0.000383459718427109
0.000387570877244866
0.000391339547791613
0.000394650231030238
0.000396854130920659
0.000398622745196204
0.000400884541075792
0.000403662336586698
0.000406884836420179
0.000411210577499567
0.000418145263498746
0.000427001486052811
0.000433381827905779
0.000435439441916833
0.000436255141111242
0.00043809273057948
0.000440911862538009
0.000444649706498074
0.000450459627038729
0.000460571265413633
0.000471664558477047
0.000476821289657623
0.000477219406814356
0.000477625230081086
0.000479557345032294
0.00048452335535019
0.00049210724715272
0.000500298518423966
0.00050715582691458
0.00050964694232809
0.000509073762153197
0.000511615814798043
0.000514212081948498
0.000513222681609366
0.000515905990796407
0.000520077808076647
0.000523094893948462
0.000524136911146845
0.000512169355043226
0.00050007193644613
0.000504149334500261
0.000516335285213703
0.000515903668287023
0.000491549027227867
0.000475273870418146
0.000491499917978907
0.000509374609771372
0.000490369768024488
0.000461611444587251
0.000473801847663657
0.000501404589511891
0.000486223035842883
0.000446710442361975
0.000438372474591353
0.000443467491776611
0.000401140259172447
0.000317422087958044
0.000240915001464343
0.000164116552217202
4.6577670259351e-05
-0.000122011410052559
-0.000309725437687382
-0.000493169444848683
-0.000686814855593212
-0.000902799170997993
-0.00112545851231279
-0.00132856469671943
-0.00149681921832295
-0.00163456397688042
-0.00173929079229935
-0.00180986893516329
-0.00183614935933246
-0.00182126075016006
-0.00176246608514286
-0.0016756679202541
-0.001559326669444
-0.00143203618695773
-0.00128571146737743
-0.00114361336008136
-0.000987054103080993
-0.000898760073770503
)
;

boundaryField
{
    electrode
    {
        type            calculated;
        value           uniform -0.000898759770760256;
    }
    ground
    {
        type            calculated;
        value           uniform -0.000898760073770503;
    }
    otherfaces
    {
        type            empty;
    }
}


// ************************************************************************* //
