/*--------------------------------*- C++ -*----------------------------------*\
| =========                 |                                                 |
| \\      /  F ield         | foam-extend: Open Source CFD                    |
|  \\    /   O peration     | Version:     4.1                                |
|   \\  /    A nd           | Web:         http://www.foam-extend.org         |
|    \\/     M anipulation  |                                                 |
\*---------------------------------------------------------------------------*/
FoamFile
{
    version     2.0;
    format      ascii;
    class       volScalarField;
    location    "1.17000000079899e-05";
    object      eCollisionFrequencyMean;
}
// * * * * * * * * * * * * * * * * * * * * * * * * * * * * * * * * * * * * * //

dimensions      [0 0 -1 0 0 0 0];

internalField   nonuniform List<scalar> 
500
(
23852953041.0363
24170302433.0566
24438325055.4637
24673374577.3557
24867921492.8665
25035265621.9979
25165561666.0481
25249984273.5824
25299293430.8076
25324311697.6483
25331364964.8511
25325483052.1987
25308909941.0283
25283456827.3812
25250047805.2442
25209532418.8691
25162252740.1612
25108997790.7632
25049988727.8739
24985800946.5581
24916626432.4349
24842785976.0245
24764365695.95
24681536213.7698
24593844445.6161
24501312744.6248
24403778330.1494
24302754609.7697
24198638969.8687
24091204657.4024
23980800691.336
23866794019.86
23749594994.266
23628670441.5316
23504606890.935
23376466424.3213
23243861457.8946
23107292848.9445
22966475151.8356
22820853789.6207
22669288331.5787
22511454430.4235
22345803969.8787
22170382199.9403
21984685281.0456
21782825320.8651
21561063909.1466
21309533522.9486
21014251947.5982
20671398374.0148
20286144893.26
19859828373.3845
19459007619.578
19231468034.0919
19098994046.2254
19020960427.8385
18952248755.2408
18902953423.8895
18855703448.3354
18821588744.7816
18793288604.1834
18783079470.7191
18775157201.4252
18770264509.2179
18764607198.3707
18760233976.0265
18755367346.1526
18751051016.6059
18746447451.5953
18742167001.5698
18737869162.4282
18733847508.9078
18729899386.2145
18726134862.2212
18722442156.7765
18718881910.3596
18715415083.7472
18712093098.8069
18708894209.5533
18705834276.4073
18702893584.7199
18700049492.0068
18697262508.9892
18694535368.6965
18691886086.0846
18689344469.0842
18686919964.0427
18684615113.7916
18682427223.6598
18680354424.2343
18678392325.3976
18676539638.3525
18674793930.8904
18673151740.5178
18671608086.2005
18670157339.7973
18668792661.4178
18667507330.1953
18666294198.5643
18665145933.4452
18664055267.559
18663015349.4893
18662019226.6583
18661058514.9904
18660122296.4645
18659207860.533
18658315291.918
18657443999.0108
18656593361.9676
18655767070.6356
18654968970.7596
18654198678.0856
18653455004.864
18652737069.2718
18652043824.7697
18651374339.5156
18650727264.8955
18650100686.8743
18649492413.3167
18648901054.2176
18648325614.3896
18647764952.0645
18647217677.2436
18646682343.2144
18646157593.4847
18645642463.3607
18645136115.3683
18644637742.9713
18644146555.7698
18643662004.6028
18643183734.1135
18642711333.9198
18642244520.4642
18641783015.3503
18641326566.4073
18640874891.3207
18640427689.0793
18639984810.6641
18639546141.7758
18639111513.8886
18638680852.7357
18638254150.3841
18637831474.2419
18637412765.317
18636997889.1776
18636586840.0228
18636179699.408
18635776468.3158
18635377221.4225
18634981906.8029
18634590581.568
18634203492.9082
18633820526.6043
18633441792.6706
18633067244.143
18632696945.587
18632330915.3529
18631969155.2909
18631611658.503
18631258514.5628
18630909720.186
18630565309.2355
18630225286.7312
18629889737.9089
18629558638.692
18629231987.6214
18628909840.3038
18628592094.3241
18628278670.1291
18627969529.6993
18627664612.9064
18627363894.5882
18627067334.8995
18626774848.1866
18626486445.4862
18626202085.1794
18625921686.0195
18625645160.2576
18625372447.2674
18625103507.3433
18624838273.7728
18624576552.9743
18624318105.9179
18624062659.8272
18623809776.7486
18623559119.7142
18623310536.0115
18623063710.071
18622818632.7156
18622575425.8727
18622334129.0632
18622094777.1083
18621857375.2652
18621621930.0537
18621388377.8737
18621156737.7832
18620926951.0038
18620699013.2105
18620472894.7521
18620248908.9458
18620027355.0351
18619808495.1673
18619592749.3405
18619380426.4945
18619171724.0771
18618966814.6531
18618765809.4667
18618568804.3401
18618375867.7508
18618187035.0303
18618002415.6781
18617822072.1258
18617646021.2536
18617474265.4694
18617306840.6394
18617143788.5862
18616985117.1145
18616830899.5624
18616681139.8214
18616535858.1545
18616395050.2869
18616258768.0488
18616127032.4465
18615999843.5468
18615877178.2151
18615759053.2617
18615645496.828
18615536552.7833
18615432228.3328
18615332556.0041
18615237503.9947
18615147084.1707
18615061252.2409
18614980044.5921
18614903483.9773
18614831563.5156
18614764349.1025
18614701833.9377
18614644020.1244
18614590897.7339
18614542491.2103
18614498795.0159
18614459835.9991
18614425612.3819
18614396131.1435
18614371388.5604
18614351382.4421
18614336092.4456
18614325566.3093
18614319855.6954
18614318709.3511
18614322187.4112
18614330497.8944
18614343598.1848
18614361426.3342
18614383975.6463
18614411247.8863
18614443220.3437
18614479905.0377
18614521328.0247
18614567505.9064
18614618418.9827
18614674065.6597
18614734392.7039
18614799427.3028
18614869140.0755
18614943504.6889
18615022506.7274
18615106138.3816
18615194448.2621
18615287363.9208
18615384899.079
18615487074.0062
18615593875.8111
18615705288.8259
18615821303.3296
18615941914.873
18616067080.5288
18616196810.4775
18616331065.4131
18616469834.1055
18616613126.3551
18616760896.0174
18616913121.4286
18617069801.4232
18617230944.0549
18617396465.91
18617566317.3399
18617740502.975
18617918978.5396
18618101709.6322
18618288670.8362
18618479794.2939
18618674990.8822
18618874216.5456
18619077344.0083
18619284262.1984
18619494844.913
18619708868.6334
18619926033.0226
18620145940.9585
18620368233.054
18620592610.7527
18620818844.549
18621046944.7506
18621276946.8282
18621508880.0077
18621742831.5405
18621978771.7342
18622216667.9
18622456488.9592
18622698204.2033
18622941753.8323
18623187062.0747
18623434181.0176
18623683385.1494
18623934891.5116
18624188886.8349
18624445914.0704
18624706292.3852
18624970224.5625
18625237851.8521
18625509229.4238
18625784464.1813
18626063618.4823
18626346788.1186
18626634055.7649
18626925412.8433
18627220904.1626
18627520578.8834
18627824460.6734
18628132606.5552
18628445083.5074
18628761926.0604
18629083121.8995
18629408786.0156
18629738980.0549
18630073686.8405
18630412859.8874
18630756479.4485
18631104513.1403
18631456939.6507
18631813730.108
18632174861.0152
18632540281.2222
18632909980.3707
18633283879.9665
18633662051.2095
18634044393.36
18634430772.3935
18634821007.8269
18635215268.5045
18635613608.7736
18636015969.1853
18636422269.1918
18636832419.188
18637246426.7333
18637664294.0336
18638086110.2322
18638511927.7577
18638941675.2227
18639375397.3726
18639813088.5002
18640254942.944
18640701157.8961
18641151936.3563
18641607462.8892
18642067953.9887
18642533682.2213
18643004989.2068
18643482094.0554
18643965480.544
18644455588.148
18644952890.5253
18645458182.3365
18645972196.3823
18646495793.5713
18647029985.1664
18647576039.2243
18648135351.8042
18648709356.2638
18649299254.0285
18649906217.179
18650531540.8304
18651177242.4388
18651845379.9633
18652537268.2651
18653254042.8691
18653996683.6352
18654766210.9559
18655563716.9566
18656389657.5337
18657240137.721
18658111273.4331
18659003572.3587
18659917941.8727
18660854449.2561
18661815269.0812
18662811371.2679
18663851202.5371
18664941837.5514
18666090250.3544
18667303683.3903
18668588998.7136
18669952946.1545
18671403569.4183
18672947896.7975
18674591067.7474
18676337961.9824
18678191777.8955
18680154722.7257
18682228010.8885
18684414604.5846
18686717735.4941
18689141174.3324
18691682616.4895
18694332000.5166
18697059258.5937
18699846819.5612
18702691427.3036
18705628475.2461
18708683445.5628
18711878336.3503
18715196110.1225
18718657485.1568
18722213014.6691
18725901078.9369
18729657386.0234
18733596670.0274
18737607199.271
18741891708.8173
18746162453.7179
18750748742.5359
18755056564.593
18759902239.8
18764253910.3704
18769893399.6231
18774744365.562
18782648544.0413
18792724224.6823
18820955794.012
18854980132.555
18902124947.4605
18951447584.5852
19020033823.0743
19098075836.1608
19230158058.8998
19457565154.5717
19858382787.6669
20284448511.7072
20669959670.1765
21013052136.7392
21308519361.6007
21559750006.8796
21781485432.4621
21983355421.9539
22168938738.2044
22344493517.4987
22510094035.2022
22667709214.7897
22819260022.1123
22964824593.7091
23105544063.5147
23242032378.7665
23374501801.146
23502939842.6082
23627176978.0383
23748228095.211
23865181377.0103
23979286199.0674
24089873857.2729
24197323370.0528
24301432682.8952
24402503852.118
24500034168.4019
24592554932.6657
24680252720.9603
24763138853.6054
24841610821.8089
24915523002.9187
24984766346.0942
25049009218.4492
25108067591.1534
25161339295.1911
25208652533.1663
25249198070.2619
25282634290.4514
25308117629.8279
25324717173.8991
25330637183.3826
25323640365.0749
25298718253.893
25249563563.008
25165452186.2509
25035355865.3813
24868088999.9629
24673613092.1288
24438639180.5398
24170670673.4617
23853397956.1093
)
;

boundaryField
{
    electrode
    {
        type            calculated;
        value           uniform 23852953041.0363;
    }
    ground
    {
        type            calculated;
        value           uniform 23853397956.1093;
    }
    otherfaces
    {
        type            empty;
    }
}


// ************************************************************************* //
