/*--------------------------------*- C++ -*----------------------------------*\
| =========                 |                                                 |
| \\      /  F ield         | foam-extend: Open Source CFD                    |
|  \\    /   O peration     | Version:     4.1                                |
|   \\  /    A nd           | Web:         http://www.foam-extend.org         |
|    \\/     M anipulation  |                                                 |
\*---------------------------------------------------------------------------*/
FoamFile
{
    version     2.0;
    format      ascii;
    class       volScalarField;
    location    "1.17000000079899e-05";
    object      electron;
}
// * * * * * * * * * * * * * * * * * * * * * * * * * * * * * * * * * * * * * //

dimensions      [0 -3 0 0 0 0 0];

internalField   nonuniform List<scalar> 
500
(
10000000
10000000
10000000
10000000
10000000
10000000
10000000
10000000
10000000
10000000
10000000
10000000
10000000
10000000
10000000
10000000
10000000
10000000
10000000
10000000
10000000
10000000
10000000
10000000
10000000
10000000
10000000
10403872.8650039
11951830.4618913
25439855.4074744
122823955.108518
418103520.234019
1077082503.56733
749051348.721908
2657942889.16436
1614867337.8793
3864259551.37644
10625225137.8551
7650028639.28629
12983560489.2116
41499337866.9002
41137962247.8193
44690838353.7754
140845176079.549
203223667016.694
161662275881.419
435372917143.31
877004426831.298
620598976952.773
1266124017036.93
3292026494907.04
2530053760758.27
3790432598123.64
10814169523225.4
10642358005448.6
11804794882237.8
31228036438770.3
41985269321391.4
36000005846246.6
82771879129267.5
147936059282876
114917199879833
204641722649294
454458158021944
387644788054387
510505109385987
1.18816467575209e+15
1.30151374487104e+15
1.29519528912291e+15
2.69407372490114e+15
3.91207144669776e+15
3.4208880544784e+15
5.65418057722888e+15
9.95239392543762e+15
9.37073253779038e+15
1.1992817751779e+16
2.0986209685487e+16
2.42521572626988e+16
2.59402418890821e+16
3.90238488172545e+16
5.35092403787872e+16
5.70872709879433e+16
6.98631901846234e+16
9.68557666954141e+16
1.1577380592202e+17
1.27934520491974e+17
1.56644149678116e+17
1.96554932197062e+17
2.25002440442142e+17
2.50853132241176e+17
2.93866254208667e+17
3.45491948402952e+17
3.86839375166781e+17
4.25419028334243e+17
4.77524454635578e+17
5.37622487172597e+17
5.90121626118564e+17
6.37326263708321e+17
6.9258342041916e+17
7.55652227507386e+17
8.14692639665422e+17
8.66742007910687e+17
9.20911569624197e+17
9.81677377017773e+17
1.0424039291367e+18
1.09699430653756e+18
1.14892634713535e+18
1.20451595471327e+18
1.26278865943124e+18
1.31796838082882e+18
1.36854816039515e+18
1.41891036820983e+18
1.47206700983341e+18
1.52544797864403e+18
1.57535770803954e+18
1.62234934819451e+18
1.66992679923586e+18
1.71917775201839e+18
1.76758526182366e+18
1.81304066005958e+18
1.85673154061236e+18
1.90108693776319e+18
1.94629306897427e+18
1.99037698156145e+18
2.0321768546677e+18
2.07281600364283e+18
2.11392011607088e+18
2.15540441493576e+18
2.19587079226597e+18
2.23465094564853e+18
2.27262421371214e+18
2.31087369183463e+18
2.3492640105732e+18
2.38680827018796e+18
2.42308533934869e+18
2.45872423662972e+18
2.49447637076203e+18
2.53025856347129e+18
2.56539580464551e+18
2.59958733523557e+18
2.63324660217033e+18
2.66689697086216e+18
2.70050692817426e+18
2.73362473638461e+18
2.76601303600313e+18
2.7979288108963e+18
2.8297404485029e+18
2.86147021421293e+18
2.89282214021798e+18
2.92360477664135e+18
2.95395299383291e+18
2.98412000186629e+18
3.01415493537918e+18
3.04387833812553e+18
3.07313805587162e+18
3.10199693598142e+18
3.13062357693198e+18
3.15908337205998e+18
3.18727232337146e+18
3.21507618043121e+18
3.24250433794467e+18
3.26966128681491e+18
3.29660954714511e+18
3.32329998873701e+18
3.34964959304951e+18
3.37564240325856e+18
3.40133850562043e+18
3.42679328311926e+18
3.45199429421009e+18
3.47688581282431e+18
3.50144114639478e+18
3.52568352021494e+18
3.54965588273351e+18
3.57336314591113e+18
3.59677936597313e+18
3.61987587522268e+18
3.6426609093415e+18
3.66515540349211e+18
3.68737661606293e+18
3.70930769949663e+18
3.73093410452673e+18
3.75224436410782e+18
3.77325680779427e+18
3.79397714212128e+18
3.81441258297715e+18
3.83454334966797e+18
3.85437031379229e+18
3.87388662236077e+18
3.89310973014648e+18
3.9120336339096e+18
3.93066323067914e+18
3.94898150730773e+18
3.9669971649039e+18
3.98470197560479e+18
4.00211250631704e+18
4.01921514924467e+18
4.03602023604328e+18
4.05250928401342e+18
4.06869794275805e+18
4.08457162811452e+18
4.10014918063464e+18
4.11541158552439e+18
4.13037533712352e+18
4.14501976894902e+18
4.159364693805e+18
4.17339073895149e+18
4.18711894627731e+18
4.20052672960399e+18
4.21363550081666e+18
4.22642089270784e+18
4.23890766537726e+18
4.2510705487585e+18
4.26293585664959e+18
4.27447580316353e+18
4.28571769700921e+18
4.2966322665668e+18
4.30724933308424e+18
4.31753821260586e+18
4.32753070275645e+18
4.33719371252335e+18
4.34656069741863e+18
4.35559670772965e+18
4.36433716580091e+18
4.37274577829686e+18
4.3808595059951e+18
4.38864060283301e+18
4.39612734206071e+18
4.40328066648412e+18
4.41014032695006e+18
4.41666601827701e+18
4.42289892034512e+18
4.42879729155115e+18
4.43440372863032e+18
4.4396749822351e+18
4.4446552486709e+18
4.44929983686837e+18
4.45365453994184e+18
4.45767327899302e+18
4.46140324809437e+18
4.46479693036953e+18
4.46790280980889e+18
4.4706662742582e+18
4.47315482096905e+18
4.47529785803186e+18
4.47716748395214e+18
4.47869016506102e+18
4.47994113949934e+18
4.48084380220192e+18
4.48147656342385e+18
4.48175887366549e+18
4.48177167234747e+18
4.48143752793159e+18
4.4808300604924e+18
4.47987669423568e+18
4.47865015413912e+18
4.47707788889804e+18
4.47523197472737e+18
4.47304068844923e+18
4.47057548171475e+18
4.46776591494363e+18
4.46468345770062e+18
4.46124326196903e+18
4.45753490441576e+18
4.45347030708095e+18
4.44913641083774e+18
4.44444654021803e+18
4.43948636673334e+18
4.43417052229477e+18
4.42858346395587e+18
4.4226409711946e+18
4.4164266011056e+18
4.40985706821468e+18
4.40301515562879e+18
4.39581831166552e+18
4.38834875931755e+18
4.38052449626826e+18
4.37242739977767e+18
4.36397577379666e+18
4.35525138589691e+18
4.34617259711986e+18
4.33682133173974e+18
4.32711574535328e+18
4.31713816905285e+18
4.30680631117648e+18
4.29620313132959e+18
4.2852456900936e+18
4.27401775759529e+18
4.26243558552514e+18
4.25058390288953e+18
4.23837790461171e+18
4.22590335864607e+18
4.21307453989152e+18
4.19997858794886e+18
4.18652837618096e+18
4.17281224994783e+18
4.15874186092297e+18
4.14440714434043e+18
4.12971816722267e+18
4.11476629846222e+18
4.09946016977952e+18
4.08389295949329e+18
4.06797158107441e+18
4.05179077403263e+18
4.03525569634546e+18
4.0184630629047e+18
4.00131625108306e+18
3.98391382181901e+18
3.96615712258284e+18
3.94814675069761e+18
3.9297820779201e+18
3.91116581783734e+18
3.89219517924628e+18
3.87297504643185e+18
3.85340040525207e+18
3.83357842906293e+18
3.8134017662749e+18
3.79297993931692e+18
3.77220316088643e+18
3.75118340446667e+18
3.72980835985683e+18
3.70819253634425e+18
3.68622100210446e+18
3.66401088205811e+18
3.64144451570151e+18
3.61864172101316e+18
3.59548199965225e+18
3.57208794590161e+18
3.54833612252346e+18
3.5243519924971e+18
3.50000907526314e+18
3.47543578727052e+18
3.45050248691976e+18
3.42534062556782e+18
3.39981727422465e+18
3.37406700266419e+18
3.34795347539391e+18
3.32161447478461e+18
3.29491013561019e+18
3.26798154897832e+18
3.24068518883746e+18
3.2131655406375e+18
3.18527527559402e+18
3.15716236049051e+18
3.12867550780865e+18
3.09996624774067e+18
3.07087895638632e+18
3.0415659824888e+18
3.01186475863953e+18
2.98193247079207e+18
2.95160367288201e+18
2.92103946861361e+18
2.8900692964198e+18
2.85885816926417e+18
2.82723084952841e+18
2.79535640990828e+18
2.76305415487787e+18
2.73049658192545e+18
2.69749612706431e+18
2.66422627243452e+18
2.63049209523703e+18
2.59647494112901e+18
2.56197885861986e+18
2.52719227390306e+18
2.49191278900362e+18
2.45633269923965e+18
2.420242560286e+18
2.38384010187631e+18
2.34690903190192e+18
2.30965057472607e+18
2.27185017359313e+18
2.23373573789225e+18
2.19509797799898e+18
2.1561712459712e+18
2.1167305997812e+18
2.07700902010406e+18
2.03678044725244e+18
1.99630957113825e+18
1.95538223543824e+18
1.91428119832205e+18
1.87279672650784e+18
1.83124093675189e+18
1.78939792612138e+18
1.7475932188911e+18
1.70561534335443e+18
1.66380923894942e+18
1.62196010133348e+18
1.58044250054728e+18
1.53903769877815e+18
1.49814239980967e+18
1.4575326692355e+18
1.4176181062107e+18
1.37815872125368e+18
1.33957395343524e+18
1.3015954703381e+18
1.26465004961229e+18
1.22843817728855e+18
1.19338412544882e+18
1.15915437358365e+18
1.12617382254764e+18
1.09406887455602e+18
1.06326202714173e+18
1.0333435980446e+18
1.00473674965316e+18
9.76993774106475e+17
9.50540551984771e+17
9.24898289776289e+17
9.00500849433152e+17
8.76840667275448e+17
8.54359931160437e+17
8.32525882220979e+17
8.11792781146292e+17
7.91607484401542e+17
7.72438310279821e+17
7.53714923389865e+17
7.35919219311278e+17
7.18465132671756e+17
7.01847294534125e+17
6.85467673658176e+17
6.69833871730251e+17
6.54338828099669e+17
6.39501592262758e+17
6.24708693305375e+17
6.1048844290514e+17
5.96223073627191e+17
5.82447051739266e+17
5.68540690700308e+17
5.55041875598536e+17
5.41332295125875e+17
5.27951447942785e+17
5.14287122063003e+17
5.00878481451754e+17
4.87123285870613e+17
4.73557843906621e+17
4.5959419615304e+17
4.45763702160975e+17
4.3149716233737e+17
4.17319377891242e+17
4.02686160873704e+17
3.88113445593726e+17
3.73087138917365e+17
3.58112556337666e+17
3.42710521008154e+17
3.27374080025329e+17
3.1166383664262e+17
2.96058591105379e+17
2.80162847856945e+17
2.64438349672292e+17
2.48535322815836e+17
2.32894663449644e+17
2.17211984711364e+17
2.01901908320364e+17
1.86702619112022e+17
1.71997086121145e+17
1.57561039004069e+17
1.43739104761655e+17
1.30337056114539e+17
1.17654365157276e+17
1.05519728945449e+17
9.41828668308723e+16
8.34888414040726e+16
7.36347178870198e+16
6.44767029844902e+16
5.61602196224953e+16
4.85498301272298e+16
4.17429684449632e+16
3.56122260631556e+16
3.0213248985885e+16
2.5429158312546e+16
2.12819622076497e+16
1.76664303115149e+16
1.45821854686709e+16
1.19365549211554e+16
9.71601194617367e+15
7.84172807516863e+15
6.2939137090151e+15
5.00818477905328e+15
3.96344145906322e+15
3.10922786276881e+15
2.42618325147921e+15
1.87637670691212e+15
1.44368869781012e+15
1.10076472159356e+15
835097889490652
627772876515946
469591217424864
348078601665844
256675920866908
187579321689244
136387297416455
98243835886655.7
70440395194887.4
49967645597555.8
35344564938013.6
24608415788309.7
17217000552500.5
11608945272740.9
8140096721280.78
4966407769408.88
3810569706727.08
1346001581799.58
)
;

boundaryField
{
    electrode
    {
        type            zeroGradient;
    }
    ground
    {
        type            zeroGradient;
    }
    otherfaces
    {
        type            empty;
    }
}


// ************************************************************************* //
