/*--------------------------------*- C++ -*----------------------------------*\
| =========                 |                                                 |
| \\      /  F ield         | foam-extend: Open Source CFD                    |
|  \\    /   O peration     | Version:     4.1                                |
|   \\  /    A nd           | Web:         http://www.foam-extend.org         |
|    \\/     M anipulation  |                                                 |
\*---------------------------------------------------------------------------*/
FoamFile
{
    version     2.0;
    format      ascii;
    class       volScalarField;
    location    "1.17000000079899e-05";
    object      EPotential;
}
// * * * * * * * * * * * * * * * * * * * * * * * * * * * * * * * * * * * * * //

dimensions      [1 2 -3 0 0 -1 0];

internalField   nonuniform List<scalar> 
500
(
1.82049850666972
5.43546800306046
9.02425496784762
12.5867592376158
16.1228733886118
19.6324869866815
23.1154913555621
26.5717739563295
30.0012239641003
33.4037287759781
36.7791759083601
40.1274503837687
43.448437655969
46.7420216782906
50.0080873557812
53.2465169893295
56.4571929640309
59.6399958643993
62.794807002645
65.9215053552465
69.0199696404872
72.0900760355861
75.1317010632582
78.1447182739739
81.1290002706539
84.0844160796331
87.0108344212438
89.9081212483076
92.7761423848731
95.6147602670041
98.4238353429746
101.203223277367
103.952777508056
106.672346008309
109.361774065402
112.020901638822
114.649565823818
117.247598148549
119.814826961339
122.351074874576
124.856161110487
127.329898833547
129.772097555803
132.182560407736
134.561086506043
136.90746813458
139.221492992134
141.502941345311
143.751588225201
145.967200542545
148.149539375213
150.298356972835
152.413398405059
154.494398739887
156.541085266855
158.553173900911
160.530373061961
162.472383117619
164.378895699536
166.249588625478
168.084132827463
169.882186622333
171.643389960012
173.367377062314
175.053779138427
176.70218775323
178.312194975675
179.88341333497
181.415392433124
182.907659964803
184.359824800251
185.771444844544
187.141945164046
188.470927635138
189.758093487295
191.002769284206
192.204517393863
193.363306754364
194.47861329302
195.549827096894
196.577124734932
197.560659974406
198.499787359327
199.394549563828
200.245911186984
201.054115618481
201.818957042874
202.541417961089
203.223130300989
203.86477243235
204.466862937245
205.031112331121
205.559674155819
206.053832212235
206.514673810548
206.944209183975
207.3448535741
207.718323025589
208.065906516373
208.389420106337
208.691108565886
208.972767716286
209.235607297316
209.480950736028
209.710509047837
209.925855221491
210.128036142361
210.317886839734
210.496464843886
210.66494727093
210.824232605316
210.974862162025
211.117373304106
211.252497375748
211.380959964268
211.50324293115
211.619645063808
211.73054140607
211.836450026399
211.937826102114
212.03493325183
212.12794526375
212.217110675969
212.302761272184
212.38517498919
212.464498597473
212.540850892309
212.614432532018
212.685505062155
212.754264302699
212.820800215015
212.885170887668
212.947488592414
213.007912827092
213.066581151492
213.12356440051
213.178916988943
213.232728106621
213.285110078049
213.336147987352
213.385881822325
213.434341123768
213.481583807526
213.527690647609
213.572726779171
213.616723242312
213.65970034575
213.701693879605
213.742754009541
213.78292353834
213.822225488506
213.860674783156
213.898295275587
213.935121714274
213.971186472395
214.006511031279
214.041109239895
214.074995970281
214.108193342515
214.14072392863
214.172602320664
214.203837370149
214.234439201728
214.26442390861
214.293808684474
214.32260677728
214.350826077684
214.378474620135
214.405563430516
214.432106163797
214.458114090057
214.483595498285
214.508556658076
214.533005931654
214.556952828999
214.580407147181
214.603375938019
214.62586550241
214.647881781954
214.669432729284
214.69052575581
214.711168031678
214.731364513741
214.751120728438
214.770441805959
214.789334359754
214.807803636785
214.82585514482
214.843492770354
214.860721612368
214.877545986217
214.893971372663
214.910001616404
214.925641297654
214.940893511141
214.955762815498
214.970252503184
214.984367165134
214.998109584352
215.011483785775
215.024492133405
215.037138645847
215.049425678092
215.061357151263
215.07293505389
215.084163012234
215.095042769608
215.105577948114
215.115770145245
215.125622897475
215.135137452692
215.14431722415
215.153163185305
215.161678799234
215.169864769674
215.177724602818
215.185258576552
215.192470295509
215.199359583892
215.205930320926
215.212181816923
215.218118320488
215.223738473513
215.229046993803
215.23404173096
215.238728028645
215.243102815606
215.247172210373
215.250932063739
215.254389418694
215.257538917665
215.260388687917
215.262932035985
215.265178301421
215.26711932997
215.268765782983
215.270107936078
215.27115785203
215.27190416528
215.272360291026
215.272513149303
215.272372111585
215.271939319805
215.271211735361
215.270192522657
215.268879047068
215.267273932033
215.265374903853
215.263183998335
215.260698575253
215.257920231712
215.254849966988
215.251482938367
215.247823912875
215.243867545344
215.239618191947
215.235070033559
215.230227768237
215.225085060276
215.219647627699
215.213909118878
215.207861018292
215.201514406107
215.194857621489
215.187898979512
215.180628100013
215.173051730436
215.165160852265
215.156960672157
215.148443428855
215.139612925279
215.130462537272
215.120994751068
215.111203975841
215.10109149533
215.090652611647
215.079887541082
215.068792328885
215.057366265145
215.045605986898
215.033509993968
215.021075370527
215.008299952506
214.99518113884
214.981716212593
214.967902770568
214.953737636173
214.93921850565
214.924341816454
214.909105285917
214.893505013556
214.877538659237
214.861202009226
214.844492632888
214.827406036353
214.809939654885
214.792088708603
214.773850478165
214.755219903135
214.736194078211
214.716767640258
214.69693748649
214.676697952531
214.656045719389
214.634974787223
214.613481594298
214.59155979212
214.569205564755
214.546412188364
214.523175561841
214.499488556602
214.475346764497
214.450742625594
214.425671396138
214.400125050801
214.374098479018
214.347583154767
214.320573565149
214.293060641235
214.26503842577
214.236497259987
214.207430696367
214.177828435211
214.14768348807
214.11698485741
214.085724956283
214.053892024011
214.021477808058
213.988469709639
213.954858734201
213.920631360938
213.885777767547
213.850283417035
213.814137562015
213.777324541857
213.73983257167
213.701644743423
213.66274810586
213.623124362761
213.582759250205
213.541632924817
213.49972964507
213.457027838297
213.413510083656
213.369152850749
213.323936484226
213.27783114493
213.23081089645
213.182844603022
213.133905858683
213.083960519314
213.032978330914
212.980921484032
212.927756360597
212.873441030133
212.817937082172
212.761196592977
212.703173677619
212.643809166295
212.583047943011
212.520829363982
212.457099498906
212.391794388232
212.324852054247
212.256198117021
212.185760542332
212.113455176961
212.039199308536
211.962893018077
211.884457880111
211.803821618291
211.720920745309
211.635672682167
211.547987432255
211.457751395244
211.36487495854
211.269281547635
211.170916634659
211.069716419454
210.965651616429
210.858701240153
210.748846474279
210.636075040736
210.520411365606
210.401872960399
210.280519729594
210.156434175085
210.029727685185
209.900539450528
209.769046450853
209.635430079862
209.499916363319
209.362726573179
209.224107848266
209.084313785551
208.943608021982
208.802238130689
208.660470237525
208.518545898363
208.376702374658
208.235146117929
208.094084818977
207.953683199649
207.814093076871
207.675425019241
207.537784617167
207.401236700873
207.265835539891
207.131587558098
206.998492502609
206.866508277901
206.735591172133
206.605658232742
206.476626166651
206.348369781339
206.220761023411
206.093631344623
205.966815754003
205.840111398611
205.713320176128
205.586206533189
205.45854034911
205.330052268248
205.20047529861
205.069499040977
204.936812767596
204.802059326409
204.664880032698
204.52487207169
204.381632695352
204.234713805578
204.083664136691
203.927984519945
203.76717081345
203.600670576869
203.427925036865
203.248325938159
203.061256177732
202.866048284219
202.662024767498
202.448459214383
202.224616235122
201.989714998877
201.742968388448
201.483549017052
201.210626960974
200.923340003963
200.620830808666
200.302219615431
199.966639028234
199.61320966438
199.241072933523
198.849369824555
198.437271619446
198.003961484909
197.548662387896
197.070620527767
196.569129470906
196.043514973944
195.493155626615
194.917469175266
194.315929648925
193.688054689557
193.033419150293
192.351642808956
191.642400477723
190.905410650138
190.140442162047
189.347302903245
188.525843917969
187.675949939603
186.797542753999
185.890571669404
184.955014167309
183.99086800605
182.998154574894
181.976911913431
180.927194585103
179.849067396113
178.742608383015
177.607903610083
176.445047039149
175.254135321407
174.035271347381
172.788561033247
171.514114380448
170.212040294392
168.882449959115
167.525455874786
166.141172846815
164.729713114402
163.291188351203
161.825708620708
160.333386920695
158.814334297174
157.268661279414
155.69647493113
154.097881896951
152.472991868988
150.821904970945
)
;

boundaryField
{
    electrode
    {
        type            fixedValue;
        value           uniform 1e-10;
    }
    ground
    {
        type            plasmaPower;
        frequency       250000000;
        nCycles         1;
        power           0.098;
        dampingFactor   0.01;
        amplitude       308.696373055159;
        bias            0;
        value           uniform 149.983342619814;
    }
    otherfaces
    {
        type            empty;
    }
}


// ************************************************************************* //
