/*--------------------------------*- C++ -*----------------------------------*\
| =========                 |                                                 |
| \\      /  F ield         | foam-extend: Open Source CFD                    |
|  \\    /   O peration     | Version:     4.1                                |
|   \\  /    A nd           | Web:         http://www.foam-extend.org         |
|    \\/     M anipulation  |                                                 |
\*---------------------------------------------------------------------------*/
FoamFile
{
    version     2.0;
    format      ascii;
    class       volVectorField;
    location    "1.17000000079899e-05";
    object      Flux_Arp1;
}
// * * * * * * * * * * * * * * * * * * * * * * * * * * * * * * * * * * * * * //

dimensions      [0 -2 -1 0 0 0 0];

internalField   nonuniform List<vector> 
500
(
(-2.03008323675332e+21 0 0)
(-2.03108079907301e+21 0 0)
(-2.03146864127116e+21 0 0)
(-2.03192170257751e+21 0 0)
(-2.03246335532937e+21 0 0)
(-2.03275348312131e+21 0 0)
(-2.0332318381828e+21 0 0)
(-2.03344497425922e+21 0 0)
(-2.03371844702008e+21 0 0)
(-2.03385223815647e+21 0 0)
(-2.03403354769312e+21 0 0)
(-2.03406152261229e+21 0 0)
(-2.03407955312215e+21 0 0)
(-2.03392251394797e+21 0 0)
(-2.03381463373301e+21 0 0)
(-2.03356058169733e+21 0 0)
(-2.03330988200362e+21 0 0)
(-2.0328954538157e+21 0 0)
(-2.03251982893205e+21 0 0)
(-2.03203642466097e+21 0 0)
(-2.03160950865752e+21 0 0)
(-2.03106947344918e+21 0 0)
(-2.03066831009431e+21 0 0)
(-2.03028354637926e+21 0 0)
(-2.03008162945824e+21 0 0)
(-2.02979912079712e+21 0 0)
(-2.02952659132319e+21 0 0)
(-2.02906233702557e+21 0 0)
(-2.02865110208558e+21 0 0)
(-2.02819871070963e+21 0 0)
(-2.02784602567268e+21 0 0)
(-2.02741969200067e+21 0 0)
(-2.02711985902302e+21 0 0)
(-2.02674655769683e+21 0 0)
(-2.02645725154477e+21 0 0)
(-2.0260731774477e+21 0 0)
(-2.0257439368865e+21 0 0)
(-2.02530662299581e+21 0 0)
(-2.02491439748603e+21 0 0)
(-2.02442077069463e+21 0 0)
(-2.02398500406488e+21 0 0)
(-2.02345580436278e+21 0 0)
(-2.02298758728236e+21 0 0)
(-2.02242575831758e+21 0 0)
(-2.02192504008179e+21 0 0)
(-2.02135186355888e+21 0 0)
(-2.02089245236929e+21 0 0)
(-2.02040756813251e+21 0 0)
(-2.02005286848518e+21 0 0)
(-2.0196984912464e+21 0 0)
(-2.01951885400273e+21 0 0)
(-2.01941543666752e+21 0 0)
(-2.01958391383808e+21 0 0)
(-2.01990627337927e+21 0 0)
(-2.02045449989083e+21 0 0)
(-2.02091890876422e+21 0 0)
(-2.02128180338722e+21 0 0)
(-2.02143654387384e+21 0 0)
(-2.02162174811109e+21 0 0)
(-2.02165627066176e+21 0 0)
(-2.02164764924072e+21 0 0)
(-2.02153456168112e+21 0 0)
(-2.02148486312895e+21 0 0)
(-2.02137847281254e+21 0 0)
(-2.02133864562515e+21 0 0)
(-2.02123216722724e+21 0 0)
(-2.02118685883099e+21 0 0)
(-2.02109572961649e+21 0 0)
(-2.02110111610916e+21 0 0)
(-2.02111188195823e+21 0 0)
(-2.02128078611408e+21 0 0)
(-2.02154113329166e+21 0 0)
(-2.02205768147058e+21 0 0)
(-2.02261068458021e+21 0 0)
(-2.02300354875998e+21 0 0)
(-2.02297245616542e+21 0 0)
(-2.02285818090942e+21 0 0)
(-2.02263982966799e+21 0 0)
(-2.02229169077542e+21 0 0)
(-2.02174114002189e+21 0 0)
(-2.02111046849919e+21 0 0)
(-2.0202800478272e+21 0 0)
(-2.0193640830556e+21 0 0)
(-2.01834951796716e+21 0 0)
(-2.01734319721798e+21 0 0)
(-2.01606321523945e+21 0 0)
(-2.01420896701262e+21 0 0)
(-2.0116803993972e+21 0 0)
(-2.00875584247101e+21 0 0)
(-2.00524938300088e+21 0 0)
(-2.00135437994687e+21 0 0)
(-1.99717685747526e+21 0 0)
(-1.99271553422678e+21 0 0)
(-1.98737159485582e+21 0 0)
(-1.98085235785426e+21 0 0)
(-1.97343992210941e+21 0 0)
(-1.96559307348414e+21 0 0)
(-1.95731605580075e+21 0 0)
(-1.94842896650675e+21 0 0)
(-1.93833399380629e+21 0 0)
(-1.92749033611875e+21 0 0)
(-1.91651726185411e+21 0 0)
(-1.90508523260781e+21 0 0)
(-1.89275909593722e+21 0 0)
(-1.8801843050418e+21 0 0)
(-1.86775141321152e+21 0 0)
(-1.85492385629751e+21 0 0)
(-1.8418078030722e+21 0 0)
(-1.8292250188056e+21 0 0)
(-1.81656583693172e+21 0 0)
(-1.80405114971709e+21 0 0)
(-1.79218700214289e+21 0 0)
(-1.78040726665743e+21 0 0)
(-1.76899756990471e+21 0 0)
(-1.75811757128678e+21 0 0)
(-1.74728061366014e+21 0 0)
(-1.73711195773694e+21 0 0)
(-1.7274145655219e+21 0 0)
(-1.7177225765251e+21 0 0)
(-1.7086017213294e+21 0 0)
(-1.69991638052642e+21 0 0)
(-1.69117640194018e+21 0 0)
(-1.6828971808002e+21 0 0)
(-1.67504228604627e+21 0 0)
(-1.66704448366602e+21 0 0)
(-1.65897310067516e+21 0 0)
(-1.65115818522399e+21 0 0)
(-1.64357111183571e+21 0 0)
(-1.63593818679754e+21 0 0)
(-1.62825896782606e+21 0 0)
(-1.62055324693424e+21 0 0)
(-1.61283697093644e+21 0 0)
(-1.60518031401735e+21 0 0)
(-1.59750466393876e+21 0 0)
(-1.58970256104427e+21 0 0)
(-1.58180397731494e+21 0 0)
(-1.57381290089092e+21 0 0)
(-1.56572069883298e+21 0 0)
(-1.55752068226828e+21 0 0)
(-1.54921019193034e+21 0 0)
(-1.54078224900768e+21 0 0)
(-1.53223290717589e+21 0 0)
(-1.52356339799806e+21 0 0)
(-1.51479014793424e+21 0 0)
(-1.50589452722558e+21 0 0)
(-1.49686273064795e+21 0 0)
(-1.48769539037632e+21 0 0)
(-1.4783955959137e+21 0 0)
(-1.46895926652702e+21 0 0)
(-1.45938954286226e+21 0 0)
(-1.44968290763557e+21 0 0)
(-1.43984315507316e+21 0 0)
(-1.42986674538868e+21 0 0)
(-1.41975773573016e+21 0 0)
(-1.40951044042424e+21 0 0)
(-1.3991255551441e+21 0 0)
(-1.38860481009321e+21 0 0)
(-1.37795947234666e+21 0 0)
(-1.36718231374642e+21 0 0)
(-1.35627849883583e+21 0 0)
(-1.34524403692061e+21 0 0)
(-1.33408501127298e+21 0 0)
(-1.32279732229788e+21 0 0)
(-1.31138717260816e+21 0 0)
(-1.29985036257602e+21 0 0)
(-1.2881932995604e+21 0 0)
(-1.2764117978885e+21 0 0)
(-1.26451247891649e+21 0 0)
(-1.25249106228445e+21 0 0)
(-1.24035426671166e+21 0 0)
(-1.2280977409652e+21 0 0)
(-1.21572837518049e+21 0 0)
(-1.20324180758934e+21 0 0)
(-1.19064503215931e+21 0 0)
(-1.17793361351489e+21 0 0)
(-1.16511461609915e+21 0 0)
(-1.15218359043607e+21 0 0)
(-1.13914770395785e+21 0 0)
(-1.12600249202573e+21 0 0)
(-1.11275516268911e+21 0 0)
(-1.09940121912052e+21 0 0)
(-1.08594791998501e+21 0 0)
(-1.07239078155618e+21 0 0)
(-1.05873711129089e+21 0 0)
(-1.04498242216768e+21 0 0)
(-1.0311340316556e+21 0 0)
(-1.01718745909551e+21 0 0)
(-1.00315004057247e+21 0 0)
(-9.89017326500613e+20 0 0)
(-9.74796652820952e+20 0 0)
(-9.60483592982609e+20 0 0)
(-9.46085461938636e+20 0 0)
(-9.31597874506042e+20 0 0)
(-9.17028125627017e+20 0 0)
(-9.02371884960438e+20 0 0)
(-8.87636406219202e+20 0 0)
(-8.72817414554248e+20 0 0)
(-8.57922108680242e+20 0 0)
(-8.42946286731518e+20 0 0)
(-8.27897087015877e+20 0 0)
(-8.12770392513405e+20 0 0)
(-7.97573262960176e+20 0 0)
(-7.82301672425697e+20 0 0)
(-7.66962588654201e+20 0 0)
(-7.51552093755381e+20 0 0)
(-7.36077049726537e+20 0 0)
(-7.20533661265664e+20 0 0)
(-7.04928662011876e+20 0 0)
(-6.89258398880334e+20 0 0)
(-6.73529452770613e+20 0 0)
(-6.57738343815819e+20 0 0)
(-6.41891464159436e+20 0 0)
(-6.25985549050941e+20 0 0)
(-6.10026747377104e+20 0 0)
(-5.9401207115435e+20 0 0)
(-5.77947350894316e+20 0 0)
(-5.61829965557856e+20 0 0)
(-5.45665320909025e+20 0 0)
(-5.29451286610806e+20 0 0)
(-5.13192697281502e+20 0 0)
(-4.96888080279855e+20 0 0)
(-4.8054150839235e+20 0 0)
(-4.64152380084052e+20 0 0)
(-4.47723773543957e+20 0 0)
(-4.31256207811899e+20 0 0)
(-4.14751491034522e+20 0 0)
(-3.98211591409718e+20 0 0)
(-3.81636641907961e+20 0 0)
(-3.65030499615646e+20 0 0)
(-3.48391209877956e+20 0 0)
(-3.3172492689763e+20 0 0)
(-3.15027104806335e+20 0 0)
(-2.98306750090323e+20 0 0)
(-2.81556226637606e+20 0 0)
(-2.64787967879588e+20 0 0)
(-2.47990468127291e+20 0 0)
(-2.31180340021335e+20 0 0)
(-2.14341718847443e+20 0 0)
(-1.97495868290211e+20 0 0)
(-1.80620220860354e+20 0 0)
(-1.6371702616741e+20 0 0)
(-1.46846234204621e+20 0 0)
(-1.29946771154738e+20 0 0)
(-1.13023294659126e+20 0 0)
(-9.61022403727197e+19 0 0)
(-7.91613648952691e+19 0 0)
(-6.22255056920062e+19 0 0)
(-4.52726074761378e+19 0 0)
(-2.83235356026218e+19 0 0)
(-1.13679227326829e+19 0 0)
(5.57802886003366e+18 0 0)
(2.25425618541728e+19 0 0)
(3.94850345002389e+19 0 0)
(5.64394648160468e+19 0 0)
(7.33757379496699e+19 0 0)
(9.03170888849847e+19 0 0)
(1.07237650991253e+20 0 0)
(1.24161949070122e+20 0 0)
(1.41060789503433e+20 0 0)
(1.57960301229586e+20 0 0)
(1.74829802889435e+20 0 0)
(1.91696581291415e+20 0 0)
(2.08534444752249e+20 0 0)
(2.25364292338705e+20 0 0)
(2.42164328309042e+20 0 0)
(2.58951110860883e+20 0 0)
(2.75707245311677e+20 0 0)
(2.92444586391748e+20 0 0)
(3.09150575962822e+20 0 0)
(3.25833138038229e+20 0 0)
(3.42482781263801e+20 0 0)
(3.59104686974462e+20 0 0)
(3.75692036481879e+20 0 0)
(3.92247433381829e+20 0 0)
(4.08766444360689e+20 0 0)
(4.25249492816409e+20 0 0)
(4.41694104900745e+20 0 0)
(4.58098947623999e+20 0 0)
(4.74463096815676e+20 0 0)
(4.90783845534021e+20 0 0)
(5.07061473549632e+20 0 0)
(5.23292218776475e+20 0 0)
(5.39477276992348e+20 0 0)
(5.55612086016279e+20 0 0)
(5.71698534462104e+20 0 0)
(5.87731461024063e+20 0 0)
(6.037132694028e+20 0 0)
(6.19638353920566e+20 0 0)
(6.3550950280071e+20 0 0)
(6.51320778179225e+20 0 0)
(6.67075258320339e+20 0 0)
(6.82766754460596e+20 0 0)
(6.98398567437207e+20 0 0)
(7.13964314742373e+20 0 0)
(7.29467473305724e+20 0 0)
(7.44901506870547e+20 0 0)
(7.60270036338066e+20 0 0)
(7.75566399288625e+20 0 0)
(7.90794338359407e+20 0 0)
(8.05947086198629e+20 0 0)
(8.21028489985754e+20 0 0)
(8.36031693962015e+20 0 0)
(8.509606369137e+20 0 0)
(8.65808387568979e+20 0 0)
(8.8057896449094e+20 0 0)
(8.95265375694099e+20 0 0)
(9.09871708719454e+20 0 0)
(9.24390923455355e+20 0 0)
(9.38827166267008e+20 0 0)
(9.53173361072796e+20 0 0)
(9.67433703443505e+20 0 0)
(9.81601093658062e+20 0 0)
(9.956797664382e+20 0 0)
(1.00966261118825e+21 0 0)
(1.02355389193798e+21 0 0)
(1.03734649871642e+21 0 0)
(1.05104471473627e+21 0 0)
(1.06464144212207e+21 0 0)
(1.07814097406593e+21 0 0)
(1.09153623872624e+21 0 0)
(1.10483152930334e+21 0 0)
(1.11801981278275e+21 0 0)
(1.13110537238391e+21 0 0)
(1.14408122678559e+21 0 0)
(1.15695163890377e+21 0 0)
(1.16970969191987e+21 0 0)
(1.18235961913852e+21 0 0)
(1.19489457856985e+21 0 0)
(1.2073187658928e+21 0 0)
(1.21962542313806e+21 0 0)
(1.23181870108787e+21 0 0)
(1.24389193366088e+21 0 0)
(1.25584921907409e+21 0 0)
(1.26768398850774e+21 0 0)
(1.27940028011119e+21 0 0)
(1.2909916275872e+21 0 0)
(1.30246199861333e+21 0 0)
(1.31380503295172e+21 0 0)
(1.3250246164324e+21 0 0)
(1.3361144921398e+21 0 0)
(1.3470784389486e+21 0 0)
(1.35791034263605e+21 0 0)
(1.36861395433686e+21 0 0)
(1.37918260722951e+21 0 0)
(1.38961803373522e+21 0 0)
(1.39993621539529e+21 0 0)
(1.41013754368323e+21 0 0)
(1.42019875634682e+21 0 0)
(1.43011992514526e+21 0 0)
(1.43989703635086e+21 0 0)
(1.44953282760851e+21 0 0)
(1.45902314590714e+21 0 0)
(1.46836994879808e+21 0 0)
(1.47756866390699e+21 0 0)
(1.48662019275768e+21 0 0)
(1.49552004196901e+21 0 0)
(1.50427180233342e+21 0 0)
(1.51286819348379e+21 0 0)
(1.52130467854632e+21 0 0)
(1.52957912021035e+21 0 0)
(1.53769358190277e+21 0 0)
(1.54564100012375e+21 0 0)
(1.55341848555233e+21 0 0)
(1.56102089016513e+21 0 0)
(1.56844555032932e+21 0 0)
(1.57568294286647e+21 0 0)
(1.58274027641993e+21 0 0)
(1.5896443610769e+21 0 0)
(1.596221902909e+21 0 0)
(1.60248520867238e+21 0 0)
(1.60853607612813e+21 0 0)
(1.61439465708056e+21 0 0)
(1.62006233174535e+21 0 0)
(1.6255326255807e+21 0 0)
(1.63057874312125e+21 0 0)
(1.63520143993514e+21 0 0)
(1.6395779960965e+21 0 0)
(1.64376499636884e+21 0 0)
(1.64732223747878e+21 0 0)
(1.65039218816865e+21 0 0)
(1.65330018471331e+21 0 0)
(1.65571195306797e+21 0 0)
(1.65748910556278e+21 0 0)
(1.65902394532761e+21 0 0)
(1.65995070848225e+21 0 0)
(1.66021671973913e+21 0 0)
(1.66012841861891e+21 0 0)
(1.65942587251497e+21 0 0)
(1.65821637678306e+21 0 0)
(1.65667103746954e+21 0 0)
(1.65445291675565e+21 0 0)
(1.65193172470279e+21 0 0)
(1.64914700688405e+21 0 0)
(1.64586524934486e+21 0 0)
(1.64239841681891e+21 0 0)
(1.63894543828107e+21 0 0)
(1.63530154592529e+21 0 0)
(1.6315246757167e+21 0 0)
(1.62784694779599e+21 0 0)
(1.62441410977819e+21 0 0)
(1.62103453043468e+21 0 0)
(1.61778560640229e+21 0 0)
(1.61479311860404e+21 0 0)
(1.61216152856214e+21 0 0)
(1.60981211492837e+21 0 0)
(1.60767246264682e+21 0 0)
(1.60570013151601e+21 0 0)
(1.60405690813911e+21 0 0)
(1.60278511067384e+21 0 0)
(1.60195400318642e+21 0 0)
(1.60135308089653e+21 0 0)
(1.600835509589e+21 0 0)
(1.60029165936269e+21 0 0)
(1.59984357504457e+21 0 0)
(1.59954675000919e+21 0 0)
(1.59947600755036e+21 0 0)
(1.59957057171367e+21 0 0)
(1.59988083282742e+21 0 0)
(1.60026308928562e+21 0 0)
(1.60065277164926e+21 0 0)
(1.6008845612154e+21 0 0)
(1.60103605647603e+21 0 0)
(1.60111639381878e+21 0 0)
(1.60129440360432e+21 0 0)
(1.60151814644582e+21 0 0)
(1.60189758581833e+21 0 0)
(1.60230377575859e+21 0 0)
(1.60272656428171e+21 0 0)
(1.60302862406689e+21 0 0)
(1.60330558771785e+21 0 0)
(1.60350683286205e+21 0 0)
(1.60371512792542e+21 0 0)
(1.60377532017552e+21 0 0)
(1.60370681673342e+21 0 0)
(1.60339619122828e+21 0 0)
(1.60298780050474e+21 0 0)
(1.60247348921076e+21 0 0)
(1.60201686232511e+21 0 0)
(1.60155307984404e+21 0 0)
(1.60118542847114e+21 0 0)
(1.60079010953399e+21 0 0)
(1.60045633416338e+21 0 0)
(1.60006690227426e+21 0 0)
(1.5997097747315e+21 0 0)
(1.59926405326544e+21 0 0)
(1.59881113008311e+21 0 0)
(1.59821965848365e+21 0 0)
(1.59761090937592e+21 0 0)
(1.596865143166e+21 0 0)
(1.59608909492257e+21 0 0)
(1.59517088641226e+21 0 0)
(1.59421398252235e+21 0 0)
(1.59310171052304e+21 0 0)
(1.59192784958333e+21 0 0)
(1.5905549236045e+21 0 0)
(1.58911397110185e+21 0 0)
(1.58752640942711e+21 0 0)
(1.5859877309708e+21 0 0)
(1.58443064933017e+21 0 0)
(1.5829845652934e+21 0 0)
(1.58151348585563e+21 0 0)
(1.58011775680518e+21 0 0)
(1.5786350291202e+21 0 0)
(1.5772103882597e+21 0 0)
(1.57571307467991e+21 0 0)
(1.57423933071093e+21 0 0)
(1.57266181317868e+21 0 0)
(1.57112802181168e+21 0 0)
(1.56954608931798e+21 0 0)
(1.56801577734117e+21 0 0)
(1.56638128591932e+21 0 0)
(1.56478101704991e+21 0 0)
(1.56318205927882e+21 0 0)
(1.56173962871301e+21 0 0)
(1.56019796124e+21 0 0)
(1.55863754482614e+21 0 0)
(1.55703867199418e+21 0 0)
(1.55560985290767e+21 0 0)
(1.55411950037802e+21 0 0)
(1.55265111963236e+21 0 0)
(1.55117397703105e+21 0 0)
(1.54995498825682e+21 0 0)
(1.54877079547489e+21 0 0)
(1.54763864880588e+21 0 0)
(1.54641808234065e+21 0 0)
(1.54540914977346e+21 0 0)
(1.5444781667237e+21 0 0)
(1.54357499236014e+21 0 0)
(1.54256347884466e+21 0 0)
(1.54173946971421e+21 0 0)
(1.54111278269685e+21 0 0)
(1.54073740046174e+21 0 0)
(1.54024065975049e+21 0 0)
(1.53983171184187e+21 0 0)
(1.53947527010069e+21 0 0)
(1.53942787432661e+21 0 0)
(1.53949224710547e+21 0 0)
(1.53944622327225e+21 0 0)
(1.53939836091124e+21 0 0)
(1.53926645264195e+21 0 0)
)
;

boundaryField
{
    electrode
    {
        type            calculated;
        value           uniform (-2.03008323675332e+21 0 0);
    }
    ground
    {
        type            calculated;
        value           uniform (1.53926645264195e+21 0 0);
    }
    otherfaces
    {
        type            empty;
    }
}


// ************************************************************************* //
