/*--------------------------------*- C++ -*----------------------------------*\
| =========                 |                                                 |
| \\      /  F ield         | foam-extend: Open Source CFD                    |
|  \\    /   O peration     | Version:     4.1                                |
|   \\  /    A nd           | Web:         http://www.foam-extend.org         |
|    \\/     M anipulation  |                                                 |
\*---------------------------------------------------------------------------*/
FoamFile
{
    version     2.0;
    format      ascii;
    class       volVectorField;
    location    "1.17000000079899e-05";
    object      Flux_Ar2p;
}
// * * * * * * * * * * * * * * * * * * * * * * * * * * * * * * * * * * * * * //

dimensions      [0 -2 -1 0 0 0 0];

internalField   nonuniform List<vector> 
500
(
(-4.26905964174953e+18 0 0)
(-4.26447305557794e+18 0 0)
(-4.26481244998807e+18 0 0)
(-4.25960059197173e+18 0 0)
(-4.26007619608777e+18 0 0)
(-4.25457015212608e+18 0 0)
(-4.25505908853699e+18 0 0)
(-4.24939069861411e+18 0 0)
(-4.24965573011206e+18 0 0)
(-4.24391559532914e+18 0 0)
(-4.24405775863655e+18 0 0)
(-4.23826443980812e+18 0 0)
(-4.23815067529338e+18 0 0)
(-4.23213562262633e+18 0 0)
(-4.23180055020422e+18 0 0)
(-4.22566605294187e+18 0 0)
(-4.2251080463372e+18 0 0)
(-4.21874968528492e+18 0 0)
(-4.21797142565515e+18 0 0)
(-4.21153364308327e+18 0 0)
(-4.21066938967888e+18 0 0)
(-4.20418835481414e+18 0 0)
(-4.20331248374809e+18 0 0)
(-4.19704475699351e+18 0 0)
(-4.1964280018908e+18 0 0)
(-4.19039582944767e+18 0 0)
(-4.18975061480965e+18 0 0)
(-4.18356846987791e+18 0 0)
(-4.18274018284287e+18 0 0)
(-4.17662320705004e+18 0 0)
(-4.1758904099457e+18 0 0)
(-4.16989337686595e+18 0 0)
(-4.16926368022694e+18 0 0)
(-4.16344598702295e+18 0 0)
(-4.16288769111984e+18 0 0)
(-4.15715240759467e+18 0 0)
(-4.15654357690082e+18 0 0)
(-4.1507520706058e+18 0 0)
(-4.14996745416156e+18 0 0)
(-4.14403966760786e+18 0 0)
(-4.14306500050044e+18 0 0)
(-4.13703699636891e+18 0 0)
(-4.13592307670952e+18 0 0)
(-4.12984059440427e+18 0 0)
(-4.12861632254423e+18 0 0)
(-4.12252409369096e+18 0 0)
(-4.12129037674456e+18 0 0)
(-4.11532573221059e+18 0 0)
(-4.11417754937604e+18 0 0)
(-4.10839728633091e+18 0 0)
(-4.1074007914159e+18 0 0)
(-4.10192844509488e+18 0 0)
(-4.10129370963917e+18 0 0)
(-4.09640075059628e+18 0 0)
(-4.09629968873226e+18 0 0)
(-4.09180620022904e+18 0 0)
(-4.09161822307196e+18 0 0)
(-4.08686260458697e+18 0 0)
(-4.08639571792181e+18 0 0)
(-4.08147062033288e+18 0 0)
(-4.08061118959488e+18 0 0)
(-4.07538577453863e+18 0 0)
(-4.07427338368509e+18 0 0)
(-4.06899448682224e+18 0 0)
(-4.06780563916152e+18 0 0)
(-4.0625632969461e+18 0 0)
(-4.06129496318168e+18 0 0)
(-4.05605175534281e+18 0 0)
(-4.05469997369319e+18 0 0)
(-4.04953670111413e+18 0 0)
(-4.04825748522815e+18 0 0)
(-4.0433865535072e+18 0 0)
(-4.04243244941624e+18 0 0)
(-4.0379752408968e+18 0 0)
(-4.03685838026534e+18 0 0)
(-4.03167193385745e+18 0 0)
(-4.02960696012492e+18 0 0)
(-4.02395119654663e+18 0 0)
(-4.0213700840064e+18 0 0)
(-4.01526607890001e+18 0 0)
(-4.01218843585767e+18 0 0)
(-4.00567213988602e+18 0 0)
(-4.00197734870217e+18 0 0)
(-3.99500612731601e+18 0 0)
(-3.99082714286036e+18 0 0)
(-3.98336880035179e+18 0 0)
(-3.97792704071003e+18 0 0)
(-3.96874963653575e+18 0 0)
(-3.96163182726705e+18 0 0)
(-3.95113113831942e+18 0 0)
(-3.94251624919377e+18 0 0)
(-3.93081100326834e+18 0 0)
(-3.92097725707587e+18 0 0)
(-3.90772698454475e+18 0 0)
(-3.89528380451338e+18 0 0)
(-3.87934622817627e+18 0 0)
(-3.86478042845443e+18 0 0)
(-3.84743345617033e+18 0 0)
(-3.83131551624801e+18 0 0)
(-3.81180538024006e+18 0 0)
(-3.79309895957628e+18 0 0)
(-3.77225307264824e+18 0 0)
(-3.75261123236124e+18 0 0)
(-3.73018742918078e+18 0 0)
(-3.70900037233322e+18 0 0)
(-3.6863788787221e+18 0 0)
(-3.66488288940479e+18 0 0)
(-3.64146821395755e+18 0 0)
(-3.62009162562002e+18 0 0)
(-3.59730973793803e+18 0 0)
(-3.57592135573254e+18 0 0)
(-3.5539683309177e+18 0 0)
(-3.53342855564589e+18 0 0)
(-3.51201817763691e+18 0 0)
(-3.49241261189906e+18 0 0)
(-3.4716707468719e+18 0 0)
(-3.45268590227239e+18 0 0)
(-3.43316320393568e+18 0 0)
(-3.41465611215331e+18 0 0)
(-3.39561368167035e+18 0 0)
(-3.37806529064074e+18 0 0)
(-3.35942659510038e+18 0 0)
(-3.34208411427561e+18 0 0)
(-3.32420738367196e+18 0 0)
(-3.30709973491192e+18 0 0)
(-3.28892764029074e+18 0 0)
(-3.27178483341054e+18 0 0)
(-3.25394462860093e+18 0 0)
(-3.23684390227719e+18 0 0)
(-3.21878976469735e+18 0 0)
(-3.20143720351522e+18 0 0)
(-3.18318427736114e+18 0 0)
(-3.16567833049596e+18 0 0)
(-3.14731512073144e+18 0 0)
(-3.1295016167908e+18 0 0)
(-3.11076760948574e+18 0 0)
(-3.0925818778322e+18 0 0)
(-3.07350002954378e+18 0 0)
(-3.0549278054413e+18 0 0)
(-3.03547586202801e+18 0 0)
(-3.01650153857193e+18 0 0)
(-2.99666271616844e+18 0 0)
(-2.97727739549378e+18 0 0)
(-2.95706957774275e+18 0 0)
(-2.93729604330639e+18 0 0)
(-2.91669270615258e+18 0 0)
(-2.89649007066381e+18 0 0)
(-2.87548308929733e+18 0 0)
(-2.85485793634077e+18 0 0)
(-2.83344947987748e+18 0 0)
(-2.81240556664639e+18 0 0)
(-2.79059983825314e+18 0 0)
(-2.76914260057573e+18 0 0)
(-2.74694428154834e+18 0 0)
(-2.72507763390737e+18 0 0)
(-2.70248540034332e+18 0 0)
(-2.68021124050128e+18 0 0)
(-2.65724219586477e+18 0 0)
(-2.63458132854498e+18 0 0)
(-2.6112425432745e+18 0 0)
(-2.58819881632081e+18 0 0)
(-2.56449714290623e+18 0 0)
(-2.54107865530546e+18 0 0)
(-2.51702172324404e+18 0 0)
(-2.493236493542e+18 0 0)
(-2.46883191466158e+18 0 0)
(-2.44468812791273e+18 0 0)
(-2.41994383870147e+18 0 0)
(-2.39544988270858e+18 0 0)
(-2.3703738280776e+18 0 0)
(-2.34553798116017e+18 0 0)
(-2.32013812946387e+18 0 0)
(-2.2949688050041e+18 0 0)
(-2.26925328452441e+18 0 0)
(-2.24375890436063e+18 0 0)
(-2.21773578219976e+18 0 0)
(-2.19192471762995e+18 0 0)
(-2.16560212522557e+18 0 0)
(-2.13948283113813e+18 0 0)
(-2.11286893964096e+18 0 0)
(-2.08644982086337e+18 0 0)
(-2.05955276259265e+18 0 0)
(-2.03284222991004e+18 0 0)
(-2.00567020413175e+18 0 0)
(-1.97867670688003e+18 0 0)
(-1.95123791353789e+18 0 0)
(-1.92396986286451e+18 0 0)
(-1.89627249805733e+18 0 0)
(-1.86873832505092e+18 0 0)
(-1.84079062524374e+18 0 0)
(-1.81299876636176e+18 0 0)
(-1.78480895836337e+18 0 0)
(-1.75676783048902e+18 0 0)
(-1.72834415261117e+18 0 0)
(-1.70006219138018e+18 0 0)
(-1.67141290451872e+18 0 0)
(-1.64289854112089e+18 0 0)
(-1.61403189932177e+18 0 0)
(-1.58529355576416e+18 0 0)
(-1.55621782554907e+18 0 0)
(-1.52726393668356e+18 0 0)
(-1.49798740048012e+18 0 0)
(-1.46882639951423e+18 0 0)
(-1.43935733976592e+18 0 0)
(-1.40999765764113e+18 0 0)
(-1.38034436626564e+18 0 0)
(-1.3507944379173e+18 0 0)
(-1.32096521234607e+18 0 0)
(-1.2912334675474e+18 0 0)
(-1.26123660598114e+18 0 0)
(-1.23133147229264e+18 0 0)
(-1.20117527820582e+18 0 0)
(-1.17110518221448e+18 0 0)
(-1.14079796084772e+18 0 0)
(-1.11057132309661e+18 0 0)
(-1.08012137776726e+18 0 0)
(-1.04974661440482e+18 0 0)
(-1.0191622471846e+18 0 0)
(-9.8864777199837e+17 0 0)
(-9.57937277964932e+17 0 0)
(-9.27291502962577e+17 0 0)
(-8.96463163915464e+17 0 0)
(-8.65694504114631e+17 0 0)
(-8.34756586315334e+17 0 0)
(-8.03873464269142e+17 0 0)
(-7.72834207452626e+17 0 0)
(-7.41845082309351e+17 0 0)
(-7.10712669407532e+17 0 0)
(-6.79626013878414e+17 0 0)
(-6.48408621992748e+17 0 0)
(-6.17232919121898e+17 0 0)
(-5.85938639764207e+17 0 0)
(-5.5468234379858e+17 0 0)
(-5.23319315063119e+17 0 0)
(-4.91990948243612e+17 0 0)
(-4.60567240600215e+17 0 0)
(-4.29175204673786e+17 0 0)
(-3.97699001873341e+17 0 0)
(-3.66251652908293e+17 0 0)
(-3.34729669238666e+17 0 0)
(-3.03207552680239e+17 0 0)
(-2.71683271506254e+17 0 0)
(-2.40151412968537e+17 0 0)
(-2.08569476940219e+17 0 0)
(-1.77005169471197e+17 0 0)
(-1.45402435462865e+17 0 0)
(-1.1379977790302e+17 0 0)
(-8.22126995559363e+16 0 0)
(-5.05635584661662e+16 0 0)
(-1.90007784404402e+16 0 0)
(1.26659338100508e+16 0 0)
(4.42340198382691e+16 0 0)
(7.58795497357088e+16 0 0)
(1.07466873742034e+17 0 0)
(1.39070853085501e+17 0 0)
(1.70673261647665e+17 0 0)
(2.02237719349214e+17 0 0)
(2.33820267019077e+17 0 0)
(2.65351713090043e+17 0 0)
(2.96903716182946e+17 0 0)
(3.28391448893442e+17 0 0)
(3.59903733965702e+17 0 0)
(3.91343264130339e+17 0 0)
(4.22809560740461e+17 0 0)
(4.54191488619005e+17 0 0)
(4.856034056541e+17 0 0)
(5.16919505774185e+17 0 0)
(5.48268331343964e+17 0 0)
(5.79510016832934e+17 0 0)
(6.10787943238224e+17 0 0)
(6.41946734155164e+17 0 0)
(6.73145567161974e+17 0 0)
(7.0421310804003e+17 0 0)
(7.35324719220481e+17 0 0)
(7.66292567350177e+17 0 0)
(7.97308820760596e+17 0 0)
(8.28168525174672e+17 0 0)
(8.59081249773715e+17 0 0)
(8.89824372419673e+17 0 0)
(9.20625355305913e+17 0 0)
(9.51243477965049e+17 0 0)
(9.81924477706531e+17 0 0)
(1.01240919704657e+18 0 0)
(1.04296194793364e+18 0 0)
(1.07330486591955e+18 0 0)
(1.10372109178729e+18 0 0)
(1.13391381218413e+18 0 0)
(1.16418523056667e+18 0 0)
(1.19421935671796e+18 0 0)
(1.22433768469313e+18 0 0)
(1.25420481776644e+18 0 0)
(1.28416177471043e+18 0 0)
(1.31385351395257e+18 0 0)
(1.34364082222304e+18 0 0)
(1.37314876510211e+18 0 0)
(1.40275815127509e+18 0 0)
(1.43207389427265e+18 0 0)
(1.46149708928799e+18 0 0)
(1.49061222794354e+18 0 0)
(1.51984096838764e+18 0 0)
(1.54874709827271e+18 0 0)
(1.57777312699259e+18 0 0)
(1.60646184454983e+18 0 0)
(1.63527691066153e+18 0 0)
(1.66373981111361e+18 0 0)
(1.69233567140364e+18 0 0)
(1.72056435222117e+18 0 0)
(1.74893277326365e+18 0 0)
(1.77691883451434e+18 0 0)
(1.80505159342974e+18 0 0)
(1.83278663767067e+18 0 0)
(1.86067552333566e+18 0 0)
(1.88815115562942e+18 0 0)
(1.91578796920343e+18 0 0)
(1.94299579744045e+18 0 0)
(1.97037235214401e+18 0 0)
(1.99730398427814e+18 0 0)
(2.02441210250539e+18 0 0)
(2.05105914390502e+18 0 0)
(2.0778906586622e+18 0 0)
(2.10424471391773e+18 0 0)
(2.13079146930476e+18 0 0)
(2.15684414043377e+18 0 0)
(2.18309799084709e+18 0 0)
(2.20884087396911e+18 0 0)
(2.23479368284025e+18 0 0)
(2.26021836511838e+18 0 0)
(2.28586200140193e+18 0 0)
(2.31096005497485e+18 0 0)
(2.3362863886031e+18 0 0)
(2.36104936478427e+18 0 0)
(2.38605025880105e+18 0 0)
(2.4104696787739e+18 0 0)
(2.43513697649891e+18 0 0)
(2.45920431672387e+18 0 0)
(2.48352982702833e+18 0 0)
(2.50723649840901e+18 0 0)
(2.53121197381642e+18 0 0)
(2.55454929139696e+18 0 0)
(2.57816639477719e+18 0 0)
(2.60112552258375e+18 0 0)
(2.62437580796444e+18 0 0)
(2.64694780873462e+18 0 0)
(2.66982213856429e+18 0 0)
(2.69199524435838e+18 0 0)
(2.7145035549046e+18 0 0)
(2.73630782800398e+18 0 0)
(2.75843907314809e+18 0 0)
(2.7798236071925e+18 0 0)
(2.80154675390387e+18 0 0)
(2.82250122199792e+18 0 0)
(2.84380872792475e+18 0 0)
(2.86432374063769e+18 0 0)
(2.88520554572147e+18 0 0)
(2.90526879804256e+18 0 0)
(2.92571235966411e+18 0 0)
(2.94531245980513e+18 0 0)
(2.96530624602906e+18 0 0)
(2.98442247342373e+18 0 0)
(3.0039457956074e+18 0 0)
(3.02256394018256e+18 0 0)
(3.04160153350599e+18 0 0)
(3.0596972968122e+18 0 0)
(3.07822484050355e+18 0 0)
(3.0957738525168e+18 0 0)
(3.11376428098867e+18 0 0)
(3.13074469067844e+18 0 0)
(3.14821485444996e+18 0 0)
(3.16448536931679e+18 0 0)
(3.18111690060964e+18 0 0)
(3.19663893297603e+18 0 0)
(3.21265898188189e+18 0 0)
(3.22754491649843e+18 0 0)
(3.24293772843097e+18 0 0)
(3.25691865468781e+18 0 0)
(3.27124692501575e+18 0 0)
(3.2843185835203e+18 0 0)
(3.29791309095654e+18 0 0)
(3.30976135468381e+18 0 0)
(3.32197070245508e+18 0 0)
(3.33289015296692e+18 0 0)
(3.34406163598091e+18 0 0)
(3.3534340967489e+18 0 0)
(3.36345056180954e+18 0 0)
(3.37152991653635e+18 0 0)
(3.37985095819953e+18 0 0)
(3.38652820027477e+18 0 0)
(3.3934712576714e+18 0 0)
(3.39852400485078e+18 0 0)
(3.40419931459022e+18 0 0)
(3.40767589073717e+18 0 0)
(3.41199609121059e+18 0 0)
(3.41451489998752e+18 0 0)
(3.41758538406064e+18 0 0)
(3.41897316869969e+18 0 0)
(3.42166989662218e+18 0 0)
(3.42242814483276e+18 0 0)
(3.4243883031304e+18 0 0)
(3.42488207064894e+18 0 0)
(3.42713471188548e+18 0 0)
(3.42757603221199e+18 0 0)
(3.42976758451613e+18 0 0)
(3.43052620516634e+18 0 0)
(3.4334421780485e+18 0 0)
(3.43466772816346e+18 0 0)
(3.43786266680822e+18 0 0)
(3.43925853819126e+18 0 0)
(3.44313089944027e+18 0 0)
(3.44541890798671e+18 0 0)
(3.45022053150953e+18 0 0)
(3.45289745289704e+18 0 0)
(3.45776163884657e+18 0 0)
(3.46032389048301e+18 0 0)
(3.46540139317913e+18 0 0)
(3.46829027181823e+18 0 0)
(3.47389602953325e+18 0 0)
(3.47718918322415e+18 0 0)
(3.48325070406746e+18 0 0)
(3.48667394803153e+18 0 0)
(3.49264881306165e+18 0 0)
(3.49565672182028e+18 0 0)
(3.5013689695236e+18 0 0)
(3.50422677267414e+18 0 0)
(3.51010764040107e+18 0 0)
(3.51310975863876e+18 0 0)
(3.51924694500974e+18 0 0)
(3.52234170830373e+18 0 0)
(3.52850639744891e+18 0 0)
(3.53142284104419e+18 0 0)
(3.53752353172438e+18 0 0)
(3.54030492861498e+18 0 0)
(3.54626715739638e+18 0 0)
(3.54860566197451e+18 0 0)
(3.55404603561998e+18 0 0)
(3.55577423249695e+18 0 0)
(3.56086870303467e+18 0 0)
(3.56241431119345e+18 0 0)
(3.56760937658332e+18 0 0)
(3.56925779101435e+18 0 0)
(3.57463156740628e+18 0 0)
(3.57630698899491e+18 0 0)
(3.58171241052323e+18 0 0)
(3.58329184680262e+18 0 0)
(3.58864850594859e+18 0 0)
(3.59009476364407e+18 0 0)
(3.59537167425902e+18 0 0)
(3.59660263659367e+18 0 0)
(3.60168047929951e+18 0 0)
(3.60259730430384e+18 0 0)
(3.60738690548022e+18 0 0)
(3.60792599675627e+18 0 0)
(3.61236786435184e+18 0 0)
(3.61245972164637e+18 0 0)
(3.61651045194839e+18 0 0)
(3.61617423980197e+18 0 0)
(3.61995036712709e+18 0 0)
(3.61942091676453e+18 0 0)
(3.62322499303221e+18 0 0)
(3.62279385690891e+18 0 0)
(3.62677888745516e+18 0 0)
(3.62642221300092e+18 0 0)
(3.63046716507665e+18 0 0)
(3.63003461055568e+18 0 0)
(3.6340330434597e+18 0 0)
(3.63351695535464e+18 0 0)
(3.63743913846892e+18 0 0)
(3.6367528186157e+18 0 0)
(3.64056764814264e+18 0 0)
(3.63978546034729e+18 0 0)
(3.64356047943608e+18 0 0)
(3.6426197922896e+18 0 0)
(3.64623550811488e+18 0 0)
(3.645184191065e+18 0 0)
(3.6488692939851e+18 0 0)
(3.6477372104903e+18 0 0)
(3.65118493460418e+18 0 0)
(3.64984851823135e+18 0 0)
(3.65338425519362e+18 0 0)
(3.65211281492251e+18 0 0)
(3.65559552397092e+18 0 0)
(3.65427869899101e+18 0 0)
(3.65803898458532e+18 0 0)
(3.65704055636786e+18 0 0)
(3.66091154489847e+18 0 0)
(3.65976801198386e+18 0 0)
(3.6636825581738e+18 0 0)
(3.66277829934041e+18 0 0)
(3.66683894820449e+18 0 0)
(3.66583459040772e+18 0 0)
(3.66996306425515e+18 0 0)
(3.66937496502533e+18 0 0)
(3.67405241555192e+18 0 0)
(3.67364656759277e+18 0 0)
(3.67829051441951e+18 0 0)
(3.67789711645697e+18 0 0)
(3.6829775042181e+18 0 0)
(3.68293046202773e+18 0 0)
(3.68814061339354e+18 0 0)
(3.68785303256639e+18 0 0)
(3.69271257542977e+18 0 0)
)
;

boundaryField
{
    electrode
    {
        type            calculated;
        value           uniform (-4.26905964174953e+18 0 0);
    }
    ground
    {
        type            calculated;
        value           uniform (3.69271257542977e+18 0 0);
    }
    otherfaces
    {
        type            empty;
    }
}


// ************************************************************************* //
