/*--------------------------------*- C++ -*----------------------------------*\
| =========                 |                                                 |
| \\      /  F ield         | foam-extend: Open Source CFD                    |
|  \\    /   O peration     | Version:     4.1                                |
|   \\  /    A nd           | Web:         http://www.foam-extend.org         |
|    \\/     M anipulation  |                                                 |
\*---------------------------------------------------------------------------*/
FoamFile
{
    version     2.0;
    format      ascii;
    class       volVectorField;
    location    "1.17000000079899e-05";
    object      velocityAr2p;
}
// * * * * * * * * * * * * * * * * * * * * * * * * * * * * * * * * * * * * * //

dimensions      [0 1 -1 0 0 0 0];

internalField   nonuniform List<vector> 
500
(
(-5264.20428716832 0 0)
(-5233.03930337624 0 0)
(-5213.54799643397 0 0)
(-5192.27730247436 0 0)
(-5171.10400890585 0 0)
(-5149.82553521905 0 0)
(-5128.42131085774 0 0)
(-5106.91541207089 0 0)
(-5085.3746849298 0 0)
(-5063.70235767093 0 0)
(-5041.94386960914 0 0)
(-5020.02491499105 0 0)
(-4998.01195715563 0 0)
(-4975.85679875926 0 0)
(-4953.56645043733 0 0)
(-4931.08862207238 0 0)
(-4908.46793203643 0 0)
(-4885.68479073414 0 0)
(-4862.75943740819 0 0)
(-4839.6555523703 0 0)
(-4816.41340513292 0 0)
(-4793.0258647891 0 0)
(-4769.55780604525 0 0)
(-4745.99453533474 0 0)
(-4722.36755536263 0 0)
(-4698.58720163183 0 0)
(-4674.57183398333 0 0)
(-4650.21966662177 0 0)
(-4625.59433604117 0 0)
(-4600.67480329527 0 0)
(-4575.45182870453 0 0)
(-4549.88112010672 0 0)
(-4523.99867960871 0 0)
(-4497.75133008126 0 0)
(-4471.16293185532 0 0)
(-4444.16703279525 0 0)
(-4416.76357058909 0 0)
(-4388.89046023619 0 0)
(-4360.57099654946 0 0)
(-4331.77090083266 0 0)
(-4302.5329751795 0 0)
(-4272.83362112729 0 0)
(-4242.71352501416 0 0)
(-4212.1364806068 0 0)
(-4181.13662881474 0 0)
(-4149.68943009449 0 0)
(-4117.86231941831 0 0)
(-4085.62028728737 0 0)
(-4052.99993736873 0 0)
(-4019.96387439736 0 0)
(-3986.55631501571 0 0)
(-3952.76180397726 0 0)
(-3918.6541755308 0 0)
(-3884.22037604903 0 0)
(-3849.45768620241 0 0)
(-3814.19978920868 0 0)
(-3778.34613651903 0 0)
(-3741.80556928181 0 0)
(-3704.59449261261 0 0)
(-3666.62356318845 0 0)
(-3627.90977481136 0 0)
(-3588.46058549857 0 0)
(-3548.36056083116 0 0)
(-3507.59134011439 0 0)
(-3466.19524070211 0 0)
(-3424.11917732703 0 0)
(-3381.38535861449 0 0)
(-3337.94427231965 0 0)
(-3293.84298422742 0 0)
(-3249.05926143007 0 0)
(-3203.65808969505 0 0)
(-3157.62803411023 0 0)
(-3111.05442093253 0 0)
(-3063.84713093927 0 0)
(-3015.85778032756 0 0)
(-2966.89009764251 0 0)
(-2916.99400740153 0 0)
(-2866.20318664064 0 0)
(-2814.54820426543 0 0)
(-2762.04435288368 0 0)
(-2708.79224460615 0 0)
(-2654.76964129391 0 0)
(-2600.05558758541 0 0)
(-2544.68696765903 0 0)
(-2488.77209095589 0 0)
(-2432.26099718283 0 0)
(-2375.0673778224 0 0)
(-2317.06960907047 0 0)
(-2258.45986551425 0 0)
(-2199.30307226908 0 0)
(-2139.82225860285 0 0)
(-2080.18495335738 0 0)
(-2020.58116777412 0 0)
(-1960.96863572356 0 0)
(-1901.31217697614 0 0)
(-1841.76507417348 0 0)
(-1782.73577469148 0 0)
(-1724.46338843947 0 0)
(-1667.14307310581 0 0)
(-1610.66280648756 0 0)
(-1555.23076361194 0 0)
(-1501.31044697117 0 0)
(-1449.03639525993 0 0)
(-1398.29122153967 0 0)
(-1349.31946390583 0 0)
(-1302.42654735761 0 0)
(-1257.51040412635 0 0)
(-1214.46776155568 0 0)
(-1173.65839862975 0 0)
(-1134.87040516311 0 0)
(-1098.01456150642 0 0)
(-1063.2831321908 0 0)
(-1030.39528220605 0 0)
(-999.337893618573 0 0)
(-970.136796307955 0 0)
(-942.456165022609 0 0)
(-916.388403806241 0 0)
(-891.810417943642 0 0)
(-868.42619750013 0 0)
(-846.328480035264 0 0)
(-825.413453518784 0 0)
(-805.436894121143 0 0)
(-786.494757644357 0 0)
(-768.544905380698 0 0)
(-751.378857333008 0 0)
(-734.970921326192 0 0)
(-719.329291826481 0 0)
(-704.383955966113 0 0)
(-689.981115689024 0 0)
(-676.088853380311 0 0)
(-662.697340347419 0 0)
(-649.800909851251 0 0)
(-637.40536435937 0 0)
(-625.463987389782 0 0)
(-613.890555020375 0 0)
(-602.669694312742 0 0)
(-591.784239312427 0 0)
(-581.211146966114 0 0)
(-570.93424443159 0 0)
(-560.935230913268 0 0)
(-551.204010038031 0 0)
(-541.726906658308 0 0)
(-532.492363711192 0 0)
(-523.480646113806 0 0)
(-514.675805071672 0 0)
(-506.067559872158 0 0)
(-497.64925654573 0 0)
(-489.410375041561 0 0)
(-481.344703795543 0 0)
(-473.442751411533 0 0)
(-465.698892897128 0 0)
(-458.104023784943 0 0)
(-450.653271661939 0 0)
(-443.339658833153 0 0)
(-436.159101780113 0 0)
(-429.101254457563 0 0)
(-422.160229846675 0 0)
(-415.334823814381 0 0)
(-408.621860175296 0 0)
(-402.01554238632 0 0)
(-395.513344309656 0 0)
(-389.110048849222 0 0)
(-382.803461949926 0 0)
(-376.588761297502 0 0)
(-370.464027855414 0 0)
(-364.424801050233 0 0)
(-358.469419138285 0 0)
(-352.593746904483 0 0)
(-346.796332464068 0 0)
(-341.073316906617 0 0)
(-335.423435046202 0 0)
(-329.843087643147 0 0)
(-324.331181389657 0 0)
(-318.884342853101 0 0)
(-313.501621245771 0 0)
(-308.179843591343 0 0)
(-302.918192263287 0 0)
(-297.713681232259 0 0)
(-292.565609947005 0 0)
(-287.471154946292 0 0)
(-282.429716607759 0 0)
(-277.43862163861 0 0)
(-272.497365277002 0 0)
(-267.603411769855 0 0)
(-262.756338192972 0 0)
(-257.953730331063 0 0)
(-253.19523875602 0 0)
(-248.478562453695 0 0)
(-243.803420198678 0 0)
(-239.167613449771 0 0)
(-234.570920199979 0 0)
(-230.011234183988 0 0)
(-225.488387985429 0 0)
(-221.000361152165 0 0)
(-216.547036253886 0 0)
(-212.126470060463 0 0)
(-207.738589532285 0 0)
(-203.381521546033 0 0)
(-199.055234880445 0 0)
(-194.757920746574 0 0)
(-190.489587222732 0 0)
(-186.248482028605 0 0)
(-182.034650767957 0 0)
(-177.846389714845 0 0)
(-173.683783896946 0 0)
(-169.545167932644 0 0)
(-165.430671477249 0 0)
(-161.338652357713 0 0)
(-157.269296146522 0 0)
(-153.220962518691 0 0)
(-149.193913452916 0 0)
(-145.186479088368 0 0)
(-141.199029997378 0 0)
(-137.229821989257 0 0)
(-133.279381803424 0 0)
(-129.345829595723 0 0)
(-125.429915184671 0 0)
(-121.529540892944 0 0)
(-117.645769664986 0 0)
(-113.77617848174 0 0)
(-109.922261069752 0 0)
(-106.081133151587 0 0)
(-102.254865572766 0 0)
(-98.4399512657612 0 0)
(-94.6392045210188 0 0)
(-90.8483223833987 0 0)
(-87.0710322768404 0 0)
(-83.3020684792994 0 0)
(-79.5462156391122 0 0)
(-75.7971370467272 0 0)
(-72.0607299785647 0 0)
(-68.3295778903369 0 0)
(-64.6106358350496 0 0)
(-60.8955412060632 0 0)
(-57.1921015096478 0 0)
(-53.4912586893653 0 0)
(-49.8013585190972 0 0)
(-46.1130300439086 0 0)
(-42.434712637619 0 0)
(-38.756985738572 0 0)
(-35.084579446913 0 0)
(-31.4215674401448 0 0)
(-27.7591811703558 0 0)
(-24.1000032121495 0 0)
(-20.4438148968324 0 0)
(-16.7898412937844 0 0)
(-13.1364420231111 0 0)
(-9.4892149178198 0 0)
(-5.83494150963137 0 0)
(-2.19268461004981 0 0)
(1.46164527174376 0 0)
(5.104524753542 0 0)
(8.7582267951517 0 0)
(12.4054085352698 0 0)
(16.0587271656854 0 0)
(19.7124980108229 0 0)
(23.3683854637336 0 0)
(27.0273757741771 0 0)
(30.6893309599763 0 0)
(34.3551504268725 0 0)
(38.0230294956272 0 0)
(41.699217011401 0 0)
(45.3760534938699 0 0)
(49.0626687074406 0 0)
(52.7507143666705 0 0)
(56.4495380654408 0 0)
(60.1507650543319 0 0)
(63.8634636820052 0 0)
(67.5798107967212 0 0)
(71.3082169456206 0 0)
(75.0416490459021 0 0)
(78.7876173976976 0 0)
(82.5401249178969 0 0)
(86.305601958044 0 0)
(90.0791770110248 0 0)
(93.8661940843934 0 0)
(97.662853100269 0 0)
(101.473518442277 0 0)
(105.295321495139 0 0)
(109.131812944598 0 0)
(112.980881676412 0 0)
(116.845444514717 0 0)
(120.723975955679 0 0)
(124.618923810291 0 0)
(128.529199995844 0 0)
(132.456921116929 0 0)
(136.401317008468 0 0)
(140.36428203372 0 0)
(144.345272634985 0 0)
(148.346044178325 0 0)
(152.366211917789 0 0)
(156.407454635516 0 0)
(160.469497745944 0 0)
(164.553988877241 0 0)
(168.660730618941 0 0)
(172.791371478863 0 0)
(176.945770384591 0 0)
(181.125598678532 0 0)
(185.330759830345 0 0)
(189.562963076245 0 0)
(193.822150825856 0 0)
(198.110080807344 0 0)
(202.426732880532 0 0)
(206.773921131288 0 0)
(211.151663976231 0 0)
(215.561839263438 0 0)
(220.004506533828 0 0)
(224.481614012139 0 0)
(228.993265895592 0 0)
(233.541487708841 0 0)
(238.126432655712 0 0)
(242.750211054264 0 0)
(247.413030051711 0 0)
(252.117092994857 0 0)
(256.86266664671 0 0)
(261.652056382332 0 0)
(266.485595107386 0 0)
(271.365699935873 0 0)
(276.292777225644 0 0)
(281.269367038066 0 0)
(286.295957603532 0 0)
(291.375224229647 0 0)
(296.507746541416 0 0)
(301.696348950669 0 0)
(306.941713263244 0 0)
(312.246828562605 0 0)
(317.612491063452 0 0)
(323.041871976044 0 0)
(328.53589602102 0 0)
(334.097936118927 0 0)
(339.729061747893 0 0)
(345.432869478728 0 0)
(351.210592316015 0 0)
(357.066075140465 0 0)
(363.000736068826 0 0)
(369.018696487993 0 0)
(375.121584112593 0 0)
(381.313829177078 0 0)
(387.597296579061 0 0)
(393.97676214573 0 0)
(400.454359135645 0 0)
(407.035255704652 0 0)
(413.721898247577 0 0)
(420.519880714397 0 0)
(427.431993305404 0 0)
(434.463579073973 0 0)
(441.620217692903 0 0)
(448.90881957648 0 0)
(456.332715209035 0 0)
(463.898735566035 0 0)
(471.611557089509 0 0)
(479.480077891531 0 0)
(487.509596197556 0 0)
(495.709158996309 0 0)
(504.084320517833 0 0)
(512.644936220941 0 0)
(521.397416339823 0 0)
(530.348796953007 0 0)
(539.512227369053 0 0)
(548.908760370519 0 0)
(558.549198065914 0 0)
(568.444867898055 0 0)
(578.603534118749 0 0)
(589.04118448519 0 0)
(599.771125983395 0 0)
(610.812686485247 0 0)
(622.182057192172 0 0)
(633.897361342062 0 0)
(645.990688917001 0 0)
(658.503294574655 0 0)
(671.454943437017 0 0)
(684.850686210428 0 0)
(698.697432107525 0 0)
(713.016338425939 0 0)
(727.860907796761 0 0)
(743.303175272138 0 0)
(759.40508882083 0 0)
(776.176414119109 0 0)
(793.625245210973 0 0)
(811.835288568988 0 0)
(830.831355271802 0 0)
(850.636078229396 0 0)
(871.315355616589 0 0)
(892.942812763939 0 0)
(915.553446955534 0 0)
(939.22621250568 0 0)
(964.034968522538 0 0)
(990.050661951681 0 0)
(1017.31296320362 0 0)
(1045.87130466025 0 0)
(1075.73701357824 0 0)
(1106.96949064466 0 0)
(1139.61111924991 0 0)
(1173.63995401708 0 0)
(1209.04988861013 0 0)
(1245.92331980071 0 0)
(1284.17839445325 0 0)
(1323.7207522409 0 0)
(1364.54547981566 0 0)
(1406.68139588659 0 0)
(1449.94431595185 0 0)
(1494.18878374973 0 0)
(1539.37120054121 0 0)
(1585.48733007345 0 0)
(1632.38328046399 0 0)
(1679.89819814207 0 0)
(1727.84735710812 0 0)
(1776.22948647763 0 0)
(1825.01729761593 0 0)
(1874.14274029552 0 0)
(1923.37739239441 0 0)
(1972.57774996711 0 0)
(2021.62796757463 0 0)
(2070.50702310806 0 0)
(2119.13370983061 0 0)
(2167.55443832314 0 0)
(2215.74540564332 0 0)
(2263.70031470526 0 0)
(2311.27645668146 0 0)
(2358.39441640394 0 0)
(2404.94161259177 0 0)
(2450.9525880937 0 0)
(2496.40367358459 0 0)
(2541.34437829779 0 0)
(2585.7133586493 0 0)
(2629.51299196061 0 0)
(2672.69066555186 0 0)
(2715.29228021676 0 0)
(2757.28961357544 0 0)
(2798.73912730029 0 0)
(2839.59187383706 0 0)
(2879.83792143609 0 0)
(2919.36855145588 0 0)
(2958.18736553153 0 0)
(2996.27357049617 0 0)
(3033.72898060897 0 0)
(3070.58604853733 0 0)
(3106.92650257597 0 0)
(3142.72413450408 0 0)
(3178.01044907632 0 0)
(3212.72195060412 0 0)
(3246.88081438933 0 0)
(3280.44946180568 0 0)
(3313.44295571743 0 0)
(3345.82424004637 0 0)
(3377.65954664537 0 0)
(3408.92555147783 0 0)
(3439.67182962551 0 0)
(3469.84912453925 0 0)
(3499.486433652 0 0)
(3528.54515786626 0 0)
(3557.04330055759 0 0)
(3584.95288322845 0 0)
(3612.30776395288 0 0)
(3639.09340735038 0 0)
(3665.38454316601 0 0)
(3691.1979037384 0 0)
(3716.6352994319 0 0)
(3741.70491272556 0 0)
(3766.43158287929 0 0)
(3790.76196535917 0 0)
(3814.70559984698 0 0)
(3838.20307280379 0 0)
(3861.30810827745 0 0)
(3884.00312566879 0 0)
(3906.30205155858 0 0)
(3928.1660350508 0 0)
(3949.62596088683 0 0)
(3970.68476345237 0 0)
(3991.3776539467 0 0)
(4011.68554558987 0 0)
(4031.61910486392 0 0)
(4051.1988133202 0 0)
(4070.51337872658 0 0)
(4089.53338109376 0 0)
(4108.24428367955 0 0)
(4126.69587704973 0 0)
(4145.03754781164 0 0)
(4163.26381832895 0 0)
(4181.34996256271 0 0)
(4199.30042513955 0 0)
(4217.29320944492 0 0)
(4235.33588606759 0 0)
(4253.34458080298 0 0)
(4271.19468483909 0 0)
(4289.01920925486 0 0)
(4306.92894295544 0 0)
(4324.88529815411 0 0)
(4342.76794594112 0 0)
(4360.6422760808 0 0)
(4378.70602878807 0 0)
(4397.00680867259 0 0)
(4415.35494926415 0 0)
(4433.70513189676 0 0)
(4451.99209627692 0 0)
(4470.56139274532 0 0)
(4489.12711225667 0 0)
(4508.17403844915 0 0)
(4525.29610036204 0 0)
(4553.66027086126 0 0)
)
;

boundaryField
{
    electrode
    {
        type            zeroGradient;
    }
    ground
    {
        type            zeroGradient;
    }
    otherfaces
    {
        type            empty;
    }
}


// ************************************************************************* //
