/*--------------------------------*- C++ -*----------------------------------*\
| =========                 |                                                 |
| \\      /  F ield         | foam-extend: Open Source CFD                    |
|  \\    /   O peration     | Version:     4.1                                |
|   \\  /    A nd           | Web:         http://www.foam-extend.org         |
|    \\/     M anipulation  |                                                 |
\*---------------------------------------------------------------------------*/
FoamFile
{
    version     2.0;
    format      ascii;
    class       volScalarField;
    location    "1.50199999961045e-05";
    object      Ar2p;
}
// * * * * * * * * * * * * * * * * * * * * * * * * * * * * * * * * * * * * * //

dimensions      [0 -3 0 0 0 0 0];

internalField   nonuniform List<scalar> 
500
(
1.31208375582167e+15
1.32229279328108e+15
1.32964796011189e+15
1.33627279160663e+15
1.34444827900312e+15
1.35116373849325e+15
1.3596149852225e+15
1.36655106195604e+15
1.37528528177298e+15
1.38251069847975e+15
1.39154195513692e+15
1.39907957712229e+15
1.40845265059474e+15
1.41635018951644e+15
1.42607609105354e+15
1.43432952804256e+15
1.44445541335715e+15
1.45316843827236e+15
1.46380509158592e+15
1.47307331950348e+15
1.48431246226111e+15
1.4942314957152e+15
1.50614916635351e+15
1.51679177304733e+15
1.52949044530145e+15
1.54095826210748e+15
1.55450769239943e+15
1.56686645693151e+15
1.58135850327862e+15
1.59471379050516e+15
1.61025380496973e+15
1.62472492174743e+15
1.64145990607553e+15
1.65721157938777e+15
1.67530805161025e+15
1.69250023932654e+15
1.71210559632742e+15
1.73087193597183e+15
1.75213369794903e+15
1.77269020361359e+15
1.79593583986799e+15
1.8186719601044e+15
1.8442336785045e+15
1.86940820387765e+15
1.89754602278228e+15
1.92543667974978e+15
1.95644597647156e+15
1.987388248018e+15
2.02165685773915e+15
2.05609113654086e+15
2.09410062616116e+15
2.13252518697438e+15
2.17478286229081e+15
2.21776858279126e+15
2.26502662181077e+15
2.31350199331307e+15
2.36661663726226e+15
2.42126894305905e+15
2.4809923699076e+15
2.54274996588931e+15
2.61006473951658e+15
2.67982590906203e+15
2.7555525502307e+15
2.83436627588272e+15
2.91990677654786e+15
3.00907949663236e+15
3.105363723334e+15
3.20553406934144e+15
3.3129948330372e+15
3.42482982169861e+15
3.54431926849443e+15
3.66786737993924e+15
3.79853378215451e+15
3.93308808998286e+15
4.07439866343059e+15
4.21840990567241e+15
4.3682225614325e+15
4.51990439019974e+15
4.67588735719522e+15
4.832555686224e+15
4.99243072900623e+15
5.15137638442491e+15
5.3127642826756e+15
5.47217836076692e+15
5.63309891333731e+15
5.79138680692031e+15
5.95004512376309e+15
6.10550946451563e+15
6.26025571911476e+15
6.41120544594966e+15
6.56147921725587e+15
6.70774790484197e+15
6.85422545720749e+15
6.99710185820014e+15
7.13986257072782e+15
7.27956029454419e+15
7.41878588911221e+15
7.55332298419037e+15
7.68665142455437e+15
7.81645674630048e+15
7.94643491943535e+15
8.07310128445464e+15
8.1999847011713e+15
8.32360471886709e+15
8.44740456143102e+15
8.56777609060297e+15
8.68813144280553e+15
8.80515784617586e+15
8.92259913251579e+15
9.03697340309599e+15
9.15179027250056e+15
9.26351999315715e+15
9.37565468408633e+15
9.48478207348087e+15
9.59458339386253e+15
9.70154363314049e+15
9.80917219046502e+15
9.91400220305092e+15
1.00195697973855e+16
1.01223648934357e+16
1.02259166971248e+16
1.03267307819729e+16
1.0428336087405e+16
1.05272349938181e+16
1.0626956645741e+16
1.07239952640697e+16
1.08218776930034e+16
1.09171018468385e+16
1.10132051968614e+16
1.11066686105764e+16
1.12010026623365e+16
1.12927156017161e+16
1.13854064428252e+16
1.14755272069022e+16
1.15665820495651e+16
1.16550572739813e+16
1.1744483588828e+16
1.18313385900422e+16
1.19191537254392e+16
1.20044043129455e+16
1.20906229548272e+16
1.21742829155175e+16
1.22589177842235e+16
1.23409990348221e+16
1.24240611015691e+16
1.25045738887517e+16
1.25860725648235e+16
1.26650256429351e+16
1.2744968936482e+16
1.28223697348436e+16
1.2900764408651e+16
1.29766191758182e+16
1.3053470872702e+16
1.3127784776499e+16
1.32030980863643e+16
1.32758752636083e+16
1.33496539038283e+16
1.34208981603024e+16
1.34931458772949e+16
1.35628605155586e+16
1.36335798467781e+16
1.37017669369983e+16
1.37709594836024e+16
1.38376203741923e+16
1.39052871319241e+16
1.3970422626228e+16
1.40365640797212e+16
1.410017450365e+16
1.41647906917667e+16
1.42268759527828e+16
1.42899665211429e+16
1.43505261655234e+16
1.44120904180279e+16
1.44711236719237e+16
1.45311606198495e+16
1.45886664423421e+16
1.46471748394829e+16
1.47031519580757e+16
1.47601303469888e+16
1.48145772964804e+16
1.48700240431323e+16
1.49229392023361e+16
1.49768525312177e+16
1.50282341713989e+16
1.50806122340727e+16
1.51304585687173e+16
1.51812994229105e+16
1.52296085622541e+16
1.52789101739347e+16
1.53256801769077e+16
1.53734404586834e+16
1.54186693723873e+16
1.54648861957335e+16
1.55085720855249e+16
1.55532432831376e+16
1.55953842846363e+16
1.56385076400665e+16
1.56791020159408e+16
1.57206752229925e+16
1.5759721443144e+16
1.57997420416092e+16
1.58372388926321e+16
1.58757041679582e+16
1.59116509030297e+16
1.59485577306399e+16
1.59829542627178e+16
1.60182988902643e+16
1.60511460684826e+16
1.60849238194929e+16
1.61162237839553e+16
1.61484286506696e+16
1.61781852907755e+16
1.62088094419772e+16
1.62370289402405e+16
1.62660621821436e+16
1.62927536046833e+16
1.63201829285141e+16
1.63453585050683e+16
1.63711677059048e+16
1.63948430413733e+16
1.64190132836753e+16
1.64412064551722e+16
1.6463716591555e+16
1.64844474032851e+16
1.65052766496136e+16
1.65245641069657e+16
1.65436915532752e+16
1.65615524128095e+16
1.65789559666549e+16
1.65954242380555e+16
1.66114268267011e+16
1.66255746097781e+16
1.66406080851433e+16
1.66531074188943e+16
1.66665362417871e+16
1.66774661731737e+16
1.66893152697986e+16
1.66986819897481e+16
1.67089505708669e+16
1.67167550938937e+16
1.67254423429228e+16
1.67316863447961e+16
1.67387913584229e+16
1.67434762695364e+16
1.67489997568384e+16
1.67521263749756e+16
1.67560760662421e+16
1.67576156287707e+16
1.67600801579745e+16
1.67601604067145e+16
1.67601606617755e+16
1.67600816796349e+16
1.67576199875148e+16
1.67560798276485e+16
1.67521331149018e+16
1.67490065120343e+16
1.67434853715309e+16
1.67388007735069e+16
1.67316980746326e+16
1.6725455029374e+16
1.67167696191003e+16
1.67089651949479e+16
1.669869844464e+16
1.66893328942268e+16
1.66774869125179e+16
1.66665553292206e+16
1.66531300252573e+16
1.66406313413684e+16
1.66255989860567e+16
1.66114522068443e+16
1.65954485357461e+16
1.65789854353676e+16
1.65615805617778e+16
1.65437225285427e+16
1.65245949530864e+16
1.65053097761823e+16
1.64844810005238e+16
1.64637520322574e+16
1.64412425151676e+16
1.64190510055936e+16
1.63948815387436e+16
1.63712077116936e+16
1.63453994126317e+16
1.63202251848799e+16
1.62927968224304e+16
1.62661066675001e+16
1.62370744043705e+16
1.62088561182905e+16
1.61782329472291e+16
1.61484774799744e+16
1.61162735889916e+16
1.60849747588264e+16
1.60511979735619e+16
1.60183518966498e+16
1.59830082159135e+16
1.5948612752726e+16
1.59117068499714e+16
1.58757611512077e+16
1.58372967758385e+16
1.5799800928739e+16
1.57597812027504e+16
1.57207359541706e+16
1.56791635901193e+16
1.56385701531579e+16
1.55954476099457e+16
1.55533075148634e+16
1.55086370969436e+16
1.54649520780681e+16
1.54187360024279e+16
1.53735079255414e+16
1.53257483559396e+16
1.52789791529251e+16
1.52296782189163e+16
1.51813698430036e+16
1.51305296296607e+16
1.50806840195984e+16
1.50283065612919e+16
1.49769256070386e+16
1.49230128443505e+16
1.48700983312649e+16
1.48146521096739e+16
1.47602057658808e+16
1.47032278637763e+16
1.46472513099686e+16
1.45887433599574e+16
1.45312380619402e+16
1.44712015228543e+16
1.44121687523291e+16
1.43506048682263e+16
1.42900456686493e+16
1.42269554311914e+16
1.41648705736879e+16
1.41002546791565e+16
1.40366446195111e+16
1.39705034229235e+16
1.39053682531243e+16
1.38377017171744e+16
1.3771041112076e+16
1.37018487517811e+16
1.36336619112994e+16
1.35629427321765e+16
1.34932283088442e+16
1.34209807104646e+16
1.33497366339768e+16
1.32759580839599e+16
1.32031810604036e+16
1.31278678115757e+16
1.30535540298895e+16
1.29767023656041e+16
1.29008476910744e+16
1.28224530212163e+16
1.2745052288109e+16
1.26651089719984e+16
1.25861559306154e+16
1.25046572083093e+16
1.24241444309163e+16
1.23410822918241e+16
1.22590010256876e+16
1.21743660623434e+16
1.20907060576031e+16
1.20044873037219e+16
1.19192366441146e+16
1.18314213791443e+16
1.17445662780737e+16
1.16551398227292e+16
1.15666644707219e+16
1.14756095357316e+16
1.13854889994586e+16
1.12927980026076e+16
1.12010849405648e+16
1.11067507529105e+16
1.10132873305006e+16
1.09171838909232e+16
1.08219597644084e+16
1.07240773360445e+16
1.06270388334241e+16
1.05273172955638e+16
1.04284186670959e+16
1.03268137461424e+16
1.02260001841516e+16
1.01224490092482e+16
1.00196549208357e+16
9.91408854568421e+15
9.80925992058561e+15
9.70163285021804e+15
9.59467436464929e+15
9.48487524548963e+15
9.37575258526858e+15
9.26362353955802e+15
9.15189982561605e+15
9.03709018276233e+15
8.92272457788729e+15
8.80529305294471e+15
8.68827597884389e+15
8.56793480237073e+15
8.44758413796885e+15
8.32381122151158e+15
8.20022240925146e+15
8.07337311585214e+15
7.94674375850101e+15
7.81680112084953e+15
7.68703843767376e+15
7.55378973119094e+15
7.41935421455523e+15
7.28020365609579e+15
7.14057101596988e+15
6.99793934475193e+15
6.85522731846928e+15
6.7088669882517e+15
6.56276815599321e+15
6.41271616530156e+15
6.26193375757899e+15
6.10741031158533e+15
5.95217822574942e+15
5.79374677962563e+15
5.63573512358903e+15
5.47503452114838e+15
5.31586898743331e+15
5.15469121172648e+15
4.99592755689729e+15
4.8362499695649e+15
4.67964130558083e+15
4.52373234915476e+15
4.37208700707045e+15
4.22216293015608e+15
4.07809071783451e+15
3.93667923766061e+15
3.80182502969904e+15
3.67090552904611e+15
3.54723684244854e+15
3.42749614559314e+15
3.31521180917641e+15
3.20739615646125e+15
3.10710320751602e+15
3.01069020462296e+15
2.92125498971446e+15
2.83535049806973e+15
2.75617124415482e+15
2.68024525395482e+15
2.61048230114175e+15
2.54318677926582e+15
2.4813339828125e+15
2.42140846630119e+15
2.36653814482058e+15
2.31328728041283e+15
2.26475747723615e+15
2.21746581572527e+15
2.17446992314597e+15
2.13224437988865e+15
2.09386776784676e+15
2.05588774526966e+15
2.02144306663677e+15
1.98713376567226e+15
1.95614230092664e+15
1.92510124267809e+15
1.897204498242e+15
1.86908754442255e+15
1.84394245235011e+15
1.81840930468321e+15
1.79569059693217e+15
1.77244294390955e+15
1.75188246526183e+15
1.73064933198936e+15
1.7119460215722e+15
1.69242608822914e+15
1.67531858917249e+15
1.65728551745958e+15
1.64156629553109e+15
1.62483661501903e+15
1.6103450730451e+15
1.5947744272576e+15
1.58139997201038e+15
1.56691519642651e+15
1.55457797585846e+15
1.54105230612041e+15
1.52961195207444e+15
1.51694468336028e+15
1.50631062699243e+15
1.49437512470204e+15
1.48443130790839e+15
1.4731685132307e+15
1.46386219303196e+15
1.45318577348657e+15
1.44444968043214e+15
1.43432277402789e+15
1.42607383285735e+15
1.41636772961273e+15
1.40851129362238e+15
1.39917195764736e+15
1.391636808129e+15
1.38258761461203e+15
1.3753304178834e+15
1.36656225796725e+15
1.35956953925982e+15
1.35104468780607e+15
1.3443122511647e+15
1.33607120214467e+15
1.32950051328628e+15
1.32210979561398e+15
1.31193397318932e+15
)
;

boundaryField
{
    electrode
    {
        type            zeroGradient;
    }
    ground
    {
        type            zeroGradient;
    }
    otherfaces
    {
        type            empty;
    }
}


// ************************************************************************* //
