/*--------------------------------*- C++ -*----------------------------------*\
| =========                 |                                                 |
| \\      /  F ield         | foam-extend: Open Source CFD                    |
|  \\    /   O peration     | Version:     4.1                                |
|   \\  /    A nd           | Web:         http://www.foam-extend.org         |
|    \\/     M anipulation  |                                                 |
\*---------------------------------------------------------------------------*/
FoamFile
{
    version     2.0;
    format      ascii;
    class       volScalarField;
    location    "1.50199999961045e-05";
    object      Arp1Mean;
}
// * * * * * * * * * * * * * * * * * * * * * * * * * * * * * * * * * * * * * //

dimensions      [0 -3 0 0 0 0 0];

internalField   nonuniform List<scalar> 
500
(
4.67041921244389e+17
4.7087781691586e+17
4.73404794246045e+17
4.76131547253363e+17
4.78903447213127e+17
4.81680211749269e+17
4.84548890289364e+17
4.87404303091844e+17
4.90341303443026e+17
4.93267202127742e+17
4.96289007907442e+17
4.99301774896413e+17
5.02401942770134e+17
5.05492104389046e+17
5.08685653326624e+17
5.11879734876028e+17
5.15175029862004e+17
5.18483018533535e+17
5.21927033192958e+17
5.25405672375786e+17
5.29019833973017e+17
5.32682167687104e+17
5.36501593268342e+17
5.40379219754735e+17
5.44420488983368e+17
5.48541475630189e+17
5.52848459342454e+17
5.5724481146159e+17
5.61838468534796e+17
5.66543206319718e+17
5.71466302719453e+17
5.76513393539759e+17
5.81793646207329e+17
5.87221768211933e+17
5.92911367714999e+17
5.98773966482201e+17
6.0492375160307e+17
6.11274308226868e+17
6.17945355727607e+17
6.24863588933643e+17
6.32169338611573e+17
6.39796476019485e+17
6.47866659211162e+17
6.56303425278751e+17
6.65232514237169e+17
6.74577896513459e+17
6.84466206134956e+17
6.94823803355708e+17
7.0578239314834e+17
7.17276683519987e+17
7.29449504019751e+17
7.4224841320313e+17
7.55831320543787e+17
7.70168235606807e+17
7.85457290892421e+17
8.01699157665641e+17
8.19051326744986e+17
8.37476345772866e+17
8.5714426290872e+17
8.78032278437659e+17
9.00330834330978e+17
9.24036926536826e+17
9.49372201019272e+17
9.76408289370481e+17
1.00538341257896e+18
1.03626070321052e+18
1.0692246324854e+18
1.10424292402776e+18
1.14152238239564e+18
1.18115631147236e+18
1.22323476987815e+18
1.26756559194287e+18
1.31422196265485e+18
1.36320350457685e+18
1.4144630517382e+18
1.46760937728288e+18
1.52271201645168e+18
1.57952295418587e+18
1.63771226172026e+18
1.6971279142684e+18
1.75757354820691e+18
1.81854728821431e+18
1.88028833306933e+18
1.942177033702e+18
2.00438687219871e+18
2.06656915972175e+18
2.12854383643805e+18
2.19031705027248e+18
2.25138195658316e+18
2.31169856519245e+18
2.37127515715914e+18
2.42990354270107e+18
2.48821801519922e+18
2.54594479530025e+18
2.60318679146018e+18
2.66021023425279e+18
2.71684681730588e+18
2.77234698026176e+18
2.82659693901132e+18
2.87994939546154e+18
2.93291520299704e+18
2.98534338065177e+18
3.03736440431774e+18
3.08887459884083e+18
3.13997703894886e+18
3.19048821576508e+18
3.2404183804203e+18
3.28965014951702e+18
3.33846382449105e+18
3.3867871596361e+18
3.43474326866262e+18
3.4821989354331e+18
3.52923291714404e+18
3.57572820041614e+18
3.62187072952193e+18
3.66759825851877e+18
3.71300894599084e+18
3.75799180365962e+18
3.80267508680657e+18
3.84694392018314e+18
3.89091158063155e+18
3.9344669096241e+18
3.97772830001826e+18
4.02058537252896e+18
4.06315709395777e+18
4.10533189055171e+18
4.14722511080036e+18
4.18872460902818e+18
4.22995242871614e+18
4.27079967526825e+18
4.31137156603346e+18
4.35154328336649e+18
4.39145293260304e+18
4.43101468709982e+18
4.47032507640148e+18
4.50926286245882e+18
4.54794184602547e+18
4.58624781783235e+18
4.6242955155362e+18
4.66197063713805e+18
4.69938768704113e+18
4.7364322964221e+18
4.77321875456718e+18
4.80963265474208e+18
4.84578808720645e+18
4.8815706278171e+18
4.91709417844534e+18
4.95224431687928e+18
4.98713476532851e+18
5.0216511210034e+18
5.05590693403118e+18
5.08978783805831e+18
5.12340721702347e+18
5.15665075618636e+18
5.18963167860284e+18
5.2222357340907e+18
5.25457598282186e+18
5.28653826206286e+18
5.31823547828734e+18
5.34955355857746e+18
5.38060525155129e+18
5.41127659070048e+18
5.44168017109417e+18
5.47170214254346e+18
5.50145494645458e+18
5.53082486027433e+18
5.5599241704957e+18
5.58863929384449e+18
5.61708236020116e+18
5.64513993486974e+18
5.67292399103266e+18
5.70032125451175e+18
5.72744353419434e+18
5.75417773003717e+18
5.78063548404023e+18
5.80670387820775e+18
5.83249438334353e+18
5.85789427595697e+18
5.88301484976824e+18
5.90774358703533e+18
5.93219159785337e+18
5.95624658194187e+18
5.98001945811144e+18
6.003398155665e+18
6.02649339154174e+18
6.04919333706645e+18
6.07160849583796e+18
6.0936272993487e+18
6.11536002127717e+18
6.13669537823097e+18
6.15774338587201e+18
6.17839308597905e+18
6.1987541868501e+18
6.21871612544581e+18
6.23838821010693e+18
6.25766040123199e+18
6.27664143778429e+18
6.29522203082386e+18
6.31351005283365e+18
6.33139735453154e+18
6.34899044151291e+18
6.36618294450888e+18
6.38307919821605e+18
6.39957561636354e+18
6.41577312946804e+18
6.4315724358042e+18
6.44706925703604e+18
6.46217072766761e+18
6.47696482314479e+18
6.49136807582411e+18
6.50545729706025e+18
6.51916233121822e+18
6.5325443905752e+18
6.54555161579476e+18
6.55822407525921e+18
6.57053431814134e+18
6.58249458455412e+18
6.59410908444354e+18
6.60535442364695e+18
6.61627480545292e+18
6.62680238499358e+18
6.63703060864251e+18
6.64683755586565e+18
6.65637585861545e+18
6.66545933533236e+18
6.67431014723804e+18
6.68266732393761e+18
6.69083272712844e+18
6.69845965352325e+18
6.70594799637263e+18
6.71293595865153e+18
6.71950784192331e+18
6.72589564199718e+18
6.73179294830087e+18
6.73747368834695e+18
6.74266834070527e+18
6.74764385693955e+18
6.75214048440708e+18
6.75641151910004e+18
6.76021026993521e+18
6.76377685573127e+18
6.76687773163002e+18
6.76973987382012e+18
6.77214280812899e+18
6.77430052065544e+18
6.77600533627892e+18
6.7774582389475e+18
6.77846373822169e+18
6.77922051213976e+18
6.77953114835394e+18
6.77953278165402e+18
6.77922648577752e+18
6.77847412922779e+18
6.77747194981006e+18
6.77602372366769e+18
6.77432232388756e+18
6.77216916505764e+18
6.76976975058059e+18
6.76691204298517e+18
6.76381479311229e+18
6.76025251964432e+18
6.75645749837243e+18
6.75219065552676e+18
6.74769785772753e+18
6.74272640937089e+18
6.73753569163974e+18
6.7318589368082e+18
6.72596577989365e+18
6.71958106513486e+18
6.71301345468262e+18
6.70603086152172e+18
6.69854447395351e+18
6.69092325448834e+18
6.68276018040493e+18
6.67440836653151e+18
6.66556015970724e+18
6.65648174006947e+18
6.64694628195614e+18
6.63714411635803e+18
6.62691894300582e+18
6.61639590017471e+18
6.60547873746877e+18
6.59423772341255e+18
6.58262657272613e+18
6.57067045065858e+18
6.55836365504211e+18
6.54569518372292e+18
6.53269147398562e+18
6.51931327035491e+18
6.50561179213215e+18
6.4915263139626e+18
6.47712663532033e+18
6.4623361860384e+18
6.44723828735621e+18
6.43174502932666e+18
6.41594927572417e+18
6.39975525107961e+18
6.38326235505953e+18
6.36636952154939e+18
6.34918049915627e+18
6.33159076792735e+18
6.31370689773748e+18
6.29542216810031e+18
6.27684495200446e+18
6.2578671445099e+18
6.23859827112721e+18
6.21892935152746e+18
6.19897066760295e+18
6.17861266591371e+18
6.15796615451635e+18
6.13692117813688e+18
6.1155889410945e+18
6.09385918037607e+18
6.07184342528571e+18
6.04943115524546e+18
6.02673418419596e+18
6.00364176228461e+18
5.9802659629087e+18
5.956495823559e+18
5.93244365901679e+18
5.90799830554256e+18
5.88327230682297e+18
5.85815430864006e+18
5.83275707131341e+18
5.80696905790162e+18
5.78090323354338e+18
5.75444788476658e+18
5.72771617045478e+18
5.70059620723531e+18
5.67320133595729e+18
5.64541950633444e+18
5.61736423215562e+18
5.58892329975451e+18
5.56021038305812e+18
5.53111311234726e+18
5.50174530940671e+18
5.47199444853404e+18
5.4419744903835e+18
5.41157275454378e+18
5.38090332925349e+18
5.34985338074922e+18
5.3185371130915e+18
5.28684153946601e+18
5.25488096989994e+18
5.22254226032126e+18
5.18993980990028e+18
5.15696032130501e+18
5.12371828105476e+18
5.09010022959263e+18
5.05622071726435e+18
5.02196612389258e+18
4.98745105109475e+18
4.95256171304445e+18
4.91741274741142e+18
4.88189019668799e+18
4.84610871752404e+18
4.80995417337231e+18
4.77354122231445e+18
4.73675553975392e+18
4.69971176613844e+18
4.66229537825607e+18
4.6246209782985e+18
4.58657383057523e+18
4.54826846923823e+18
4.50958992170312e+18
4.47065262555856e+18
4.43134250926685e+18
4.39178104977851e+18
4.35187157524116e+18
4.31170021833965e+18
4.27112848774298e+18
4.23028140577404e+18
4.18905358520389e+18
4.14755417639841e+18
4.10566087817756e+18
4.06348605703119e+18
4.02091413704046e+18
3.97805693217926e+18
3.9347952405876e+18
3.89123967191249e+18
3.847271602218e+18
3.80300240680369e+18
3.75831856860004e+18
3.7133352507864e+18
3.66792394376061e+18
3.62219580931825e+18
3.57605255758973e+18
3.52955685411193e+18
3.48252228756775e+18
3.43506597091402e+18
3.3871089418347e+18
3.33878474152992e+18
3.2899700804022e+18
3.24073780701786e+18
3.1908070990048e+18
3.14029509206153e+18
3.08919132544633e+18
3.03767974958e+18
2.98565717705457e+18
2.9332275472209e+18
2.88026007645636e+18
2.8269061785206e+18
2.77265666428279e+18
2.71715656483693e+18
2.66051833760343e+18
2.6034915823457e+18
2.54624728618107e+18
2.48851846168044e+18
2.43020114277557e+18
2.37157089471916e+18
2.31199259515319e+18
2.25167304433987e+18
2.19060594729323e+18
2.1288293826746e+18
2.06685055040739e+18
2.00466419516195e+18
1.94244875395933e+18
1.88055521170076e+18
1.818808212519e+18
1.75782831907717e+18
1.6973760371437e+18
1.63795236642335e+18
1.57975533086566e+18
1.52293613359931e+18
1.46782422437293e+18
1.41466911050837e+18
1.36340047004339e+18
1.31440936185248e+18
1.26774388352416e+18
1.22340420307493e+18
1.18131695233502e+18
1.14167431612027e+18
1.10438671856613e+18
1.06936079756805e+18
1.03638960924404e+18
1.00550547406002e+18
9.76523931851463e+17
9.4948182314769e+17
9.24141062126658e+17
9.00429916410704e+17
8.78126653340748e+17
8.5723427206663e+17
8.37562288941144e+17
8.19133504099433e+17
8.01777820189105e+17
7.85532715538849e+17
7.70240654588751e+17
7.55901005666378e+17
7.4231556507627e+17
7.29514319487398e+17
7.17339314369873e+17
7.05843001898359e+17
6.94882515633167e+17
6.84523161647403e+17
6.74633200620744e+17
6.65286289067294e+17
6.5635576111519e+17
6.47917664212245e+17
6.39846227630443e+17
6.32217932386658e+17
6.24911092759629e+17
6.17991839901751e+17
6.11319813451402e+17
6.04968337400585e+17
5.98817672970076e+17
5.92954255864951e+17
5.87263870575724e+17
5.81835016401345e+17
5.76554041473229e+17
5.71506272773711e+17
5.66582525831127e+17
5.61877185744913e+17
5.57282939192279e+17
5.52886018238937e+17
5.48578484880229e+17
5.44456990868838e+17
5.4041521197721e+17
5.36537092627377e+17
5.32717188998084e+17
5.29054418763846e+17
5.25439784573244e+17
5.21960709646188e+17
5.18516279994269e+17
5.15207894576363e+17
5.11912148977383e+17
5.08717643525533e+17
5.05523680238725e+17
5.02433128659815e+17
4.9933252882524e+17
4.9631936545338e+17
4.93297176123493e+17
4.90370929712626e+17
4.87433527972597e+17
4.84577752130674e+17
4.81708731767601e+17
4.78931661435679e+17
4.76159460692191e+17
4.73432375194352e+17
4.70905099466957e+17
4.67068803160226e+17
)
;

boundaryField
{
    electrode
    {
        type            calculated;
        value           uniform 4.67041921244389e+17;
    }
    ground
    {
        type            calculated;
        value           uniform 4.67068803160226e+17;
    }
    otherfaces
    {
        type            empty;
    }
}


// ************************************************************************* //
