/*--------------------------------*- C++ -*----------------------------------*\
| =========                 |                                                 |
| \\      /  F ield         | foam-extend: Open Source CFD                    |
|  \\    /   O peration     | Version:     4.1                                |
|   \\  /    A nd           | Web:         http://www.foam-extend.org         |
|    \\/     M anipulation  |                                                 |
\*---------------------------------------------------------------------------*/
FoamFile
{
    version     2.0;
    format      ascii;
    class       volScalarField;
    location    "1.50199999961045e-05";
    object      electronMean;
}
// * * * * * * * * * * * * * * * * * * * * * * * * * * * * * * * * * * * * * //

dimensions      [0 -3 0 0 0 0 0];

internalField   nonuniform List<scalar> 
500
(
3.53767502424815e+15
4.45165965897673e+15
5.52988429520349e+15
6.78869083936423e+15
8.24377808361542e+15
9.9097836169906e+15
1.17999170580097e+16
1.39256242711347e+16
1.62963115771736e+16
1.89191364429194e+16
2.17988822615059e+16
2.49379325807054e+16
2.83363309586828e+16
3.19919195919773e+16
3.59005597274867e+16
4.00564157143456e+16
4.44522820353254e+16
4.90799290605173e+16
5.39304596916397e+16
5.89946560388588e+16
6.42633133883974e+16
6.97275499501161e+16
7.53790821798709e+16
8.121046402713e+16
8.72152868491906e+16
9.33883485699943e+16
9.97257887391102e+16
1.06225174409398e+17
1.12885569902332e+17
1.19707609774156e+17
1.26693548489551e+17
1.33847283875117e+17
1.41174381954237e+17
1.4868208482985e+17
1.5637931342325e+17
1.64276703966086e+17
1.72386677414639e+17
1.80723512609423e+17
1.89303417493855e+17
1.98144618543985e+17
2.07267422216133e+17
2.16694258558023e+17
2.26449767808357e+17
2.36560960597369e+17
2.47057420234982e+17
2.5797153582716e+17
2.69338795844385e+17
2.81198106620843e+17
2.9359213952454e+17
3.06567742774963e+17
3.20176450272893e+17
3.34475068537166e+17
3.49526357959266e+17
3.65399822175803e+17
3.82172575120108e+17
3.99930178812796e+17
4.18767617986192e+17
4.38790585585267e+17
4.60116951573433e+17
4.82878274822507e+17
5.07221304778069e+17
5.33309361984013e+17
5.61323261906999e+17
5.91461086212229e+17
6.23936062474719e+17
6.58972408249251e+17
6.96799054905757e+17
7.37640748316175e+17
7.81706148034078e+17
8.29172564052847e+17
8.80168304320348e+17
9.34755795755086e+17
9.92917908490438e+17
1.05454786224104e+18
1.11944430259025e+18
1.18731516849524e+18
1.25779021948372e+18
1.33043858696003e+18
1.40479114410429e+18
1.48036578106732e+18
1.55669040751718e+18
1.63332349014429e+18
1.70986938739366e+18
1.78598638329993e+18
1.86139050200501e+18
1.93585402690474e+18
2.00920156815231e+18
2.08130476596771e+18
2.15207677211665e+18
2.2214702544352e+18
2.28947361873183e+18
2.3561055343849e+18
2.42140650745957e+18
2.48542654116492e+18
2.54821779711401e+18
2.60982813652159e+18
2.67029378162181e+18
2.72964489301993e+18
2.78792206291903e+18
2.84518357814879e+18
2.90149585037619e+18
2.9569211431454e+18
3.01151344682184e+18
3.06531842440603e+18
3.11837370484273e+18
3.17071050832162e+18
3.22235736245886e+18
3.27334421952013e+18
3.32370291685781e+18
3.37346392023531e+18
3.42265391772074e+18
3.47129592694443e+18
3.51941088678965e+18
3.56701962889446e+18
3.6141433378166e+18
3.66080197912703e+18
3.70701291569496e+18
3.75279106249483e+18
3.79814935723698e+18
3.84309892071021e+18
3.88764935645509e+18
3.93180914793424e+18
3.97558591698189e+18
4.01898655789611e+18
4.06201731088559e+18
4.10468381797796e+18
4.14699122109447e+18
4.18894429000072e+18
4.23054744570514e+18
4.27180465306918e+18
4.31271951086433e+18
4.35329575675681e+18
4.39353748882753e+18
4.43344839323909e+18
4.47303095351558e+18
4.51228667492624e+18
4.55121663169829e+18
4.58982169895284e+18
4.62810261469763e+18
4.66605999781199e+18
4.70369435836215e+18
4.74100610627402e+18
4.77799555898039e+18
4.8146629484889e+18
4.85100842776486e+18
4.88703207691905e+18
4.92273390869982e+18
4.95811387364154e+18
4.99317186475072e+18
5.02790772202007e+18
5.06232123645101e+18
5.0964121539082e+18
5.13018017863955e+18
5.16362497666188e+18
5.19674617881823e+18
5.22954338407425e+18
5.2620161627442e+18
5.29416405900459e+18
5.32598659278479e+18
5.35748326201969e+18
5.38865354470032e+18
5.41949690108618e+18
5.45001277558717e+18
5.48020059849712e+18
5.51005978757993e+18
5.53958974975656e+18
5.56878988258723e+18
5.59765957577084e+18
5.62619821246714e+18
5.65440517062087e+18
5.6822798242887e+18
5.70982154503005e+18
5.73702970288533e+18
5.76390366731212e+18
5.7904428081424e+18
5.81664649654664e+18
5.84251410577064e+18
5.86804501198594e+18
5.89323859521147e+18
5.91809424008875e+18
5.94261133662389e+18
5.96678928094915e+18
5.99062747580725e+18
6.01412533046297e+18
6.03728226091349e+18
6.06009769075729e+18
6.08257105180121e+18
6.10470178467481e+18
6.12648933930185e+18
6.14793317537231e+18
6.16903276281281e+18
6.18978758211721e+18
6.21019712489775e+18
6.23026089398382e+18
6.24997840412037e+18
6.26934918181216e+18
6.28837276623062e+18
6.30704870844994e+18
6.32537657276197e+18
6.34335593564251e+18
6.3609863879084e+18
6.37826753255926e+18
6.39519898793623e+18
6.41178038431579e+18
6.42801136854931e+18
6.44389159881152e+18
6.45942075125569e+18
6.4745985124689e+18
6.48942458852071e+18
6.5038986950427e+18
6.51802056981366e+18
6.53178995944779e+18
6.5452066345868e+18
6.55827037313314e+18
6.57098097905182e+18
6.58333826158155e+18
6.59534205736236e+18
6.60699220657197e+18
6.61828857868805e+18
6.62923104543059e+18
6.6398195094003e+18
6.65005387445412e+18
6.65993407648597e+18
6.66946005188975e+18
6.6786317694573e+18
6.68744919856398e+18
6.69591234350887e+18
6.70402121336634e+18
6.71177581811167e+18
6.71917582765879e+18
6.7262196124322e+18
6.73290808320392e+18
6.73924404994308e+18
6.74522822223521e+18
6.75086051711814e+18
6.75614084038995e+18
6.7610691923137e+18
6.76564560045294e+18
6.76987009277336e+18
6.77374269110602e+18
6.77726341058412e+18
6.78043226100092e+18
6.78324924799437e+18
6.78571437492349e+18
6.78782764382994e+18
6.78958906028391e+18
6.79099863976135e+18
6.79205640091282e+18
6.79276221000651e+18
6.79311579490283e+18
6.79311779829695e+18
6.79276822633812e+18
6.79206643349992e+18
6.79101268251199e+18
6.7896071115884e+18
6.78784970197367e+18
6.7857404375808e+18
6.78327931230347e+18
6.78046632365306e+18
6.77730146783008e+18
6.77378473880092e+18
6.76991612637481e+18
6.76569561505158e+18
6.76112318259561e+18
6.75619880066722e+18
6.75092244100426e+18
6.74529410164988e+18
6.73931387458124e+18
6.73298185378591e+18
6.72629734903812e+18
6.71925752938952e+18
6.71186146223794e+18
6.70411078741732e+18
6.69600583742161e+18
6.68754660181712e+18
6.67873307092784e+18
6.66956523963425e+18
6.66004313797627e+18
6.65016679638945e+18
6.6399362779394e+18
6.62935164595182e+18
6.6184129960279e+18
6.60712042478837e+18
6.5954740599529e+18
6.58347403128266e+18
6.57112049802483e+18
6.55841362279132e+18
6.54535359575773e+18
6.53194061221448e+18
6.51817489366677e+18
6.50405666874821e+18
6.48958619023532e+18
6.47476371964788e+18
6.45958954073332e+18
6.44406394672804e+18
6.42818725043579e+18
6.41195977501099e+18
6.39538186166661e+18
6.37845386286387e+18
6.36117614772483e+18
6.34354909722731e+18
6.32557310775657e+18
6.30724858783849e+18
6.28857596037212e+18
6.26955566043237e+18
6.2501881363127e+18
6.23047384822487e+18
6.21041326902864e+18
6.1900068833727e+18
6.16925518778469e+18
6.14815869005272e+18
6.12671790906854e+18
6.10493337429625e+18
6.08280562544972e+18
6.06033521199061e+18
6.03752269270858e+18
6.01436863518854e+18
5.9908736152711e+18
5.96703821635485e+18
5.9428630286169e+18
5.91834864873055e+18
5.89349568000045e+18
5.86830473185933e+18
5.84277641910335e+18
5.81691136116417e+18
5.79071018132707e+18
5.76417350580606e+18
5.7373019629025e+18
5.71009618226301e+18
5.68255679391859e+18
5.6546844273229e+18
5.62647971041581e+18
5.59794326863626e+18
5.5690757235598e+18
5.53987769154398e+18
5.51034978242467e+18
5.48049259818399e+18
5.45030673144482e+18
5.41979276400409e+18
5.38895126513407e+18
5.35778279001026e+18
5.32628787795788e+18
5.29446705057756e+18
5.26232080955908e+18
5.22984963458859e+18
5.1970539811247e+18
5.16393427850023e+18
5.13049092741317e+18
5.09672429669495e+18
5.06263472001438e+18
5.02822249282493e+18
4.99348786898024e+18
4.95843105720588e+18
4.92305221725546e+18
4.88735145588851e+18
4.85132882236137e+18
4.81498430371807e+18
4.77831781968143e+18
4.74132921712363e+18
4.70401826392825e+18
4.66638464255339e+18
4.62842794300545e+18
4.59014765517902e+18
4.551543160195e+18
4.5126137201073e+18
4.4733584601262e+18
4.43377630741751e+18
4.39386576012285e+18
4.35362433894557e+18
4.313048359179e+18
4.2721337205949e+18
4.23087668346001e+18
4.18927364915999e+18
4.1473206537075e+18
4.10501327644236e+18
4.06234674781023e+18
4.01931592652963e+18
3.97591517155304e+18
3.93213824377939e+18
3.8879782501229e+18
3.84342757027171e+18
3.79847772294686e+18
3.75311910795388e+18
3.70734060868716e+18
3.66112929158775e+18
3.61447024636045e+18
3.56734611547681e+18
3.51973693550311e+18
3.47162151859306e+18
3.4229790295945e+18
3.3737885314371e+18
3.32402701317802e+18
3.27366779428202e+18
3.22268041033013e+18
3.17103301440493e+18
3.11869564229132e+18
3.06563976526764e+18
3.01183417466292e+18
2.95724125871324e+18
2.90181537130793e+18
2.84550253664633e+18
2.78824049997845e+18
2.72996283063343e+18
2.67061118547784e+18
2.61014492174471e+18
2.54853387615511e+18
2.48574185165749e+18
2.42172099405528e+18
2.35641912664022e+18
2.2897862159771e+18
2.22178169756572e+18
2.15238682547592e+18
2.0816131104167e+18
2.00950778857891e+18
1.93615760871538e+18
1.86169082853063e+18
1.78628273083047e+18
1.71016092397635e+18
1.63360927531306e+18
1.55696940616247e+18
1.48063689174319e+18
1.40505324275768e+18
1.33069058177699e+18
1.25803110390525e+18
1.18754407820738e+18
1.11966056769068e+18
1.05475104077259e+18
9.93107806109158e+17
9.34932467354479e+17
8.80332032643936e+17
8.2932382475658e+17
7.81845568359086e+17
7.37769060672342e+17
6.96917049778737e+17
6.59080893612239e+17
6.24035832874593e+17
5.9155290059212e+17
5.61407829126827e+17
5.33387332701793e+17
5.07293268318241e+17
4.82944760387905e+17
4.60178432350378e+17
4.38847483929821e+17
4.18820310736286e+17
3.99979002336923e+17
3.82217829992596e+17
3.65441777410569e+17
3.49565254712794e+17
3.34511123270924e+17
3.20209857587299e+17
3.06598677970951e+17
2.9362076079277e+17
2.81224556955569e+17
2.69363204745664e+17
2.57994020792961e+17
2.47078088037167e+17
2.36579908417092e+17
2.2646708428961e+17
2.16710024776399e+17
2.07281712556632e+17
1.98157501518331e+17
1.89314956510311e+17
1.8073376671549e+17
1.72395701980565e+17
1.64284551343189e+17
1.56386033562348e+17
1.48687725831765e+17
1.41178990658213e+17
1.33850906463164e+17
1.26696231010606e+17
1.19709398570135e+17
1.12886512066953e+17
1.06225318181989e+17
9.97251838809263e+16
9.33870467248338e+16
8.72133418227104e+16
8.12079318898808e+16
7.53760212483187e+16
6.97240207542847e+16
6.42593785004721e+16
5.89903797497455e+16
5.39259075367192e+16
4.90751672194755e+16
4.4447376611718e+16
4.00514318818843e+16
3.58955607888065e+16
3.19869659939766e+16
2.83314792531213e+16
2.49332344473749e+16
2.17943835981253e+16
1.89148765979865e+16
1.62923227295665e+16
1.39219310799236e+16
1.17965365300549e+16
9.90672517805709e+15
8.24104393475447e+15
6.78627652287519e+15
5.5277794660063e+15
4.44984898609479e+15
3.53613924885566e+15
)
;

boundaryField
{
    electrode
    {
        type            calculated;
        value           uniform 3.1543253984102e+15;
    }
    ground
    {
        type            calculated;
        value           uniform 3.15291585469206e+15;
    }
    otherfaces
    {
        type            empty;
    }
}


// ************************************************************************* //
