/*--------------------------------*- C++ -*----------------------------------*\
| =========                 |                                                 |
| \\      /  F ield         | foam-extend: Open Source CFD                    |
|  \\    /   O peration     | Version:     4.1                                |
|   \\  /    A nd           | Web:         http://www.foam-extend.org         |
|    \\/     M anipulation  |                                                 |
\*---------------------------------------------------------------------------*/
FoamFile
{
    version     2.0;
    format      ascii;
    class       volScalarField;
    location    "1.50199999961045e-05";
    object      powerDissipated;
}
// * * * * * * * * * * * * * * * * * * * * * * * * * * * * * * * * * * * * * //

dimensions      [1 2 -3 0 0 0 0];

internalField   nonuniform List<scalar> 
500
(
-0.00160100427154108
-0.00149459833038779
-0.00138647217243406
-0.00127498871074541
-0.00116185657075221
-0.00104836218089427
-0.000935754385066793
-0.000825659176606207
-0.000719490753349052
-0.000618380244390907
-0.000523308511486077
-0.000435015832545918
-0.00035407741993347
-0.000280745894743126
-0.000215083649396816
-0.000156959543307685
-0.000106022735478924
-6.18901703288071e-05
-2.40581063800198e-05
8.0039471898942e-06
3.48927093790553e-05
5.71404862911866e-05
7.53411158001251e-05
8.99945954682998e-05
0.000101595563122302
0.000110584927578683
0.000117403862289766
0.000122436595192509
0.00012602479443653
0.000128443174558757
0.000129965563873036
0.000130797180245149
0.00013114651014247
0.000131166310306767
0.0001309976531415
0.000130742847617502
0.000130500851105703
0.00013034623434309
0.000130363784536242
0.000130614398241133
0.000131130749469946
0.000131921818480495
0.000133006044149013
0.000134388674327606
0.000136075989832412
0.000138077193187738
0.000140400576285389
0.000143046481556847
0.000146020633789509
0.000149322458251359
0.000152934478345084
0.000156838085199689
0.000161039594623387
0.000165561897311183
0.000170421530815579
0.000175572033073543
0.000180983025727391
0.000186667894661494
0.000192619603615118
0.000198780075875207
0.000205087530420805
0.000211519807441951
0.00021821180281173
0.00022524276458126
0.000232492401111267
0.000239807741748819
0.000247067282606813
0.000254238361003662
0.000261602273668922
0.000269121796766632
0.00027627914186707
0.000282851439643451
0.00028919798068547
0.000295225615360109
0.000300215621611187
0.000304272419472006
0.000307560988203008
0.000309433079718325
0.00031008604021369
0.000309604886514282
0.000307475407981064
0.000304445743488641
0.000300382602851464
0.000295371395409809
0.00028975258826928
0.00028306420063776
0.000275831790697536
0.000267527799487228
0.000258569199650515
0.000249686881796709
0.000240778102606827
0.00023301458389165
0.000226115932262956
0.000219334586787048
0.000213485549879994
0.000207663361897446
0.00020030590030911
0.000192054436123965
0.000184957889777499
0.000179541123185383
0.000174738284484697
0.000170196818749357
0.000165885704698455
0.000161697076115138
0.000157466948962922
0.000153111583574922
0.000148894301445438
0.000145154015268086
0.000141805444485254
0.000138607990570357
0.000135463997923359
0.000132324076084989
0.000129285686600111
0.00012652208695968
0.000123984969517742
0.000121514294132967
0.000119119529037219
0.000116822117575486
0.000114596335260543
0.000112424879675689
0.000110319269751428
0.000108278161841617
0.00010630287659502
0.000104387218817265
0.000102526341058876
0.00010071308187684
9.89524097092758e-05
9.7250252387684e-05
9.55950563392488e-05
9.39542550217007e-05
9.23406527724821e-05
9.08210632823023e-05
8.93817784823067e-05
8.79488834158212e-05
8.65246518999373e-05
8.51273952770091e-05
8.3759995949334e-05
8.24204830703021e-05
8.11086938878921e-05
7.9822610732083e-05
7.85621441355406e-05
7.73253966759927e-05
7.61123814101493e-05
7.49213145702676e-05
7.37522630001206e-05
7.2603574324409e-05
7.14753451495644e-05
7.03660383064213e-05
6.92757855030827e-05
6.82031453417079e-05
6.71482818352576e-05
6.61098435898884e-05
6.50880136449249e-05
6.40815114734737e-05
6.30905427600406e-05
6.21140885024939e-05
6.11520478165002e-05
6.02034356598813e-05
5.92684653694959e-05
5.834612186764e-05
5.74365989024313e-05
5.65389327206661e-05
5.56533186743353e-05
5.47788620332265e-05
5.39157467681264e-05
5.30631389739064e-05
5.22212170958343e-05
5.13891955126625e-05
5.05672568372314e-05
4.9754658720587e-05
4.89515742222819e-05
4.81573137990272e-05
4.73720377255079e-05
4.65950993839559e-05
4.58266608290275e-05
4.50661007783937e-05
4.431358314079e-05
4.35685226072816e-05
4.28310702067062e-05
4.21006828459664e-05
4.13775012599292e-05
4.06610124806989e-05
3.99513488534343e-05
3.92480412996913e-05
3.855120460828e-05
3.7860396565999e-05
3.71757215521364e-05
3.64967564490298e-05
3.58236100243977e-05
3.51558720812783e-05
3.44936781453122e-05
3.38366560831383e-05
3.31846891096154e-05
3.25377028777285e-05
3.18957594388507e-05
3.12583397205452e-05
3.06257732084468e-05
2.99974071348502e-05
2.93737689324355e-05
2.87539573153339e-05
2.81388300433329e-05
2.75270871936696e-05
2.6920086676884e-05
2.63159368525118e-05
2.57167076672079e-05
2.51196827830813e-05
2.45278943377127e-05
2.39375369696507e-05
2.33528828161607e-05
2.27687445606845e-05
2.21909361058872e-05
2.16125942956149e-05
2.10413399128565e-05
2.0468394537758e-05
1.99034181783959e-05
1.93355145258648e-05
1.87765077589216e-05
1.82132867209205e-05
1.76599698712232e-05
1.71011971633222e-05
1.65531932103725e-05
1.59985377499373e-05
1.5455549289299e-05
1.4904963315493e-05
1.43665622270104e-05
1.38195351334762e-05
1.32856414814838e-05
1.27427113321422e-05
1.22161333765061e-05
1.16855199774516e-05
1.11070069057164e-05
1.06086912579031e-05
1.00848452756152e-05
9.55793626229995e-06
9.03456617627692e-06
8.51115060040817e-06
7.99045252244152e-06
7.46937652703485e-06
6.95049364848992e-06
6.43133338986352e-06
5.91403930020704e-06
5.39640705810733e-06
4.88031157901805e-06
4.3638880112443e-06
3.84867239317772e-06
3.33314896965539e-06
2.81857612938151e-06
2.30394777967936e-06
1.78916216584653e-06
1.27336259258914e-06
7.60893134282645e-07
2.45382217317129e-07
-2.69603452282618e-07
-7.84610116139036e-07
-1.29990629971807e-06
-1.81558289371767e-06
-2.3318637373455e-06
-2.848517431996e-06
-3.36608578692195e-06
-3.88402220848234e-06
-4.40316895838567e-06
-4.92269969835308e-06
-5.44382250080622e-06
-5.9653541680559e-06
-6.48864199737138e-06
-7.012417695687e-06
-7.53818937709251e-06
-8.06328644677369e-06
-8.59197377054769e-06
-9.14390486635126e-06
-9.65207422547455e-06
-1.01946909483644e-05
-1.07398121823761e-05
-1.12762336246904e-05
-1.18223119561858e-05
-1.23624471897842e-05
-1.29124395012134e-05
-1.34571546103263e-05
-1.40114412697043e-05
-1.45609249566108e-05
-1.51196385213422e-05
-1.56743541406351e-05
-1.62377389902686e-05
-1.67979713092511e-05
-1.73662706751148e-05
-1.79323890872704e-05
-1.85059104529886e-05
-1.9078216903266e-05
-1.96572787451787e-05
-2.0236097424985e-05
-2.08210675397693e-05
-2.14067029974681e-05
-2.19979749483895e-05
-2.25907339950416e-05
-2.3188726131676e-05
-2.37889287685582e-05
-2.43940788029488e-05
-2.50020569452847e-05
-2.56148138013079e-05
-2.62309234950374e-05
-2.68517524971901e-05
-2.74763724927686e-05
-2.8105820148614e-05
-2.8739393091883e-05
-2.93778509690992e-05
-3.00208235130291e-05
-3.06688432070661e-05
-3.13216867725316e-05
-3.19797938513743e-05
-3.26430212554715e-05
-3.33117660546673e-05
-3.39859230350841e-05
-3.46658827134902e-05
-3.53515557148508e-05
-3.60433392696376e-05
-3.67411438425586e-05
-3.7445396292009e-05
-3.81559913088653e-05
-3.88733828600771e-05
-3.95974734389945e-05
-4.03287427339478e-05
-4.10670761738236e-05
-4.18129908964789e-05
-4.25663677602249e-05
-4.33277512900179e-05
-4.40970211411153e-05
-4.48747578436214e-05
-4.56608350730345e-05
-4.64558703209927e-05
-4.72597350008123e-05
-4.80730836811704e-05
-4.88957868218882e-05
-4.97285503031512e-05
-5.0571226268947e-05
-5.14245746269071e-05
-5.22884521896051e-05
-5.31636637887754e-05
-5.40500647331873e-05
-5.49485178380028e-05
-5.58588756169078e-05
-5.67820675257108e-05
-5.77179368192509e-05
-5.86674878159319e-05
-5.96305682666767e-05
-6.06082831983471e-05
-6.16004757123486e-05
-6.26082620747772e-05
-6.36315382526974e-05
-6.46715326869344e-05
-6.57281405354306e-05
-6.68026868068467e-05
-6.78950937075209e-05
-6.90067695364099e-05
-7.01376858548896e-05
-7.12893514832645e-05
-7.24617757649312e-05
-7.36566138484274e-05
-7.4873899457964e-05
-7.61154429400438e-05
-7.73813606594391e-05
-7.86735785466195e-05
-7.99923492254963e-05
-8.13397436931487e-05
-8.27161445750638e-05
-8.41238361537256e-05
-8.55636070085775e-05
-8.70410646502556e-05
-8.85769106682287e-05
-9.01803549184994e-05
-9.17913139650894e-05
-9.34025998485479e-05
-9.50785783911073e-05
-9.68338769605425e-05
-9.86435902567475e-05
-0.000100503589895341
-0.000102426181377901
-0.000104423238682209
-0.000106496464439235
-0.000108651250888493
-0.000110893122844066
-0.000113235500576327
-0.000115691525368953
-0.000118289614670532
-0.000121035104726042
-0.000123929669588713
-0.000127023932195208
-0.000130364961146465
-0.000133840667209013
-0.000137441021121923
-0.000141367630061279
-0.000145758783307398
-0.000150630552703192
-0.000155972777756351
-0.000161651214019299
-0.000167672955904268
-0.000174447793339108
-0.000182340935352454
-0.000191429807788056
-0.000201762223159613
-0.00021346314749314
-0.000226777351250662
-0.00024165448468496
-0.000257131192128197
-0.000273765594117914
-0.000293986152611477
-0.000318932729030563
-0.000346937689470111
-0.000376647017695783
-0.000408947281873001
-0.000442226097194747
-0.000474416716260941
-0.000505387840527003
-0.000532464960388666
-0.000553450455610326
-0.000565784914553306
-0.000565055339463489
-0.000550179441721192
-0.000520389774118344
-0.000480017586550972
-0.000437958820240282
-0.000406948194352978
-0.00040606057457987
-0.000451940143436219
-0.00055752517291866
-0.000727898888707127
-0.000952975585323636
-0.00120970086920249
-0.00146493654743524
-0.00167959491393138
-0.00181866866115016
-0.00185965937277873
-0.00179530140049186
-0.00163375340438937
-0.00139557579841739
-0.00110887146574455
-0.000802648479042442
-0.000501700480633224
-0.000224279990510023
1.87757564343828e-05
0.000223714874954257
0.000390091884532711
0.000522031745822379
0.000624747325483908
0.000704237490987296
0.000765829057077118
0.000814409841016411
0.000853517343038799
0.000886291275174009
0.000914578250506776
0.000939851465421504
0.000962930649694913
0.000984585743728041
0.00100509705502181
0.00102492509301679
0.00104413256012704
0.00106303578514749
0.00108155256588902
0.00109990108905777
0.00111790974607586
0.00113576801076765
0.00115327599109912
0.0011707624059329
0.00118803572692035
0.0012052612164927
0.00122221340992505
0.00123912773901052
0.00125576167766411
0.00127233728617423
0.00128860425944893
0.00130481199566809
0.00132070948859716
0.00133658749331519
0.00135222224790192
0.0013679066952972
0.00138332961124747
0.00139876025121816
0.00141393442582506
0.00142915572881764
0.00144407617885005
0.00145899339273556
0.0014736285425019
0.00148832051998719
0.00150270254292813
0.00151716574013988
0.0015315005176807
0.00154597872395365
0.00156017083706061
0.00157444195467839
0.00158844096883888
0.00160253382337504
0.00161629700605921
0.00163008838358826
0.00164356810228394
0.00165715059585735
0.00167039864835222
0.00168377288544702
0.00169678967622238
0.0017100546644193
0.00172311544706864
0.00173600671106536
)
;

boundaryField
{
    electrode
    {
        type            zeroGradient;
    }
    ground
    {
        type            zeroGradient;
    }
    otherfaces
    {
        type            empty;
    }
}


// ************************************************************************* //
