/*--------------------------------*- C++ -*----------------------------------*\
| =========                 |                                                 |
| \\      /  F ield         | foam-extend: Open Source CFD                    |
|  \\    /   O peration     | Version:     4.1                                |
|   \\  /    A nd           | Web:         http://www.foam-extend.org         |
|    \\/     M anipulation  |                                                 |
\*---------------------------------------------------------------------------*/
FoamFile
{
    version     2.0;
    format      ascii;
    class       volVectorField;
    location    "1.50199999961045e-05";
    object      term1;
}
// * * * * * * * * * * * * * * * * * * * * * * * * * * * * * * * * * * * * * //

dimensions      [0 -2 -2 0 0 0 0];

internalField   nonuniform List<vector> 
500
(
(-9.3664852362104e+25 0 0)
(-9.7812754712168e+25 0 0)
(-9.63662068864539e+25 0 0)
(-9.5988274669018e+25 0 0)
(-9.64759258355239e+25 0 0)
(-9.8315230086296e+25 0 0)
(-9.95901568925181e+25 0 0)
(-9.8524494743638e+25 0 0)
(-9.7423612123956e+25 0 0)
(-9.79065595897739e+25 0 0)
(-9.8933110203972e+25 0 0)
(-9.8613006183626e+25 0 0)
(-9.74324762454982e+25 0 0)
(-9.84580261711539e+25 0 0)
(-1.00766111696456e+26 0 0)
(-1.01626463655208e+26 0 0)
(-1.0162924749604e+26 0 0)
(-1.03232157209416e+26 0 0)
(-1.05604199848016e+26 0 0)
(-1.06083397619392e+26 0 0)
(-1.06738462295936e+26 0 0)
(-1.08553498062324e+26 0 0)
(-1.1044938597836e+26 0 0)
(-1.10850432855588e+26 0 0)
(-1.12186592371044e+26 0 0)
(-1.1448450642831e+26 0 0)
(-1.16863588056212e+26 0 0)
(-1.18434372552104e+26 0 0)
(-1.20603018923242e+26 0 0)
(-1.23081446865586e+26 0 0)
(-1.25475371854454e+26 0 0)
(-1.27041865862852e+26 0 0)
(-1.28696358650382e+26 0 0)
(-1.304383995213e+26 0 0)
(-1.32497057780672e+26 0 0)
(-1.34766438639878e+26 0 0)
(-1.37629694155078e+26 0 0)
(-1.40629970262241e+26 0 0)
(-1.43728551692284e+26 0 0)
(-1.46432781110366e+26 0 0)
(-1.49190645173166e+26 0 0)
(-1.51913875684736e+26 0 0)
(-1.5482371960907e+26 0 0)
(-1.57693656044728e+26 0 0)
(-1.60824552112962e+26 0 0)
(-1.63820911011499e+26 0 0)
(-1.66803661338231e+26 0 0)
(-1.69371268343861e+26 0 0)
(-1.71751573194865e+26 0 0)
(-1.73805979690555e+26 0 0)
(-1.76110813056106e+26 0 0)
(-1.78654651717621e+26 0 0)
(-1.81582294791951e+26 0 0)
(-1.84262390182646e+26 0 0)
(-1.86985064026063e+26 0 0)
(-1.89831636832508e+26 0 0)
(-1.92687335137823e+26 0 0)
(-1.94569457972905e+26 0 0)
(-1.95600657868176e+26 0 0)
(-1.95991508848992e+26 0 0)
(-1.96896155006094e+26 0 0)
(-1.98454270172823e+26 0 0)
(-2.0003174312741e+26 0 0)
(-2.00309837644682e+26 0 0)
(-1.99464301079236e+26 0 0)
(-1.9772893890645e+26 0 0)
(-1.95971995014538e+26 0 0)
(-1.94592579965384e+26 0 0)
(-1.92797071059787e+26 0 0)
(-1.890939682375e+26 0 0)
(-1.84560175331669e+26 0 0)
(-1.8010714755909e+26 0 0)
(-1.75499885429315e+26 0 0)
(-1.69498829683587e+26 0 0)
(-1.63125192533789e+26 0 0)
(-1.56878809795101e+26 0 0)
(-1.50103578060139e+26 0 0)
(-1.42972269164373e+26 0 0)
(-1.36275962450075e+26 0 0)
(-1.29170970035469e+26 0 0)
(-1.22301614204898e+26 0 0)
(-1.15904510888595e+26 0 0)
(-1.09498607457662e+26 0 0)
(-1.0368662012236e+26 0 0)
(-9.79719203749144e+25 0 0)
(-9.26085016183118e+25 0 0)
(-8.76537539624643e+25 0 0)
(-8.26633196469345e+25 0 0)
(-7.81934167738315e+25 0 0)
(-7.38945299403484e+25 0 0)
(-7.00086107499342e+25 0 0)
(-6.67635058100202e+25 0 0)
(-6.36401454571832e+25 0 0)
(-6.0762702391133e+25 0 0)
(-5.83362796080614e+25 0 0)
(-5.58370028138049e+25 0 0)
(-5.31872705313492e+25 0 0)
(-5.06983997089944e+25 0 0)
(-4.86789516899259e+25 0 0)
(-4.6852318879355e+25 0 0)
(-4.51588066948216e+25 0 0)
(-4.35765816222286e+25 0 0)
(-4.21015972477511e+25 0 0)
(-4.07001549352771e+25 0 0)
(-3.93654960555789e+25 0 0)
(-3.80754229324469e+25 0 0)
(-3.68817468412945e+25 0 0)
(-3.57783259324796e+25 0 0)
(-3.47406976872284e+25 0 0)
(-3.37517782487986e+25 0 0)
(-3.28104443274461e+25 0 0)
(-3.19015064667099e+25 0 0)
(-3.10456611864053e+25 0 0)
(-3.02618229262208e+25 0 0)
(-2.95203971856243e+25 0 0)
(-2.88013531285373e+25 0 0)
(-2.81179316911698e+25 0 0)
(-2.74615728635066e+25 0 0)
(-2.68348007938498e+25 0 0)
(-2.62304189001003e+25 0 0)
(-2.56539154594396e+25 0 0)
(-2.50953684431246e+25 0 0)
(-2.45600740360662e+25 0 0)
(-2.40417081585316e+25 0 0)
(-2.35451479188473e+25 0 0)
(-2.30631169141684e+25 0 0)
(-2.26009413783367e+25 0 0)
(-2.21529010720137e+25 0 0)
(-2.17220935330913e+25 0 0)
(-2.13001918213784e+25 0 0)
(-2.08940662694317e+25 0 0)
(-2.05035235427176e+25 0 0)
(-2.01268940664278e+25 0 0)
(-1.97580653738641e+25 0 0)
(-1.94023579107901e+25 0 0)
(-1.90544551503493e+25 0 0)
(-1.87178938427759e+25 0 0)
(-1.83881752047568e+25 0 0)
(-1.80688170716862e+25 0 0)
(-1.77555919850809e+25 0 0)
(-1.74518609512115e+25 0 0)
(-1.71536402254569e+25 0 0)
(-1.68641359979326e+25 0 0)
(-1.65795940820224e+25 0 0)
(-1.63030709895064e+25 0 0)
(-1.60310261773165e+25 0 0)
(-1.57663731429062e+25 0 0)
(-1.55057687523608e+25 0 0)
(-1.52519913809055e+25 0 0)
(-1.50018811552767e+25 0 0)
(-1.47580880625555e+25 0 0)
(-1.45176206479768e+25 0 0)
(-1.42830076425493e+25 0 0)
(-1.40514159864188e+25 0 0)
(-1.3825258175586e+25 0 0)
(-1.36018504151553e+25 0 0)
(-1.33835025794863e+25 0 0)
(-1.31676656316884e+25 0 0)
(-1.29565374566792e+25 0 0)
(-1.2747694952027e+25 0 0)
(-1.2543238866657e+25 0 0)
(-1.23408704193388e+25 0 0)
(-1.21425957561914e+25 0 0)
(-1.19462312425643e+25 0 0)
(-1.17536926748468e+25 0 0)
(-1.15629036602185e+25 0 0)
(-1.1375694370224e+25 0 0)
(-1.11900893833779e+25 0 0)
(-1.10078369113576e+25 0 0)
(-1.08270573900585e+25 0 0)
(-1.06494203700999e+25 0 0)
(-1.04731374788163e+25 0 0)
(-1.02998026212235e+25 0 0)
(-1.01277134330568e+25 0 0)
(-9.95839222088434e+24 0 0)
(-9.79021838803122e+24 0 0)
(-9.62464497439009e+24 0 0)
(-9.46012923380913e+24 0 0)
(-9.29805818265303e+24 0 0)
(-9.13696321477539e+24 0 0)
(-8.97816764791463e+24 0 0)
(-8.8202732592171e+24 0 0)
(-8.66454309042025e+24 0 0)
(-8.50964626762306e+24 0 0)
(-8.35678624764384e+24 0 0)
(-8.20469581984671e+24 0 0)
(-8.05452269798402e+24 0 0)
(-7.90506115943165e+24 0 0)
(-7.75740576002994e+24 0 0)
(-7.61040802659471e+24 0 0)
(-7.46511315368146e+24 0 0)
(-7.3204247407483e+24 0 0)
(-7.17734367017528e+24 0 0)
(-7.03481936427868e+24 0 0)
(-6.89381596532458e+24 0 0)
(-6.75331831297715e+24 0 0)
(-6.61426645072805e+24 0 0)
(-6.47566463851436e+24 0 0)
(-6.3384480797348e+24 0 0)
(-6.20161634059101e+24 0 0)
(-6.06612887125593e+24 0 0)
(-5.9309451374556e+24 0 0)
(-5.79709086928232e+24 0 0)
(-5.66343518177508e+24 0 0)
(-5.53112837899945e+24 0 0)
(-5.39888153399342e+24 0 0)
(-5.26804773504366e+24 0 0)
(-5.13708983427258e+24 0 0)
(-5.00766529673485e+24 0 0)
(-4.87787478375769e+24 0 0)
(-4.74980812598137e+24 0 0)
(-4.62106157364069e+24 0 0)
(-4.4943110275317e+24 0 0)
(-4.366482892652e+24 0 0)
(-4.24101787069364e+24 0 0)
(-4.11398480518249e+24 0 0)
(-3.9897734956139e+24 0 0)
(-3.86341393069141e+24 0 0)
(-3.74042873494686e+24 0 0)
(-3.61464617328568e+24 0 0)
(-3.49283155734593e+24 0 0)
(-3.36753673669096e+24 0 0)
(-3.24683240773425e+24 0 0)
(-3.1220007420522e+24 0 0)
(-3.00229068678451e+24 0 0)
(-2.87787020399433e+24 0 0)
(-2.759083358239e+24 0 0)
(-2.63506847474125e+24 0 0)
(-2.51703677281686e+24 0 0)
(-2.39339392588894e+24 0 0)
(-2.27478964545867e+24 0 0)
(-2.15488165208174e+24 0 0)
(-2.03500941515407e+24 0 0)
(-1.91502912750751e+24 0 0)
(-1.79577458079453e+24 0 0)
(-1.67624103949342e+24 0 0)
(-1.55736739278821e+24 0 0)
(-1.43820022940677e+24 0 0)
(-1.31965276500293e+24 0 0)
(-1.20079022561409e+24 0 0)
(-1.08251098631118e+24 0 0)
(-9.63938499167589e+23 0 0)
(-8.458776273573e+23 0 0)
(-7.2757778561387e+23 0 0)
(-6.09712825175813e+23 0 0)
(-4.91863405375626e+23 0 0)
(-3.7427952489076e+23 0 0)
(-2.5835100107208e+23 0 0)
(-1.35940644409757e+23 0 0)
(-9.80146964332891e+21 0 0)
(8.46342800530123e+22 0 0)
(2.20883779099107e+23 0 0)
(3.35608233159425e+23 0 0)
(4.52570854846841e+23 0 0)
(5.70392398776782e+23 0 0)
(6.88287271467718e+23 0 0)
(8.06141091118681e+23 0 0)
(9.2444683242313e+23 0 0)
(1.04246807965439e+24 0 0)
(1.16102876575403e+24 0 0)
(1.27927825644006e+24 0 0)
(1.39812244691289e+24 0 0)
(1.51665346230919e+24 0 0)
(1.63583820258773e+24 0 0)
(1.75467344830468e+24 0 0)
(1.87427401713889e+24 0 0)
(1.99352076268161e+24 0 0)
(2.1134768184358e+24 0 0)
(2.23304284576957e+24 0 0)
(2.35380214586423e+24 0 0)
(2.47493489670581e+24 0 0)
(2.59645097557818e+24 0 0)
(2.71491732074106e+24 0 0)
(2.83919344565501e+24 0 0)
(2.9581365712786e+24 0 0)
(3.0828344584997e+24 0 0)
(3.20273809672825e+24 0 0)
(3.32787593893358e+24 0 0)
(3.44880650816903e+24 0 0)
(3.57442261851354e+24 0 0)
(3.69650022383649e+24 0 0)
(3.82262201834685e+24 0 0)
(3.94590638297988e+24 0 0)
(4.0726272211543e+24 0 0)
(4.1971702132096e+24 0 0)
(4.32458764049713e+24 0 0)
(4.45041788337603e+24 0 0)
(4.57865476214567e+24 0 0)
(4.70580319634722e+24 0 0)
(4.83498385936041e+24 0 0)
(4.96348114969554e+24 0 0)
(5.09373364585879e+24 0 0)
(5.22362180415809e+24 0 0)
(5.35507160260484e+24 0 0)
(5.48640248373674e+24 0 0)
(5.61917232623624e+24 0 0)
(5.75200963298009e+24 0 0)
(5.88622050387455e+24 0 0)
(6.02063928696361e+24 0 0)
(6.15641137443622e+24 0 0)
(6.29249777833299e+24 0 0)
(6.42995214334054e+24 0 0)
(6.56780273277589e+24 0 0)
(6.70706241083431e+24 0 0)
(6.84678436366724e+24 0 0)
(6.98797624210433e+24 0 0)
(7.12968671191884e+24 0 0)
(7.27294279982195e+24 0 0)
(7.41676913067551e+24 0 0)
(7.56222801994006e+24 0 0)
(7.70830743869271e+24 0 0)
(7.85611572820519e+24 0 0)
(8.00459630879217e+24 0 0)
(8.15490999942497e+24 0 0)
(8.30595041641734e+24 0 0)
(8.45893600583391e+24 0 0)
(8.61270680257682e+24 0 0)
(8.76854274859036e+24 0 0)
(8.92522772329807e+24 0 0)
(9.08410523494853e+24 0 0)
(9.24390035845396e+24 0 0)
(9.40602466078496e+24 0 0)
(9.56914224171463e+24 0 0)
(9.73473529702162e+24 0 0)
(9.90140410697536e+24 0 0)
(1.00707055634216e+25 0 0)
(1.024117311292e+25 0 0)
(1.04144417379482e+25 0 0)
(1.05889761276881e+25 0 0)
(1.07664930446498e+25 0 0)
(1.09453846515804e+25 0 0)
(1.11274544693237e+25 0 0)
(1.13110190902847e+25 0 0)
(1.14979732364299e+25 0 0)
(1.16865543168088e+25 0 0)
(1.18787536162127e+25 0 0)
(1.20727262212298e+25 0 0)
(1.22705650366347e+25 0 0)
(1.24703382116278e+25 0 0)
(1.26742470183627e+25 0 0)
(1.28802693034717e+25 0 0)
(1.30907209584947e+25 0 0)
(1.33034857030423e+25 0 0)
(1.35210040725089e+25 0 0)
(1.37410618887302e+25 0 0)
(1.39662274100654e+25 0 0)
(1.41941740426344e+25 0 0)
(1.44276045185485e+25 0 0)
(1.46640891726605e+25 0 0)
(1.49064811182532e+25 0 0)
(1.5152233529376e+25 0 0)
(1.54043584573604e+25 0 0)
(1.56601866052181e+25 0 0)
(1.59229000629112e+25 0 0)
(1.61897010644337e+25 0 0)
(1.64639556519761e+25 0 0)
(1.67427299121041e+25 0 0)
(1.70295882614296e+25 0 0)
(1.7321454315092e+25 0 0)
(1.7622106709618e+25 0 0)
(1.79283191128364e+25 0 0)
(1.82441010116717e+25 0 0)
(1.85660723708879e+25 0 0)
(1.8898488540393e+25 0 0)
(1.92378106229122e+25 0 0)
(1.9588573302364e+25 0 0)
(1.99472355071211e+25 0 0)
(2.0317926593954e+25 0 0)
(2.06922897524901e+25 0 0)
(2.10784067972333e+25 0 0)
(2.14829253598659e+25 0 0)
(2.19034217002725e+25 0 0)
(2.23326638768607e+25 0 0)
(2.27789438172088e+25 0 0)
(2.32390420789133e+25 0 0)
(2.37186154967899e+25 0 0)
(2.42122326043144e+25 0 0)
(2.4727075967724e+25 0 0)
(2.52589020299042e+25 0 0)
(2.58166877071564e+25 0 0)
(2.63957263784665e+25 0 0)
(2.70026439671371e+25 0 0)
(2.76312147089326e+25 0 0)
(2.82883346797121e+25 0 0)
(2.89751954271743e+25 0 0)
(2.97021027253736e+25 0 0)
(3.04590218130629e+25 0 0)
(3.12555437319064e+25 0 0)
(3.2107371924319e+25 0 0)
(3.30138409738378e+25 0 0)
(3.39539546415928e+25 0 0)
(3.49426578794894e+25 0 0)
(3.59793160395895e+25 0 0)
(3.7096915822542e+25 0 0)
(3.83477370303604e+25 0 0)
(3.97079867825639e+25 0 0)
(4.1109372541858e+25 0 0)
(4.25702362134022e+25 0 0)
(4.40803084715576e+25 0 0)
(4.56804565723685e+25 0 0)
(4.73842882502937e+25 0 0)
(4.92541962663646e+25 0 0)
(5.14992605915589e+25 0 0)
(5.42223521009379e+25 0 0)
(5.67860476614194e+25 0 0)
(5.93735601072146e+25 0 0)
(6.21236554481214e+25 0 0)
(6.53223897697751e+25 0 0)
(6.85033380700426e+25 0 0)
(7.211313141597e+25 0 0)
(7.64630777506089e+25 0 0)
(8.08277177430013e+25 0 0)
(8.57602259553469e+25 0 0)
(9.12623571117806e+25 0 0)
(9.66210736606799e+25 0 0)
(1.02832762385405e+26 0 0)
(1.08889418351252e+26 0 0)
(1.15456195200841e+26 0 0)
(1.22497911480054e+26 0 0)
(1.29373620912972e+26 0 0)
(1.37232964982655e+26 0 0)
(1.44281021336181e+26 0 0)
(1.5179399281941e+26 0 0)
(1.59299147111547e+26 0 0)
(1.65792413835131e+26 0 0)
(1.72967125301133e+26 0 0)
(1.79016490908349e+26 0 0)
(1.83953120166015e+26 0 0)
(1.893371906317e+26 0 0)
(1.94370031087745e+26 0 0)
(1.96969459675122e+26 0 0)
(1.99180647308883e+26 0 0)
(2.02061612442974e+26 0 0)
(2.04961836846948e+26 0 0)
(2.05308114890312e+26 0 0)
(2.04877420775781e+26 0 0)
(2.04043458916518e+26 0 0)
(2.03664717793671e+26 0 0)
(2.0416859589959e+26 0 0)
(2.04134382838326e+26 0 0)
(2.02223853689199e+26 0 0)
(1.99700983569937e+26 0 0)
(1.9705205415132e+26 0 0)
(1.94904110168484e+26 0 0)
(1.92869218330649e+26 0 0)
(1.90628461267361e+26 0 0)
(1.88159527904905e+26 0 0)
(1.86507630308514e+26 0 0)
(1.84138703700714e+26 0 0)
(1.81495647007902e+26 0 0)
(1.78548984382913e+26 0 0)
(1.75609492267219e+26 0 0)
(1.72597537140538e+26 0 0)
(1.69913542568511e+26 0 0)
(1.67278774401274e+26 0 0)
(1.64817819427857e+26 0 0)
(1.62129925392936e+26 0 0)
(1.59376388498169e+26 0 0)
(1.5631379639574e+26 0 0)
(1.53267937065443e+26 0 0)
(1.5045632389391e+26 0 0)
(1.48730389685475e+26 0 0)
(1.46798365451865e+26 0 0)
(1.44704660166082e+26 0 0)
(1.42475571072075e+26 0 0)
(1.40236556807514e+26 0 0)
(1.37641295495351e+26 0 0)
(1.35065438717553e+26 0 0)
(1.32482331748014e+26 0 0)
(1.30215060934292e+26 0 0)
(1.28031951375147e+26 0 0)
(1.26278366164192e+26 0 0)
(1.24721824221677e+26 0 0)
(1.23278500676452e+26 0 0)
(1.21379851594047e+26 0 0)
(1.19469419059277e+26 0 0)
(1.17663938356792e+26 0 0)
(1.15976442831925e+26 0 0)
(1.13853704307837e+26 0 0)
(1.11931645475985e+26 0 0)
(1.10467273522261e+26 0 0)
(1.09297543891817e+26 0 0)
(1.07882477200943e+26 0 0)
(1.07349463292097e+26 0 0)
(1.07607523030983e+26 0 0)
(1.07224384948999e+26 0 0)
(1.06206620664795e+26 0 0)
(1.05395291213139e+26 0 0)
(1.04867440137253e+26 0 0)
(1.04283452270848e+26 0 0)
(1.03008817431999e+26 0 0)
(1.01810035058676e+26 0 0)
(1.01239511216921e+26 0 0)
(1.01098379906274e+26 0 0)
(1.00591027295076e+26 0 0)
(1.00112798992281e+26 0 0)
(9.9682240761674e+25 0 0)
(1.00273857972318e+26 0 0)
(1.01178497700444e+26 0 0)
(9.22632634860971e+25 0 0)
)
;

boundaryField
{
    electrode
    {
        type            calculated;
        value           uniform (-9.3664852362104e+25 0 0);
    }
    ground
    {
        type            calculated;
        value           uniform (9.22632634860971e+25 0 0);
    }
    otherfaces
    {
        type            empty;
    }
}


// ************************************************************************* //
