/*--------------------------------*- C++ -*----------------------------------*\
| =========                 |                                                 |
| \\      /  F ield         | foam-extend: Open Source CFD                    |
|  \\    /   O peration     | Version:     4.1                                |
|   \\  /    A nd           | Web:         http://www.foam-extend.org         |
|    \\/     M anipulation  |                                                 |
\*---------------------------------------------------------------------------*/
FoamFile
{
    version     2.0;
    format      ascii;
    class       volVectorField;
    location    "1.50199999961045e-05";
    object      velocityArp1;
}
// * * * * * * * * * * * * * * * * * * * * * * * * * * * * * * * * * * * * * //

dimensions      [0 1 -1 0 0 0 0];

internalField   nonuniform List<vector> 
500
(
(-4831.48391995776 0 0)
(-4791.18579654268 0 0)
(-4766.31068837706 0 0)
(-4739.05171667013 0 0)
(-4712.69467822763 0 0)
(-4685.86713876549 0 0)
(-4658.61109145775 0 0)
(-4631.30013446177 0 0)
(-4604.53244100159 0 0)
(-4578.02414845075 0 0)
(-4551.21965598982 0 0)
(-4524.25315303745 0 0)
(-4497.54084523102 0 0)
(-4471.18295505141 0 0)
(-4444.29070773418 0 0)
(-4416.9950879276 0 0)
(-4389.793994513 0 0)
(-4362.6901620175 0 0)
(-4334.94453730989 0 0)
(-4306.71285197105 0 0)
(-4278.54785080284 0 0)
(-4250.03875751955 0 0)
(-4220.86932262113 0 0)
(-4191.23802415638 0 0)
(-4161.48894633975 0 0)
(-4131.07091685222 0 0)
(-4099.87743118776 0 0)
(-4068.06722363203 0 0)
(-4035.83233361283 0 0)
(-4002.86926922508 0 0)
(-3969.14810724576 0 0)
(-3934.75842816445 0 0)
(-3899.86990512149 0 0)
(-3864.33445082742 0 0)
(-3828.08678714072 0 0)
(-3791.04399520089 0 0)
(-3753.1085646977 0 0)
(-3714.20130213841 0 0)
(-3674.33509206584 0 0)
(-3633.49966377612 0 0)
(-3591.64721808124 0 0)
(-3548.66053916642 0 0)
(-3504.4930314594 0 0)
(-3459.10978057228 0 0)
(-3412.46660345588 0 0)
(-3364.55627594561 0 0)
(-3315.43726587386 0 0)
(-3265.19628716361 0 0)
(-3213.94737631344 0 0)
(-3161.76062321562 0 0)
(-3108.61782724845 0 0)
(-3054.37535929099 0 0)
(-2998.86049698214 0 0)
(-2941.96668774397 0 0)
(-2883.65433664894 0 0)
(-2823.88584416864 0 0)
(-2762.737821582 0 0)
(-2700.47341209405 0 0)
(-2637.35619809347 0 0)
(-2573.47781232166 0 0)
(-2508.7541913174 0 0)
(-2442.98796312119 0 0)
(-2376.16385913503 0 0)
(-2308.55186785077 0 0)
(-2240.56458000986 0 0)
(-2172.48479307493 0 0)
(-2104.40055662659 0 0)
(-2036.29136759444 0 0)
(-1968.23737173288 0 0)
(-1900.68113233405 0 0)
(-1834.16893089027 0 0)
(-1768.83921297371 0 0)
(-1704.7677174231 0 0)
(-1642.24773140326 0 0)
(-1581.75214283435 0 0)
(-1523.36141882315 0 0)
(-1467.12924451268 0 0)
(-1413.34818716215 0 0)
(-1362.09007666581 0 0)
(-1313.26252720044 0 0)
(-1267.07324321464 0 0)
(-1223.39375182565 0 0)
(-1182.0576533569 0 0)
(-1143.10950899794 0 0)
(-1106.27419331072 0 0)
(-1071.58698203728 0 0)
(-1038.87812492676 0 0)
(-1008.04851550723 0 0)
(-979.148981533437 0 0)
(-951.949854182314 0 0)
(-926.401913171612 0 0)
(-902.296130971987 0 0)
(-879.350443017923 0 0)
(-857.566510798288 0 0)
(-836.800855138371 0 0)
(-816.875822140479 0 0)
(-797.912233910048 0 0)
(-780.012590580858 0 0)
(-763.074724817175 0 0)
(-746.866400822183 0 0)
(-731.309591072465 0 0)
(-716.358765706571 0 0)
(-701.971389432086 0 0)
(-688.111704539851 0 0)
(-674.755053875678 0 0)
(-661.888964778523 0 0)
(-649.501244655575 0 0)
(-637.549131352744 0 0)
(-625.986643942958 0 0)
(-614.79017535627 0 0)
(-603.941275651915 0 0)
(-593.428044947901 0 0)
(-583.239456528762 0 0)
(-573.352726717834 0 0)
(-563.73156290744 0 0)
(-554.366405235829 0 0)
(-545.248360571574 0 0)
(-536.364347578917 0 0)
(-527.702390908775 0 0)
(-519.25324992423 0 0)
(-511.007221515844 0 0)
(-502.954934442543 0 0)
(-495.08851273066 0 0)
(-487.399864249072 0 0)
(-479.881150681738 0 0)
(-472.525115495571 0 0)
(-465.32522466881 0 0)
(-458.274473907446 0 0)
(-451.36596217438 0 0)
(-444.594360278311 0 0)
(-437.956611619454 0 0)
(-431.447187300128 0 0)
(-425.056854561311 0 0)
(-418.781231269325 0 0)
(-412.61745751888 0 0)
(-406.561384410489 0 0)
(-400.609215069438 0 0)
(-394.757210692256 0 0)
(-389.001942087662 0 0)
(-383.340016171517 0 0)
(-377.768316804194 0 0)
(-372.283747684619 0 0)
(-366.883472497103 0 0)
(-361.564658040535 0 0)
(-356.324715625365 0 0)
(-351.161047262443 0 0)
(-346.071283405623 0 0)
(-341.053037010847 0 0)
(-336.104133695375 0 0)
(-331.222375150042 0 0)
(-326.405761180642 0 0)
(-321.652262982629 0 0)
(-316.960037124714 0 0)
(-312.327206796623 0 0)
(-307.752067773697 0 0)
(-303.232879230147 0 0)
(-298.768061724006 0 0)
(-294.355999209946 0 0)
(-289.995234110501 0 0)
(-285.684262137672 0 0)
(-281.421728313615 0 0)
(-277.206231187116 0 0)
(-273.036508867691 0 0)
(-268.91125323998 0 0)
(-264.829287151062 0 0)
(-260.789386828551 0 0)
(-256.790452845605 0 0)
(-252.831337961693 0 0)
(-248.911013709925 0 0)
(-245.028402802221 0 0)
(-241.182541458291 0 0)
(-237.372416346464 0 0)
(-233.597122684533 0 0)
(-229.855706065329 0 0)
(-226.147315752257 0 0)
(-222.471051028934 0 0)
(-218.826110815257 0 0)
(-215.211643889737 0 0)
(-211.626894670536 0 0)
(-208.071057297027 0 0)
(-204.543417944011 0 0)
(-201.043212651238 0 0)
(-197.569766216133 0 0)
(-194.122352996677 0 0)
(-190.700333043329 0 0)
(-187.303016547011 0 0)
(-183.9297970287 0 0)
(-180.580017644414 0 0)
(-177.253102705804 0 0)
(-173.948425006547 0 0)
(-170.665438333603 0 0)
(-167.403540939788 0 0)
(-164.162216499119 0 0)
(-160.940883717583 0 0)
(-157.739058305738 0 0)
(-154.556171529387 0 0)
(-151.391777481961 0 0)
(-148.245307441829 0 0)
(-145.116366242457 0 0)
(-142.004365668766 0 0)
(-138.908982417518 0 0)
(-135.829579105193 0 0)
(-132.765937368752 0 0)
(-129.717327410964 0 0)
(-126.683684444192 0 0)
(-123.664126708215 0 0)
(-120.658809589307 0 0)
(-117.666619947625 0 0)
(-114.688021343805 0 0)
(-111.721568957917 0 0)
(-108.768142893678 0 0)
(-105.825844142865 0 0)
(-102.896099663937 0 0)
(-99.9764173109802 0 0)
(-97.0689160103487 0 0)
(-94.170351848569 0 0)
(-91.283696851816 0 0)
(-88.4047983532887 0 0)
(-85.5376441989756 0 0)
(-82.6769910311773 0 0)
(-79.8280053791974 0 0)
(-76.9842304254783 0 0)
(-74.1521478226809 0 0)
(-71.3239088737879 0 0)
(-68.5074189192378 0 0)
(-65.6934212342541 0 0)
(-62.8913854779446 0 0)
(-60.0902762146065 0 0)
(-57.3014706261567 0 0)
(-54.5121519302395 0 0)
(-51.7367365759761 0 0)
(-48.9591860607652 0 0)
(-46.1888475579827 0 0)
(-43.4222578130021 0 0)
(-40.6614429205862 0 0)
(-37.9035617619678 0 0)
(-35.150897122523 0 0)
(-32.4006080634495 0 0)
(-29.6549803224702 0 0)
(-26.9111402362017 0 0)
(-24.1715212203289 0 0)
(-21.4330725532689 0 0)
(-18.6983446953313 0 0)
(-15.9641876155153 0 0)
(-13.233278050118 0 0)
(-10.5023535994936 0 0)
(-7.7741915685295 0 0)
(-5.04543747397718 0 0)
(-2.3188583806602 0 0)
(0.408751071073805 0 0)
(3.13455868365977 0 0)
(5.86201381057217 0 0)
(8.58839427470465 0 0)
(11.3169008582688 0 0)
(14.04481030135 0 0)
(16.7754711337261 0 0)
(19.5060497079158 0 0)
(22.2399337319804 0 0)
(24.9744103250431 0 0)
(27.7125884133769 0 0)
(30.452054119721 0 0)
(33.1957333490128 0 0)
(35.9412862280249 0 0)
(38.6917005354059 0 0)
(41.4444771057822 0 0)
(44.2026815410889 0 0)
(46.9639902076488 0 0)
(49.7311249601589 0 0)
(52.5019714036494 0 0)
(55.2781821189944 0 0)
(58.0618963871266 0 0)
(60.8541686574505 0 0)
(63.6462042284501 0 0)
(66.4507399751284 0 0)
(69.2564915585747 0 0)
(72.0744145773836 0 0)
(74.8951037498439 0 0)
(77.727789979425 0 0)
(80.5645872935813 0 0)
(83.413320797415 0 0)
(86.2675346760751 0 0)
(89.1336618569982 0 0)
(92.0065606095668 0 0)
(94.8914587840505 0 0)
(97.7843803842561 0 0)
(100.689472258042 0 0)
(103.603769675451 0 0)
(106.530513878499 0 0)
(109.467591063904 0 0)
(112.417491739641 0 0)
(115.378794039449 0 0)
(118.353396797324 0 0)
(121.340424419725 0 0)
(124.341323086962 0 0)
(127.355633215403 0 0)
(130.384469861865 0 0)
(133.427681067921 0 0)
(136.48615104529 0 0)
(139.559947920122 0 0)
(142.649804197101 0 0)
(145.755941403487 0 0)
(148.879000129643 0 0)
(152.019306729037 0 0)
(155.177452860157 0 0)
(158.353836958508 0 0)
(161.5490313934 0 0)
(164.763485508411 0 0)
(167.997771873488 0 0)
(171.252378504599 0 0)
(174.527890760793 0 0)
(177.824828872604 0 0)
(181.143798870394 0 0)
(184.485351048642 0 0)
(187.850117435806 0 0)
(191.238677976115 0 0)
(194.651694504047 0 0)
(198.089778050198 0 0)
(201.553623426595 0 0)
(205.043875219089 0 0)
(208.561263566234 0 0)
(212.106468386934 0 0)
(215.680258754984 0 0)
(219.283353716922 0 0)
(222.91656457923 0 0)
(226.580652387544 0 0)
(230.276474409298 0 0)
(234.004837619284 0 0)
(237.766648816984 0 0)
(241.562765087163 0 0)
(245.3941475424 0 0)
(249.261707611708 0 0)
(253.166465408821 0 0)
(257.109391858416 0 0)
(261.091571550736 0 0)
(265.114040301475 0 0)
(269.177953010427 0 0)
(273.284416814738 0 0)
(277.43466385846 0 0)
(281.629879085093 0 0)
(285.871379119144 0 0)
(290.160434526711 0 0)
(294.498455373518 0 0)
(298.886805816344 0 0)
(303.326999379942 0 0)
(307.820503076323 0 0)
(312.368943016028 0 0)
(316.973909145214 0 0)
(321.637152969748 0 0)
(326.360389859632 0 0)
(331.14550820655 0 0)
(335.99436311203 0 0)
(340.908995747705 0 0)
(345.891418381327 0 0)
(350.9438420716 0 0)
(356.068454220371 0 0)
(361.267655760038 0 0)
(366.543830085361 0 0)
(371.899589555982 0 0)
(377.337538354531 0 0)
(382.860524968208 0 0)
(388.471402748867 0 0)
(394.173284720391 0 0)
(399.969306113019 0 0)
(405.862879345808 0 0)
(411.857455325881 0 0)
(417.956794877388 0 0)
(424.164724367666 0 0)
(430.485431343305 0 0)
(436.920384476385 0 0)
(443.471922747773 0 0)
(450.150441675926 0 0)
(456.961807115279 0 0)
(463.909095324429 0 0)
(470.997585305146 0 0)
(478.234085638731 0 0)
(485.625461129867 0 0)
(493.178086466215 0 0)
(500.899009748341 0 0)
(508.795814685456 0 0)
(516.877181613378 0 0)
(525.152756782819 0 0)
(533.632144354892 0 0)
(542.325130007829 0 0)
(551.240022210437 0 0)
(560.38951277421 0 0)
(569.787749270002 0 0)
(579.446363420876 0 0)
(589.377727184701 0 0)
(599.610145624944 0 0)
(610.165610200855 0 0)
(621.055434021087 0 0)
(632.292085773077 0 0)
(643.894024720579 0 0)
(655.884139283598 0 0)
(668.325225128212 0 0)
(681.269593911627 0 0)
(694.729156813177 0 0)
(708.716300123388 0 0)
(723.247821592995 0 0)
(738.349927158746 0 0)
(754.063303861771 0 0)
(770.424036250141 0 0)
(787.557704762402 0 0)
(805.786089821165 0 0)
(825.057998360605 0 0)
(845.285629023059 0 0)
(866.426806953648 0 0)
(888.750243265661 0 0)
(912.253403873638 0 0)
(936.972798236992 0 0)
(963.368159446954 0 0)
(991.426317069528 0 0)
(1021.28313137647 0 0)
(1053.31120536918 0 0)
(1087.26523490483 0 0)
(1123.56432993102 0 0)
(1162.12824000167 0 0)
(1203.02325828914 0 0)
(1246.64663396697 0 0)
(1292.64012404629 0 0)
(1341.67546696651 0 0)
(1393.32007840058 0 0)
(1447.59984036295 0 0)
(1504.79814478997 0 0)
(1564.22538055993 0 0)
(1626.12503111818 0 0)
(1690.38163831934 0 0)
(1756.23084375973 0 0)
(1823.5657382457 0 0)
(1892.70277752867 0 0)
(1962.80682627733 0 0)
(2033.25726489926 0 0)
(2103.94394530404 0 0)
(2175.40314939609 0 0)
(2246.92129885939 0 0)
(2318.00386219114 0 0)
(2388.31413077205 0 0)
(2457.63195676301 0 0)
(2526.36469438817 0 0)
(2594.75971830216 0 0)
(2662.3945796003 0 0)
(2728.94611517611 0 0)
(2794.19058873922 0 0)
(2858.05685747356 0 0)
(2920.59071829186 0 0)
(2981.84479550307 0 0)
(3041.73633560951 0 0)
(3100.75296967675 0 0)
(3158.80214513962 0 0)
(3215.71779724169 0 0)
(3271.42513544677 0 0)
(3325.88071974237 0 0)
(3379.0736417943 0 0)
(3431.05479023364 0 0)
(3481.89381616315 0 0)
(3531.64825251629 0 0)
(3580.32886108553 0 0)
(3627.91340300249 0 0)
(3674.35060051198 0 0)
(3719.60713354554 0 0)
(3763.63398018446 0 0)
(3806.83792969721 0 0)
(3849.32992585715 0 0)
(3891.03469266508 0 0)
(3931.96711919598 0 0)
(3972.15910258314 0 0)
(4011.59834544174 0 0)
(4050.25665159634 0 0)
(4088.13322286718 0 0)
(4125.27151399045 0 0)
(4161.68989255768 0 0)
(4197.41824534122 0 0)
(4232.53384367185 0 0)
(4267.13347673982 0 0)
(4301.19278412452 0 0)
(4334.63854511253 0 0)
(4367.51715476382 0 0)
(4399.94435391383 0 0)
(4431.8716417655 0 0)
(4463.21368577486 0 0)
(4494.06674206619 0 0)
(4524.57680319095 0 0)
(4554.67054553229 0 0)
(4584.40715080507 0 0)
(4614.25949741102 0 0)
(4644.14664203082 0 0)
(4673.90262307461 0 0)
(4703.46407468887 0 0)
(4732.96919944722 0 0)
(4762.47900747902 0 0)
(4791.84986593842 0 0)
(4820.94815842359 0 0)
(4849.8827421566 0 0)
(4878.83415314271 0 0)
(4907.66374372558 0 0)
(4936.35934619957 0 0)
(4964.72651863115 0 0)
(4993.46325520498 0 0)
(5020.32684841851 0 0)
(5061.00170750958 0 0)
)
;

boundaryField
{
    electrode
    {
        type            zeroGradient;
    }
    ground
    {
        type            zeroGradient;
    }
    otherfaces
    {
        type            empty;
    }
}


// ************************************************************************* //
