/*--------------------------------*- C++ -*----------------------------------*\
| =========                 |                                                 |
| \\      /  F ield         | foam-extend: Open Source CFD                    |
|  \\    /   O peration     | Version:     4.1                                |
|   \\  /    A nd           | Web:         http://www.foam-extend.org         |
|    \\/     M anipulation  |                                                 |
\*---------------------------------------------------------------------------*/
FoamFile
{
    version     2.0;
    format      ascii;
    class       volScalarField;
    location    "1.50100000171593e-05";
    object      eCollisionFrequencyMean;
}
// * * * * * * * * * * * * * * * * * * * * * * * * * * * * * * * * * * * * * //

dimensions      [0 0 -1 0 0 0 0];

internalField   nonuniform List<scalar> 
500
(
15448637437.6153
15527111500.5543
15583765589.2678
15637670697.7932
15673967062.7241
15699379641.8091
15718544115.8071
15733001078.9894
15744885592.5177
15755082604.3854
15762644783.6744
15768371866.2616
15772307147.362
15774742183.5515
15776281334.5893
15777475251.5137
15778588473.9559
15779752405.7915
15780945395.8305
15782115331.3581
15783197011.3363
15784200748.1669
15785141247.2425
15786055082.8849
15786934610.7859
15787839132.3385
15788893908.9125
15790049773.809
15791294733.65
15792550558.2577
15793686192.6466
15794731510.4594
15795728507.2523
15796672050.3779
15797578213.1761
15798445791.3535
15799271716.1552
15800062917.4249
15800816346.2284
15801523186.0099
15802181131.7539
15802802305.1364
15803392485.237
15803951821.8
15804480550.0021
15804979365.4935
15805449462.7993
15805891912.1424
15806308356.0585
15806699744.4954
15807067494.1873
15807413110.9789
15807738664.0081
15808046103.7044
15808336298.4972
15808609376.9531
15808863509.3226
15809099182.6503
15809316691.3629
15809516810.9503
15809700278.0815
15809867783.7475
15810019933.8708
15810157407.2359
15810280830.6262
15810390712.7085
15810487599.5651
15810571959.1913
15810644370.8685
15810705233.427
15810755103.2497
15810794426.944
15810823589.0076
15810842972.3656
15810852934.6842
15810853774.4937
15810845777.47
15810829193.7891
15810804218.7977
15810771073.3784
15810729679.8842
15810680137.467
15810622924.8134
15810558194.9866
15810486412.407
15810409043.3454
15810326523.0177
15810239229.4788
15810147685.3779
15810052146.9095
15809952841.5597
15809849907.0741
15809743519.9976
15809633898.2564
15809521178.1104
15809405535.6206
15809287150.5838
15809166153.0468
15809042663.6146
15808916832.4611
15808788857.9754
15808658920.6562
15808527076.3403
15808393394.093
15808257933.8156
15808120746.8233
15807981919.9128
15807841537.3721
15807699698.2367
15807556469.7009
15807411901.3973
15807266021.0108
15807118880.8434
15806970514.8913
15806820972.4292
15806670268.3873
15806518404.8584
15806365347.7818
15806210974.1566
15806054986.932
15805897557.4215
15805738805.0423
15805578761.976
15805417379.6329
15805254988.211
15805092481.2611
15804930104.2172
15804767915.4755
15804606140.9192
15804444954.4681
15804284385.6372
15804124466.6189
15803965252.9804
15803806793.9977
15803649135.1903
15803492301.5575
15803336328.5655
15803181261.7419
15803027132.6162
15802873968.081
15802721802.4659
15802570665.1897
15802420580.4607
15802271566.9384
15802123632.2838
15801976745.7526
15801830970.0576
15801686368.3618
15801542989.6132
15801400885.8347
15801260092.301
15801120653.4051
15800982608.4267
15800846001.7346
15800710874.2107
15800577252.2607
15800445190.1281
15800314722.3223
15800185892.4136
15800058745.6962
15799933336.2618
15799809703.4607
15799687907.0054
15799568010.6002
15799450079.6867
15799334190.2071
15799220431.228
15799108917.5146
15798999836.9157
15798893533.4564
15798789888.314
15798688829.5583
15798590369.8456
15798494568.9391
15798401533.3776
15798311296.6485
15798223332.5929
15798137053.0273
15798052410.6416
15797969398.556
15797887899.1332
15797807745.7329
15797728941.5007
15797651507.9889
15797575486.551
15797500876.4212
15797427682.2902
15797355892.5473
15797285532.2829
15797216612.0947
15797149147.8464
15797083168.4689
15797018680.2673
15796955694.0922
15796894215.0008
15796834243.2984
15796775794.6685
15796718864.9829
15796663465.578
15796609602.8414
15796557278.4669
15796506493.8082
15796457252.3285
15796409560.6715
15796363419.1355
15796318831.2009
15796275788.2137
15796234293.8603
15796194348.8128
15796155963.0197
15796119117.4389
15796083809.765
15796050034.9941
15796017783.2882
15795987037.2616
15795957774.1517
15795929968.1319
15795903566.5847
15795878523.5346
15795854782.0938
15795832276.4285
15795810922.3632
15795790657.2433
15795771391.6649
15795753022.0154
15795735408.9143
15795718323.1162
15795701448.5482
15795684538.0828
15795667485.9744
15795650591.5305
15795634023.7088
15795617817.9277
15795601930.1573
15795586288.6915
15795571043.9292
15795556217.2425
15795542015.5517
15795528590.4905
15795516013.9418
15795504362.1107
15795493709.4579
15795484103.2141
15795475607.3635
15795468254.2927
15795462080.3265
15795457105.1826
15795453347.5801
15795450841.0649
15795449646.6852
15795449614.4535
15795450744.5596
15795453184.7615
15795456867.8691
15795461777.6666
15795467885.8694
15795475160.7215
15795483590.7296
15795493117.9687
15795503701.3123
15795515277.6316
15795527785.2626
15795541143.2237
15795555270.7984
15795570025.5417
15795585188.0916
15795600744.457
15795616554.6507
15795632677.2316
15795649168.1109
15795665982.5241
15795682955.5604
15795699793.5479
15795716591.1418
15795733595.477
15795751127.6364
15795769412.2967
15795788597.3836
15795808786.3388
15795830054.8523
15795852493.782
15795876161.0825
15795901133.1295
15795927472.1528
15795955232.9136
15795984452.7667
15796015161.6851
15796047381.305
15796081125.4891
15796116408.2987
15796153240.5589
15796191620.4684
15796231544.0546
15796273019.6571
15796316045.2456
15796360624.1299
15796406744.4666
15796454414.1688
15796503627.5532
15796554388.3403
15796606692.0853
15796660536.4513
15796715917.3705
15796772829.0628
15796831270.6648
15796891230.1848
15796952714.7775
15797015715.6376
15797080225.0786
15797146237.8078
15797213745.4678
15797282719.2259
15797353134.9499
15797424981.6663
15797498249.9857
15797572926.5105
15797649026.0586
15797726545.0093
15797805433.3957
15797885672.2763
15797967259.774
15798050351.687
15798135074.0648
15798221421.5141
15798309466.3369
15798399779.656
15798492879.276
15798588755.8153
15798687293.7412
15798788437.5319
15798892178.9043
15798998587.3267
15799107788.322
15799219418.8757
15799333309.3447
15799449337.7992
15799567417.437
15799687474.5246
15799809435.0329
15799933237.7551
15800058828.5093
15800186159.0987
15800315185.8278
15800445856.5262
15800578132.3912
15800711978.4489
15800847359.6125
15800984226.7175
15801122527.7134
15801262234.811
15801403303.6136
15801545698.0438
15801689363.1719
15801834258.1327
15801980331.8286
15802127520.7023
15802275765.828
15802425089.193
15802575481.0365
15802726918.9846
15802879377.036
15803032831.6515
15803187240.4751
15803342589.652
15803498845.7066
15803655956.788
15803813894.8521
15803972649.9368
15804132177.0273
15804292433.4779
15804453364.462
15804614930.765
15804777102.377
15804939700.2074
15805102487.8063
15805265394.0284
15805428185.2478
15805589965.2896
15805750401.5203
15805909551.1
15806067388.5557
15806223800.8279
15806378602.1394
15806532083.1967
15806684341.0998
15806835409.7222
15806985306.5854
15807134029.3815
15807281549.5537
15807427805.0633
15807572718.456
15807716284.5497
15807858428.3364
15807999079.372
15808138182.7975
15808275652.2624
15808411447.3664
15808545452.7531
15808677570.7624
15808807687.9706
15808935753.014
15809061616
15809185100.4033
15809306095.3575
15809424405.2621
15809539885.8694
15809652369.1472
15809761667.9814
15809867652.5956
15809970144.8161
15810068906.6923
15810163761.712
15810254495.9521
15810340906.3487
15810422438.0271
15810498709.8341
15810569296.9424
15810632793.8001
15810688756.9331
15810737049.7167
15810777193.5507
15810809086.6275
15810832834.1076
15810848259.5025
15810855171.8502
15810853353.9064
15810842494.1282
15810822310.6674
15810792499.2591
15810752688.0206
15810702472.7385
15810641482.4945
15810569235.2758
15810485330.9823
15810389132.2063
15810280327.3991
15810158317.4035
15810022644.9718
15809872617.4401
15809707610.3548
15809526962.7092
15809329836.4761
15809115412.2388
15808882813.5415
15808631722.14
15808361749.7577
15808074642.9126
15807770224.9657
15807447590.7893
15807104862.0862
15806739876.2257
15806351069.6065
15805936965.3132
15805496702.9642
15805028601.1694
15804531474.6341
15804004235.6516
15803446010.0337
15802856640.9695
15802235813.3541
15801577796.223
15800870523.5435
15800116280.4107
15799323952.3461
15798496701.0223
15797627554.8091
15796719524.9076
15795773949.8026
15794774842.0692
15793727418.2768
15792589705.872
15791331786.14
15790084623.3252
15788926605.1939
15787869760.5511
15786963284.5155
15786081825.5457
15785166252.5513
15784224169.3898
15783218971.8009
15782136071.8917
15780965200.6508
15779771548.6158
15778607271.1067
15777494399.8651
15776301455.7997
15774763830.4438
15772330600.5835
15768397622.3944
15762673493.1409
15755114327.3628
15744921985.9383
15733038239.5388
15718575628.3482
15699404404.2616
15673993431.5301
15637686509.8153
15583768316.8979
15527118414.3645
15448650289.8428
)
;

boundaryField
{
    electrode
    {
        type            calculated;
        value           uniform 15448637437.6153;
    }
    ground
    {
        type            calculated;
        value           uniform 15448650289.8428;
    }
    otherfaces
    {
        type            empty;
    }
}


// ************************************************************************* //
