/*--------------------------------*- C++ -*----------------------------------*\
| =========                 |                                                 |
| \\      /  F ield         | foam-extend: Open Source CFD                    |
|  \\    /   O peration     | Version:     4.1                                |
|   \\  /    A nd           | Web:         http://www.foam-extend.org         |
|    \\/     M anipulation  |                                                 |
\*---------------------------------------------------------------------------*/
FoamFile
{
    version     2.0;
    format      ascii;
    class       volScalarField;
    location    "1.49999999935008e-05";
    object      eCollisionFrequency;
}
// * * * * * * * * * * * * * * * * * * * * * * * * * * * * * * * * * * * * * //

dimensions      [0 0 -1 0 0 0 0];

internalField   nonuniform List<scalar> 
500
(
14328537648.7727
13854232674.4515
13610016108.9319
13467878481.485
13385076085.8766
13344759650.006
13339007154.7986
13362161219.1275
13409610533.6922
13474821008.5732
13555036567.7549
13645462770.4589
13743474047.7469
13846031694.806
13950241255.2883
14051493357.8854
14146404198.1979
14242251629.5568
14333502638.3242
14415155311.4179
14491715269.5822
14563251172.2132
14629943143.9483
14685941775.4393
14738013846.4505
14787153889.1385
14837019124.2345
14883267874.8356
14926147076.8471
14964427362.8929
14998864487.2808
15030599871.9389
15059787624.5338
15086610829.2841
15110456548.2909
15131643806.7087
15150967894.7256
15168587770.597
15184764003.5002
15199640098.8532
15213237183.1591
15225588547.3259
15236817763.1549
15247074913.4048
15257124924.0417
15266313367.9297
15274683930.9988
15282282040.9636
15289154826.6015
15295376456.3963
15301010096.1852
15306101457.3698
15310692683.3972
15314819763.855
15318522674.8031
15321827539.2153
15324761864.6897
15327349435.3706
15329615391.9265
15331587497.6949
15333288479.8871
15334736014.5663
15335954196.0202
15336959500.9123
15337765881.3032
15338389863.5602
15338845440.9529
15339142793.1745
15339297216.6875
15339318912.8021
15339218090.2016
15339004963.2435
15338689750.3966
15338280120.6701
15337785021.1085
15337213399.516
15336566548.7927
15335859795.9849
15335093157.6621
15334274304.2192
15333407078.1767
15332500421.7243
15331556898.7725
15330581622.1126
15329575878.5087
15328548601.138
15327497250.1296
15326434576.4156
15325356762.97
15324268911.1733
15323173572.4495
15322072023.4181
15320968086.3666
15319864308.3784
15318763235.0699
15317663592.666
15316571742.8894
15315483865.5981
15314406319.6381
15313339100.681
15312282204.4408
15311238169.824
15310209534.4079
15309195020.7777
15308195894.4167
15307210878.4192
15306247591.8392
15305299673.5472
15304370929.1596
15303461351.7169
15302572204.5411
15301702210.5368
15300851363.1883
15300024734.9772
15299215970.169
15298431410.3554
15297668509.4568
15296925991.8053
15296205120.5556
15295507158.5614
15294832099.5599
15294176131.2647
15293544323.3222
15292935401.2139
15292346822.5991
15291782387.8226
15291238286.7747
15290715783.2879
15290214872.9382
15289734283.4787
15289276546.9403
15288839123.5051
15288423277.4771
15288027737.6138
15287651233.104
15287296296.3398
15286961656.7716
15286646044.2405
15286346921.5012
15286070623.609
15285812078.6644
15285570017.5507
15285348240.5377
15285144211.3695
15284959195.8391
15284789391.0065
15284637330.1795
15284500478.0219
15284380100.8352
15284278732.0433
15284191302.5403
15284117811.8478
15284060793.6939
15284017713.5931
15283991105.4169
15283975900.7863
15283975900.7863
15283988571.3097
15284015179.4771
15284056992.4988
15284106408.183
15284172296.259
15284248321.668
15284334484.7125
15284434587.1164
15284543560.8443
15284665207.7713
15284795726.94
15284937653.226
15285089720.0288
15285250660.6907
15285420475.7724
15285601700.5065
15285787998.9432
15285984440.989
15286188492.5891
15286401421.8061
15286621961.8918
15286850113.5045
15287084609.7588
15287326718.8452
15287575173.8384
15287831243.0475
15288092391.769
15288358620.5231
15288632465.4867
15288911391.7379
15289194131.9157
15289483222.3714
15289777395.8114
15290075384.759
15290380993.9992
15290687883.6206
15290998590.208
15291313114.2262
15291632724.4664
15291954884.8163
15292282132.4545
15292610662.5824
15292941743.9026
15293276645.3393
15293612830.0939
15293951567.0404
15294294125.2795
15294637967.684
15294984363.3031
15295330774.6129
15295682277.5849
15296032527.6618
15296382793.7795
15296736883.4422
15297090989.4986
15297445111.9498
15297801789.486
15298157214.2515
15298515194.4588
15298871921.8977
15299229935.5548
15299585426.6864
15299942204.0385
15300300267.79
15300657078.4826
15301012635.94
15301368209.9226
15301723800.4318
15302076867.3597
15302429950.581
15302780509.7545
15303132355.2194
15303481676.2888
15303829742.9611
15304176555.0638
15304522112.4254
15304863873.8406
15305206921.0934
15305544901.2033
15305882896.2405
15306217093.9804
15306550035.5178
15306879178.9842
15307207065.7004
15307532424.5436
15307852713.164
15308174286.2542
15308488246.1393
15308802218.9028
15309112390.8774
15309417490.3273
15309721330.6146
15310020097.4684
15310315061.7159
15310607494.3875
15310894852.155
15311177134.4465
15311456883.9229
15311731556.9909
15312002424.8057
15312268215.2162
15312530199.4832
15312785833.55
15313037660.5282
15313284408.1265
15313526075.8532
15313760119.2379
15313991625.7106
15314214234.6893
15314433033.8206
15314646750.6357
15314851568.1809
15315052574.5765
15315244680.5564
15315432974.538
15315612367.0299
15315786674.3985
15315953351.5785
15316109853.3018
15316261268.5821
15316405052.2498
15316541203.8748
15316667178.095
15316788064.396
15316898772.472
15317001846.9468
15317093469.8668
15317178731.0687
15317252540.0398
15317318714.2048
15317374708.1757
15317420521.7291
15317458699.8996
15317482879.506
15317498150.8757
15317501968.7229
15317495605.6453
15317477789.0562
15317447246.4285
15317405250.5142
15317353074.093
15317285627.0508
15317206727.4912
15317115103.2162
15317012027.2171
15316894954.9255
15316761341.9968
15316617551.6397
15316455949.7703
15316280354.7543
15316093312.3181
15315887189.2103
15315667076.2147
15315430429.9939
15315179796.5407
15314911360.6713
15314627668.5347
15314323633.4734
15314004346.0494
15313668536.1919
15313312390.3149
15312938454.9723
15312548004.5646
15312135954.7198
15311704852.2323
15311255971.9008
15310784230.8525
15310294718.9891
15309782354.3861
15309249684.125
15308695441.2951
15308120901.6439
15307520985.9122
15306902054.3458
15306257757.8192
15305591914.6568
15304900718.9195
15304187988.6975
15303451189.4512
15302687787.8311
15301897791.8097
15301085019.3039
15300246938.084
15299382286.874
15298491074.6986
15297573310.8577
15296627735.7769
15295655628.7791
15294655731.1802
15293628053.9043
15292571339.6999
15291486868.9296
15290372117.21
15289229633.6635
15288055627.5745
15286853916.0891
15285620710.343
15284358559.8544
15283064945.211
15281739882.443
15280384654.4221
15278998011.0333
15277578703.4552
15276129281.4636
15274647231.2642
15273135102.4377
15271589117.9386
15270009298.4183
15268399458.3829
15266755824.3299
15265079682.1152
15263371053.2687
15261631223.0791
15259856423.8481
15258050468.3808
15256209591.5894
15254337605.3314
15252435794.4996
15250496612.5317
15248527655.1953
15246569293.0564
15244673200.2439
15242746073.2976
15240789195.8343
15238802590.9564
15236788800.5872
15234747846.4857
15232677233.5749
15230578244.4754
15228453418.6029
15226304035.3322
15224125087.1182
15221924140.3042
15219697444.9918
15217446280.102
15215171923.3074
15212876906.2824
15210559993.1231
15208221204.1527
15205864322.2762
15203489364.6503
15201096348.5549
15198686544.3429
15196263725.9892
15193827906.3057
15191380349.9118
15188921068.528
15186455077.6584
15183982384.2262
15181504245.2879
15179021916.2794
15176539149.6089
15174059692.781
15171582294.4647
15169109449.1956
15166648638.9508
15164196110.6
15161759337.7039
15159342044.8675
15156944213.8322
15154568317.8669
15152221808.4984
15149903413.8542
15147620575.721
15145378238.9767
15143178855.5847
15141028605.7152
15138931177.1321
15136891497.315
15134918217.0183
15133012526.6689
15131184310.1534
15129438477.7229
15127783661.5025
15126227248.0807
15124776621.5834
15123439164.6738
15122225980.749
15121146931.6294
15120211880.2801
15119430692.6281
15118820678.4035
15118389234.6483
15118152446.9615
15118122694.0594
15118319809.2176
15118752488.8153
15119444331.7201
15120417730.4641
15121700080.1016
15123317589.4111
15125294050.0949
15127664498.9143
15130457865.7825
15133709402.0915
15137447041.1886
15141702591.727
15146527944.6923
15152000148.2618
15158197870.7739
15165197734.1334
15173050654.6888
15181778026.1347
15191440433.9253
15202206895.1305
15214282961.4731
15227750306.0381
15242598628.4519
15259808427.8939
15279285449.7604
15300869141.1202
15324661233.3595
15350844390.5791
15379587743.4793
15411000741.2732
15443158044.7367
15478119729.5253
15515898217.934
15556492968.1267
15599876848.9346
15645916901.358
15694354812.8592
15744919365.9303
15797359160.1207
15851495856.6785
15906352071.4498
15961692921.6806
16019329665.0452
16079173331.4151
16142628397.5239
16213313371.4611
16298509522.1611
16395221838.2413
16502002353.5038
16620912080.324
16763981746.3424
16933599732.0241
17124835915.9997
17342970921.4935
17599800919.927
17890396385.9204
18244354839.304
18698822780.6254
)
;

boundaryField
{
    electrode
    {
        type            zeroGradient;
    }
    ground
    {
        type            zeroGradient;
    }
    otherfaces
    {
        type            empty;
    }
}


// ************************************************************************* //
