/*--------------------------------*- C++ -*----------------------------------*\
| =========                 |                                                 |
| \\      /  F ield         | foam-extend: Open Source CFD                    |
|  \\    /   O peration     | Version:     4.1                                |
|   \\  /    A nd           | Web:         http://www.foam-extend.org         |
|    \\/     M anipulation  |                                                 |
\*---------------------------------------------------------------------------*/
FoamFile
{
    version     2.0;
    format      ascii;
    class       volVectorField;
    location    "1.50099999934947e-05";
    object      EFieldMean;
}
// * * * * * * * * * * * * * * * * * * * * * * * * * * * * * * * * * * * * * //

dimensions      [1 1 -3 0 0 -1 0];

internalField   nonuniform List<vector> 
500
(
(-670037.415834138 0 0)
(-656974.920427291 0 0)
(-643780.329063387 0 0)
(-630476.487355239 0 0)
(-617065.799048474 0 0)
(-603546.497324504 0 0)
(-589924.845528754 0 0)
(-576200.081965542 0 0)
(-562379.770866052 0 0)
(-548467.405585931 0 0)
(-534472.074609733 0 0)
(-520399.8504711 0 0)
(-506260.963743924 0 0)
(-492064.587554703 0 0)
(-477823.630567298 0 0)
(-463550.918702906 0 0)
(-449261.457838456 0 0)
(-434969.317166595 0 0)
(-420689.822069785 0 0)
(-406438.303344334 0 0)
(-392232.532127751 0 0)
(-378090.900476089 0 0)
(-364033.236902927 0 0)
(-350080.450878732 0 0)
(-336255.577643641 0 0)
(-322582.766658315 0 0)
(-309086.193203634 0 0)
(-295788.501546365 0 0)
(-282713.095944947 0 0)
(-269885.136284417 0 0)
(-257331.632615373 0 0)
(-245080.154271205 0 0)
(-233156.164406362 0 0)
(-221581.432283713 0 0)
(-210376.623683931 0 0)
(-199562.171675535 0 0)
(-189156.911980177 0 0)
(-179174.9932726 0 0)
(-169626.924884227 0 0)
(-160521.637306227 0 0)
(-151864.615634616 0 0)
(-143654.626284232 0 0)
(-135886.313902501 0 0)
(-128553.913335605 0 0)
(-121647.93753343 0 0)
(-115154.758226692 0 0)
(-109061.593655344 0 0)
(-103355.718552461 0 0)
(-98019.0304153627 0 0)
(-93031.8385992807 0 0)
(-88376.8972988328 0 0)
(-84033.6849971522 0 0)
(-79980.1865095017 0 0)
(-76198.9229993792 0 0)
(-72674.858299263 0 0)
(-69390.5827435786 0 0)
(-66328.9187961438 0 0)
(-63476.214565099 0 0)
(-60818.0831879665 0 0)
(-58335.4747832186 0 0)
(-56009.8579866402 0 0)
(-53829.5775008692 0 0)
(-51789.2950655402 0 0)
(-49885.0579988915 0 0)
(-48107.7473322942 0 0)
(-46444.85570212 0 0)
(-44884.9351727505 0 0)
(-43417.6753786994 0 0)
(-42034.5035122086 0 0)
(-40729.1451481285 0 0)
(-39497.6549553007 0 0)
(-38336.9351405332 0 0)
(-37242.5813144526 0 0)
(-36209.1693738713 0 0)
(-35231.6865479534 0 0)
(-34305.4767290356 0 0)
(-33426.3360863614 0 0)
(-32590.6913940155 0 0)
(-31795.8320092322 0 0)
(-31039.7087940371 0 0)
(-30320.2538495466 0 0)
(-29634.7410313064 0 0)
(-28980.2810779281 0 0)
(-28354.3691284804 0 0)
(-27754.9139034736 0 0)
(-27180.1073934624 0 0)
(-26628.3346918256 0 0)
(-26098.1116651541 0 0)
(-25588.0918371865 0 0)
(-25097.0257001691 0 0)
(-24623.7960805556 0 0)
(-24167.3853756039 0 0)
(-23726.8569419813 0 0)
(-23301.2614758838 0 0)
(-22889.7046316674 0 0)
(-22491.5066779674 0 0)
(-22106.2864484698 0 0)
(-21733.5151845976 0 0)
(-21372.1557429449 0 0)
(-21021.1830643326 0 0)
(-20679.9852825529 0 0)
(-20348.0541214683 0 0)
(-20024.9369312727 0 0)
(-19710.1997067302 0 0)
(-19403.4476821124 0 0)
(-19104.2984007745 0 0)
(-18812.4052887636 0 0)
(-18527.4323980006 0 0)
(-18249.0762590431 0 0)
(-17977.0406110203 0 0)
(-17711.058244997 0 0)
(-17450.8666405968 0 0)
(-17196.2294466737 0 0)
(-16946.9128518834 0 0)
(-16702.7069237085 0 0)
(-16463.4026198031 0 0)
(-16228.8127349696 0 0)
(-15998.7495335926 0 0)
(-15773.0455790474 0 0)
(-15551.531711247 0 0)
(-15334.0575754094 0 0)
(-15120.4701934628 0 0)
(-14910.6341850445 0 0)
(-14704.4107471814 0 0)
(-14501.6777449507 0 0)
(-14302.3089979289 0 0)
(-14106.1941585675 0 0)
(-13913.2183316033 0 0)
(-13723.2817229412 0 0)
(-13536.2795787194 0 0)
(-13352.1215776961 0 0)
(-13170.7118337244 0 0)
(-12991.9681633775 0 0)
(-12815.8024915029 0 0)
(-12642.1400042544 0 0)
(-12470.8995128036 0 0)
(-12302.0125808172 0 0)
(-12135.4041963003 0 0)
(-11971.0117315514 0 0)
(-11808.7657154954 0 0)
(-11648.608723917 0 0)
(-11490.4761996125 0 0)
(-11334.3153241542 0 0)
(-11180.0660228946 0 0)
(-11027.6798087953 0 0)
(-10877.1007508394 0 0)
(-10728.2842817893 0 0)
(-10581.1781913405 0 0)
(-10435.7414436588 0 0)
(-10291.9251465094 0 0)
(-10149.6914172996 0 0)
(-10008.9943622221 0 0)
(-9869.79899636667 0 0)
(-9732.06216278163 0 0)
(-9595.75144078867 0 0)
(-9460.82604569383 0 0)
(-9327.25598113904 0 0)
(-9195.00276067847 0 0)
(-9064.03857673583 0 0)
(-8934.32697360857 0 0)
(-8805.84215405981 0 0)
(-8678.549503472 0 0)
(-8552.42507240038 0 0)
(-8427.43596365239 0 0)
(-8303.55991131525 0 0)
(-8180.76557940697 0 0)
(-8059.03235635533 0 0)
(-7938.3302774301 0 0)
(-7818.64013355245 0 0)
(-7699.93326561583 0 0)
(-7582.19184816913 0 0)
(-7465.38848366738 0 0)
(-7349.50667945272 0 0)
(-7234.52003970739 0 0)
(-7120.41317017099 0 0)
(-7007.16075142548 0 0)
(-6894.74864774534 0 0)
(-6783.15232514282 0 0)
(-6672.35866437343 0 0)
(-6562.34411296876 0 0)
(-6453.09646425736 0 0)
(-6344.59288644728 0 0)
(-6236.82220091412 0 0)
(-6129.76222899983 0 0)
(-6023.40271570134 0 0)
(-5917.72216842537 0 0)
(-5812.71107976225 0 0)
(-5708.34852418647 0 0)
(-5604.62585324094 0 0)
(-5501.52267454705 0 0)
(-5399.03107910724 0 0)
(-5297.13120220864 0 0)
(-5195.81579326596 0 0)
(-5095.06543073537 0 0)
(-4994.87348568659 0 0)
(-4895.22113853954 0 0)
(-4796.102309882 0 0)
(-4697.49851366753 0 0)
(-4599.40417001823 0 0)
(-4501.80148331309 0 0)
(-4404.68507270291 0 0)
(-4308.03775419537 0 0)
(-4211.85446590404 0 0)
(-4116.11858244066 0 0)
(-4020.82516511766 0 0)
(-3925.95839234218 0 0)
(-3831.51310969487 0 0)
(-3737.47457302082 0 0)
(-3643.83727577445 0 0)
(-3550.58750396039 0 0)
(-3457.71910250432 0 0)
(-3365.21959707463 0 0)
(-3273.08203206694 0 0)
(-3181.29453184866 0 0)
(-3089.84948793244 0 0)
(-2998.73989726043 0 0)
(-2907.96064990042 0 0)
(-2817.50403939406 0 0)
(-2727.35945788584 0 0)
(-2637.52193619125 0 0)
(-2547.97896512779 0 0)
(-2458.72644444362 0 0)
(-2369.7519566678 0 0)
(-2281.05138192947 0 0)
(-2192.60645051968 0 0)
(-2104.38919649566 0 0)
(-2016.20322862696 0 0)
(-1928.08299321959 0 0)
(-1840.66213052797 0 0)
(-1753.73887025953 0 0)
(-1667.08186778293 0 0)
(-1580.55864087918 0 0)
(-1494.20143970226 0 0)
(-1408.00599569457 0 0)
(-1321.97306289683 0 0)
(-1236.08725094932 0 0)
(-1150.34454163539 0 0)
(-1064.72916956769 0 0)
(-979.236089762945 0 0)
(-893.850353622558 0 0)
(-808.566461766336 0 0)
(-723.370377525332 0 0)
(-638.256331920974 0 0)
(-553.211157646734 0 0)
(-468.229116848821 0 0)
(-383.298315001292 0 0)
(-298.414444547708 0 0)
(-213.568289018868 0 0)
(-128.726145088944 0 0)
(-43.7218957388043 0 0)
(40.7782822764164 0 0)
(125.778069065087 0 0)
(210.622815020409 0 0)
(295.469295755991 0 0)
(380.35292036471 0 0)
(465.283928848049 0 0)
(550.265802635229 0 0)
(635.311262328048 0 0)
(720.425190342791 0 0)
(805.621612184593 0 0)
(890.905414216657 0 0)
(976.291511363989 0 0)
(1061.78453075384 0 0)
(1147.40028660426 0 0)
(1233.14294013269 0 0)
(1319.02914566761 0 0)
(1405.06204125308 0 0)
(1491.2579252325 0 0)
(1577.61522820417 0 0)
(1664.13927799525 0 0)
(1750.79733666316 0 0)
(1837.71482655238 0 0)
(1925.13470672844 0 0)
(2013.25402230722 0 0)
(2101.44210777572 0 0)
(2189.66042017441 0 0)
(2278.10503301484 0 0)
(2366.80621056355 0 0)
(2455.78040597673 0 0)
(2545.03362654078 0 0)
(2634.57636231003 0 0)
(2724.41454899866 0 0)
(2814.55899415005 0 0)
(2905.01602300247 0 0)
(2995.79481564013 0 0)
(3086.90453544954 0 0)
(3178.34969612118 0 0)
(3270.13817353056 0 0)
(3362.27639185202 0 0)
(3454.77705900717 0 0)
(3547.64621489303 0 0)
(3640.89731213288 0 0)
(3734.53555688785 0 0)
(3828.57550538735 0 0)
(3923.0219083822 0 0)
(4017.89017227463 0 0)
(4113.18495840107 0 0)
(4208.9224937096 0 0)
(4305.10734854732 0 0)
(4401.75647478043 0 0)
(4498.87460643188 0 0)
(4596.4792889438 0 0)
(4694.57553097337 0 0)
(4793.1814799058 0 0)
(4892.30245981047 0 0)
(4991.95706410716 0 0)
(5092.151257182 0 0)
(5192.90407158746 0 0)
(5294.22195363719 0 0)
(5396.12439904022 0 0)
(5498.61858740536 0 0)
(5601.72447471634 0 0)
(5705.44992173956 0 0)
(5809.81534458309 0 0)
(5914.82936946301 0 0)
(6020.51295608989 0 0)
(6126.8755582038 0 0)
(6233.93869108867 0 0)
(6341.71265737631 0 0)
(6450.21959139071 0 0)
(6559.47068257782 0 0)
(6669.4887686984 0 0)
(6780.2859991753 0 0)
(6891.88598027672 0 0)
(7004.3018323598 0 0)
(7117.55802738376 0 0)
(7231.6687230298 0 0)
(7346.65925225739 0 0)
(7462.54501615675 0 0)
(7579.35231888557 0 0)
(7697.09763813818 0 0)
(7815.80842893003 0 0)
(7935.502525582 0 0)
(8056.20857097588 0 0)
(8177.94578152774 0 0)
(8300.74406851699 0 0)
(8424.62404585531 0 0)
(8549.61706161016 0 0)
(8675.74536468914 0 0)
(8803.04184881317 0 0)
(8931.53047177878 0 0)
(9061.24582682279 0 0)
(9192.21372335285 0 0)
(9324.47060543487 0 0)
(9458.04429355455 0 0)
(9592.9732658108 0 0)
(9729.28752508729 0 0)
(9867.02778893448 0 0)
(10006.226449268 0 0)
(10146.9266739284 0 0)
(10289.1634548908 0 0)
(10432.9826593815 0 0)
(10578.4222263892 0 0)
(10725.5310494156 0 0)
(10874.3500891679 0 0)
(11024.9314714764 0 0)
(11177.3197608795 0 0)
(11331.5708771061 0 0)
(11487.7332797787 0 0)
(11645.8669704758 0 0)
(11806.0247016851 0 0)
(11968.2710080494 0 0)
(12132.663415562 0 0)
(12299.271462156 0 0)
(12468.157782101 0 0)
(12639.3973489303 0 0)
(12813.0585781148 0 0)
(12989.2226254971 0 0)
(13167.964360836 0 0)
(13349.3718094531 0 0)
(13533.5270370836 0 0)
(13720.5258427278 0 0)
(13910.4585616242 0 0)
(14103.42994085 0 0)
(14299.5397092735 0 0)
(14498.9027116866 0 0)
(14701.6292829341 0 0)
(14907.8455741078 0 0)
(15117.6737152118 0 0)
(15331.252434917 0 0)
(15548.7170818147 0 0)
(15770.2206177799 0 0)
(15995.9133454074 0 0)
(16225.9643943042 0 0)
(16460.5412061353 0 0)
(16699.8314382542 0 0)
(16944.0222030438 0 0)
(17193.3224921316 0 0)
(17447.9422328443 0 0)
(17708.1151952753 0 0)
(17974.077677395 0 0)
(18246.0921302688 0 0)
(18524.4257388229 0 0)
(18809.3747492947 0 0)
(19101.2425678109 0 0)
(19400.3650106567 0 0)
(19707.0885903428 0 0)
(20021.7957994765 0 0)
(20344.8814946375 0 0)
(20676.7797349882 0 0)
(21017.9431944494 0 0)
(21368.8800899824 0 0)
(21730.2017978534 0 0)
(22102.9327795723 0 0)
(22488.1108862484 0 0)
(22886.265848285 0 0)
(23297.778637564 0 0)
(23723.3284995001 0 0)
(24163.809729062 0 0)
(24620.1718370431 0 0)
(25093.351554829 0 0)
(25584.366386835 0 0)
(26094.3334081505 0 0)
(26624.5021221288 0 0)
(27176.2190905837 0 0)
(27750.9685438886 0 0)
(28350.3654641754 0 0)
(28976.2178431792 0 0)
(29630.6166665588 0 0)
(30316.0665505249 0 0)
(31035.4569773825 0 0)
(31791.5149557631 0 0)
(32586.3091894058 0 0)
(33421.8887746243 0 0)
(34300.9639558921 0 0)
(35227.1077229894 0 0)
(36204.5239505596 0 0)
(37237.8689530052 0 0)
(38332.1557706207 0 0)
(39492.8094414779 0 0)
(40724.2368208373 0 0)
(42029.5369764706 0 0)
(43412.6537886074 0 0)
(44879.859777099 0 0)
(46439.7267138515 0 0)
(48102.5649373863 0 0)
(49879.822911367 0 0)
(51784.0096725268 0 0)
(53824.2502526192 0 0)
(56004.5012536128 0 0)
(58330.0978871434 0 0)
(60812.691025948 0 0)
(63470.8097214446 0 0)
(66323.5084584469 0 0)
(69385.1795907671 0 0)
(72669.4746147564 0 0)
(76193.5693715937 0 0)
(79974.8769365009 0 0)
(84028.4376296606 0 0)
(88371.7291934289 0 0)
(93026.7688400177 0 0)
(98014.0832900905 0 0)
(103350.920065564 0 0)
(109056.970497834 0 0)
(115150.341617274 0 0)
(121643.763298789 0 0)
(128550.018294633 0 0)
(135882.739104466 0 0)
(143651.418680644 0 0)
(151861.82444125 0 0)
(160519.314237613 0 0)
(169625.125515249 0 0)
(179173.775504197 0 0)
(189156.333762122 0 0)
(199562.291715185 0 0)
(210377.502057572 0 0)
(221583.128648367 0 0)
(233158.736488422 0 0)
(245083.657158239 0 0)
(257336.118957366 0 0)
(269890.65581719 0 0)
(282719.694437935 0 0)
(295796.220648986 0 0)
(309095.070328053 0 0)
(322592.835065693 0 0)
(336266.866192494 0 0)
(350092.98395987 0 0)
(364047.03463944 0 0)
(378105.97892738 0 0)
(392248.903339442 0 0)
(406455.975292124 0 0)
(420708.79888558 0 0)
(434989.600170431 0 0)
(449283.045785171 0 0)
(463573.807745136 0 0)
(477847.814130505 0 0)
(492090.056576251 0 0)
(506287.707197332 0 0)
(520427.856130719 0 0)
(534501.328944083 0 0)
(548497.893800373 0 0)
(562411.476754874 0 0)
(576232.988727407 0 0)
(589958.936513434 0 0)
(603581.756541294 0 0)
(617102.211162667 0 0)
(630514.037290568 0 0)
(643819.001671948 0 0)
(657014.700724133 0 0)
(670078.283251685 0 0)
)
;

boundaryField
{
    electrode
    {
        type            calculated;
        value           uniform (-676538.415109337 0 0);
    }
    ground
    {
        type            calculated;
        value           uniform (676579.819267586 0 0);
    }
    otherfaces
    {
        type            empty;
    }
}


// ************************************************************************* //
