/*--------------------------------*- C++ -*----------------------------------*\
| =========                 |                                                 |
| \\      /  F ield         | foam-extend: Open Source CFD                    |
|  \\    /   O peration     | Version:     4.1                                |
|   \\  /    A nd           | Web:         http://www.foam-extend.org         |
|    \\/     M anipulation  |                                                 |
\*---------------------------------------------------------------------------*/
FoamFile
{
    version     2.0;
    format      ascii;
    class       volVectorField;
    location    "1.50099999934947e-05";
    object      Flux_Arm;
}
// * * * * * * * * * * * * * * * * * * * * * * * * * * * * * * * * * * * * * //

dimensions      [0 -2 -1 0 0 0 0];

internalField   nonuniform List<vector> 
500
(
(-5.66623697830193e+17 -0 -0)
(-1.6991667363751e+18 -0 -0)
(-2.83082771928862e+18 -0 -0)
(-3.96128428919078e+18 -0 -0)
(-5.09000411284352e+18 -0 -0)
(-6.21658359008966e+18 -0 -0)
(-7.34044922811145e+18 -0 -0)
(-8.46113449831057e+18 -0 -0)
(-9.57802104461897e+18 -0 -0)
(-1.06905533872623e+19 -0 -0)
(-1.17980534831409e+19 -0 -0)
(-1.2899866544986e+19 -0 -0)
(-1.39952424619697e+19 -0 -0)
(-1.50834451925554e+19 -0 -0)
(-1.61636601723591e+19 -0 -0)
(-1.72350666275806e+19 -0 -0)
(-1.82967771437386e+19 -0 -0)
(-1.93478870993724e+19 -0 -0)
(-2.03874312594928e+19 -0 -0)
(-2.14144184959478e+19 -0 -0)
(-2.24278002548834e+19 -0 -0)
(-2.34264953182228e+19 -0 -0)
(-2.44093676461509e+19 -0 -0)
(-2.53752443184519e+19 -0 -0)
(-2.63228972737933e+19 -0 -0)
(-2.7251054038476e+19 -0 -0)
(-2.8158417031894e+19 -0 -0)
(-2.90436941542394e+19 -0 -0)
(-2.99055777224099e+19 -0 -0)
(-3.07427424307805e+19 -0 -0)
(-3.15538722205724e+19 -0 -0)
(-3.23377080624384e+19 -0 -0)
(-3.30930432741086e+19 -0 -0)
(-3.38187359826381e+19 -0 -0)
(-3.45137237089745e+19 -0 -0)
(-3.51770469139604e+19 -0 -0)
(-3.5807867513925e+19 -0 -0)
(-3.64054906030624e+19 -0 -0)
(-3.69693766980127e+19 -0 -0)
(-3.74991529608243e+19 -0 -0)
(-3.79946147905996e+19 -0 -0)
(-3.84557260254717e+19 -0 -0)
(-3.88826124410442e+19 -0 -0)
(-3.92755543062571e+19 -0 -0)
(-3.96349722041162e+19 -0 -0)
(-3.99614131716602e+19 -0 -0)
(-4.02555338049593e+19 -0 -0)
(-4.05180830666546e+19 -0 -0)
(-4.07498827308666e+19 -0 -0)
(-4.09518116859491e+19 -0 -0)
(-4.11247899232526e+19 -0 -0)
(-4.12697638063219e+19 -0 -0)
(-4.1387693002065e+19 -0 -0)
(-4.14795404636312e+19 -0 -0)
(-4.15462597708989e+19 -0 -0)
(-4.15887807165178e+19 -0 -0)
(-4.16079837610965e+19 -0 -0)
(-4.16047637312311e+19 -0 -0)
(-4.15800531385121e+19 -0 -0)
(-4.15347609254744e+19 -0 -0)
(-4.14697691777302e+19 -0 -0)
(-4.13859368132097e+19 -0 -0)
(-4.12840982089932e+19 -0 -0)
(-4.11650597021328e+19 -0 -0)
(-4.10295959892633e+19 -0 -0)
(-4.08784512037137e+19 -0 -0)
(-4.0712341391585e+19 -0 -0)
(-4.0531957474081e+19 -0 -0)
(-4.03379671964883e+19 -0 -0)
(-4.01310170026449e+19 -0 -0)
(-3.99117320511689e+19 -0 -0)
(-3.96807160583067e+19 -0 -0)
(-3.94385505068006e+19 -0 -0)
(-3.91857957639678e+19 -0 -0)
(-3.89229921421914e+19 -0 -0)
(-3.86506615217954e+19 -0 -0)
(-3.83693081697252e+19 -0 -0)
(-3.80794200489254e+19 -0 -0)
(-3.77814689583547e+19 -0 -0)
(-3.74759112271734e+19 -0 -0)
(-3.71631876483013e+19 -0 -0)
(-3.68437239263035e+19 -0 -0)
(-3.65179310351317e+19 -0 -0)
(-3.61862060751034e+19 -0 -0)
(-3.58489310017868e+19 -0 -0)
(-3.55064710080544e+19 -0 -0)
(-3.5159181722616e+19 -0 -0)
(-3.48074151176412e+19 -0 -0)
(-3.44515151218165e+19 -0 -0)
(-3.40918163509549e+19 -0 -0)
(-3.37286434142481e+19 -0 -0)
(-3.33623111618957e+19 -0 -0)
(-3.29931245232549e+19 -0 -0)
(-3.2621378935889e+19 -0 -0)
(-3.22473603279168e+19 -0 -0)
(-3.18713455768309e+19 -0 -0)
(-3.14936022932808e+19 -0 -0)
(-3.11143891405612e+19 -0 -0)
(-3.07339558032054e+19 -0 -0)
(-3.03525437555288e+19 -0 -0)
(-2.99703863165179e+19 -0 -0)
(-2.9587709015344e+19 -0 -0)
(-2.92047294998333e+19 -0 -0)
(-2.88216579182591e+19 -0 -0)
(-2.84386968271766e+19 -0 -0)
(-2.80560415240059e+19 -0 -0)
(-2.76738800239407e+19 -0 -0)
(-2.7292393391992e+19 -0 -0)
(-2.69117556077462e+19 -0 -0)
(-2.65321339829904e+19 -0 -0)
(-2.61536890817262e+19 -0 -0)
(-2.57765750142772e+19 -0 -0)
(-2.54009394321286e+19 -0 -0)
(-2.50269238082571e+19 -0 -0)
(-2.46546633696255e+19 -0 -0)
(-2.42842874667022e+19 -0 -0)
(-2.39159195044373e+19 -0 -0)
(-2.35496772302806e+19 -0 -0)
(-2.31856726913587e+19 -0 -0)
(-2.28240125570597e+19 -0 -0)
(-2.24647980926444e+19 -0 -0)
(-2.21081254053183e+19 -0 -0)
(-2.17540853959205e+19 -0 -0)
(-2.14027641102302e+19 -0 -0)
(-2.10542426853101e+19 -0 -0)
(-2.0708597602046e+19 -0 -0)
(-2.03659006689662e+19 -0 -0)
(-2.00262192598558e+19 -0 -0)
(-1.96896163552906e+19 -0 -0)
(-1.93561507806313e+19 -0 -0)
(-1.90258771503561e+19 -0 -0)
(-1.86988461271619e+19 -0 -0)
(-1.83751044254186e+19 -0 -0)
(-1.80546950299868e+19 -0 -0)
(-1.77376572260774e+19 -0 -0)
(-1.74240267810014e+19 -0 -0)
(-1.71138359511389e+19 -0 -0)
(-1.68071136825679e+19 -0 -0)
(-1.65038856492379e+19 -0 -0)
(-1.62041744319292e+19 -0 -0)
(-1.59079995240945e+19 -0 -0)
(-1.56153775590631e+19 -0 -0)
(-1.53263222519567e+19 -0 -0)
(-1.50408446093483e+19 -0 -0)
(-1.47589529721064e+19 -0 -0)
(-1.4480653162118e+19 -0 -0)
(-1.42059484758026e+19 -0 -0)
(-1.39348398891955e+19 -0 -0)
(-1.36673260719528e+19 -0 -0)
(-1.34034035074114e+19 -0 -0)
(-1.3143066520405e+19 -0 -0)
(-1.28863074232098e+19 -0 -0)
(-1.26331165581698e+19 -0 -0)
(-1.238348243434e+19 -0 -0)
(-1.2137391691131e+19 -0 -0)
(-1.18948292899305e+19 -0 -0)
(-1.1655778513901e+19 -0 -0)
(-1.14202210985589e+19 -0 -0)
(-1.11881372237686e+19 -0 -0)
(-1.09595056297125e+19 -0 -0)
(-1.07343036995341e+19 -0 -0)
(-1.05125075092486e+19 -0 -0)
(-1.02940918352154e+19 -0 -0)
(-1.0079030297057e+19 -0 -0)
(-9.86729537447997e+18 -0 -0)
(-9.6588584710053e+18 -0 -0)
(-9.45368997447193e+18 -0 -0)
(-9.25175930890195e+18 -0 -0)
(-9.05303496017951e+18 -0 -0)
(-8.85748457950064e+18 -0 -0)
(-8.66507500641333e+18 -0 -0)
(-8.47577231859556e+18 -0 -0)
(-8.28954180808777e+18 -0 -0)
(-8.10634815689332e+18 -0 -0)
(-7.92615543126832e+18 -0 -0)
(-7.74892705591227e+18 -0 -0)
(-7.57462591533759e+18 -0 -0)
(-7.40321439938268e+18 -0 -0)
(-7.23465440185488e+18 -0 -0)
(-7.06890741341521e+18 -0 -0)
(-6.90593451207567e+18 -0 -0)
(-6.74569637313989e+18 -0 -0)
(-6.58815335254459e+18 -0 -0)
(-6.4332655163341e+18 -0 -0)
(-6.28099261504623e+18 -0 -0)
(-6.13129416786276e+18 -0 -0)
(-5.98412949002839e+18 -0 -0)
(-5.83945768417065e+18 -0 -0)
(-5.69723764717425e+18 -0 -0)
(-5.55742815671238e+18 -0 -0)
(-5.41998786922714e+18 -0 -0)
(-5.28487531858366e+18 -0 -0)
(-5.15204899437793e+18 -0 -0)
(-5.02146725371306e+18 -0 -0)
(-4.89308841795794e+18 -0 -0)
(-4.76687082957512e+18 -0 -0)
(-4.64277277590014e+18 -0 -0)
(-4.52075256489189e+18 -0 -0)
(-4.40076849660582e+18 -0 -0)
(-4.28277889112208e+18 -0 -0)
(-4.16674212986329e+18 -0 -0)
(-4.05261665685311e+18 -0 -0)
(-3.94036096290153e+18 -0 -0)
(-3.82993360443602e+18 -0 -0)
(-3.72129325463253e+18 -0 -0)
(-3.61439865292169e+18 -0 -0)
(-3.50920864779579e+18 -0 -0)
(-3.40568220096597e+18 -0 -0)
(-3.30377835666211e+18 -0 -0)
(-3.20345630702922e+18 -0 -0)
(-3.10467536735534e+18 -0 -0)
(-3.00739499617601e+18 -0 -0)
(-2.91157476758822e+18 -0 -0)
(-2.81717439340858e+18 -0 -0)
(-2.72415371233828e+18 -0 -0)
(-2.63247274230585e+18 -0 -0)
(-2.54209163612952e+18 -0 -0)
(-2.45297066816791e+18 -0 -0)
(-2.36507029208026e+18 -0 -0)
(-2.27835109577159e+18 -0 -0)
(-2.19277379451051e+18 -0 -0)
(-2.10829926156535e+18 -0 -0)
(-2.02488858463991e+18 -0 -0)
(-1.94250290950797e+18 -0 -0)
(-1.86110351649155e+18 -0 -0)
(-1.78065189702632e+18 -0 -0)
(-1.70110964823576e+18 -0 -0)
(-1.6224384839274e+18 -0 -0)
(-1.54460024990792e+18 -0 -0)
(-1.46755697373743e+18 -0 -0)
(-1.39127077703512e+18 -0 -0)
(-1.31570391975648e+18 -0 -0)
(-1.24081878671916e+18 -0 -0)
(-1.16657783683215e+18 -0 -0)
(-1.09294367290739e+18 -0 -0)
(-1.01987901124626e+18 -0 -0)
(-9.47346656492294e+17 -0 -0)
(-8.75309470088899e+17 -0 -0)
(-8.03730423484752e+17 -0 -0)
(-7.32572602912895e+17 -0 -0)
(-6.61799131128543e+17 -0 -0)
(-5.91373234354721e+17 -0 -0)
(-5.21258147371773e+17 -0 -0)
(-4.5141718004059e+17 -0 -0)
(-3.81813774110782e+17 -0 -0)
(-3.12411329095491e+17 -0 -0)
(-2.43173257151116e+17 -0 -0)
(-1.74063084779234e+17 -0 -0)
(-1.05044325638284e+17 -0 -0)
(-3.60803924011203e+16 -0 -0)
(3.28651431557399e+16 -0 -0)
(1.01828567202079e+17 -0 -0)
(1.70846337379665e+17 -0 -0)
(2.39954997475521e+17 -0 -0)
(3.09191053682144e+17 -0 -0)
(3.7859101058445e+17 -0 -0)
(4.48191421013916e+17 -0 -0)
(5.18028870981571e+17 -0 -0)
(5.88139977897081e+17 -0 -0)
(6.58561388915611e+17 -0 -0)
(7.29329847077318e+17 -0 -0)
(8.00482162310542e+17 -0 -0)
(8.72055208802881e+17 -0 -0)
(9.44085914163899e+17 -0 -0)
(1.01661130550197e+18 -0 -0)
(1.08966847494473e+18 -0 -0)
(1.16329463549449e+18 -0 -0)
(1.23752708574621e+18 -0 -0)
(1.31240323740362e+18 -0 -0)
(1.38796058676997e+18 -0 -0)
(1.4642367772693e+18 -0 -0)
(1.54126954709468e+18 -0 -0)
(1.61909678766805e+18 -0 -0)
(1.69775650467946e+18 -0 -0)
(1.77728679058653e+18 -0 -0)
(1.85772592194611e+18 -0 -0)
(1.93911231451697e+18 -0 -0)
(2.0214845308669e+18 -0 -0)
(2.10488123858008e+18 -0 -0)
(2.189341268619e+18 -0 -0)
(2.27490359364246e+18 -0 -0)
(2.36160732863052e+18 -0 -0)
(2.4494917430683e+18 -0 -0)
(2.5385962442226e+18 -0 -0)
(2.62896038819623e+18 -0 -0)
(2.72062388674303e+18 -0 -0)
(2.81362660058656e+18 -0 -0)
(2.90800854155297e+18 -0 -0)
(3.00380984227345e+18 -0 -0)
(3.10107077757708e+18 -0 -0)
(3.19983176952948e+18 -0 -0)
(3.30013338583949e+18 -0 -0)
(3.40201631964846e+18 -0 -0)
(3.50552136695435e+18 -0 -0)
(3.6106894662932e+18 -0 -0)
(3.71756165481139e+18 -0 -0)
(3.82617909918701e+18 -0 -0)
(3.93658307148019e+18 -0 -0)
(4.04881487871285e+18 -0 -0)
(4.16291596098889e+18 -0 -0)
(4.27892785159893e+18 -0 -0)
(4.39689209737975e+18 -0 -0)
(4.51685033749452e+18 -0 -0)
(4.63884423128074e+18 -0 -0)
(4.76291546242736e+18 -0 -0)
(4.8891057165976e+18 -0 -0)
(5.01745671506439e+18 -0 -0)
(5.14801016612002e+18 -0 -0)
(5.28080772998516e+18 -0 -0)
(5.41589101243333e+18 -0 -0)
(5.55330155549385e+18 -0 -0)
(5.69308081396764e+18 -0 -0)
(5.83527013230755e+18 -0 -0)
(5.97991075633466e+18 -0 -0)
(6.12704374968222e+18 -0 -0)
(6.27671003740129e+18 -0 -0)
(6.42895031819022e+18 -0 -0)
(6.58380502843295e+18 -0 -0)
(6.741314437873e+18 -0 -0)
(6.90151851706755e+18 -0 -0)
(7.0644568737208e+18 -0 -0)
(7.23016882552369e+18 -0 -0)
(7.39869332793077e+18 -0 -0)
(7.57006887365972e+18 -0 -0)
(7.74433357512147e+18 -0 -0)
(7.92152505364748e+18 -0 -0)
(8.10168042928235e+18 -0 -0)
(8.28483624951518e+18 -0 -0)
(8.47102847914979e+18 -0 -0)
(8.66029242724699e+18 -0 -0)
(8.85266278165315e+18 -0 -0)
(9.04817350063005e+18 -0 -0)
(9.2468577273717e+18 -0 -0)
(9.44874782078925e+18 -0 -0)
(9.65387529129479e+18 -0 -0)
(9.86227070147636e+18 -0 -0)
(1.00739637048272e+19 -0 -0)
(1.02889828851187e+19 -0 -0)
(1.05073557562227e+19 -0 -0)
(1.07291087208664e+19 -0 -0)
(1.09542669823287e+19 -0 -0)
(1.11828544716965e+19 -0 -0)
(1.14148938242072e+19 -0 -0)
(1.16504062881784e+19 -0 -0)
(1.18894116847934e+19 -0 -0)
(1.21319282934903e+19 -0 -0)
(1.23779728466326e+19 -0 -0)
(1.262756037572e+19 -0 -0)
(1.2880704231679e+19 -0 -0)
(1.31374159281733e+19 -0 -0)
(1.33977051096591e+19 -0 -0)
(1.36615794832158e+19 -0 -0)
(1.39290447194406e+19 -0 -0)
(1.42001043192153e+19 -0 -0)
(1.4474759679424e+19 -0 -0)
(1.47530097879136e+19 -0 -0)
(1.50348513574885e+19 -0 -0)
(1.53202785960126e+19 -0 -0)
(1.56092831596523e+19 -0 -0)
(1.59018540311932e+19 -0 -0)
(1.61979775105145e+19 -0 -0)
(1.64976369835107e+19 -0 -0)
(1.68008129538339e+19 -0 -0)
(1.7107482854007e+19 -0 -0)
(1.74176210146798e+19 -0 -0)
(1.77311985064039e+19 -0 -0)
(1.80481831009023e+19 -0 -0)
(1.83685389857594e+19 -0 -0)
(1.86922269335009e+19 -0 -0)
(1.90192039503264e+19 -0 -0)
(1.93494233383311e+19 -0 -0)
(1.96828344465558e+19 -0 -0)
(2.00193826678832e+19 -0 -0)
(2.03590092005233e+19 -0 -0)
(2.07016511168022e+19 -0 -0)
(2.10472409975911e+19 -0 -0)
(2.13957070544922e+19 -0 -0)
(2.1746972839688e+19 -0 -0)
(2.21009572463212e+19 -0 -0)
(2.2457574210161e+19 -0 -0)
(2.28167328597591e+19 -0 -0)
(2.31783370954411e+19 -0 -0)
(2.35422856954583e+19 -0 -0)
(2.39084720003503e+19 -0 -0)
(2.42767839961348e+19 -0 -0)
(2.46471039292336e+19 -0 -0)
(2.50193084529275e+19 -0 -0)
(2.5393268215649e+19 -0 -0)
(2.57688480259691e+19 -0 -0)
(2.61459064046396e+19 -0 -0)
(2.65242957658326e+19 -0 -0)
(2.69038619990029e+19 -0 -0)
(2.72844446033042e+19 -0 -0)
(2.76658762709818e+19 -0 -0)
(2.80479830527096e+19 -0 -0)
(2.84305839042889e+19 -0 -0)
(2.8813490883919e+19 -0 -0)
(2.91965086717242e+19 -0 -0)
(2.95794347757721e+19 -0 -0)
(2.9962059076835e+19 -0 -0)
(3.03441639974016e+19 -0 -0)
(3.07255239870309e+19 -0 -0)
(3.1105905833342e+19 -0 -0)
(3.14850680481911e+19 -0 -0)
(3.18627610110038e+19 -0 -0)
(3.2238726102629e+19 -0 -0)
(3.26126958088273e+19 -0 -0)
(3.29843932085714e+19 -0 -0)
(3.33535324937248e+19 -0 -0)
(3.37198182373156e+19 -0 -0)
(3.40829456069751e+19 -0 -0)
(3.44425997640309e+19 -0 -0)
(3.47984561847757e+19 -0 -0)
(3.51501802009448e+19 -0 -0)
(3.54974279679263e+19 -0 -0)
(3.58398465174876e+19 -0 -0)
(3.61770805544161e+19 -0 -0)
(3.65087662558839e+19 -0 -0)
(3.6834521766897e+19 -0 -0)
(3.71539497354362e+19 -0 -0)
(3.7466639225902e+19 -0 -0)
(3.77721645769798e+19 -0 -0)
(3.80700852125682e+19 -0 -0)
(3.83599446733962e+19 -0 -0)
(3.86412711435506e+19 -0 -0)
(3.89135766477583e+19 -0 -0)
(3.91763570473733e+19 -0 -0)
(3.94290904428231e+19 -0 -0)
(3.96712366209928e+19 -0 -0)
(3.9902235207837e+19 -0 -0)
(4.01215048334157e+19 -0 -0)
(4.03284417317891e+19 -0 -0)
(4.05224208208842e+19 -0 -0)
(4.07027956299675e+19 -0 -0)
(4.08688984873749e+19 -0 -0)
(4.10200383655206e+19 -0 -0)
(4.11554992378569e+19 -0 -0)
(4.12745368811827e+19 -0 -0)
(4.13763766204692e+19 -0 -0)
(4.14602120188772e+19 -0 -0)
(4.15252087506913e+19 -0 -0)
(4.15705078099224e+19 -0 -0)
(4.15952271220747e+19 -0 -0)
(4.15984588294596e+19 -0 -0)
(4.15792768454225e+19 -0 -0)
(4.15367816111648e+19 -0 -0)
(4.14700844851876e+19 -0 -0)
(4.13782582952405e+19 -0 -0)
(4.12603507588029e+19 -0 -0)
(4.11153994062273e+19 -0 -0)
(4.09424449448163e+19 -0 -0)
(4.07405413580172e+19 -0 -0)
(4.05087691332589e+19 -0 -0)
(4.02462499723753e+19 -0 -0)
(3.99521627176405e+19 -0 -0)
(3.96257591875031e+19 -0 -0)
(3.92663836294851e+19 -0 -0)
(3.88734899491004e+19 -0 -0)
(3.84466584603283e+19 -0 -0)
(3.79856099335126e+19 -0 -0)
(3.74902194287338e+19 -0 -0)
(3.69605240899269e+19 -0 -0)
(3.63967291871563e+19 -0 -0)
(3.57992083811202e+19 -0 -0)
(3.51685015893121e+19 -0 -0)
(3.45053045041348e+19 -0 -0)
(3.3810455658197e+19 -0 -0)
(3.30849152873017e+19 -0 -0)
(3.23297453965059e+19 -0 -0)
(3.15460874355548e+19 -0 -0)
(3.07351479205952e+19 -0 -0)
(2.98981869367538e+19 -0 -0)
(2.90365157287507e+19 -0 -0)
(2.81514569981051e+19 -0 -0)
(2.72443184964565e+19 -0 -0)
(2.63163898647102e+19 -0 -0)
(2.5368969634449e+19 -0 -0)
(2.44033351106929e+19 -0 -0)
(2.34207114571228e+19 -0 -0)
(2.24222716780977e+19 -0 -0)
(2.14091493007173e+19 -0 -0)
(2.0382426639703e+19 -0 -0)
(1.93431492099308e+19 -0 -0)
(1.82923100002606e+19 -0 -0)
(1.72308702630748e+19 -0 -0)
(1.61597378629162e+19 -0 -0)
(1.50797950292654e+19 -0 -0)
(1.39918677748366e+19 -0 -0)
(1.28967628693388e+19 -0 -0)
(1.17952239434804e+19 -0 -0)
(1.06879911217653e+19 -0 -0)
(9.57573348512724e+18 -0 -0)
(8.4591118353612e+18 -0 -0)
(7.33870142157246e+18 -0 -0)
(6.21509525446907e+18 -0 -0)
(5.0887907128127e+18 -0 -0)
(3.96032655280165e+18 -0 -0)
(2.83014419003083e+18 -0 -0)
(1.69872892231698e+18 -0 -0)
(5.66427104880222e+17 -0 -0)
)
;

boundaryField
{
    electrode
    {
        type            calculated;
        value           uniform (-0 -0 -0);
    }
    ground
    {
        type            calculated;
        value           uniform (0 -0 -0);
    }
    otherfaces
    {
        type            empty;
    }
}


// ************************************************************************* //
