/*--------------------------------*- C++ -*----------------------------------*\
| =========                 |                                                 |
| \\      /  F ield         | foam-extend: Open Source CFD                    |
|  \\    /   O peration     | Version:     4.1                                |
|   \\  /    A nd           | Web:         http://www.foam-extend.org         |
|    \\/     M anipulation  |                                                 |
\*---------------------------------------------------------------------------*/
FoamFile
{
    version     2.0;
    format      ascii;
    class       volVectorField;
    location    "1.50099999934947e-05";
    object      Flux_Arp1Mean;
}
// * * * * * * * * * * * * * * * * * * * * * * * * * * * * * * * * * * * * * //

dimensions      [0 -2 -1 0 0 0 0];

internalField   nonuniform List<vector> 
500
(
(-1.21933455366752e+21 0 0)
(-1.21927947004307e+21 0 0)
(-1.21950551379163e+21 0 0)
(-1.21935728441674e+21 0 0)
(-1.21958871583627e+21 0 0)
(-1.21944167223173e+21 0 0)
(-1.21966594199693e+21 0 0)
(-1.21952266961923e+21 0 0)
(-1.21973886963528e+21 0 0)
(-1.21959838903257e+21 0 0)
(-1.21980383053124e+21 0 0)
(-1.2196638709794e+21 0 0)
(-1.21985781048161e+21 0 0)
(-1.21971735396951e+21 0 0)
(-1.21989827436499e+21 0 0)
(-1.21975491660283e+21 0 0)
(-1.21991796553606e+21 0 0)
(-1.21976764891641e+21 0 0)
(-1.21990968390883e+21 0 0)
(-1.21975095145358e+21 0 0)
(-1.21987082518866e+21 0 0)
(-1.21969859821142e+21 0 0)
(-1.21979134396554e+21 0 0)
(-1.21960318294953e+21 0 0)
(-1.21966487953765e+21 0 0)
(-1.21945507449261e+21 0 0)
(-1.21947549439678e+21 0 0)
(-1.21923582081899e+21 0 0)
(-1.21921533063956e+21 0 0)
(-1.21894480364402e+21 0 0)
(-1.21887713111192e+21 0 0)
(-1.21856704098829e+21 0 0)
(-1.21843766746954e+21 0 0)
(-1.21807882424436e+21 0 0)
(-1.21788981837648e+21 0 0)
(-1.21747941094771e+21 0 0)
(-1.21722006576538e+21 0 0)
(-1.21674330327794e+21 0 0)
(-1.2164105547993e+21 0 0)
(-1.21586660107545e+21 0 0)
(-1.21544825445917e+21 0 0)
(-1.21482200888672e+21 0 0)
(-1.21431856149708e+21 0 0)
(-1.21361196741205e+21 0 0)
(-1.21300862369467e+21 0 0)
(-1.21221441739459e+21 0 0)
(-1.21151604372311e+21 0 0)
(-1.21062581452813e+21 0 0)
(-1.20981683739665e+21 0 0)
(-1.20883350601187e+21 0 0)
(-1.20791716108257e+21 0 0)
(-1.20682681768572e+21 0 0)
(-1.20580360309441e+21 0 0)
(-1.20461244783652e+21 0 0)
(-1.2034762658246e+21 0 0)
(-1.20217511645833e+21 0 0)
(-1.20092820487291e+21 0 0)
(-1.19951933167079e+21 0 0)
(-1.19815521205973e+21 0 0)
(-1.19663329189069e+21 0 0)
(-1.1951573741859e+21 0 0)
(-1.19352774609843e+21 0 0)
(-1.19193780765856e+21 0 0)
(-1.19019412658329e+21 0 0)
(-1.18848387044735e+21 0 0)
(-1.1866274561779e+21 0 0)
(-1.18480042849455e+21 0 0)
(-1.18283066261579e+21 0 0)
(-1.18088681510153e+21 0 0)
(-1.1788033158017e+21 0 0)
(-1.17674201818651e+21 0 0)
(-1.17454297490643e+21 0 0)
(-1.17236239417883e+21 0 0)
(-1.17004750948258e+21 0 0)
(-1.16774818921237e+21 0 0)
(-1.16531692023663e+21 0 0)
(-1.16289854057263e+21 0 0)
(-1.16035048844292e+21 0 0)
(-1.15781278394845e+21 0 0)
(-1.15514735211069e+21 0 0)
(-1.15248963926246e+21 0 0)
(-1.14970614448503e+21 0 0)
(-1.14692840691823e+21 0 0)
(-1.14402676969946e+21 0 0)
(-1.14112877465656e+21 0 0)
(-1.13810864057829e+21 0 0)
(-1.13509015101374e+21 0 0)
(-1.131951259937e+21 0 0)
(-1.1288121390245e+21 0 0)
(-1.12555430657853e+21 0 0)
(-1.12229448890652e+21 0 0)
(-1.11891760105306e+21 0 0)
(-1.11553706529382e+21 0 0)
(-1.11204106036124e+21 0 0)
(-1.10853988304155e+21 0 0)
(-1.10492484913474e+21 0 0)
(-1.10130316181564e+21 0 0)
(-1.09756906042916e+21 0 0)
(-1.09382694814726e+21 0 0)
(-1.08997412286873e+21 0 0)
(-1.08611194622829e+21 0 0)
(-1.08214054541876e+21 0 0)
(-1.07815859811034e+21 0 0)
(-1.07406892087793e+21 0 0)
(-1.06996758562835e+21 0 0)
(-1.06576000630098e+21 0 0)
(-1.06153973604966e+21 0 0)
(-1.05721470041152e+21 0 0)
(-1.0528760142113e+21 0 0)
(-1.04843403558895e+21 0 0)
(-1.04397751752959e+21 0 0)
(-1.03941917675665e+21 0 0)
(-1.03484547529665e+21 0 0)
(-1.03017141833118e+21 0 0)
(-1.02548124449872e+21 0 0)
(-1.0206921814017e+21 0 0)
(-1.01588630726655e+21 0 0)
(-1.01098300982039e+21 0 0)
(-1.00606226630922e+21 0 0)
(-1.00104556585421e+21 0 0)
(-9.96010841202245e+20 0 0)
(-9.90881627231241e+20 0 0)
(-9.85733865135061e+20 0 0)
(-9.80493082593e+20 0 0)
(-9.75233279387219e+20 0 0)
(-9.69881926684633e+20 0 0)
(-9.64511130789151e+20 0 0)
(-9.59050258404234e+20 0 0)
(-9.53569567442978e+20 0 0)
(-9.48000275353897e+20 0 0)
(-9.42410834892735e+20 0 0)
(-9.36734270813517e+20 0 0)
(-9.31037271929194e+20 0 0)
(-9.25254629647084e+20 0 0)
(-9.19451307691584e+20 0 0)
(-9.13563824912405e+20 0 0)
(-9.07655457483178e+20 0 0)
(-9.01664414324988e+20 0 0)
(-8.95652319672948e+20 0 0)
(-8.89559036465213e+20 0 0)
(-8.83444571238714e+20 0 0)
(-8.77250406817629e+20 0 0)
(-8.71034964821765e+20 0 0)
(-8.647413149489e+20 0 0)
(-8.58426324989585e+20 0 0)
(-8.52034620331362e+20 0 0)
(-8.45621544942287e+20 0 0)
(-8.39133249790317e+20 0 0)
(-8.32623583900434e+20 0 0)
(-8.2604019475298e+20 0 0)
(-8.19435463831274e+20 0 0)
(-8.12758507447692e+20 0 0)
(-8.06060266262223e+20 0 0)
(-7.99291298629616e+20 0 0)
(-7.92501129811392e+20 0 0)
(-7.85641734434034e+20 0 0)
(-7.78761247249534e+20 0 0)
(-7.71813034618068e+20 0 0)
(-7.64843864183642e+20 0 0)
(-7.57808469799863e+20 0 0)
(-7.50752274937571e+20 0 0)
(-7.43631357865832e+20 0 0)
(-7.36489819885293e+20 0 0)
(-7.29285061437206e+20 0 0)
(-7.22059883038804e+20 0 0)
(-7.14772985726761e+20 0 0)
(-7.07465889858008e+20 0 0)
(-7.00098576241088e+20 0 0)
(-6.92711305070368e+20 0 0)
(-6.85265316725261e+20 0 0)
(-6.77799630623006e+20 0 0)
(-6.70276727162604e+20 0 0)
(-6.62734403636664e+20 0 0)
(-6.55136361405543e+20 0 0)
(-6.47519193981436e+20 0 0)
(-6.39847805248959e+20 0 0)
(-6.32157602605699e+20 0 0)
(-6.24414674637019e+20 0 0)
(-6.16653259976656e+20 0 0)
(-6.08840614377647e+20 0 0)
(-6.01009824433989e+20 0 0)
(-5.93129296141937e+20 0 0)
(-5.85230980341773e+20 0 0)
(-5.77284416754705e+20 0 0)
(-5.69320436472306e+20 0 0)
(-5.61309696698975e+20 0 0)
(-5.532819244895e+20 0 0)
(-5.45208878692455e+20 0 0)
(-5.37119197552442e+20 0 0)
(-5.28985726069188e+20 0 0)
(-5.20836028759353e+20 0 0)
(-5.12644021413953e+20 0 0)
(-5.0443620956503e+20 0 0)
(-4.96187565084826e+20 0 0)
(-4.87923548913291e+20 0 0)
(-4.79620174355058e+20 0 0)
(-4.71301872025984e+20 0 0)
(-4.62945682314361e+20 0 0)
(-4.54575019343437e+20 0 0)
(-4.4616793652457e+20 0 0)
(-4.37746845146232e+20 0 0)
(-4.29290797925531e+20 0 0)
(-4.20821216493202e+20 0 0)
(-4.12318139624188e+20 0 0)
(-4.03802012078043e+20 0 0)
(-3.95253845866881e+20 0 0)
(-3.8669312132246e+20 0 0)
(-3.78101811290296e+20 0 0)
(-3.69498443366535e+20 0 0)
(-3.60865939680467e+20 0 0)
(-3.52221886076174e+20 0 0)
(-3.43550143154461e+20 0 0)
(-3.34867365042108e+20 0 0)
(-3.26158341030157e+20 0 0)
(-3.17438802871473e+20 0 0)
(-3.08694459558258e+20 0 0)
(-2.99940128357373e+20 0 0)
(-2.91162430280793e+20 0 0)
(-2.82375275820999e+20 0 0)
(-2.73566190966002e+20 0 0)
(-2.64748184457921e+20 0 0)
(-2.55909683293545e+20 0 0)
(-2.47062797796921e+20 0 0)
(-2.38196852399351e+20 0 0)
(-2.29323062258994e+20 0 0)
(-2.20431645514398e+20 0 0)
(-2.11532921440445e+20 0 0)
(-2.02618040460438e+20 0 0)
(-1.93696358633166e+20 0 0)
(-1.84759917495049e+20 0 0)
(-1.7581731261599e+20 0 0)
(-1.66861290096619e+20 0 0)
(-1.57899737743288e+20 0 0)
(-1.48926092518481e+20 0 0)
(-1.39947567375062e+20 0 0)
(-1.30958270786946e+20 0 0)
(-1.21964747313631e+20 0 0)
(-1.12961771234532e+20 0 0)
(-1.03955223982816e+20 0 0)
(-9.49405408120783e+19 0 0)
(-8.59229443691379e+19 0 0)
(-7.68985269594154e+19 0 0)
(-6.78718559964021e+19 0 0)
(-5.88396777714206e+19 0 0)
(-4.98059071107126e+19 0 0)
(-4.07679418791845e+19 0 0)
(-3.17290465469243e+19 0 0)
(-2.26872683978409e+19 0 0)
(-1.36448234390508e+19 0 0)
(-4.60169362223552e+18 0 0)
(4.44165941656925e+18 0 0)
(1.34848208747942e+19 0 0)
(2.25272951773677e+19 0 0)
(3.15691797032607e+19 0 0)
(4.06081475194007e+19 0 0)
(4.9646269018752e+19 0 0)
(5.86801642215371e+19 0 0)
(6.77125488799931e+19 0 0)
(7.67393962688647e+19 0 0)
(8.57640703984073e+19 0 0)
(9.47818948100082e+19 0 0)
(1.03796885089863e+20 0 0)
(1.12803711449332e+20 0 0)
(1.218070449753e+20 0 0)
(1.30800898256082e+20 0 0)
(1.39790602615174e+20 0 0)
(1.48769507868807e+20 0 0)
(1.5774361130119e+20 0 0)
(1.66705593603528e+20 0 0)
(1.75662124806054e+20 0 0)
(1.84605208843852e+20 0 0)
(1.93542208535731e+20 0 0)
(2.02464420245735e+20 0 0)
(2.11379907079155e+20 0 0)
(2.20279213376148e+20 0 0)
(2.29171281909888e+20 0 0)
(2.38045707035536e+20 0 0)
(2.4691234968093e+20 0 0)
(2.55759922216957e+20 0 0)
(2.64599166239698e+20 0 0)
(2.73417910840487e+20 0 0)
(2.82227784215275e+20 0 0)
(2.91015727035989e+20 0 0)
(2.9979425938689e+20 0 0)
(3.08549428460487e+20 0 0)
(3.17294651772586e+20 0 0)
(3.26015076445477e+20 0 0)
(3.34725025844329e+20 0 0)
(3.43408738311612e+20 0 0)
(3.52081451693736e+20 0 0)
(3.60726486670662e+20 0 0)
(3.69360005531463e+20 0 0)
(3.7796440093396e+20 0 0)
(3.86556770558814e+20 0 0)
(3.95118567909308e+20 0 0)
(4.03667837763659e+20 0 0)
(4.12185082684323e+20 0 0)
(4.20689306797484e+20 0 0)
(4.29160049441397e+20 0 0)
(4.37617286994278e+20 0 0)
(4.46039582720205e+20 0 0)
(4.54447898485863e+20 0 0)
(4.62819808271628e+20 0 0)
(4.71177272946875e+20 0 0)
(4.79496863653139e+20 0 0)
(4.87801554440913e+20 0 0)
(4.96066899710082e+20 0 0)
(5.04316900976444e+20 0 0)
(5.12526081750306e+20 0 0)
(5.2071948555606e+20 0 0)
(5.28870590687166e+20 0 0)
(5.37005497409872e+20 0 0)
(5.45096624240165e+20 0 0)
(5.53171143209462e+20 0 0)
(5.61200398306893e+20 0 0)
(5.69212648506023e+20 0 0)
(5.77178148215077e+20 0 0)
(5.8512625875364e+20 0 0)
(5.93026129595729e+20 0 0)
(6.00908240290503e+20 0 0)
(6.08740619799081e+20 0 0)
(6.16554882111314e+20 0 0)
(6.24317919711363e+20 0 0)
(6.32062497598054e+20 0 0)
(6.3975435545462e+20 0 0)
(6.47427426194117e+20 0 0)
(6.55046279852082e+20 0 0)
(6.6264603478279e+20 0 0)
(6.70190074125018e+20 0 0)
(6.77714719550332e+20 0 0)
(6.85182149643345e+20 0 0)
(6.9262990771833e+20 0 0)
(7.00018949701338e+20 0 0)
(7.07388059677134e+20 0 0)
(7.14696951998605e+20 0 0)
(7.21985670930838e+20 0 0)
(7.29212670125304e+20 0 0)
(7.36419274078246e+20 0 0)
(7.43562655681295e+20 0 0)
(7.50685440609407e+20 0 0)
(7.57743500465333e+20 0 0)
(7.6478078365711e+20 0 0)
(7.71751839080472e+20 0 0)
(7.78701960217552e+20 0 0)
(7.85584351208747e+20 0 0)
(7.92445673569309e+20 0 0)
(7.99237763893833e+20 0 0)
(8.06008675925693e+20 0 0)
(8.12708855205947e+20 0 0)
(8.19387772282823e+20 0 0)
(8.25994456780674e+20 0 0)
(8.3257982163245e+20 0 0)
(8.3909145504043e+20 0 0)
(8.45581739264376e+20 0 0)
(8.51996794638677e+20 0 0)
(8.58390500298319e+20 0 0)
(8.64707481057018e+20 0 0)
(8.7100314211937e+20 0 0)
(8.77220583952623e+20 0 0)
(8.83416767809372e+20 0 0)
(8.89533239920031e+20 0 0)
(8.95628548981173e+20 0 0)
(9.01642655946958e+20 0 0)
(9.07635729793521e+20 0 0)
(9.13546113488839e+20 0 0)
(9.19435630690489e+20 0 0)
(9.25240972033972e+20 0 0)
(9.31025651237049e+20 0 0)
(9.36724671064455e+20 0 0)
(9.42403272882635e+20 0 0)
(9.47994734013994e+20 0 0)
(9.53566062633152e+20 0 0)
(9.59048771689839e+20 0 0)
(9.64511677323952e+20 0 0)
(9.69884487066103e+20 0 0)
(9.75237867876596e+20 0 0)
(9.80499678905813e+20 0 0)
(9.85742482981912e+20 0 0)
(9.90892245343318e+20 0 0)
(9.96023472411624e+20 0 0)
(1.00106018762973e+21 0 0)
(1.00607889101123e+21 0 0)
(1.01100161405603e+21 0 0)
(1.01590690289958e+21 0 0)
(1.02071474411429e+21 0 0)
(1.02550578555503e+21 0 0)
(1.03019791209759e+21 0 0)
(1.03487393236619e+21 0 0)
(1.03944957056079e+21 0 0)
(1.04400985800546e+21 0 0)
(1.0484682948578e+21 0 0)
(1.05291220126552e+21 0 0)
(1.05725278633535e+21 0 0)
(1.06157972894331e+21 0 0)
(1.06580187563516e+21 0 0)
(1.07001133869642e+21 0 0)
(1.07411452662477e+21 0 0)
(1.07820606361153e+21 0 0)
(1.08218983890524e+21 0 0)
(1.08616307401452e+21 0 0)
(1.09002705188922e+21 0 0)
(1.09388168390487e+21 0 0)
(1.09762556852289e+21 0 0)
(1.10136144672699e+21 0 0)
(1.10498487561318e+21 0 0)
(1.10860165433088e+21 0 0)
(1.11210454028883e+21 0 0)
(1.11560225656731e+21 0 0)
(1.11898446637351e+21 0 0)
(1.1223630304606e+21 0 0)
(1.12562448600278e+21 0 0)
(1.12888395790733e+21 0 0)
(1.13202467890235e+21 0 0)
(1.13516517119606e+21 0 0)
(1.13818522059785e+21 0 0)
(1.14120691493767e+21 0 0)
(1.14410642766541e+21 0 0)
(1.14700958233884e+21 0 0)
(1.14978879398603e+21 0 0)
(1.15257376252915e+21 0 0)
(1.15523290477133e+21 0 0)
(1.15789976530422e+21 0 0)
(1.16043885228927e+21 0 0)
(1.16298828542886e+21 0 0)
(1.16540799847969e+21 0 0)
(1.16784059917348e+21 0 0)
(1.17014120274473e+21 0 0)
(1.17245736918924e+21 0 0)
(1.17463918220551e+21 0 0)
(1.17683945610905e+21 0 0)
(1.17890193341395e+21 0 0)
(1.18098660876416e+21 0 0)
(1.18293158081132e+21 0 0)
(1.18490246825899e+21 0 0)
(1.18673056534712e+21 0 0)
(1.18858804658981e+21 0 0)
(1.19029931619112e+21 0 0)
(1.19204400910653e+21 0 0)
(1.19363490636037e+21 0 0)
(1.19526548330755e+21 0 0)
(1.19674229918584e+21 0 0)
(1.19826511068277e+21 0 0)
(1.19963007209953e+21 0 0)
(1.20103978408836e+21 0 0)
(1.20228747216841e+21 0 0)
(1.20358939870731e+21 0 0)
(1.20472629911996e+21 0 0)
(1.20591817946755e+21 0 0)
(1.20694204593953e+21 0 0)
(1.20803305336779e+21 0 0)
(1.20894999902802e+21 0 0)
(1.20993393350612e+21 0 0)
(1.21074344696476e+21 0 0)
(1.21163422621077e+21 0 0)
(1.21233308448465e+21 0 0)
(1.2131277796349e+21 0 0)
(1.21373155122638e+21 0 0)
(1.2144385927386e+21 0 0)
(1.21494240786262e+21 0 0)
(1.21556904798011e+21 0 0)
(1.21598771899147e+21 0 0)
(1.21653202214823e+21 0 0)
(1.21686504293038e+21 0 0)
(1.21734211416884e+21 0 0)
(1.21760169817535e+21 0 0)
(1.21801237531054e+21 0 0)
(1.21820157677181e+21 0 0)
(1.21856065732551e+21 0 0)
(1.21869019516569e+21 0 0)
(1.21900049782894e+21 0 0)
(1.2190683009457e+21 0 0)
(1.21933901553037e+21 0 0)
(1.2193596104374e+21 0 0)
(1.21959945253405e+21 0 0)
(1.2195791162964e+21 0 0)
(1.21978907241256e+21 0 0)
(1.21972743852471e+21 0 0)
(1.2199157352635e+21 0 0)
(1.21982303389908e+21 0 0)
(1.21999538466514e+21 0 0)
(1.2198755404348e+21 0 0)
(1.22003439127398e+21 0 0)
(1.21989237644258e+21 0 0)
(1.22004280256368e+21 0 0)
(1.21987975883702e+21 0 0)
(1.22002321631824e+21 0 0)
(1.21984229291312e+21 0 0)
(1.21998284809245e+21 0 0)
(1.21978889628103e+21 0 0)
(1.21992894874134e+21 0 0)
(1.21972348650049e+21 0 0)
(1.21986405748887e+21 0 0)
(1.21964783432896e+21 0 0)
(1.21979119788441e+21 0 0)
(1.21956689798271e+21 0 0)
(1.21971402929004e+21 0 0)
(1.2194825620862e+21 0 0)
(1.21963087445518e+21 0 0)
(1.21940478962328e+21 0 0)
(1.2194599398065e+21 0 0)
)
;

boundaryField
{
    electrode
    {
        type            calculated;
        value           uniform (-1.21933455366752e+21 0 0);
    }
    ground
    {
        type            calculated;
        value           uniform (1.2194599398065e+21 0 0);
    }
    otherfaces
    {
        type            empty;
    }
}


// ************************************************************************* //
