/*--------------------------------*- C++ -*----------------------------------*\
| =========                 |                                                 |
| \\      /  F ield         | foam-extend: Open Source CFD                    |
|  \\    /   O peration     | Version:     4.1                                |
|   \\  /    A nd           | Web:         http://www.foam-extend.org         |
|    \\/     M anipulation  |                                                 |
\*---------------------------------------------------------------------------*/
FoamFile
{
    version     2.0;
    format      ascii;
    class       volScalarField;
    location    "1.50099999934947e-05";
    object      powerDissipatedIonMean;
}
// * * * * * * * * * * * * * * * * * * * * * * * * * * * * * * * * * * * * * //

dimensions      [1 -1 -3 0 0 0 0];

internalField   nonuniform List<scalar> 
500
(
132644780.97082
130015202.613847
127391583.652548
124702084.291452
122032644.716021
119301648.521614
116587637.156355
113816045.040346
111061289.307043
108253826.375594
105461150.561827
102621479.464717
99797492.750786
96933895.870987
94088839.8259936
91211240.5321383
88353536.3632117
85472674.1550171
82616600.2137534
79746439.3274514
76904756.6502154
74057663.1076054
71244643.8524866
68437101.1582261
65670625.8592284
62921512.2613168
60221737.930326
57550997.8526811
54936941.291691
52363515.9080571
49855800.4147446
47401479.2939028
45022557.9678342
42708450.7518895
40476851.2677557
38319306.6384016
36251454.4204142
34265786.2775681
32373637.2224751
30567942.4132501
28857877.6808263
27235884.2177555
25707188.9439773
24264491.7205893
22911139.1750969
21639377.625317
20450696.3846277
19338425.5380652
18302288.2548114
17334978.1678018
16435605.1344132
15597348.3562874
14817963.2102517
14091620.5347878
13417149.0105852
12789149.8138197
12205768.2333748
11662612.2230701
11158171.6093805
10687208.9988399
10247224.0942103
9834656.86326419
9449585.5529645
9090173.7747655
8755599.75935032
8442417.19579981
8149196.59257642
7873051.82225908
7613071.96527336
7367282.22042478
7135648.9193694
6916903.3381936
6710854.27143838
6515816.16088057
6331419.76224191
6156181.48285137
5989854.85739255
5831214.84152963
5680278.59326203
5536159.60051234
5398968.36836751
5267712.61162915
5142310.39865104
5021840.05816401
4906352.21010766
4795087.75356931
4688166.31358281
4584914.22488657
4485479.8388373
4389255.21333159
4296411.21078037
4206403.79273583
4119418.56081926
4034943.03529417
3953152.85374058
3873604.65759986
3796553.88184686
3721600.44144337
3648858.09437755
3577848.94533664
3508751.85160804
3441201.09754397
3375390.70455705
3310982.42825281
3248167.30508908
3186629.7003622
3126556.37260082
3067652.25796624
3010099.25213759
2953620.94929894
2898393.84331353
2844158.5578916
2791085.83831848
2738931.9230319
2687861.60908451
2637645.54443785
2588442.4869825
2540036.40588364
2492579.99712002
2445869.60187943
2400051.87980671
2354934.69353824
2310658.74772302
2267042.66520316
2224221.30746066
2182023.37548108
2140578.02335688
2099723.40893146
2059583.12727495
2020004.22786856
1981104.89301892
1942740.51248317
1905023.98944649
1867818.55936951
1831232.00091
1795134.93852098
1759630.18224781
1724595.33633521
1690128.41024402
1656113.60558443
1622644.29517346
1589610.91994016
1557102.3770398
1525015.01962647
1493433.43830723
1462259.59488007
1431573.93068023
1401283.72523117
1371465.42226874
1342031.34595888
1313054.08956412
1284450.7682017
1256290.27199122
1228494.27030441
1201128.08996612
1174117.72736106
1147525.08770685
1121280.2896772
1095441.94959286
1069944.10712439
1044842.21999751
1020074.06089653
995692.054928943
971637.531270403
947960.0039553
924604.189653345
901616.812601081
878945.815190695
856635.242478027
834636.111893772
812989.902259509
791650.562648856
770657.114201151
749966.295304642
729614.769110144
709561.9353402
689842.206356707
670417.51163482
651320.104923177
632514.332351823
614030.382158366
595834.896428533
577956.093901034
560362.801933128
543081.356476137
526082.666812565
509391.26837509
492980.048962931
476871.830039119
461041.381190347
445509.887800466
430253.908876186
415293.069706084
400605.628709261
386209.724927323
372085.235592384
358248.884357939
344682.079665193
331400.198141638
318386.111085707
305653.90709542
293187.845007576
281000.792116594
269078.323284997
257432.140944829
246049.074492002
234939.71289992
224092.081108726
213515.709633228
203199.753796551
193152.735370686
183364.882105714
173843.759092513
164580.5867086
155582.03102625
146840.356698929
138361.484606799
130138.521528833
122176.468385055
114469.299402935
107021.250417207
99827.0494906725
92890.2863338693
86206.3522583837
79778.0375049197
73600.4841202012
67669.8357623611
61984.6584328871
56568.5072254101
51411.3209864904
46506.5956712041
41847.6558777262
37437.2595475255
33273.4601783276
29357.5982199643
25687.7535804903
22264.8519111759
19087.3244020495
16155.8406100672
13469.1786610406
11027.8037571694
8830.80207147483
6878.47289890426
5170.16769107921
3706.05675247395
2485.71580510312
1509.22291896517
776.32878062943
286.975701917442
40.9967739639194
38.7037151446759
280.103660505922
764.877117690036
1493.19783233499
2465.11415092029
3680.88958641154
5140.43214729651
6844.18445638991
8791.95726467545
10984.4224070223
13421.2565646803
16103.4017319792
19030.3641123708
22203.3983174439
25621.8012388557
29287.1795770903
33198.5693708776
37357.9341741773
41763.8923261045
46418.4447194044
51318.7989033826
56471.4074429237
61883.1439844094
67563.9402773682
73490.3213693347
79663.61055506
86087.6193288748
92767.3217476487
99699.8294636495
106889.854680649
114333.704799677
122036.754344145
129994.671459627
138213.569621329
146688.361526339
155426.030299385
164420.592592077
173679.854017562
183197.072703684
192981.096128249
203024.293625499
213336.505564
223909.147292571
234753.124382896
245858.852013652
257238.357897005
268881.008926292
280800.018429658
292983.646228407
305446.355003485
318175.243730955
331186.089280332
344464.770728066
358028.449908484
371861.723023994
385983.206843133
400376.155479187
415060.718406653
430018.733452512
445271.964740795
460800.767190284
476628.604509027
492734.27174477
509143.020865459
525832.010856256
542828.376496359
560107.561106661
577698.678929642
595575.37406639
613768.842313287
632250.84246435
651054.758844371
670150.376915683
689573.380173465
709291.488264338
729342.800340193
749692.87583949
770382.347932861
791374.522377951
812712.693274954
834357.805104655
856355.94792825
878665.606502236
901335.803206331
924322.453844927
947677.657461793
971354.647762029
995408.754320634
1019790.41752567
1044558.35680689
1069660.09931395
1095157.92341206
1120996.32058018
1147241.30572605
1173834.20831547
1200844.96756828
1228211.62070183
1256008.23091327
1284169.40914405
1312773.55154534
1341751.70324641
1371186.81714536
1401006.23254315
1431297.69795734
1461984.69428243
1493160.01565696
1524743.14326172
1556832.19573176
1589342.4998347
1622377.78518155
1655849.06625442
1689865.99148366
1724335.10086759
1759372.29052756
1794879.45557354
1830979.09111501
1867568.285729
1904776.519877
1942495.91054271
1980863.33238447
2019765.76667014
2059347.93674734
2099491.54206957
2140349.65665294
2181798.55946462
2224000.21902189
2266825.35146241
2310445.39068855
2354725.33822888
2399846.71188778
2445668.66169507
2492383.4759923
2539844.3424286
2588255.07886661
2637462.8297328
2687683.79334815
2738759.03826474
2790918.09463706
2843995.98588776
2898236.66362813
2953469.1909863
3009953.14515929
3067511.83321535
3126421.8741034
3186501.15646295
3248044.96733642
3310866.32522451
3375281.11119911
3441098.0658661
3508655.69353012
3577759.73040667
3648776.15343906
3721525.75903796
3796486.62357867
3873544.87090697
3953101.07854196
4034899.49947002
4119383.70304779
4206377.74716634
4296394.47889836
4389248.01733954
4485482.74140794
4584927.46262761
4688190.48639272
4795123.1306551
4906399.46048601
5021899.50489924
5142382.76761235
5267798.2231846
5399067.93167541
5536273.5048542
5680407.82735782
5831360.14997462
5990017.40019578
6156361.9337242
6331619.20407821
6516035.29264466
6711094.31239596
6917165.16086176
7135934.04996769
7367592.26832423
7613409.25208816
7873417.95558752
8149593.25785534
8442845.48195816
8756061.2376662
9090669.7615299
9450118.21408008
9835229.27431903
10247840.5026242
10687872.7386943
11158885.4793048
11663378.3607315
12206590.193297
12790031.9796574
13418096.2154057
14092637.0136095
14819054.5152327
15598520.4358414
16436864.4499443
17336331.2752746
18303743.4466799
19339991.085143
20452381.5271905
21641192.1520488
22913094.4756455
24266598.952843
25709461.0637848
27238334.5618002
28860521.1884623
30570793.4722709
32376712.4073574
34269101.1107145
36255025.9875234
38323150.4881441
40480984.9159422
42712889.3995715
45027318.4693466
47406575.2489469
49861247.6418549
52369326.2575667
54943129.1115951
57557572.0704411
60228711.1284461
62928890.7945603
65678420.5205348
68445315.798794
71253287.2831777
74066736.0190163
76914266.3980119
79756384.1927119
82626986.9607368
85483498.7435955
88364804.0537075
91222944.5567346
94100984.3852668
96946473.3300691
99810507.7188909
102634921.311953
105475022.948173
108268117.682641
111076004.107179
113831171.879663
116603180.499005
119317593.741559
122048997.643684
124718831.267763
127408729.782691
130032731.454002
132662698.379293
)
;

boundaryField
{
    electrode
    {
        type            calculated;
        value           uniform 133949506.433045;
    }
    ground
    {
        type            calculated;
        value           uniform 133967613.94671;
    }
    otherfaces
    {
        type            empty;
    }
}


// ************************************************************************* //
