/*--------------------------------*- C++ -*----------------------------------*\
| =========                 |                                                 |
| \\      /  F ield         | foam-extend: Open Source CFD                    |
|  \\    /   O peration     | Version:     4.1                                |
|   \\  /    A nd           | Web:         http://www.foam-extend.org         |
|    \\/     M anipulation  |                                                 |
\*---------------------------------------------------------------------------*/
FoamFile
{
    version     2.0;
    format      ascii;
    class       volScalarField;
    location    "2.50010000204314e-05";
    object      eCollisionFrequencyMean;
}
// * * * * * * * * * * * * * * * * * * * * * * * * * * * * * * * * * * * * * //

dimensions      [0 0 -1 0 0 0 0];

internalField   nonuniform List<scalar> 
500
(
10644128085.3514
11420333047.0791
11728881976.4402
11742706274.5222
11770309492.2699
11800261362.4962
11815446394.2914
11833616939.2875
11858098918.9641
11884967315.8607
11911916950.0303
11936917673.0557
11959940646.1064
11980777109.5456
11999743691.6763
12016880420.5503
12032514268.945
12046793970.8739
12059892015.7263
12071918830.6783
12083008399.819
12093251323.3342
12102740833.5936
12111548644.4327
12119742298.2293
12127378040.2336
12134509633.8334
12141180762.4181
12147431529.2763
12153297052.1849
12158808938.982
12163994972.8675
12168880242.9354
12173487637.5596
12177837666.5814
12181948798.3712
12185837821.6951
12189520154.872
12193009754.6339
12196319572.9599
12199460942.3406
12202444272.8063
12205279482.0475
12207975012.5168
12210539519.5805
12212980083.8787
12215303820.5143
12217517340.539
12219626436.548
12221636944.5296
12223554018.8476
12225382506.08
12227127092.8648
12228792015.4906
12230381311.8414
12231898771.3265
12233347982.6219
12234732303.2202
12236054872.7833
12237318668.0514
12238526481.4783
12239680936.7304
12240784514.4528
12241839539.54
12242848197.7328
12243812545.2827
12244734578.2069
12245616163.1411
12246459066.9545
12247264950.9645
12248035465.0742
12248772133.7067
12249476382.339
12250149556.8998
12250792980.5245
12251407896.8937
12251995468.6096
12252556781.1426
12253092919.7054
12253604949.8531
12254093836.6026
12254560501.8321
12255005814.0406
12255430621.7504
12255835736.7041
12256221917.736
12256589895.4952
12256940351.6175
12257273958.8074
12257591403.8631
12257893303.3293
12258180252.0309
12258452810.6445
12258711509.4951
12258956875.8573
12259189442.4792
12259409687.8311
12259618074.3686
12259815039.5685
12260001008.9139
12260176378.5396
12260341557.3771
12260496940.7225
12260642892.6614
12260779760.9736
12260907884.23
12261027585.412
12261139169.9996
12261242939.9611
12261339203.1695
12261428242.8333
12261510329.9497
12261585725.5116
12261654679.2917
12261717432.7043
12261774217.7043
12261825252.4862
12261870756.4606
12261910955.537
12261946062.2167
12261976272.5434
12262001777.0777
12262022758.5663
12262039394.4504
12262051856.0775
12262060309.5375
12262064914.962
12262065824.7214
12262063191.4234
12262057164.1185
12262047885.885
12262035493.3957
12262020117.6204
12262001886.1888
12261980924.0863
12261957351.1049
12261931281.9671
12261902829.2015
12261872101.6321
12261839203.3129
12261804234.5927
12261767289.3911
12261728469.8805
12261687872.6726
12261645597.2251
12261601732.8723
12261556363.6907
12261509573.1449
12261461440.7754
12261412044.178
12261361458.9532
12261309757.7058
12261257011.4318
12261203289.0402
12261148657.0028
12261093180.7251
12261036922.2258
12260979943.0137
12260922302.1434
12260864057.0514
12260805264.1614
12260745976.589
12260686247.5925
12260626128.4762
12260565668.6149
12260504915.522
12260443916.4991
12260382716.7474
12260321359.7478
12260259888.9059
12260198345.6616
12260136769.6592
12260075201.542
12260013677.8463
12259952235.5071
12259890910.11
12259829737.6198
12259768751.5423
12259707984.5814
12259647468.2672
12259587233.9362
12259527310.9874
12259467728.8173
12259408515.28
12259349698.4868
12259291305.0358
12259233360.7644
12259175891.062
12259118920.3336
12259062471.5904
12259006567.9042
12258951231.8616
12258896484.6125
12258842347.2648
12258788840.1647
12258735982.5528
12258683793.9239
12258632292.7396
12258581496.6281
12258531422.8468
12258482088.1026
12258433509.1505
12258385701.3673
12258338680.193
12258292460.0612
12258247055.8274
12258202481.0561
12258158749.2176
12258115873.712
12258073867.2816
12258032740.3855
12257992500.0164
12257953158.0959
12257914728.4767
12257877223.1957
12257840651.8402
12257805026.6994
12257770361.706
12257736664.6713
12257703939.1606
12257672192.1281
12257641430.0613
12257611658.5744
12257582886.0699
12257555122.71
12257528375.9255
12257502650.8957
12257477954.0844
12257454291.2254
12257431667.5405
12257410088.1261
12257389558.2094
12257370081.9847
12257351664.0558
12257334309.1011
12257318020.2792
12257302801.3836
12257288656.1038
12257275586.8973
12257263597.4415
12257252689.7127
12257242866.7111
12257234129.3452
12257226481.4478
12257219922.0088
12257214456.2403
12257210079.3879
12257206801.1474
12257204643.3892
12257203552.8738
12257203555.3678
12257204651.1616
12257206814.0094
12257210097.6962
12257214479.6228
12257219950.4149
12257226515.5105
12257234168.3346
12257242911.0004
12257252739.2353
12257263652.3053
12257275646.8607
12257288721.5312
12257302872.048
12257318096.0716
12257334390.177
12257351750.7305
12257370173.6962
12257389655.1983
12257410190.4797
12257431775.0502
12257454404.116
12257478072.6216
12257502774.4755
12257528504.8707
12257555256.9414
12257583025.684
12257611803.4972
12257641580.6159
12257672347.6548
12257704100.1388
12257736831.224
12257770533.5566
12257805204.0061
12257840834.732
12257877411.478
12257914922.2599
12257953357.3546
12257992704.9092
12258032950.517
12258074083.1365
12258116095.2866
12258158976.4588
12258202713.6347
12258247293.8807
12258292703.831
12258338929.5079
12258385956.3453
12258433769.8163
12258482354.505
12258531694.8953
12258581774.4951
12258632576.1915
12258684082.9518
12258736277.5906
12258789141.011
12258842653.7582
12258896796.9739
12258951549.9117
12259006891.6846
12259062801.2025
12259119255.7108
12259176232.5347
12259233707.9028
12259291658.079
12259350057.5361
12259408880.1932
12259468099.418
12259527687.8176
12259587616.8918
12259647857.1801
12259708379.1734
12259769152.2308
12259830144.3081
12259891322.8173
12259952654.1924
12260014102.9355
12260075632.338
12260137206.7444
12260198788.782
12260260337.9945
12260321815.0468
12260383178.2043
12260444384.1541
12260505389.3083
12260566148.3532
12260626614.9089
12260686739.9783
12260746475.1547
12260805769.0292
12260864568.0837
12260922819.3967
12260980466.5619
12261037451.9609
12261093716.6137
12261149199.3006
12261203837.4254
12261257566.179
12261310318.7872
12261362026.2331
12261412617.9048
12261462020.5147
12261510159.5171
12261556956.3862
12261602331.5177
12261646202.295
12261688484.1208
12261729086.8051
12261767912.1303
12261804862.2954
12261839835.7838
12261872739.6713
12261903472.9861
12261931931.1219
12261958006.0467
12261981584.9142
12262002552.528
12262020789.5264
12262036170.7706
12262048569.4288
12262057853.1038
12262063886.3141
12262066525.0561
12262065620.2223
12262061020.2753
12262052572.2869
12262040115.8678
12262023485.699
12262002509.4783
12261977010.733
12261946805.4335
12261911704.0504
12261871510.58
12261826010.6076
12261774979.1012
12261718198.2065
12261655449.0793
12261586499.9392
12261511109.2903
12261429026.8159
12261339991.2858
12261243732.5943
12261139966.4074
12261028384.8028
12260908687.1163
12260780567.9796
12260643702.7582
12260497755.3324
12260342375.8976
12260177200.9498
12260001833.0899
12259815866.7955
12259618903.8113
12259410520.2291
12259190277.6941
12258957714.9409
12258712350.9208
12258453652.2996
12258181095.2772
12257894149.1058
12257592251.0609
12257274808.5507
12256941202.0952
12256590744.1023
12256222767.8373
12255836586.5288
12255431474.1013
12255006666.8541
12254561354.9535
12254094691.894
12253605804.9654
12253093776.2709
12252557637.3153
12251996321.1653
12251408747.7894
12250793831.1613
12250150405.7558
12249477229.5518
12248772979.0554
12248036309.8734
12247265793.3009
12246459906.7148
12245616999.9085
12244735412.4778
12243813377.426
12242849027.8536
12241840364.3535
12240785338.2021
12239681760.811
12238527303.533
12237319490.5511
12236055697.5975
12234733122.1995
12233348803.0664
12231899592.4385
12230382130.9611
12228792836.0652
12227127909.7465
12225383328.5184
12223554849.6122
12221637778.5519
12219627292.6467
12217518214.5174
12215304708.8674
12212981016.1907
12210540474.4703
12207976030.7294
12205280548.0161
12202445402.074
12199462158.4099
12196320859.9944
12193011139.6532
12189521615.2313
12185839368.8172
12181950372.4588
12177839299.1391
12173489297.8317
12168881903.4909
12163996623.7057
12158810548.3597
12153298637.5499
12147433091.6808
12141182288.1913
12134511099.1195
12127379425.5005
12119743638.2809
12111549900.9907
12102742083.8586
12093252523.4765
12083009558.3544
12071919891.0352
12059892855.0423
12046794654.8308
12032514968.3013
12016881282.6356
11999744868.6659
11980778616.5115
11959942394.7766
11936919475.9946
11911918642.3062
11884968693.5196
11858099902.1868
11833617566.2329
11815446756.217
11800261574.2169
11770309599.5077
11742706211.4189
11728881827.7802
11420332702.9147
10644127294.6134
)
;

boundaryField
{
    electrode
    {
        type            calculated;
        value           uniform 10644128085.3514;
    }
    ground
    {
        type            calculated;
        value           uniform 10644127294.6134;
    }
    otherfaces
    {
        type            empty;
    }
}


// ************************************************************************* //
