/*--------------------------------*- C++ -*----------------------------------*\
| =========                 |                                                 |
| \\      /  F ield         | foam-extend: Open Source CFD                    |
|  \\    /   O peration     | Version:     4.1                                |
|   \\  /    A nd           | Web:         http://www.foam-extend.org         |
|    \\/     M anipulation  |                                                 |
\*---------------------------------------------------------------------------*/
FoamFile
{
    version     2.0;
    format      ascii;
    class       volScalarField;
    location    "2.50010000204314e-05";
    object      powerDissipatedElectron;
}
// * * * * * * * * * * * * * * * * * * * * * * * * * * * * * * * * * * * * * //

dimensions      [1 -1 -3 0 0 0 0];

internalField   nonuniform List<scalar> 
500
(
-1205636126.44027
535629988.394748
2427514715.1643
3202261374.37475
6422200049.78231
3542208168.99708
1790431447.69184
1796237682.06559
1574424281.85621
1494124585.38519
1305940886.63536
1202966987.95921
1081605107.25308
1003395763.12013
920589393.137547
860066508.934529
802563963.881123
755278684.003166
710640524.419604
672892287.197444
637826009.410721
607111915.795568
578728672.333879
553293816.978618
529786645.768553
508393065.16987
488566931.858833
470324393.151747
453353469.522041
437609702.455078
422902424.414877
409170946.956726
396290896.581245
384202739.525791
372820276.26812
362090977.943034
351952121.11678
342359242.801152
333264920.071566
324632132.860521
316424030.613712
308609895.116423
301160417.410653
294050160.800126
287255359.214103
280754864.068576
274529126.739039
268560481.137313
262832679.477653
257330824.089471
252041301.918575
246951489.43104
242049853.859838
237325614.936195
232768976.139302
228370699.750656
224122292.606378
220015893.145841
216044074.265009
212200063.138012
208477416.749306
204870205.651884
201372827.309074
197980040.981222
194686978.19353
191489041.008342
188381885.624291
185361491.150099
182424009.563335
179565860.114158
176783654.516473
174074167.000869
171434406.124793
168861487.794853
166352741.236253
163905559.650814
161517570.846459
159186432.035045
156910009.790275
154686171.452944
152513006.783897
150388608.103504
148311205.095584
146279109.013737
144290719.393153
142344457.333459
140438886.003994
138572601.539433
136744259.732138
134952589.450076
133196367.2685
131474413.866581
129785644.741419
128128948.072272
126503349.858175
124907809.496935
123341433.418759
121803308.498771
120292547.358712
118808339.600132
117349889.826215
115916411.019182
114507192.722557
113121490.628401
111758664.427272
110418017.999193
109098962.425286
107800834.31229
106523110.298412
105265166.532614
104026505.327951
102806567.927697
101604866.217401
100420907.880592
99254213.5060434
98104329.6886807
96970824.5891574
95853265.0366313
94751233.6903369
93664343.7491543
92592204.5430461
91534437.9102555
90490706.5285743
89460628.62999
88443879.0221634
87440146.5053622
86449094.5596342
85470417.0444103
84503827.3902134
83549027.8873975
82605733.5580702
81673681.5714933
80752609.8452448
79842248.8937776
78942363.2809764
78052707.8337993
77173036.5546981
76303134.7504448
75442777.3561855
74591749.4734683
73749837.7853443
72916837.6469398
72092559.2058488
71276796.303351
70469376.8830633
69670098.3824985
68878809.4280789
68095302.8730444
67319443.8417356
66551043.5228456
65789954.959735
65036012.1955769
64289069.7577283
63548971.4834548
62815589.7718644
62088756.903022
61368360.2868573
60654242.7722871
59946294.944995
59244369.8375059
58548351.817926
57858115.5102371
57173546.3088955
56494516.7460653
55820920.8987715
55152645.3281721
54489581.3884859
53831618.8600253
53178653.7820626
52530595.3885512
51887320.9760887
51248756.4902736
50614786.4625745
49985332.2679787
49360292.7198625
48739578.8056117
48123112.5856044
47510788.2064402
46902537.6992934
46298273.4740911
45697909.7492006
45101369.7982444
44508578.2718888
43919452.706879
43333923.8634296
42751910.7269559
42173344.1142615
41598155.224714
41026272.1397404
40457620.5438089
39892145.0325439
39329763.1222835
38770427.1485371
38214056.3588978
37660600.9018171
37109990.7256903
36562165.6806879
36017070.3957858
35474636.9917248
34934819.3213631
34397545.2724435
33862774.7974093
33330433.9276728
32800490.9446452
32272861.5660317
31747527.0492324
31224399.725931
30703465.950224
30184632.1931673
29667935.0306462
29153331.3124636
28640045.2466506
28128691.2077783
27619245.6510712
27111888.1925999
26606377.3383956
26102429.5548804
25601248.7874199
25101606.5167953
24603332.6198905
24106593.5245811
23611111.5313409
23116828.1981843
22623741.1699549
22132289.3371913
21642153.9139873
21153284.560357
20665659.2881846
20179213.6033004
19693920.1536304
19209724.6899116
18726596.610234
18244483.4652657
17763354.3177294
17283159.1370723
16803869.4364892
16325430.0668112
15847821.7513446
15370979.710371
14894897.3662177
14419492.970435
13944784.008801
13470657.9638299
12997175.6557031
12524165.1102303
12051769.7506089
11579711.0558271
11108261.0439262
10636989.2535924
10165968.3976586
9695895.05244131
9225518.66067441
8755620.35941022
8286004.95796506
7816383.53576259
7347016.45382537
6877669.06481897
6408439.70349255
5939196.35306272
5469968.749577
5000671.24888022
4531299.83447844
4061794.66265143
3592133.9241172
3122269.70627426
2652170.0176475
2181790.35924544
1711098.62178269
1240056.4965047
768630.137857319
296776.971002251
-175536.424148353
-648357.91900698
-1121732.17405813
-1595704.19006399
-2070307.57936768
-2545613.48190099
-3021712.28456053
-3498439.79202431
-3975753.63827837
-4453716.45376742
-4932454.26276918
-5412026.51729169
-5892679.72554085
-6374744.94841944
-6858016.89839368
-7342478.53482897
-7828188.72645486
-8315099.40992486
-8803111.99554221
-9292164.34267632
-9782415.13942764
-10273996.9616741
-10766967.2399281
-11261367.5579744
-11757241.8859291
-12254635.9502767
-12753598.0097465
-13254169.8281452
-13756403.2712553
-14260343.9897161
-14766039.4056679
-15273541.4639419
-15782894.5422224
-16294157.5871144
-16807373.3780641
-17322596.8604406
-17839882.1510875
-18359281.1143554
-18880845.7961966
-19404635.001567
-19930702.6286175
-20459105.1029772
-20989901.7831491
-21523150.0671611
-22058906.8361555
-22597239.5124674
-23138199.574102
-23681862.1749897
-24228280.9011767
-24777525.5176808
-25329662.0874122
-25884753.9334903
-26442874.1358855
-27004091.0006436
-27568476.590823
-28136101.7567093
-28707038.8381089
-29281372.1435596
-29859166.6716239
-30440511.1572282
-31025475.3929259
-31614150.8924262
-32206617.3023301
-32802956.3385448
-33403265.1459024
-34007622.5219347
-34616123.1083199
-35228863.1523639
-35845930.4257376
-36467427.7842236
-37093458.6191737
-37724115.0498531
-38359505.7834491
-38999734.1733158
-39644921.9202153
-40295159.600324
-40950583.2167839
-41611295.6178591
-42277423.5108515
-42949084.5823359
-43626412.5201079
-44309531.6126692
-44998576.1330838
-45693679.7574759
-46394992.7109043
-47102640.7068896
-47816783.4946169
-48537574.2095589
-49265161.1271381
-49999703.7926757
-50741374.8960868
-51490331.3309328
-52246757.2358796
-53010824.9525174
-53782717.9281997
-54562625.1551623
-55350738.9972058
-56147269.4838157
-56952409.143588
-57766382.1890186
-58589395.6918935
-59421681.5571494
-60263468.5659673
-61115002.6403304
-61976516.2605108
-62848281.1288914
-63730552.8823159
-64623596.4510039
-65527704.6656408
-66443150.6765249
-67370253.5551487
-68309300.2031145
-69260623.7649441
-70224557.0086482
-71201435.7476703
-72191604.5441718
-73195449.1477354
-74213330.6651258
-75245650.4944315
-76292811.8277633
-77355242.3913598
-78433368.9108004
-79527660.6150963
-80638561.8562706
-81766584.3987052
-82912226.8911969
-84076025.8730076
-85258503.7578196
-86460250.2561796
-87681861.3485498
-88923934.8301492
-90187127.389288
-91472092.6669068
-92779543.332324
-94110189.5472988
-95464798.0820458
-96844141.4162631
-98249064.5797545
-99680414.1122285
-101139092.199175
-102626027.383575
-104142222.26454
-105688693.83259
-107266518.259513
-108876811.172291
-110520780.106259
-112199646.314659
-113914707.008651
-115667343.59035
-117458979.824412
-119291134.166305
-121165369.238051
-123083399.415626
-125046937.308037
-127057878.942209
-129118169.467662
-131229872.139374
-133395188.448602
-135616415.101899
-137896000.3936
-140236552.581764
-142640805.984625
-145111694.618619
-147652298.159021
-150265943.376444
-152956102.886005
-155726544.358449
-158581236.275933
-161524447.500255
-164560728.294646
-167694955.726063
-170932347.621335
-174278469.908423
-177739404.779883
-181321538.708288
-185031914.89977
-188877976.754821
-192867915.377603
-197010433.135685
-201315084.035331
-205792199.821486
-210452961.845485
-215309658.921407
-220375553.922601
-225665339.592789
-231194853.464623
-236981842.620383
-243045396.671163
-249407173.885178
-256090306.596341
-263121687.910021
-270529478.860002
-278347696.510596
-286610801.886073
-295362817.692939
-304645777.092767
-314518583.167532
-325032072.126896
-336267958.181761
-348286161.275794
-361205789.995844
-375092768.528162
-390131229.83912
-406381314.815101
-424146761.462454
-443448444.254791
-464822749.864777
-488164727.975285
-514484845.122014
-543339553.111658
-576751255.833764
-613421755.03318
-657622411.147544
-707213641.261884
-770519927.383916
-840848276.640163
-943308320.844312
-1061539198.90626
-1256469469.62674
-1490286020.39315
-1923872761.38159
-2449335156.42611
-3567144771.26045
-4661532118.283
-5268274048.39156
-4475491304.20603
-3294264323.4819
-1614272163.57259
-3096850257.08685
)
;

boundaryField
{
    electrode
    {
        type            calculated;
        value           uniform -154761717.512492;
    }
    ground
    {
        type            calculated;
        value           uniform -674493299.208483;
    }
    otherfaces
    {
        type            empty;
    }
}


// ************************************************************************* //
