/*--------------------------------*- C++ -*----------------------------------*\
| =========                 |                                                 |
| \\      /  F ield         | foam-extend: Open Source CFD                    |
|  \\    /   O peration     | Version:     4.1                                |
|   \\  /    A nd           | Web:         http://www.foam-extend.org         |
|    \\/     M anipulation  |                                                 |
\*---------------------------------------------------------------------------*/
FoamFile
{
    version     2.0;
    format      ascii;
    class       volVectorField;
    location    "2.50010000204314e-05";
    object      totalIonFlux;
}
// * * * * * * * * * * * * * * * * * * * * * * * * * * * * * * * * * * * * * //

dimensions      [0 -2 0 0 0 1 0];

internalField   nonuniform List<vector> 
500
(
(-469.902071553948 0 0)
(-531.391072207332 0 0)
(-504.96409443557 0 0)
(-536.865371729584 0 0)
(-514.233160234892 0 0)
(-522.192124108242 0 0)
(-507.44370539574 0 0)
(-508.177196411725 0 0)
(-505.503492794303 0 0)
(-512.150902092916 0 0)
(-514.675266711677 0 0)
(-519.874546980601 0 0)
(-522.192737803771 0 0)
(-525.346455030186 0 0)
(-527.18879926286 0 0)
(-528.530431432809 0 0)
(-528.945891368497 0 0)
(-529.524783736753 0 0)
(-529.717015015817 0 0)
(-529.957566832474 0 0)
(-529.982756886531 0 0)
(-530.007885268332 0 0)
(-529.906212513118 0 0)
(-529.785596960234 0 0)
(-529.58530321774 0 0)
(-529.359886445087 0 0)
(-529.080292561889 0 0)
(-528.774324923166 0 0)
(-528.4280809153 0 0)
(-528.055940516156 0 0)
(-527.651259342648 0 0)
(-527.221434130621 0 0)
(-526.763416543463 0 0)
(-526.281042190223 0 0)
(-525.772848705715 0 0)
(-525.240979095164 0 0)
(-524.684761721951 0 0)
(-524.105344362903 0 0)
(-523.502469434983 0 0)
(-522.876758009982 0 0)
(-522.22823489878 0 0)
(-521.557296192721 0 0)
(-520.864018382492 0 0)
(-520.148626841634 0 0)
(-519.411274639121 0 0)
(-518.652215839162 0 0)
(-517.871604613651 0 0)
(-517.06959721982 0 0)
(-516.246342591506 0 0)
(-515.402050788739 0 0)
(-514.536922751608 0 0)
(-513.651029865187 0 0)
(-512.744657996973 0 0)
(-511.81786128608 0 0)
(-510.87085766186 0 0)
(-509.903738055714 0 0)
(-508.916747284675 0 0)
(-507.90994770489 0 0)
(-506.883516093055 0 0)
(-505.837546806536 0 0)
(-504.772239145013 0 0)
(-503.687637325972 0 0)
(-502.583925702537 0 0)
(-501.461196753852 0 0)
(-500.319596376747 0 0)
(-499.159187032161 0 0)
(-497.980121239905 0 0)
(-496.782486415484 0 0)
(-495.566352614548 0 0)
(-494.331881969633 0 0)
(-493.079103762014 0 0)
(-491.808164779338 0 0)
(-490.519149903762 0 0)
(-489.212155138289 0 0)
(-487.887250728813 0 0)
(-486.54455243087 0 0)
(-485.184112979983 0 0)
(-483.806029999727 0 0)
(-482.410443755952 0 0)
(-480.997360015017 0 0)
(-479.566896045196 0 0)
(-478.119143316005 0 0)
(-476.654197501063 0 0)
(-475.172119184412 0 0)
(-473.672982884367 0 0)
(-472.156906339996 0 0)
(-470.623933720503 0 0)
(-469.074183073237 0 0)
(-467.50771161106 0 0)
(-465.924614937159 0 0)
(-464.324994136156 0 0)
(-462.708883259284 0 0)
(-461.076387549412 0 0)
(-459.427615681783 0 0)
(-457.762613548193 0 0)
(-456.081499038577 0 0)
(-454.384319209402 0 0)
(-452.671162122741 0 0)
(-450.942123283591 0 0)
(-449.197292563191 0 0)
(-447.436764263062 0 0)
(-445.660571736908 0 0)
(-443.868847082132 0 0)
(-442.061659594327 0 0)
(-440.239112105019 0 0)
(-438.401245072122 0 0)
(-436.548166885761 0 0)
(-434.679989090261 0 0)
(-432.796758404601 0 0)
(-430.898586994166 0 0)
(-428.985555941555 0 0)
(-427.057749855864 0 0)
(-425.115224905904 0 0)
(-423.158128511468 0 0)
(-421.186519266659 0 0)
(-419.200457026575 0 0)
(-417.200061591607 0 0)
(-415.185456906033 0 0)
(-413.15664839024 0 0)
(-411.113790682261 0 0)
(-409.056980863879 0 0)
(-406.986252999243 0 0)
(-404.901731853526 0 0)
(-402.803495867382 0 0)
(-400.691674438035 0 0)
(-398.566304376318 0 0)
(-396.427521072776 0 0)
(-394.275398876197 0 0)
(-392.110009929063 0 0)
(-389.93149211535 0 0)
(-387.739924924957 0 0)
(-385.535409840193 0 0)
(-383.31799860394 0 0)
(-381.087829461497 0 0)
(-378.844981383062 0 0)
(-376.589539391003 0 0)
(-374.321644463968 0 0)
(-372.041350585726 0 0)
(-369.748793491532 0 0)
(-367.444005575537 0 0)
(-365.127155656711 0 0)
(-362.798303766647 0 0)
(-360.457537546445 0 0)
(-358.10499943481 0 0)
(-355.740752215841 0 0)
(-353.364909236529 0 0)
(-350.977562826097 0 0)
(-348.578832952161 0 0)
(-346.168807963238 0 0)
(-343.747605274198 0 0)
(-341.315271317653 0 0)
(-338.871973276202 0 0)
(-336.417780429316 0 0)
(-333.952811570208 0 0)
(-331.477164233243 0 0)
(-328.990936554021 0 0)
(-326.494222932683 0 0)
(-323.987143161048 0 0)
(-321.4697953639 0 0)
(-318.942280287776 0 0)
(-316.404721521503 0 0)
(-313.857215697249 0 0)
(-311.299861188514 0 0)
(-308.73276075851 0 0)
(-306.156038399646 0 0)
(-303.569771690715 0 0)
(-300.974107125851 0 0)
(-298.369104506333 0 0)
(-295.754904939246 0 0)
(-293.131610905969 0 0)
(-290.499331301089 0 0)
(-287.858149043809 0 0)
(-285.208208228907 0 0)
(-282.549610511884 0 0)
(-279.882442044903 0 0)
(-277.206828829494 0 0)
(-274.522875489806 0 0)
(-271.830690005401 0 0)
(-269.130373652158 0 0)
(-266.422052693101 0 0)
(-263.705839517375 0 0)
(-260.981838917407 0 0)
(-258.250154964216 0 0)
(-255.510876584745 0 0)
(-252.764167676871 0 0)
(-250.010101991964 0 0)
(-247.248786473247 0 0)
(-244.480344826084 0 0)
(-241.704905605526 0 0)
(-238.922541955369 0 0)
(-236.133395292303 0 0)
(-233.337559772122 0 0)
(-230.535144636437 0 0)
(-227.726277553164 0 0)
(-224.91106749384 0 0)
(-222.089625183051 0 0)
(-219.262056226807 0 0)
(-216.428471273183 0 0)
(-213.588995065656 0 0)
(-210.743727828513 0 0)
(-207.892776090414 0 0)
(-205.036271480991 0 0)
(-202.174310316728 0 0)
(-199.30700481412 0 0)
(-196.434478176591 0 0)
(-193.556854777193 0 0)
(-190.674192138555 0 0)
(-187.786694855053 0 0)
(-184.894363604596 0 0)
(-181.997426252563 0 0)
(-179.09557356786 0 0)
(-176.187365394175 0 0)
(-173.274320462698 0 0)
(-170.357244983319 0 0)
(-167.43697110843 0 0)
(-164.513316581705 0 0)
(-161.586383703518 0 0)
(-158.658919023659 0 0)
(-155.728238037457 0 0)
(-152.793354942542 0 0)
(-149.854473062031 0 0)
(-146.91101145567 0 0)
(-143.962981261702 0 0)
(-141.010949427218 0 0)
(-138.05641397616 0 0)
(-135.099036701321 0 0)
(-132.138773631475 0 0)
(-129.175730340737 0 0)
(-126.209943966149 0 0)
(-123.241534557047 0 0)
(-120.270597316393 0 0)
(-117.297248774899 0 0)
(-114.321562933646 0 0)
(-111.343649685607 0 0)
(-108.363598975217 0 0)
(-105.381538671541 0 0)
(-102.39754349913 0 0)
(-99.411762134499 0 0)
(-96.4242267383404 0 0)
(-93.4351292102655 0 0)
(-90.4444621390322 0 0)
(-87.452467061162 0 0)
(-84.4590716823096 0 0)
(-81.4646228249524 0 0)
(-78.4688756793893 0 0)
(-75.4724279089941 0 0)
(-72.4746947404411 0 0)
(-69.4766481746605 0 0)
(-66.4770999632518 0 0)
(-63.4767930651506 0 0)
(-60.4786093446701 0 0)
(-57.4776274919681 0 0)
(-54.476713572636 0 0)
(-51.4763002556327 0 0)
(-48.4751794780878 0 0)
(-45.4745125269426 0 0)
(-42.4737047338051 0 0)
(-39.4733595595183 0 0)
(-36.4732152986517 0 0)
(-33.4736427837103 0 0)
(-30.4745451838028 0 0)
(-27.4761624179889 0 0)
(-24.4785010651567 0 0)
(-21.4817406722798 0 0)
(-18.485923723903 0 0)
(-15.4911883512598 0 0)
(-12.520607054917 0 0)
(-9.54146118604484 0 0)
(-6.55194340802196 0 0)
(-3.55218433801495 0 0)
(-0.542262878763701 0 0)
(2.49341867644007 0 0)
(5.52437993103658 0 0)
(8.49366412626158 0 0)
(11.4777160467343 0 0)
(14.4470835154542 0 0)
(17.4018402307189 0 0)
(20.3423446026871 0 0)
(23.2776521726613 0 0)
(26.2394556566726 0 0)
(29.1966802394249 0 0)
(32.149927552231 0 0)
(35.0989620654721 0 0)
(38.0448440663146 0 0)
(40.9903547848909 0 0)
(43.9326427162772 0 0)
(46.8715643345263 0 0)
(49.80736274234 0 0)
(52.7392063862422 0 0)
(55.6662640517275 0 0)
(58.5869518502951 0 0)
(61.5027701635084 0 0)
(64.414061848977 0 0)
(67.3206123069379 0 0)
(70.222364529215 0 0)
(73.1191621590728 0 0)
(76.0109324694837 0 0)
(78.8975350620919 0 0)
(81.7788715140849 0 0)
(84.654832017545 0 0)
(87.5253060336827 0 0)
(90.3901800715205 0 0)
(93.2493440160801 0 0)
(96.1026924930341 0 0)
(98.9501074771344 0 0)
(101.791486715914 0 0)
(104.626716401528 0 0)
(107.455698664395 0 0)
(110.278299012326 0 0)
(113.094429779767 0 0)
(115.903969722419 0 0)
(118.706818207107 0 0)
(121.502859582613 0 0)
(124.291995934756 0 0)
(127.074097644695 0 0)
(129.849074876736 0 0)
(132.616814039068 0 0)
(135.377198044924 0 0)
(138.130131845499 0 0)
(140.875507904477 0 0)
(143.613210582339 0 0)
(146.34313270967 0 0)
(149.06517464285 0 0)
(151.779213512755 0 0)
(154.485169469623 0 0)
(157.182913480789 0 0)
(159.872348663523 0 0)
(162.553362379591 0 0)
(165.225853325237 0 0)
(167.889714854024 0 0)
(170.544854427605 0 0)
(173.191144476571 0 0)
(175.828497465539 0 0)
(178.456799007024 0 0)
(181.075959886776 0 0)
(183.685855647206 0 0)
(186.286408344118 0 0)
(188.877491153338 0 0)
(191.459018811735 0 0)
(194.030876468795 0 0)
(196.592969690894 0 0)
(199.145214724169 0 0)
(201.687478404751 0 0)
(204.219661631517 0 0)
(206.741687591904 0 0)
(209.253446645313 0 0)
(211.754840039859 0 0)
(214.245774818883 0 0)
(216.726140549749 0 0)
(219.195839047954 0 0)
(221.654777884371 0 0)
(224.102867090933 0 0)
(226.539998000209 0 0)
(228.96607673021 0 0)
(231.381014598406 0 0)
(233.784720880757 0 0)
(236.177083836939 0 0)
(238.558019090261 0 0)
(240.927442577248 0 0)
(243.285243678434 0 0)
(245.631352575829 0 0)
(247.965650805664 0 0)
(250.288052447263 0 0)
(252.598473569538 0 0)
(254.89682995968 0 0)
(257.183037494084 0 0)
(259.456976448607 0 0)
(261.718585663353 0 0)
(263.967768533755 0 0)
(266.204445940546 0 0)
(268.428519876176 0 0)
(270.639910148558 0 0)
(272.838519379963 0 0)
(275.024294435898 0 0)
(277.197121184405 0 0)
(279.356905304126 0 0)
(281.503618342054 0 0)
(283.637127531571 0 0)
(285.757360102207 0 0)
(287.864268436569 0 0)
(289.957723552781 0 0)
(292.037701268222 0 0)
(294.104071020242 0 0)
(296.15679131438 0 0)
(298.195760103036 0 0)
(300.220934558185 0 0)
(302.232189119354 0 0)
(304.229512006777 0 0)
(306.212780280058 0 0)
(308.181959206797 0 0)
(310.136929824813 0 0)
(312.07766235847 0 0)
(314.004084668935 0 0)
(315.916102205293 0 0)
(317.813665495744 0 0)
(319.696709548977 0 0)
(321.565149456994 0 0)
(323.418942130626 0 0)
(325.257998040911 0 0)
(327.082284482181 0 0)
(328.891746426252 0 0)
(330.68627800044 0 0)
(332.465849968422 0 0)
(334.230388608685 0 0)
(335.979845848364 0 0)
(337.714175939807 0 0)
(339.433310201335 0 0)
(341.137209928652 0 0)
(342.825793228178 0 0)
(344.499049828914 0 0)
(346.15687021363 0 0)
(347.799280621009 0 0)
(349.426162731253 0 0)
(351.037545646423 0 0)
(352.633309082873 0 0)
(354.213470414272 0 0)
(355.777976672147 0 0)
(357.32677383593 0 0)
(358.859812069388 0 0)
(360.377103072265 0 0)
(361.878558967114 0 0)
(363.364199401656 0 0)
(364.833974327199 0 0)
(366.287867472412 0 0)
(367.725840774817 0 0)
(369.147868107022 0 0)
(370.553956373658 0 0)
(371.944090807962 0 0)
(373.318242464347 0 0)
(374.676419748126 0 0)
(376.01858714187 0 0)
(377.344803143722 0 0)
(378.655001007407 0 0)
(379.949237410425 0 0)
(381.227530450714 0 0)
(382.48988573874 0 0)
(383.736296616874 0 0)
(384.966859338333 0 0)
(386.181548608817 0 0)
(387.380446762345 0 0)
(388.563577444876 0 0)
(389.731043190103 0 0)
(390.882855141978 0 0)
(392.019112423379 0 0)
(393.139893457125 0 0)
(394.245277080632 0 0)
(395.335378341511 0 0)
(396.410291639075 0 0)
(397.470160338666 0 0)
(398.515046312989 0 0)
(399.545130035285 0 0)
(400.560548550927 0 0)
(401.561424326061 0 0)
(402.547918349678 0 0)
(403.520238897983 0 0)
(404.478478632233 0 0)
(405.422881198114 0 0)
(406.353549714739 0 0)
(407.270793067977 0 0)
(408.174716466959 0 0)
(409.065673983606 0 0)
(409.943684157968 0 0)
(410.809329474718 0 0)
(411.662519465861 0 0)
(412.504128822031 0 0)
(413.333797627651 0 0)
(414.153068012077 0 0)
(414.96099467298 0 0)
(415.760451881289 0 0)
(416.549302183452 0 0)
(417.332807865784 0 0)
(418.106330841224 0 0)
(418.880021139898 0 0)
(419.643950451677 0 0)
(420.417607133201 0 0)
(421.18032498634 0 0)
(421.969924865803 0 0)
(422.743358303113 0 0)
(423.575056675958 0 0)
(424.375643117685 0 0)
(425.293143851729 0 0)
(426.142128749828 0 0)
(427.220645465948 0 0)
(428.145200316775 0 0)
(429.518315641539 0 0)
(430.912350211941 0 0)
(433.59442650748 0 0)
(436.08863698063 0 0)
(440.138969145171 0 0)
(442.789753256805 0 0)
(448.468025557066 0 0)
(448.037751294658 0 0)
(449.550091691885 0 0)
(436.762659522211 0 0)
(433.929512757022 0 0)
(416.697409265313 0 0)
(436.135615606026 0 0)
(423.088750235305 0 0)
(459.363821572336 0 0)
(415.690835218037 0 0)
)
;

boundaryField
{
    electrode
    {
        type            calculated;
        value           uniform (-505.562059837515 0 0);
    }
    ground
    {
        type            calculated;
        value           uniform (455.231060215072 0 0);
    }
    otherfaces
    {
        type            empty;
    }
}


// ************************************************************************* //
