/*--------------------------------*- C++ -*----------------------------------*\
| =========                 |                                                 |
| \\      /  F ield         | foam-extend: Open Source CFD                    |
|  \\    /   O peration     | Version:     4.1                                |
|   \\  /    A nd           | Web:         http://www.foam-extend.org         |
|    \\/     M anipulation  |                                                 |
\*---------------------------------------------------------------------------*/
FoamFile
{
    version     2.0;
    format      ascii;
    class       volScalarField;
    location    "1.50133329961085e-05";
    object      Arp1;
}
// * * * * * * * * * * * * * * * * * * * * * * * * * * * * * * * * * * * * * //

dimensions      [0 -3 0 0 0 0 0];

internalField   nonuniform List<scalar> 
500
(
5.61959278107868e+17
5.73626178526453e+17
5.77592581363429e+17
5.84884716398606e+17
5.89527328778349e+17
5.96812231050106e+17
6.02250459579548e+17
6.09812243099048e+17
6.15999652244626e+17
6.23875901889136e+17
6.30955806873551e+17
6.39390118278787e+17
6.47237981068432e+17
6.56162056683231e+17
6.64945264058475e+17
6.74606562767316e+17
6.84172731608538e+17
6.94534035243501e+17
7.05114790440361e+17
7.16324389517761e+17
7.27747856990001e+17
7.39853897424822e+17
7.52352343153695e+17
7.65326100424234e+17
7.78524883675805e+17
7.9234216671845e+17
8.06833219818402e+17
8.21968971154552e+17
8.37741365022014e+17
8.54286608850785e+17
8.71603403774935e+17
8.8979376469225e+17
9.08796212525973e+17
9.28604888352259e+17
9.49231455391275e+17
9.70476193306682e+17
9.92459672225827e+17
1.01566128037067e+18
1.04021369434015e+18
1.06613387420608e+18
1.09350577381237e+18
1.12229261020005e+18
1.15217652316933e+18
1.18306395468336e+18
1.21586279375861e+18
1.25098111485718e+18
1.28811858315396e+18
1.32665908947759e+18
1.3666847596971e+18
1.40943982184468e+18
1.45480862566032e+18
1.50134233289041e+18
1.55000811857767e+18
1.60171178677e+18
1.65448462379545e+18
1.7092141572316e+18
1.76630233371426e+18
1.824288666868e+18
1.88421536006954e+18
1.94504938349979e+18
2.00684117538222e+18
2.06968515290027e+18
2.13288069919302e+18
2.19702024400516e+18
2.26120571451863e+18
2.32592796296687e+18
2.39033691947118e+18
2.45427608217302e+18
2.5185036336851e+18
2.58169035518956e+18
2.64435453335814e+18
2.70720823426253e+18
2.76909172715418e+18
2.83024498893388e+18
2.89155307790689e+18
2.95269581001301e+18
3.01303311956344e+18
3.07219706817553e+18
3.13055654856485e+18
3.18848978602442e+18
3.24597766902053e+18
3.30299162989967e+18
3.35950923718412e+18
3.41555152179283e+18
3.47115074857316e+18
3.52627919649777e+18
3.5808583607854e+18
3.63492161298294e+18
3.68856126976167e+18
3.74178226436878e+18
3.79458432637483e+18
3.84695799508529e+18
3.89886878558111e+18
3.95038147646201e+18
4.00156620629417e+18
4.0523989101357e+18
4.10287583535996e+18
4.15300037053188e+18
4.20278145051878e+18
4.25222519644161e+18
4.30133563655308e+18
4.3501187843266e+18
4.39857392840673e+18
4.44670056728648e+18
4.49450194151961e+18
4.54198108178887e+18
4.5891408122516e+18
4.63598378292223e+18
4.68251247611933e+18
4.72872923936482e+18
4.77463633636954e+18
4.82023558968453e+18
4.86552697528348e+18
4.91051066303131e+18
4.95520261782376e+18
4.99960746438454e+18
5.0437134636949e+18
5.0875204295643e+18
5.13102954524595e+18
5.17424096642956e+18
5.21715461307229e+18
5.25977036858437e+18
5.30208807528586e+18
5.34410752130895e+18
5.38582844854813e+18
5.4272505600088e+18
5.46837351827866e+18
5.50919695049414e+18
5.54972045158907e+18
5.58994358561216e+18
5.62986588790181e+18
5.66948687020953e+18
5.70880601925724e+18
5.74782279847548e+18
5.78653665264701e+18
5.82494700791258e+18
5.86305327344935e+18
5.90085484124875e+18
5.93835109021821e+18
5.97554138645266e+18
6.01242508392248e+18
6.04900152624317e+18
6.0852700471841e+18
6.1212299724922e+18
6.15688062091658e+18
6.19222130453931e+18
6.22725132630706e+18
6.2619699892235e+18
6.29637659048058e+18
6.33047042431877e+18
6.36425078380123e+18
6.39771695983265e+18
6.43086824368027e+18
6.46370392518203e+18
6.49622329235918e+18
6.52842563687562e+18
6.56031025180334e+18
6.59187643033235e+18
6.6231234693518e+18
6.65405066904636e+18
6.68465733341283e+18
6.7149427698905e+18
6.7449062899259e+18
6.77454721066912e+18
6.80386485442077e+18
6.83285854925244e+18
6.86152762936159e+18
6.88987143431274e+18
6.9178893111996e+18
6.94558061390773e+18
6.97294470387009e+18
6.99998094951948e+18
7.02668872764807e+18
7.05306742288641e+18
7.07911642821552e+18
7.10483514548614e+18
7.13022298529858e+18
7.15527936694659e+18
7.18000371925109e+18
7.20439548082414e+18
7.22845409934716e+18
7.25217903246227e+18
7.27556974813521e+18
7.29862572503112e+18
7.32134645100857e+18
7.34373142526521e+18
7.36578015729651e+18
7.38749216726503e+18
7.40886698793428e+18
7.42990416204469e+18
7.45060324243915e+18
7.47096379308513e+18
7.4909853898593e+18
7.51066761895522e+18
7.53001007813594e+18
7.54901237804103e+18
7.56767414000349e+18
7.58599499713614e+18
7.60397459505109e+18
7.62161259177347e+18
7.63890865657746e+18
7.655862471665e+18
7.67247373167008e+18
7.68874214190537e+18
7.70466741782769e+18
7.72024928475288e+18
7.73548748201271e+18
7.75038176339849e+18
7.7649318961557e+18
7.77913766025312e+18
7.79299884820357e+18
7.80651529260516e+18
7.81968680184197e+18
7.83251319896497e+18
7.84499432388454e+18
7.85713003105123e+18
7.86892018611986e+18
7.88036467010583e+18
7.89146337912334e+18
7.90221622575045e+18
7.9126231281727e+18
7.92268395507358e+18
7.93239865252239e+18
7.94176889462528e+18
7.95079080842049e+18
7.95946595001345e+18
7.96779792279257e+18
7.97578352831115e+18
7.98342300217261e+18
7.9907163493633e+18
7.99766345287811e+18
8.00426419283965e+18
8.01051844803187e+18
8.0164261092682e+18
8.02198707140832e+18
8.02720123401649e+18
8.03206849806857e+18
8.03658877296671e+18
8.04076198384063e+18
8.04458804559925e+18
8.04806688203133e+18
8.05119843494792e+18
8.05398262939356e+18
8.05641941493051e+18
8.05850875442687e+18
8.06025059763449e+18
8.06164483042878e+18
8.06269126716007e+18
8.06339082444896e+18
8.06374221448401e+18
8.06374513479227e+18
8.06340371612012e+18
8.06271060455082e+18
8.06167137504389e+18
8.06028439824418e+18
8.05854967369217e+18
8.05646729905339e+18
8.05403731578589e+18
8.05125976656823e+18
8.0481347026675e+18
8.04466218282408e+18
8.04084227180364e+18
8.03667503653051e+18
8.03216055150371e+18
8.02729889332918e+18
8.02209014297851e+18
8.01653438634031e+18
8.01063171008931e+18
8.00438220507638e+18
7.99778595993871e+18
7.99084306665193e+18
7.98355362165783e+18
7.97591772257479e+18
7.96793538324498e+18
7.95960650441206e+18
7.9509321139476e+18
7.94191129128376e+18
7.93254363463529e+18
7.92283032644516e+18
7.91277089087053e+18
7.90236538897399e+18
7.8916139421468e+18
7.88051663621045e+18
7.86907356371569e+18
7.85728483199836e+18
7.84515056113438e+18
7.83267088394232e+18
7.81984594509926e+18
7.80667590229518e+18
7.79316092693617e+18
7.77930120325126e+18
7.76509691880613e+18
7.7505482812982e+18
7.73565551216471e+18
7.72041884301747e+18
7.70483851927427e+18
7.68891479958656e+18
7.67264795445504e+18
7.65603826811971e+18
7.63908603522941e+18
7.62179156222794e+18
7.60415516878368e+18
7.58617718594527e+18
7.56785795798774e+18
7.54919783977802e+18
7.53019719820176e+18
7.51085641325415e+18
7.49117587683162e+18
7.47115599147639e+18
7.4507971716579e+18
7.43009984361665e+18
7.40906444442365e+18
7.38769142085751e+18
7.36598122662488e+18
7.3439343287587e+18
7.32155120598005e+18
7.29883234855722e+18
7.27577825936878e+18
7.25238945019093e+18
7.22866644304249e+18
7.20460977180828e+18
7.18021997946321e+18
7.15549761912789e+18
7.1304432536095e+18
7.1050574540393e+18
7.07934080256613e+18
7.0532938900377e+18
7.02691731531893e+18
7.00021168587501e+18
6.97317761892337e+18
6.94581573805773e+18
6.91812667645897e+18
6.89011107446593e+18
6.86176957814215e+18
6.83310284324562e+18
6.80411152988844e+18
6.77479630580898e+18
6.74515784615198e+18
6.71519682859277e+18
6.68491393770398e+18
6.65430986485155e+18
6.62338530320822e+18
6.59214095109039e+18
6.5605775116698e+18
6.52869568943636e+18
6.49649619335373e+18
6.46397973543603e+18
6.43114702547995e+18
6.39799877759446e+18
6.36453570504227e+18
6.33075851740262e+18
6.29666792524151e+18
6.26226463679415e+18
6.22754936062852e+18
6.1925228026796e+18
6.15718566587613e+18
6.12153865589067e+18
6.08558246017375e+18
6.04931776398045e+18
6.01274524434954e+18
5.97586557136759e+18
5.93867940810008e+18
5.90118740217446e+18
5.86339019338527e+18
5.82528840800446e+18
5.78688265864822e+18
5.7481735412194e+18
5.70916163620546e+18
5.66984750597894e+18
5.63023169013296e+18
5.59031471189933e+18
5.55009706752646e+18
5.50957922933339e+18
5.46876164371157e+18
5.42764472828989e+18
5.38622887142443e+18
5.34451442754774e+18
5.30250171783205e+18
5.26019103002459e+18
5.21758261451947e+18
5.17467668025118e+18
5.13147340273426e+18
5.08797292840252e+18
5.04417514103493e+18
5.00007882097878e+18
4.95568784556567e+18
4.91103560079882e+18
4.8661055501347e+18
4.82085696473414e+18
4.77529657121326e+18
4.72942730363168e+18
4.68324840921585e+18
4.63675827415481e+18
4.58995504264838e+18
4.54283665600258e+18
4.49540087752421e+18
4.44764518339443e+18
4.3995621052235e+18
4.35114559977532e+18
4.30239645964597e+18
4.25331328954094e+18
4.20389612496915e+18
4.15415038099259e+18
4.10406439059199e+18
4.05362229107464e+18
4.00282137695694e+18
3.95166116582945e+18
3.90015150978124e+18
3.84826139323113e+18
3.79595041294153e+18
3.74322005600777e+18
3.6900733014305e+18
3.63651116842316e+18
3.58252575572094e+18
3.52792507613283e+18
3.47269043344355e+18
3.41700672504088e+18
3.36088239779303e+18
3.30430721794837e+18
3.24732246925389e+18
3.1899287062043e+18
3.13211060718311e+18
3.0739283982026e+18
3.01461847898406e+18
2.95384990081336e+18
2.89269945616135e+18
2.83168154266833e+18
2.77068166116215e+18
2.70852735714204e+18
2.64544033886345e+18
2.58292600214585e+18
2.51954296524841e+18
2.4551440136416e+18
2.39139543276237e+18
2.32691581351979e+18
2.26224533575048e+18
2.19806452278874e+18
2.13376196152057e+18
2.0705855386197e+18
2.00763009543718e+18
1.94585069407398e+18
1.88495868237265e+18
1.82501553633963e+18
1.76706249755713e+18
1.70991167018516e+18
1.65529413645265e+18
1.6024533345902e+18
1.55075958793356e+18
1.50223047051902e+18
1.45557996378322e+18
1.41023019236724e+18
1.36763410635357e+18
1.32754151158499e+18
1.2888952424807e+18
1.25183349916455e+18
1.21683052140088e+18
1.18403229556669e+18
1.15301269768303e+18
1.12304875480089e+18
1.09432505503305e+18
1.06700372715139e+18
1.04109037369146e+18
1.01653104701137e+18
9.93284704293579e+17
9.71182594254276e+17
9.49842922854093e+17
9.29224452864592e+17
9.0944478651048e+17
8.90463964530774e+17
8.72261420177806e+17
8.54895717206277e+17
8.38309509358345e+17
8.22507084908933e+17
8.07370487753407e+17
7.92854124317675e+17
7.78930295499821e+17
7.65636617726909e+17
7.52675614242519e+17
7.40204322123863e+17
7.28057435348593e+17
7.16614859870873e+17
7.05429665327863e+17
6.94822458980869e+17
6.84402395280066e+17
6.74840271232907e+17
6.65210084069405e+17
6.56385563653284e+17
6.4740505847673e+17
6.39589319802439e+17
6.31175023707019e+17
6.24046720700016e+17
6.16116770906637e+17
6.0996981231822e+17
6.02442779618626e+17
5.96931737262648e+17
5.89539867874583e+17
5.84913571305155e+17
5.77673893258056e+17
5.73901506017856e+17
5.62795542423897e+17
)
;

boundaryField
{
    electrode
    {
        type            zeroGradient;
    }
    ground
    {
        type            zeroGradient;
    }
    otherfaces
    {
        type            empty;
    }
}


// ************************************************************************* //
