/*--------------------------------*- C++ -*----------------------------------*\
| =========                 |                                                 |
| \\      /  F ield         | foam-extend: Open Source CFD                    |
|  \\    /   O peration     | Version:     4.1                                |
|   \\  /    A nd           | Web:         http://www.foam-extend.org         |
|    \\/     M anipulation  |                                                 |
\*---------------------------------------------------------------------------*/
FoamFile
{
    version     2.0;
    format      ascii;
    class       volScalarField;
    location    "1.50133329961085e-05";
    object      jouleHeatingMean;
}
// * * * * * * * * * * * * * * * * * * * * * * * * * * * * * * * * * * * * * //

dimensions      [1 -1 -3 0 0 0 0];

internalField   nonuniform List<scalar> 
500
(
-217029397.665266
-210367086.163593
-204294447.444723
-197841767.224247
-191156790.714559
-184230471.414413
-177170969.674921
-170005270.052167
-162861717.209123
-155761700.423032
-148837689.601936
-142112340.278507
-135691218.68207
-129553850.26489
-123784499.291656
-118363510.353413
-113326039.710672
-108620177.649806
-104291754.8877
-100308066.617693
-96672695.8948513
-93358465.4630382
-90426519.6180711
-87890674.0790957
-85736888.9865535
-83938880.4108885
-82607475.7613571
-81805647.7827921
-81589678.3086579
-82071954.6362873
-83392530.5291742
-85730220.4644927
-89318002.8827014
-94405804.0741494
-101335239.466943
-110386815.548535
-121604719.347049
-135066603.050764
-150865279.878179
-168691702.486212
-187750336.106677
-206900676.668845
-224382592.992766
-237242452.151204
-242261747.681812
-237371768.464837
-221433508.541004
-194103324.387443
-155380265.160315
-107526038.853338
-56823527.3478677
-8070997.20546141
36726388.0350392
72533147.8552836
96940405.7108973
112729043.1548
119612517.446419
119794451.03975
116957189.177617
111905732.138447
107010974.407157
102682186.987701
99479964.7896505
97487622.3805113
96103406.3999126
95580870.2076198
94891761.8106883
94779001.5225812
94698795.7308702
93911788.4269826
93946535.4094209
93915232.9475477
92983468.4037248
92538786.3911833
92726186.4872662
92548728.8511154
91432019.4518104
89799587.9202845
88636068.2314854
87908624.8923487
87149672.6957294
86312474.1820925
85433132.7177493
84553792.7233422
83680737.4305276
82735594.515818
81683439.3618626
80646400.8239033
79701125.4552851
78797382.9960326
77894827.4169365
76981707.7770336
76068600.6182631
75193168.5251218
74361535.2639285
73544409.0258834
72730073.6823892
71926346.9936856
71141817.6582149
70376889.5259022
69625420.40888
68886427.2141957
68162847.8217978
67455602.028631
66764526.7154148
66089352.9774858
65429769.4417103
64785407.4458891
64155851.3139655
63540628.9101874
62939071.7866988
62349892.2590729
61771468.2312389
61208152.4578014
60669286.6521058
60152113.5074665
59643087.8083755
59137634.0799433
58640409.7848591
58154192.8390028
57678923.3323596
57214336.4714765
56760202.5889381
56316282.3456251
55882325.8893725
55458080.0933252
55043293.0953842
54637716.6904742
54241107.6820053
53853229.8542603
53473853.8507808
53102757.2607145
52739725.7379261
52384553.9900934
52037041.1065193
51696995.431852
51364231.9421903
51038571.3034364
50719839.3086461
50407866.1295531
50102487.5255913
49803545.2546263
49510887.0910649
49224366.1482666
48943840.0840845
48669171.1248415
48400225.8531318
48136874.6446983
47878991.8401789
47626455.2915013
47379146.1461884
47136951.5538054
46899760.0096261
46667462.4884972
46439953.9478615
46217132.9521351
45998901.0782846
45785161.9413757
45575822.4934861
45370792.3737883
45169983.7582628
44973311.1257044
44780691.3473891
44592043.4928863
44407288.8549881
44226350.9621185
44049155.596478
43875630.4577768
43705705.3784445
43539312.168298
43376384.8221059
43216858.2580899
43060668.0330907
42907753.9097883
42758056.1275739
42611516.3316032
42468077.8193463
42327685.2084149
42190284.6638343
42055823.6008271
41924250.9577327
41795516.8410959
41669572.6914295
41546371.1638184
41425866.0552843
41308012.3377584
41192765.9298433
41080084.3745888
40969925.7542417
40862249.7203159
40757017.2705251
40654189.9535961
40553730.6411078
40455604.5456754
40359776.7389667
40266213.5744796
40174882.0173399
40085749.8120271
39998785.5402758
39913958.7030904
39831239.7603125
39750600.1001664
39672011.9420008
39595448.2429497
39520882.4788872
39448290.8552399
39377649.3448181
39308933.1347959
39242120.3126189
39177188.8140721
39114117.1869531
39052884.5140505
38993470.6695675
38935856.3884149
38880023.1090072
38825952.9466538
38773628.4402307
38723032.2987618
38674147.376111
38626955.7578899
38581437.2807262
38537574.6226419
38495370.6108892
38454798.1200064
38415771.3598455
38378309.4216288
38342439.8390783
38308099.0723138
38275306.5311937
38244100.9264231
38214477.1679354
38186426.4758229
38159930.7035652
38134972.4426568
38111537.1502158
38089612.3509758
38069187.3744515
38050252.9979189
38032801.2397902
38016825.2098409
38002318.6335856
37989276.6030481
37977694.8844191
37967569.4050108
37958896.5445188
37951671.2790519
37945888.0081965
37941546.8289028
37938620.8667045
37937161.3442006
37937187.7450262
37938699.4413823
37941679.4439951
37946075.8561507
37951913.2414793
37959192.5146975
37967919.3563122
37978098.7934699
37989734.5341496
38002830.5912546
38017391.24651
38033421.39464
38050927.292902
38069915.8626049
38090395.0709873
38112374.1094225
38135863.6975476
38160876.2235028
38187426.2638715
38215531.1498286
38245209.5120038
38276470.0374851
38309317.6226146
38343714.1556739
38379639.4911926
38417157.2114444
38456240.2150043
38496868.6819505
38539128.683753
38583047.6603159
38628622.5734131
38675870.84682
38724812.5264231
38775465.6495428
38827847.3678806
38881974.8889389
38937865.7889165
38995537.8899064
39055009.7930307
39116300.7339523
39179430.8751059
39244421.1209328
39311292.9560127
39380068.410348
39450769.4564315
39523420.8315251
39598046.6670039
39674670.689156
39753319.4857007
39834020.0702661
39916800.2200619
40001688.5776912
40088714.6912261
40177909.089262
40269303.1096271
40362929.1522746
40458820.1390251
40557009.7574529
40657532.9647775
40760424.5965219
40865721.6504768
40973462.8040931
41083686.8131196
41196434.3065215
41311746.9427567
41429667.4266898
41550239.6851816
41673508.8441825
41799521.143045
41928323.8653774
42059965.6667657
42194496.3792346
42331967.181287
42472430.5832671
42615940.4894958
42762552.2405896
42912322.6332355
43065309.9853196
43221574.1152968
43381175.3229715
43544177.9412492
43710647.248883
43880649.1575795
44054251.9286933
44231525.7946964
44412542.9647653
44597377.686394
44786106.4689342
44978808.0448055
45175563.4032525
45376455.7825683
45581570.6494068
45790995.9728001
46004822.0560726
46223142.0800642
46446052.3741345
46673651.4132521
46906040.9347984
47143325.551169
47385614.6959685
47633019.8471482
47885653.9086251
48143635.8565289
48407087.7059859
48676135.43956
48950908.5187298
49231540.5477457
49518169.3804776
49810937.3745913
50109991.613032
50415484.2809369
50727573.7347492
51046424.3308616
51372205.9026829
51705093.0830882
52045265.1182666
52392907.1371238
52748211.0473204
53111377.7424438
53482612.7398853
53862130.4730317
54250153.4375928
54646911.3681448
55052640.8546049
55467584.995563
55891992.3805152
56326115.1553615
56770206.4769743
57224516.7310723
57689285.4192521
58164742.5160208
58651153.337051
59148581.983593
59654275.4109996
60163537.561966
60680883.7066072
61219927.8290895
61783477.2616361
62362153.9638317
62951592.3201869
63553417.3308425
64168917.5450672
64798761.9488546
65443424.3661293
66103320.6294515
66778819.2728047
67470234.4012155
68177836.2136686
68901787.64484
69641179.0585331
70393065.2286416
71158408.8402027
71943372.1242411
72747576.5690059
73562431.9671581
74380082.7586683
75212214.2920277
76088189.7141542
77001941.0205354
77915757.0342624
78819028.9318801
79723492.2612932
80669365.0778446
81707109.7840374
82760390.0756139
83706683.997278
84580702.8325206
85461041.8718933
86341503.4465384
87179940.8438591
87940187.5880046
88668413.5797369
89832486.9271758
91466905.5510462
92586747.5247526
92766794.8857825
92580124.1790176
93025208.8115179
93960196.9793349
93994418.0415504
93960442.8431264
94750649.3152326
94833703.8464763
94947239.4902961
95639647.2649774
96164295.0879806
97550144.3957071
99544206.48332
102747264.729058
107079121.222867
111977003.017493
117035241.53489
119880661.444425
119708774.246972
112839155.224456
97061883.4392333
72667517.7311226
36869717.3009814
-7929244.10618872
-56688394.686433
-107403651.440395
-155279176.039978
-194027521.51754
-221381385.114079
-237340450.419056
-242247655.676938
-237240634.083866
-224387680.960742
-206907704.54186
-187755947.282951
-168694031.329061
-150863303.535651
-135060021.721134
-121593746.536431
-110371917.630511
-101316946.691953
-94384728.2288218
-89294778.9049737
-85705396.3996925
-83366536.1109501
-82045094.3804858
-81562207.7019893
-81777776.9341039
-82579392.2201423
-83910726.3190831
-85708696.956771
-87862507.7031965
-90398488.3898333
-93330640.3641056
-96645089.6205424
-100280660.425009
-104264594.341508
-108593290.910994
-113299396.591829
-118337071.027131
-123758266.496479
-129527746.759964
-135665137.708276
-142086160.084017
-148811281.10601
-155734863.198175
-162834225.20733
-169976884.221264
-177141434.801598
-184199518.375381
-191124178.694906
-197807272.210118
-204257863.246412
-210328200.666483
-216988317.130325
)
;

boundaryField
{
    electrode
    {
        type            calculated;
        value           uniform -197442679.340233;
    }
    ground
    {
        type            calculated;
        value           uniform -197397735.707394;
    }
    otherfaces
    {
        type            empty;
    }
}


// ************************************************************************* //
