/*--------------------------------*- C++ -*----------------------------------*\
| =========                 |                                                 |
| \\      /  F ield         | foam-extend: Open Source CFD                    |
|  \\    /   O peration     | Version:     4.1                                |
|   \\  /    A nd           | Web:         http://www.foam-extend.org         |
|    \\/     M anipulation  |                                                 |
\*---------------------------------------------------------------------------*/
FoamFile
{
    version     2.0;
    format      ascii;
    class       volScalarField;
    location    "3.00624993849204e-06";
    object      powerDissipatedIonMean;
}
// * * * * * * * * * * * * * * * * * * * * * * * * * * * * * * * * * * * * * //

dimensions      [1 -1 -3 0 0 0 0];

internalField   nonuniform List<scalar> 
500
(
233997325949.738
233886824586.197
232660971443.88
231917883680.62
230747293719.558
229896458590.029
228754921558.446
227831703685.956
226742493850.98
225802048333.163
224769412633.139
223838041669.46
222836234839.121
221893377728.6
220882068102.983
219901303775.216
218867659059.718
217856272118.517
216823867033.679
215818901035.494
214812849691.1
213828094266.438
212836702381.913
211848314439.909
210840438462.872
209824334779.349
208792056565.276
207758565947.41
206727855049.53
205707902797.643
204696480392.09
203691475628.636
202685970635.422
201675152218.451
200649493579.75
199610155334.598
198557377635.577
197500063815.324
196442683904.392
195389803379.069
194340893148.082
193291300289.485
192236216287.451
191169757917.254
190089700627.439
188997268754.955
187897332503.012
186793163507.076
185688388551.45
184583448081.752
183475801135.286
182362643036.154
181239558838.443
180104667296.164
178958278209.896
177802460681.757
176638584698.85
175469197851.816
174295512551.692
173117392751.038
171933952307.625
170742731279.592
169541748024.398
168329803395.672
167106944638.696
165872482141.902
164627721130.284
163375332079.645
162117745898.845
160856798262.59
159591160281.114
158317303068.257
157030983960.973
155730189044.193
154417007722.063
153095845034.64
151771361120.686
150445815032.584
149116358695.585
147776833177.736
146425878997.856
145065698722.619
143695599255.817
142316362141.805
140927363834.831
139527844769.511
138116938146.639
136694546907.093
135261139168.023
133816948450.762
132362141010.886
130896988213.577
129421644613.563
127936375721.287
126441386778.116
124936811919.244
123422677951.947
121899018476.599
120366069240.843
118824393239.452
117274729239.487
115717536762.954
114152536564.251
112578823352.525
110995925802.83
109405361093.933
107811160682.706
106217562083.496
104624713425.29
103025140536.405
101417275897.89
99802362729.0411
98178924894.9526
96547545506.6829
94908924190.7353
93263283074.1999
91611124534.159
89952870832.8767
88289031891.9803
86620251203.3846
84947331287.5656
83271072321.3018
81591984430.504
79910196064.5017
78226031828.22
76541312096.9654
74860284471.3296
73187898022.2871
71524734148.5306
69860059353.903
68196392445.7254
66533588827.4273
64871989709.7839
63212056436.7041
61555020332.1596
59902333514.7029
58255053291.9827
56614211983.3811
54981172149.0154
53358776425.5105
51752013334.6372
50166307491.3593
48599368416.8465
47042037809.3746
45498504921.2315
43968937088.7571
42454836529.7023
40957356580.2815
39477863553.2256
38019466472.5844
36586798672.2767
35185660401.576
33815654507.2631
32467119220.9933
31143655782.2261
29845760383.0388
28575112419.0435
27334055807.2472
26126161716.5344
24956150189.4661
23823420014.3178
22719548233.0195
21647061665.3679
20606546349.1585
19599879913.067
18629871981.4051
17700440414.3845
16806447145.9127
15943577568.6843
15113130983.1791
14315772212.7492
13553102541.6308
12827857908.3751
12135341189.7793
11472131408.8246
10838568999.2521
10234835618.7438
9661949928.0632
9120173858.32331
8603605020.09671
8112094166.86811
7645332278.24341
7203561361.81032
6787619107.12979
6393012583.09554
6019028208.13121
5665207675.03371
5331323065.85896
5017628630.9317
4720615171.91074
4439603004.81593
4174056679.46832
3923852662.366
3688879569.98525
3466756977.37804
3257094010.6313
3059338864.06368
2873397520.61118
2698591654.15816
2533479039.36091
2377812269.51336
2231217911.76722
2093671162.08722
1964341305.08897
1842420081.75398
1727662861.46939
1619778492.22764
1518777322.95091
1423895215.43205
1334713233.77713
1250991340.89507
1172472737.74993
1099094409.46938
1030244968.27542
965619315.664917
904979441.138937
848092291.017193
794882395.353216
744951926.476539
698074503.268404
654103663.362021
612881704.155906
574328075.770185
538297756.345533
504551476.992545
472982944.500699
443470465.998142
415897012.844883
390143485.307091
366127767.159946
343773299.65483
322920841.135868
303519803.188562
285508262.559845
268827109.664897
253423436.872436
239249611.873753
226261975.05679
214418295.636575
203698278.256439
194058937.419859
185464013.756753
177893161.075607
171323093.028748
165733235.832491
161104813.278476
157424582.890619
154673048.556236
152839527.430725
151924307.60981
151922815.920996
152835053.317293
154665594.127422
157414132.346386
161091362.18642
165716781.331418
171303428.002211
177870245.003564
185437911.215163
194029813.55756
203666144.638511
214383140.771218
226223835.035898
239208501.446233
253379343.755143
268780059.977729
285458272.015572
303466848.189682
322864906.475492
343714339.030619
366065787.942588
390078570.476833
415829081.95131
443399420.275882
472908686.457485
504474043.613623
538217278.076044
574244473.762884
612794942.330816
654013650.681468
697981198.125613
744855380.314988
794782566.391206
847989255.812761
904873038.41298
965509297.648532
1030131254.96172
1098976905.62846
1172351415.00677
1250866210.31483
1334584406.68104
1423762388.8019
1518640534.93499
1619637268.82011
1727517207.71106
1842270090.82671
1964186936.45905
2093512094.72717
2231054187.82766
2377643445.8794
2533304840.75926
2698412029.77906
2873212769.07149
3059148422.95254
3256898124.5705
3466555534.09455
3688672200.64156
3923638771.59762
4173835894.29502
4439375373.88726
4720380200.04326
5017386202.78315
5331072976.41862
5664949688.82161
6018762160.21833
6392737602.57827
6787335793.76227
7203269180.29138
7645030746.77005
8111783097.90454
8603284054.18751
9119842629.8143
9661608431.84339
10234483641.0738
10838205865.6907
11471757107.3624
12134955497.2003
12827460600.9746
13552692997.6497
14315350094.3526
15112696503.9528
15943131111.9198
16805989327.1491
17699970240.5844
18629389187.8781
19599384215.5185
20606038602.1621
21646542678.3331
22719018679.7995
23822880627.4405
24955601307.4769
26125603081.2773
27333487807.3074
28574535861.3153
29845175993.1324
31143064183.242
32466521579.6752
33815051637.3046
35185051916.5417
36586185112.0119
38018847477.0875
39477240194.8305
40956730871.9268
42454209225.3402
43968309664.2911
45497876587.3541
47041410503.4837
48598741716.9002
50165682137.1639
51751389596.4854
53358153880.6674
54980551521.7127
56613594758.8309
58254441246.3138
59901727237.3645
61554420290.7178
63211462679.1123
64871403692.6795
66533010908.3612
68195823775.1866
69859499714.0071
71524185337.5026
73187358662.0084
74859753506.1346
76540790896.2611
78225521157.7032
79909696073.8293
81591495702.2992
83270596345.0688
84946868981.3054
86619802725.5771
88288597153.8481
89952449893.7181
91610718364.8611
93262892932.2858
94908550832.2206
96547189500.9413
98178586220.9312
99802041547.4393
101416971736.428
103024853834.885
104624444309.397
106217310911.341
107810925817.809
109405142396.245
110995724496.261
112578640323.326
114152372089.785
115717391003.989
117274603080.011
118824287475.042
120365984214.99
121898953938.218
123422633348.865
124936787136.137
126441382240.483
127936392056.42
129421682705.367
130897048638.75
132362223421.801
133817051913.808
135261263084.292
136694692014.369
138117105455.257
139528035183.182
140927577855.307
142316600153.373
143695860925.408
145065983942.835
146426187400.982
147777165248.822
149116715147.855
150446195849.435
151771763770.905
153096269178.378
154417453848.815
155730657622.124
157031476259.465
158317820212.594
159591702234.727
160857364301.908
162118335510.654
163375945672.938
164628359558.886
165873145596.024
167107632477.704
168330515107.295
169542483356.582
170743490793.781
171934737996.024
173118205745.145
174296353359.894
175470064652.668
176639475961.899
177803375632.103
178959216456.531
180105630206.389
181240548266.731
182363660767.464
183476847743.376
184584522608.192
185689489594.119
186794290915.641
187898486274.614
188998448603.257
190090906701.534
191170990635.817
192237476132.335
193292588949.497
194342210534.836
195391150229.954
196444059505.528
197501466690.226
198558807406.879
199611610337.184
200650974595.357
201676661640.945
202687509915.779
203693046796.016
204698082567.736
205709535250.747
206729516427.854
207760255453.061
208793772928.488
209826077666.814
210842209485.742
211850115691.538
212838535732.188
213829960813.783
214814749565.323
215820833246.996
216825829461.511
217858263432.199
218869677071.138
219903349385.824
220884143339.343
221895485387.785
222838377099.159
223840219662.996
224771626562.169
225804297557.566
226744775310.027
227834017820.498
228757264552.028
229898832218.149
230749695761.417
231920316791.208
232663438615.548
233889326401.163
233999864303.354
)
;

boundaryField
{
    electrode
    {
        type            calculated;
        value           uniform 235148416890.875;
    }
    ground
    {
        type            calculated;
        value           uniform 235150976908.551;
    }
    otherfaces
    {
        type            empty;
    }
}


// ************************************************************************* //
