/*--------------------------------*- C++ -*----------------------------------*\
| =========                 |                                                 |
| \\      /  F ield         | foam-extend: Open Source CFD                    |
|  \\    /   O peration     | Version:     4.1                                |
|   \\  /    A nd           | Web:         http://www.foam-extend.org         |
|    \\/     M anipulation  |                                                 |
\*---------------------------------------------------------------------------*/
FoamFile
{
    version     2.0;
    format      ascii;
    class       volVectorField;
    location    "1.44009584938648e-05";
    object      EFieldMean;
}
// * * * * * * * * * * * * * * * * * * * * * * * * * * * * * * * * * * * * * //

dimensions      [1 1 -3 0 0 -1 0];

internalField   nonuniform List<vector> 
500
(
(-1131782.49693433 0 0)
(-1085697.99237826 0 0)
(-1038452.9937565 0 0)
(-990421.257436047 0 0)
(-941599.274245009 0 0)
(-892118.480072802 0 0)
(-842055.80032853 0 0)
(-791620.61022972 0 0)
(-741006.110882277 0 0)
(-690473.290673405 0 0)
(-640284.134989337 0 0)
(-590846.923075705 0 0)
(-542544.500220734 0 0)
(-495771.999813143 0 0)
(-450934.340889855 0 0)
(-408444.379818361 0 0)
(-368613.188727704 0 0)
(-331722.603736574 0 0)
(-297949.881820505 0 0)
(-267373.404495154 0 0)
(-239975.249993543 0 0)
(-215623.137029271 0 0)
(-194142.725467198 0 0)
(-175321.319064076 0 0)
(-158873.819916319 0 0)
(-144515.02645142 0 0)
(-132014.312771425 0 0)
(-121135.778758951 0 0)
(-111631.945150903 0 0)
(-103272.481053675 0 0)
(-95920.9662063207 0 0)
(-89481.2086742677 0 0)
(-83757.8940074877 0 0)
(-78612.8495714564 0 0)
(-74031.101352654 0 0)
(-69966.5157502379 0 0)
(-66311.7666415954 0 0)
(-62972.922156274 0 0)
(-59913.6459830357 0 0)
(-57136.3017876034 0 0)
(-54624.7589732593 0 0)
(-52338.3029016527 0 0)
(-50235.9476966792 0 0)
(-48287.0733770563 0 0)
(-46472.6512215416 0 0)
(-44784.5993627593 0 0)
(-43221.0781626087 0 0)
(-41774.196415973 0 0)
(-40430.5347994911 0 0)
(-39178.3072504382 0 0)
(-38007.2999497436 0 0)
(-36908.3356480708 0 0)
(-35873.2119332501 0 0)
(-34894.5467435928 0 0)
(-33967.3434816212 0 0)
(-33089.6796945336 0 0)
(-32259.5384116186 0 0)
(-31473.7228593229 0 0)
(-30729.20041431 0 0)
(-30022.6764898328 0 0)
(-29350.533195235 0 0)
(-28709.6635249441 0 0)
(-28097.542070079 0 0)
(-27511.9734131458 0 0)
(-26951.0240192346 0 0)
(-26412.9866385808 0 0)
(-25896.3511160116 0 0)
(-25399.6750690723 0 0)
(-24921.5164578527 0 0)
(-24460.6021138793 0 0)
(-24015.8717750108 0 0)
(-23586.3726881355 0 0)
(-23171.2279880998 0 0)
(-22769.6311118899 0 0)
(-22380.8387501776 0 0)
(-22004.1652431012 0 0)
(-21638.9774001282 0 0)
(-21284.6903526367 0 0)
(-20940.7651947167 0 0)
(-20606.7072549914 0 0)
(-20282.0667710576 0 0)
(-19966.4464539776 0 0)
(-19659.5056568166 0 0)
(-19360.9910459144 0 0)
(-19070.5075762663 0 0)
(-18787.3515239741 0 0)
(-18510.9224076027 0 0)
(-18240.8953521975 0 0)
(-17977.0127034573 0 0)
(-17719.0256445079 0 0)
(-17466.6993696075 0 0)
(-17219.8125656067 0 0)
(-16978.155733465 0 0)
(-16741.5299182766 0 0)
(-16509.746196272 0 0)
(-16282.6253702503 0 0)
(-16059.9976174297 0 0)
(-15841.701778424 0 0)
(-15627.5843429297 0 0)
(-15417.4988572474 0 0)
(-15211.3056656155 0 0)
(-15008.8715861231 0 0)
(-14810.0695555443 0 0)
(-14614.7783331611 0 0)
(-14422.8821426458 0 0)
(-14234.2701749082 0 0)
(-14048.8361471734 0 0)
(-13866.4781852472 0 0)
(-13687.0989111666 0 0)
(-13510.6053001658 0 0)
(-13336.9083639056 0 0)
(-13165.9228823687 0 0)
(-12997.5671671871 0 0)
(-12831.7628628635 0 0)
(-12668.4347656684 0 0)
(-12507.5106553029 0 0)
(-12348.9211300797 0 0)
(-12192.5994441585 0 0)
(-12038.4813734264 0 0)
(-11886.5051017653 0 0)
(-11736.611136072 0 0)
(-11588.7422393421 0 0)
(-11442.8433373306 0 0)
(-11298.8614045566 0 0)
(-11156.745356459 0 0)
(-11016.4459534194 0 0)
(-10877.9157122745 0 0)
(-10741.1088110588 0 0)
(-10605.9809842311 0 0)
(-10472.4894404742 0 0)
(-10340.5928098815 0 0)
(-10210.2510919516 0 0)
(-10081.4256003189 0 0)
(-9954.07891030743 0 0)
(-9828.17480407136 0 0)
(-9703.67821373511 0 0)
(-9580.55517075086 0 0)
(-9458.77276022435 0 0)
(-9338.29907803554 0 0)
(-9219.10319025543 0 0)
(-9101.15509289883 0 0)
(-8984.42567474882 0 0)
(-8868.88668268741 0 0)
(-8754.5106885798 0 0)
(-8641.27105697541 0 0)
(-8529.14191410012 0 0)
(-8418.09811860332 0 0)
(-8308.11523339196 0 0)
(-8199.1695008423 0 0)
(-8091.2378190194 0 0)
(-7984.29771662997 0 0)
(-7878.32732901278 0 0)
(-7773.30537729835 0 0)
(-7669.21114697754 0 0)
(-7566.02446534704 0 0)
(-7463.72568357633 0 0)
(-7362.29566028025 0 0)
(-7261.71574335299 0 0)
(-7161.96775340194 0 0)
(-7063.03396356927 0 0)
(-6964.89707826428 0 0)
(-6867.54021834914 0 0)
(-6770.94690905311 0 0)
(-6675.1010689591 0 0)
(-6579.98699760007 0 0)
(-6485.58936151162 0 0)
(-6391.89318186578 0 0)
(-6298.88382428018 0 0)
(-6206.54698757882 0 0)
(-6114.86869131558 0 0)
(-6023.83526601696 0 0)
(-5933.43334470404 0 0)
(-5843.64985239421 0 0)
(-5754.47199570117 0 0)
(-5665.88725510817 0 0)
(-5577.88337742735 0 0)
(-5490.44836649126 0 0)
(-5403.5704745216 0 0)
(-5317.23819527479 0 0)
(-5231.44025603237 0 0)
(-5146.16561053403 0 0)
(-5061.40343245865 0 0)
(-4977.14310824036 0 0)
(-4893.37423112782 0 0)
(-4810.08659542174 0 0)
(-4727.27019026905 0 0)
(-4644.91519269028 0 0)
(-4563.01196153276 0 0)
(-4481.55103321365 0 0)
(-4400.52311732336 0 0)
(-4319.91909066178 0 0)
(-4239.72999191552 0 0)
(-4159.94701780658 0 0)
(-4080.56151819134 0 0)
(-4001.56499141003 0 0)
(-3922.94907972904 0 0)
(-3844.70556475766 0 0)
(-3766.82636342443 0 0)
(-3689.30352365635 0 0)
(-3612.12922099844 0 0)
(-3535.29575342424 0 0)
(-3458.79553725175 0 0)
(-3382.62110346158 0 0)
(-3306.76509342177 0 0)
(-3231.22026236257 0 0)
(-3155.97946807988 0 0)
(-3081.03559595768 0 0)
(-3006.38188222858 0 0)
(-2932.01256733468 0 0)
(-2857.91153190584 0 0)
(-2784.07062927991 0 0)
(-2710.5043962814 0 0)
(-2637.20413541748 0 0)
(-2564.14387760749 0 0)
(-2491.31421471631 0 0)
(-2418.70980630858 0 0)
(-2346.32265578861 0 0)
(-2274.1450253125 0 0)
(-2202.16914341701 0 0)
(-2130.38798496947 0 0)
(-2058.79464107506 0 0)
(-1987.38098589423 0 0)
(-1916.13946001814 0 0)
(-1845.0633520182 0 0)
(-1774.14583218099 0 0)
(-1703.3801897318 0 0)
(-1632.75982307434 0 0)
(-1562.27822095403 0 0)
(-1491.92895848582 0 0)
(-1421.70568778555 0 0)
(-1351.60213209443 0 0)
(-1281.61208121402 0 0)
(-1211.72938486026 0 0)
(-1141.94795025115 0 0)
(-1072.26173453798 0 0)
(-1002.66474226658 0 0)
(-933.151025283009 0 0)
(-863.714673223039 0 0)
(-794.349811997654 0 0)
(-725.0506038477 0 0)
(-655.8112411748 0 0)
(-586.625944464559 0 0)
(-517.488957492897 0 0)
(-448.394547917973 0 0)
(-379.337009939897 0 0)
(-310.310531497753 0 0)
(-241.30967719607 0 0)
(-172.331112705828 0 0)
(-103.351850810646 0 0)
(-34.390951803001 0 0)
(34.5401866203248 0 0)
(103.501117465884 0 0)
(172.480358641585 0 0)
(241.458863063419 0 0)
(310.459672213671 0 0)
(379.48609341658 0 0)
(448.543560575965 0 0)
(517.63788840213 0 0)
(586.774783231838 0 0)
(655.959975534295 0 0)
(725.199222141498 0 0)
(794.498302321951 0 0)
(863.863023435398 0 0)
(933.29922521195 0 0)
(1002.81277954517 0 0)
(1072.40959671714 0 0)
(1142.0956285241 0 0)
(1211.87686670982 0 0)
(1281.75935293278 0 0)
(1351.74918329025 0 0)
(1421.85250754535 0 0)
(1492.0755361591 0 0)
(1562.4245442434 0 0)
(1632.9058794245 0 0)
(1703.52596836669 0 0)
(1774.29132016954 0 0)
(1845.2085394249 0 0)
(1916.28433766284 0 0)
(1987.52553876044 0 0)
(2058.93885934303 0 0)
(2130.53186066951 0 0)
(2202.31266162147 0 0)
(2274.28817533486 0 0)
(2346.46543093831 0 0)
(2418.85219440077 0 0)
(2491.45620098518 0 0)
(2564.28545021338 0 0)
(2637.34528352391 0 0)
(2710.64511116659 0 0)
(2784.21090343038 0 0)
(2858.05135466012 0 0)
(2932.15192919874 0 0)
(3006.52077328552 0 0)
(3081.17400430769 0 0)
(3156.11738586994 0 0)
(3231.35768179598 0 0)
(3306.90200174702 0 0)
(3382.75749086091 0 0)
(3458.93139710974 0 0)
(3535.43107579597 0 0)
(3612.26399412872 0 0)
(3689.43773582409 0 0)
(3766.96000351675 0 0)
(3844.83862170693 0 0)
(3923.08154253287 0 0)
(4001.69684928168 0 0)
(4080.69276000465 0 0)
(4160.0776330281 0 0)
(4239.8599702979 0 0)
(4320.04842166962 0 0)
(4400.65178955923 0 0)
(4481.67903376437 0 0)
(4563.13927755614 0 0)
(4645.04181264073 0 0)
(4727.39610259975 0 0)
(4810.21178756171 0 0)
(4893.49869078288 0 0)
(4977.26682450639 0 0)
(5061.52639578563 0 0)
(5146.2878122238 0 0)
(5231.5616873716 0 0)
(5317.35884865414 0 0)
(5403.69034358667 0 0)
(5490.56744548742 0 0)
(5578.00166197705 0 0)
(5666.00474173201 0 0)
(5754.58868114643 0 0)
(5843.76573365469 0 0)
(5933.54841838785 0 0)
(6023.94952780716 0 0)
(6114.98213783239 0 0)
(6206.65961727226 0 0)
(6298.99563592745 0 0)
(6392.00417368425 0 0)
(6485.69953081588 0 0)
(6580.09634001521 0 0)
(6675.20957908791 0 0)
(6771.05458138872 0 0)
(6867.64704651418 0 0)
(6965.00305483016 0 0)
(7063.13908012087 0 0)
(7162.07200043255 0 0)
(7261.81911076497 0 0)
(7362.39813906387 0 0)
(7463.82726639648 0 0)
(7566.12514594583 0 0)
(7669.31091973092 0 0)
(7773.40423601097 0 0)
(7878.42526752019 0 0)
(7984.39473139918 0 0)
(8091.33391056401 0 0)
(8199.26467254859 0 0)
(8308.20949041258 0 0)
(8418.19146755891 0 0)
(8529.2343605873 0 0)
(8641.36260566647 0 0)
(8754.60134538147 0 0)
(8868.97645336112 0 0)
(8984.51456336184 0 0)
(9101.24310160536 0 0)
(9219.19032001704 0 0)
(9338.38532890827 0 0)
(9458.85813088036 0 0)
(9580.63965866821 0 0)
(9703.76181657558 0 0)
(9828.25752087725 0 0)
(9954.16074124695 0 0)
(10081.5065479931 0 0)
(10210.3311619242 0 0)
(10340.6720063227 0 0)
(10472.5677618648 0 0)
(10606.058425723 0 0)
(10741.1853709758 0 0)
(10877.9913950811 0 0)
(11016.5207688827 0 0)
(11156.8193198333 0 0)
(11298.9345374333 0 0)
(11442.915663284 0 0)
(11588.8137789981 0 0)
(11736.6819071557 0 0)
(11886.5751207129 0 0)
(12038.5506521676 0 0)
(12192.6679849244 0 0)
(12348.9889303467 0 0)
(12507.5777107658 0 0)
(12668.5010694038 0 0)
(12831.8284100709 0 0)
(12997.6319600276 0 0)
(13165.9869336106 0 0)
(13336.9716960634 0 0)
(13510.6679399857 0 0)
(13687.1608862795 0 0)
(13866.5395196252 0 0)
(14048.8968605703 0 0)
(14234.3302886656 0 0)
(14422.941681683 0 0)
(14614.8373205646 0 0)
(14810.1279961655 0 0)
(15008.9294660069 0 0)
(15211.3629750983 0 0)
(15417.5556016815 0 0)
(15627.6405386045 0 0)
(15841.7574530763 0 0)
(16060.0528155606 0 0)
(16282.680140317 0 0)
(16509.8005814449 0 0)
(16741.5839719849 0 0)
(16978.2095056406 0 0)
(17219.8660838564 0 0)
(17466.7526496225 0 0)
(17719.0787254448 0 0)
(17977.0656677309 0 0)
(18240.9482745745 0 0)
(18510.9753235211 0 0)
(18787.4044635553 0 0)
(19070.5605973465 0 0)
(19361.0442294493 0 0)
(19659.5590779741 0 0)
(19966.5001702818 0 0)
(20282.1208292085 0 0)
(20606.7617099006 0 0)
(20940.8201248279 0 0)
(21284.7458394615 0 0)
(21639.0335019807 0 0)
(22004.2220122872 0 0)
(22380.8962693684 0 0)
(22769.68949382 0 0)
(23171.2873507407 0 0)
(23586.433140738 0 0)
(24015.933423098 0 0)
(24460.6650595476 0 0)
(24921.5807997404 0 0)
(25399.7409053875 0 0)
(25896.4185685494 0 0)
(26413.0558501445 0 0)
(26951.0951235774 0 0)
(27512.0465535531 0 0)
(28097.617416488 0 0)
(28709.7412386654 0 0)
(29350.6134073674 0 0)
(30022.7593499327 0 0)
(30729.2860951603 0 0)
(31473.8115507032 0 0)
(32259.6303183105 0 0)
(33089.7750155232 0 0)
(33967.4424022113 0 0)
(34894.6494247434 0 0)
(35873.3185410954 0 0)
(36908.4463816513 0 0)
(38007.4150511398 0 0)
(39178.4269731573 0 0)
(40430.6593740256 0 0)
(41774.3260707947 0 0)
(43221.2131297325 0 0)
(44784.7397939415 0 0)
(46472.7971273989 0 0)
(48287.2246966413 0 0)
(50236.1044293422 0 0)
(52338.4651918763 0 0)
(54624.9270082421 0 0)
(57136.4756946901 0 0)
(59913.8256417225 0 0)
(62973.1068903006 0 0)
(66311.9555396788 0 0)
(69966.708278798 0 0)
(74031.2972546833 0 0)
(78613.0480939267 0 0)
(83758.0932008823 0 0)
(89481.4061324935 0 0)
(95921.1602104671 0 0)
(103272.669149288 0 0)
(111632.123364967 0 0)
(121135.942840801 0 0)
(132014.457698054 0 0)
(144515.145718933 0 0)
(158873.905814512 0 0)
(175321.362304409 0 0)
(194142.71532435 0 0)
(215623.061258355 0 0)
(239975.094670273 0 0)
(267373.154605983 0 0)
(297949.521292281 0 0)
(331722.116549113 0 0)
(368612.55960915 0 0)
(408443.594815225 0 0)
(450933.388464215 0 0)
(495770.870761641 0 0)
(542543.188231441 0 0)
(590845.425027566 0 0)
(640282.450613126 0 0)
(690471.422104837 0 0)
(741004.062274028 0 0)
(791618.386474438 0 0)
(842053.407058302 0 0)
(892115.923350425 0 0)
(941596.55997262 0 0)
(990418.391455401 0 0)
(1038449.98203751 0 0)
(1085694.83976501 0 0)
(1131779.20869996 0 0)
)
;

boundaryField
{
    electrode
    {
        type            calculated;
        value           uniform (-1154354.03219052 0 0);
    }
    ground
    {
        type            calculated;
        value           uniform (1154350.67801954 0 0);
    }
    otherfaces
    {
        type            empty;
    }
}


// ************************************************************************* //
