/*--------------------------------*- C++ -*----------------------------------*\
| =========                 |                                                 |
| \\      /  F ield         | foam-extend: Open Source CFD                    |
|  \\    /   O peration     | Version:     4.1                                |
|   \\  /    A nd           | Web:         http://www.foam-extend.org         |
|    \\/     M anipulation  |                                                 |
\*---------------------------------------------------------------------------*/
FoamFile
{
    version     2.0;
    format      ascii;
    class       volVectorField;
    location    "1.44009584938648e-05";
    object      Flux_Arp1Mean;
}
// * * * * * * * * * * * * * * * * * * * * * * * * * * * * * * * * * * * * * //

dimensions      [0 -2 -1 0 0 0 0];

internalField   nonuniform List<vector> 
500
(
(-5.64163842452014e+21 0 0)
(-5.77867258570094e+21 0 0)
(-5.73205854203359e+21 0 0)
(-5.77068987122796e+21 0 0)
(-5.73829552743469e+21 0 0)
(-5.76540016910695e+21 0 0)
(-5.7427871965993e+21 0 0)
(-5.76141428821642e+21 0 0)
(-5.74605837835307e+21 0 0)
(-5.75745979129575e+21 0 0)
(-5.74804683332506e+21 0 0)
(-5.75509229534203e+21 0 0)
(-5.74828764791373e+21 0 0)
(-5.75207451330896e+21 0 0)
(-5.74827203102195e+21 0 0)
(-5.7491567347787e+21 0 0)
(-5.74613344594119e+21 0 0)
(-5.74698438035325e+21 0 0)
(-5.74257752889007e+21 0 0)
(-5.74432383486337e+21 0 0)
(-5.73850198798785e+21 0 0)
(-5.73990187812429e+21 0 0)
(-5.73454272306039e+21 0 0)
(-5.73502012305772e+21 0 0)
(-5.72812449633606e+21 0 0)
(-5.72933266336066e+21 0 0)
(-5.72231220051923e+21 0 0)
(-5.72152806378279e+21 0 0)
(-5.71492282404396e+21 0 0)
(-5.71144211906388e+21 0 0)
(-5.70881296453896e+21 0 0)
(-5.70168027236021e+21 0 0)
(-5.69591131633439e+21 0 0)
(-5.69266120487346e+21 0 0)
(-5.68613948031241e+21 0 0)
(-5.67988855473086e+21 0 0)
(-5.67325699495723e+21 0 0)
(-5.66663238077159e+21 0 0)
(-5.66059044522626e+21 0 0)
(-5.65317727067121e+21 0 0)
(-5.64568277044459e+21 0 0)
(-5.63802059122526e+21 0 0)
(-5.63005053596866e+21 0 0)
(-5.62201303397144e+21 0 0)
(-5.61340920964936e+21 0 0)
(-5.60507951539739e+21 0 0)
(-5.59597189768698e+21 0 0)
(-5.58677600163085e+21 0 0)
(-5.57735272799743e+21 0 0)
(-5.56765973892045e+21 0 0)
(-5.55771198250137e+21 0 0)
(-5.54752203297201e+21 0 0)
(-5.53707802270319e+21 0 0)
(-5.52633137133202e+21 0 0)
(-5.51546830398936e+21 0 0)
(-5.5042658595027e+21 0 0)
(-5.49279701099489e+21 0 0)
(-5.48113767784993e+21 0 0)
(-5.46919906227979e+21 0 0)
(-5.45700549606403e+21 0 0)
(-5.44458740505612e+21 0 0)
(-5.43191827605234e+21 0 0)
(-5.41900517465082e+21 0 0)
(-5.40584882424544e+21 0 0)
(-5.39245011498795e+21 0 0)
(-5.37880870215135e+21 0 0)
(-5.36493124826022e+21 0 0)
(-5.35080245311956e+21 0 0)
(-5.33644251189415e+21 0 0)
(-5.32184242694917e+21 0 0)
(-5.30700335561848e+21 0 0)
(-5.29192737434743e+21 0 0)
(-5.27661506113676e+21 0 0)
(-5.26106731576917e+21 0 0)
(-5.24528505414619e+21 0 0)
(-5.22926921178727e+21 0 0)
(-5.21302073696587e+21 0 0)
(-5.19654062043242e+21 0 0)
(-5.17982987517488e+21 0 0)
(-5.16288942085207e+21 0 0)
(-5.14572028767529e+21 0 0)
(-5.12832446089772e+21 0 0)
(-5.11069795528789e+21 0 0)
(-5.09286346838244e+21 0 0)
(-5.07477326429179e+21 0 0)
(-5.05648217476382e+21 0 0)
(-5.03796614015031e+21 0 0)
(-5.01922668871069e+21 0 0)
(-5.00026810824721e+21 0 0)
(-4.98109095199822e+21 0 0)
(-4.96169638209453e+21 0 0)
(-4.94208560045484e+21 0 0)
(-4.92225981179923e+21 0 0)
(-4.90222024341404e+21 0 0)
(-4.88196811715385e+21 0 0)
(-4.86150468176653e+21 0 0)
(-4.84083118433945e+21 0 0)
(-4.81994887637862e+21 0 0)
(-4.79885902972116e+21 0 0)
(-4.77756291698358e+21 0 0)
(-4.75606182239646e+21 0 0)
(-4.73435703013191e+21 0 0)
(-4.71244983618403e+21 0 0)
(-4.69034154184122e+21 0 0)
(-4.66803344788485e+21 0 0)
(-4.64552686544991e+21 0 0)
(-4.62282310561803e+21 0 0)
(-4.59992349237988e+21 0 0)
(-4.57682934498377e+21 0 0)
(-4.55354198623119e+21 0 0)
(-4.53006274699129e+21 0 0)
(-4.5063929553652e+21 0 0)
(-4.48253394766083e+21 0 0)
(-4.45848705754556e+21 0 0)
(-4.43425362452555e+21 0 0)
(-4.40983498787618e+21 0 0)
(-4.38523248900255e+21 0 0)
(-4.36044747135424e+21 0 0)
(-4.33548127951269e+21 0 0)
(-4.31033525894498e+21 0 0)
(-4.28501075753069e+21 0 0)
(-4.25950912234962e+21 0 0)
(-4.23383170228611e+21 0 0)
(-4.20797984647035e+21 0 0)
(-4.18195490531411e+21 0 0)
(-4.15575822916664e+21 0 0)
(-4.12939116956008e+21 0 0)
(-4.10285507743396e+21 0 0)
(-4.07615130469243e+21 0 0)
(-4.04928120362452e+21 0 0)
(-4.02224612650848e+21 0 0)
(-3.99504742577598e+21 0 0)
(-3.96768645418885e+21 0 0)
(-3.94016456451762e+21 0 0)
(-3.91248310950696e+21 0 0)
(-3.88464344220992e+21 0 0)
(-3.85664691565671e+21 0 0)
(-3.82849488290465e+21 0 0)
(-3.80018869711133e+21 0 0)
(-3.7717297112481e+21 0 0)
(-3.74311927856159e+21 0 0)
(-3.71435875219408e+21 0 0)
(-3.68544948531732e+21 0 0)
(-3.65639283108431e+21 0 0)
(-3.62719014263843e+21 0 0)
(-3.59784277324067e+21 0 0)
(-3.56835207617072e+21 0 0)
(-3.53871940497224e+21 0 0)
(-3.50894611325931e+21 0 0)
(-3.47903355483678e+21 0 0)
(-3.44898308357749e+21 0 0)
(-3.41879605368831e+21 0 0)
(-3.38847381953041e+21 0 0)
(-3.35801773548338e+21 0 0)
(-3.32742915633088e+21 0 0)
(-3.29670943702012e+21 0 0)
(-3.26585993270685e+21 0 0)
(-3.23488199889056e+21 0 0)
(-3.20377699133957e+21 0 0)
(-3.17254626586534e+21 0 0)
(-3.14119117908796e+21 0 0)
(-3.10971308741517e+21 0 0)
(-3.0781133481049e+21 0 0)
(-3.04639331835596e+21 0 0)
(-3.01455435598546e+21 0 0)
(-2.98259781897123e+21 0 0)
(-2.95052506596603e+21 0 0)
(-2.91833745573538e+21 0 0)
(-2.88603634758107e+21 0 0)
(-2.85362310117295e+21 0 0)
(-2.82109907670597e+21 0 0)
(-2.78846563471094e+21 0 0)
(-2.75572413617508e+21 0 0)
(-2.72287594256557e+21 0 0)
(-2.68992241584036e+21 0 0)
(-2.65686491833718e+21 0 0)
(-2.62370481287539e+21 0 0)
(-2.59044346287443e+21 0 0)
(-2.55708223203223e+21 0 0)
(-2.5236224846018e+21 0 0)
(-2.49006558526995e+21 0 0)
(-2.45641289905602e+21 0 0)
(-2.42266579167216e+21 0 0)
(-2.38882562904155e+21 0 0)
(-2.35489377772935e+21 0 0)
(-2.32087160451602e+21 0 0)
(-2.28676047675193e+21 0 0)
(-2.25256176204078e+21 0 0)
(-2.21827682827346e+21 0 0)
(-2.18390704365474e+21 0 0)
(-2.1494537771295e+21 0 0)
(-2.11491839839577e+21 0 0)
(-2.08030227800756e+21 0 0)
(-2.0456067870155e+21 0 0)
(-2.01083329714176e+21 0 0)
(-1.97598318042284e+21 0 0)
(-1.94105780960066e+21 0 0)
(-1.90605855750394e+21 0 0)
(-1.87098679783261e+21 0 0)
(-1.83584390433632e+21 0 0)
(-1.80063125129035e+21 0 0)
(-1.76535021364415e+21 0 0)
(-1.73000216597772e+21 0 0)
(-1.69458848383803e+21 0 0)
(-1.65911054318867e+21 0 0)
(-1.62356972782321e+21 0 0)
(-1.5879673738765e+21 0 0)
(-1.55230477549951e+21 0 0)
(-1.51658468890108e+21 0 0)
(-1.48080304258983e+21 0 0)
(-1.44497221248696e+21 0 0)
(-1.40908119530947e+21 0 0)
(-1.37313834822285e+21 0 0)
(-1.33714483785459e+21 0 0)
(-1.30109971478065e+21 0 0)
(-1.26500583284341e+21 0 0)
(-1.22886419096973e+21 0 0)
(-1.19267620639664e+21 0 0)
(-1.15644316092577e+21 0 0)
(-1.12016675587324e+21 0 0)
(-1.0838478150223e+21 0 0)
(-1.04748829602048e+21 0 0)
(-1.01108921250423e+21 0 0)
(-9.74652081692419e+20 0 0)
(-9.38178260382728e+20 0 0)
(-9.01669129933315e+20 0 0)
(-8.65126072981829e+20 0 0)
(-8.28550471842115e+20 0 0)
(-7.91943708836528e+20 0 0)
(-7.5530716670429e+20 0 0)
(-7.18642229034949e+20 0 0)
(-6.81950278499225e+20 0 0)
(-6.45232699537336e+20 0 0)
(-6.0849087551337e+20 0 0)
(-5.71726190742404e+20 0 0)
(-5.34940029949604e+20 0 0)
(-4.98133777343879e+20 0 0)
(-4.61308817914086e+20 0 0)
(-4.24466537072102e+20 0 0)
(-3.87608319409811e+20 0 0)
(-3.50735551012071e+20 0 0)
(-3.1384961707453e+20 0 0)
(-2.76951902881583e+20 0 0)
(-2.40043794121412e+20 0 0)
(-2.0312669438819e+20 0 0)
(-1.66201923006179e+20 0 0)
(-1.2927062785127e+20 0 0)
(-9.23370793144985e+19 0 0)
(-5.53906136004498e+19 0 0)
(-1.84470063240627e+19 0 0)
(1.84800609237832e+19 0 0)
(5.54236745817494e+19 0 0)
(9.2370129588371e+19 0 0)
(1.29303656755533e+20 0 0)
(1.66234933560189e+20 0 0)
(2.03159679751771e+20 0 0)
(2.40076749673787e+20 0 0)
(2.76984823572556e+20 0 0)
(3.13882497841259e+20 0 0)
(3.5076838703855e+20 0 0)
(3.87641105775541e+20 0 0)
(4.24499268516871e+20 0 0)
(4.61341490039941e+20 0 0)
(4.9816638474902e+20 0 0)
(5.34972567817036e+20 0 0)
(5.71758654578601e+20 0 0)
(6.08523259877435e+20 0 0)
(6.45264999707663e+20 0 0)
(6.81982490106173e+20 0 0)
(7.18674346346346e+20 0 0)
(7.55339185847187e+20 0 0)
(7.91975624232883e+20 0 0)
(8.28582279056408e+20 0 0)
(8.65157767297378e+20 0 0)
(9.01700706377789e+20 0 0)
(9.38209714160327e+20 0 0)
(9.74683408810325e+20 0 0)
(1.01112040692517e+21 0 0)
(1.04751935435104e+21 0 0)
(1.08387873238355e+21 0 0)
(1.12019752677904e+21 0 0)
(1.15647378201903e+21 0 0)
(1.19270667258285e+21 0 0)
(1.22889449753137e+21 0 0)
(1.26503597571389e+21 0 0)
(1.30112968928512e+21 0 0)
(1.33717463990868e+21 0 0)
(1.37316797283915e+21 0 0)
(1.40911063989417e+21 0 0)
(1.44500147004476e+21 0 0)
(1.48083211241038e+21 0 0)
(1.51661356431754e+21 0 0)
(1.55233345366296e+21 0 0)
(1.58799585035152e+21 0 0)
(1.62359799910298e+21 0 0)
(1.65913860445641e+21 0 0)
(1.69461633212121e+21 0 0)
(1.73002979699965e+21 0 0)
(1.7653776234071e+21 0 0)
(1.80065843629261e+21 0 0)
(1.83587086059278e+21 0 0)
(1.87101352171191e+21 0 0)
(1.90608504524098e+21 0 0)
(1.94108405750887e+21 0 0)
(1.9760091850835e+21 0 0)
(2.01085905473956e+21 0 0)
(2.04563229435254e+21 0 0)
(2.08032753143663e+21 0 0)
(2.11494339480828e+21 0 0)
(2.14947851306047e+21 0 0)
(2.18393151595993e+21 0 0)
(2.21830103363156e+21 0 0)
(2.25258569739772e+21 0 0)
(2.28678413884253e+21 0 0)
(2.3208949903451e+21 0 0)
(2.3549168841794e+21 0 0)
(2.38884845329506e+21 0 0)
(2.42268833069487e+21 0 0)
(2.45643515015273e+21 0 0)
(2.49008754549727e+21 0 0)
(2.52364415141265e+21 0 0)
(2.557103602764e+21 0 0)
(2.59046453492118e+21 0 0)
(2.62372558387e+21 0 0)
(2.65688538579749e+21 0 0)
(2.68994257754637e+21 0 0)
(2.72289579629264e+21 0 0)
(2.75574367980202e+21 0 0)
(2.78848486607176e+21 0 0)
(2.82111799376812e+21 0 0)
(2.85364170200329e+21 0 0)
(2.88605463017437e+21 0 0)
(2.91835541827716e+21 0 0)
(2.95054270655914e+21 0 0)
(2.98261513584906e+21 0 0)
(3.01457134728646e+21 0 0)
(3.046409982551e+21 0 0)
(3.07812968342796e+21 0 0)
(3.1097290924281e+21 0 0)
(3.14120685217719e+21 0 0)
(3.17256160570564e+21 0 0)
(3.20379199646232e+21 0 0)
(3.2348966680907e+21 0 0)
(3.26587426470786e+21 0 0)
(3.29672343067538e+21 0 0)
(3.32744281059015e+21 0 0)
(3.35803104941651e+21 0 0)
(3.38848679218927e+21 0 0)
(3.41880868437436e+21 0 0)
(3.44899537151449e+21 0 0)
(3.47904549950768e+21 0 0)
(3.50895771410959e+21 0 0)
(3.53873066173662e+21 0 0)
(3.5683629883955e+21 0 0)
(3.59785334064829e+21 0 0)
(3.62720036502897e+21 0 0)
(3.65640270809203e+21 0 0)
(3.68545901675068e+21 0 0)
(3.71436793777077e+21 0 0)
(3.74312811820543e+21 0 0)
(3.77173820476064e+21 0 0)
(3.80019684447486e+21 0 0)
(3.82850268417331e+21 0 0)
(3.85665437091134e+21 0 0)
(3.88465055178555e+21 0 0)
(3.91248987362818e+21 0 0)
(3.94017098383858e+21 0 0)
(3.96769252933821e+21 0 0)
(3.99505315746146e+21 0 0)
(4.02225151529703e+21 0 0)
(4.04928625039668e+21 0 0)
(4.07615601025925e+21 0 0)
(4.10285944270095e+21 0 0)
(4.1293951953333e+21 0 0)
(4.15576191639132e+21 0 0)
(4.18195825489668e+21 0 0)
(4.20798285964968e+21 0 0)
(4.2338343798581e+21 0 0)
(4.25951146601411e+21 0 0)
(4.28501276819697e+21 0 0)
(4.31033693861542e+21 0 0)
(4.33548262884494e+21 0 0)
(4.36044849246261e+21 0 0)
(4.38523318292103e+21 0 0)
(4.40983535622231e+21 0 0)
(4.43425366904365e+21 0 0)
(4.4584867799114e+21 0 0)
(4.48253334963334e+21 0 0)
(4.50639203875609e+21 0 0)
(4.53006151343525e+21 0 0)
(4.55354043758386e+21 0 0)
(4.5768274832986e+21 0 0)
(4.59992131926388e+21 0 0)
(4.62282062388056e+21 0 0)
(4.64552407665072e+21 0 0)
(4.66803035466722e+21 0 0)
(4.69033814582749e+21 0 0)
(4.71244613964621e+21 0 0)
(4.73435303570294e+21 0 0)
(4.75605753226569e+21 0 0)
(4.77755833327565e+21 0 0)
(4.79885415477263e+21 0 0)
(4.81994371261752e+21 0 0)
(4.84082573472724e+21 0 0)
(4.86149894830992e+21 0 0)
(4.88196210344326e+21 0 0)
(4.90221395115575e+21 0 0)
(4.92225324318569e+21 0 0)
(4.94207875892713e+21 0 0)
(4.96168926951863e+21 0 0)
(4.98108357266125e+21 0 0)
(5.00026046304565e+21 0 0)
(5.01921878135707e+21 0 0)
(5.0379579728751e+21 0 0)
(5.05647375075352e+21 0 0)
(5.07476458657846e+21 0 0)
(5.09285453919632e+21 0 0)
(5.11068877563383e+21 0 0)
(5.12831503257362e+21 0 0)
(5.14571061131455e+21 0 0)
(5.16287949993021e+21 0 0)
(5.1798197107117e+21 0 0)
(5.19653021568566e+21 0 0)
(5.21301009354428e+21 0 0)
(5.22925833376867e+21 0 0)
(5.24527394269053e+21 0 0)
(5.26105597448427e+21 0 0)
(5.27660349118621e+21 0 0)
(5.29191557943957e+21 0 0)
(5.30699133714131e+21 0 0)
(5.32183018786768e+21 0 0)
(5.33643005416937e+21 0 0)
(5.35078977889546e+21 0 0)
(5.36491836055512e+21 0 0)
(5.37879560019384e+21 0 0)
(5.3924368031198e+21 0 0)
(5.40583530127044e+21 0 0)
(5.4189914446614e+21 0 0)
(5.4319043374746e+21 0 0)
(5.44457326239995e+21 0 0)
(5.45699114922653e+21 0 0)
(5.46918451432493e+21 0 0)
(5.48112293190105e+21 0 0)
(5.49278206964094e+21 0 0)
(5.50425072589015e+21 0 0)
(5.51545297382905e+21 0 0)
(5.52631585252147e+21 0 0)
(5.53706231889293e+21 0 0)
(5.54750615506906e+21 0 0)
(5.55769592849118e+21 0 0)
(5.5676435099503e+21 0 0)
(5.57733632624147e+21 0 0)
(5.58675942618925e+21 0 0)
(5.5959551509845e+21 0 0)
(5.60506258830637e+21 0 0)
(5.61339210988641e+21 0 0)
(5.62199577639079e+21 0 0)
(5.63003313963649e+21 0 0)
(5.63800303282279e+21 0 0)
(5.64566504277704e+21 0 0)
(5.65315937308016e+21 0 0)
(5.66057235900439e+21 0 0)
(5.66661411138899e+21 0 0)
(5.67323857927983e+21 0 0)
(5.67986994061605e+21 0 0)
(5.68612066163818e+21 0 0)
(5.69264215046915e+21 0 0)
(5.6958920252088e+21 0 0)
(5.70166075512398e+21 0 0)
(5.70879317714839e+21 0 0)
(5.71142198914976e+21 0 0)
(5.7149024322007e+21 0 0)
(5.72150730180324e+21 0 0)
(5.72229110589564e+21 0 0)
(5.72931117423459e+21 0 0)
(5.72810267351064e+21 0 0)
(5.73499787364795e+21 0 0)
(5.73452020311617e+21 0 0)
(5.73987890382232e+21 0 0)
(5.73847880460974e+21 0 0)
(5.74430029134112e+21 0 0)
(5.74255382015601e+21 0 0)
(5.74696042413296e+21 0 0)
(5.74610941862144e+21 0 0)
(5.74913257343795e+21 0 0)
(5.7482478537866e+21 0 0)
(5.75205035046914e+21 0 0)
(5.74826350349931e+21 0 0)
(5.75506822458601e+21 0 0)
(5.74802290600392e+21 0 0)
(5.75743592182371e+21 0 0)
(5.74603466968001e+21 0 0)
(5.76139063255566e+21 0 0)
(5.74276377991375e+21 0 0)
(5.76537680548647e+21 0 0)
(5.73827235726068e+21 0 0)
(5.77066666975443e+21 0 0)
(5.73203559886771e+21 0 0)
(5.77864958651666e+21 0 0)
(5.64161609873522e+21 0 0)
)
;

boundaryField
{
    electrode
    {
        type            calculated;
        value           uniform (-5.75336981120812e+21 0 0);
    }
    ground
    {
        type            calculated;
        value           uniform (5.75334707012982e+21 0 0);
    }
    otherfaces
    {
        type            empty;
    }
}


// ************************************************************************* //
