/*--------------------------------*- C++ -*----------------------------------*\
| =========                 |                                                 |
| \\      /  F ield         | foam-extend: Open Source CFD                    |
|  \\    /   O peration     | Version:     4.1                                |
|   \\  /    A nd           | Web:         http://www.foam-extend.org         |
|    \\/     M anipulation  |                                                 |
\*---------------------------------------------------------------------------*/
FoamFile
{
    version     2.0;
    format      ascii;
    class       volScalarField;
    location    "1.18605584954085e-05";
    object      Arp1Mean;
}
// * * * * * * * * * * * * * * * * * * * * * * * * * * * * * * * * * * * * * //

dimensions      [0 -3 0 0 0 0 0];

internalField   nonuniform List<scalar> 
500
(
1.37937402492605e+18
1.42897475921216e+18
1.4670531007555e+18
1.50909145412179e+18
1.55788458535523e+18
1.60893581468509e+18
1.66859911368876e+18
1.73148784440778e+18
1.80429741318715e+18
1.8825248254345e+18
1.97278241734231e+18
2.06995696034586e+18
2.18077434491459e+18
2.3003431884434e+18
2.43551715057772e+18
2.58006012565265e+18
2.74063585902969e+18
2.91074931900761e+18
3.09525483724006e+18
3.28743012653071e+18
3.49166134112595e+18
3.69966727775269e+18
3.91605763571301e+18
4.1326571511866e+18
4.35403235442749e+18
4.57133516270606e+18
4.79118044437127e+18
5.00536186036294e+18
5.21897419409007e+18
5.42573598549999e+18
5.63272474942202e+18
5.83209929423493e+18
6.02839533322872e+18
6.2207342722425e+18
6.41242110949269e+18
6.59627178486869e+18
6.77688995646606e+18
6.95169782089594e+18
7.12689329400896e+18
7.29729449328685e+18
7.46732096474634e+18
7.63182546396087e+18
7.79548014367431e+18
7.95373040245872e+18
8.11232931368893e+18
8.26633640416696e+18
8.42085490747414e+18
8.57098844171532e+18
8.72193740554044e+18
8.86887705041884e+18
9.0167430381036e+18
9.16032031316479e+18
9.30473736515516e+18
9.44520459033382e+18
9.58692841639194e+18
9.72492635590988e+18
9.86424218389021e+18
9.99991802220718e+18
1.01370002615719e+19
1.02705251363357e+19
1.04055382989155e+19
1.0537060649395e+19
1.06701234465911e+19
1.0799754684462e+19
1.09310055304371e+19
1.1058873210354e+19
1.11883894480515e+19
1.13145618707069e+19
1.14424204860705e+19
1.15669683736341e+19
1.16932343780035e+19
1.18162183729118e+19
1.19409474783056e+19
1.20624183429924e+19
1.21856592912904e+19
1.23056637250133e+19
1.24274545110762e+19
1.25460292106779e+19
1.26664178798008e+19
1.27835897223112e+19
1.29025779099309e+19
1.3018417116793e+19
1.31360987051679e+19
1.32506052656665e+19
1.33669610776654e+19
1.34801490617216e+19
1.35951924894508e+19
1.37070732436526e+19
1.38208144428457e+19
1.39313971845142e+19
1.40438444305585e+19
1.4153136617918e+19
1.42642965387512e+19
1.43723040844467e+19
1.44821818559354e+19
1.45889093092914e+19
1.46975088270606e+19
1.48029595325197e+19
1.49102835613018e+19
1.50144597992857e+19
1.51205101034186e+19
1.5223413211918e+19
1.53281906693981e+19
1.54298211528961e+19
1.55333258574704e+19
1.56336834823103e+19
1.57359148333238e+19
1.58349987117288e+19
1.59359554931804e+19
1.60337641587005e+19
1.6133444610325e+19
1.62299760854749e+19
1.63283779664886e+19
1.64236298223522e+19
1.65207504685393e+19
1.66147198797226e+19
1.67105562543385e+19
1.68032400462752e+19
1.68977887849022e+19
1.69891834758236e+19
1.70824409259674e+19
1.7172542766794e+19
1.72645050257996e+19
1.73533100354216e+19
1.74439729839634e+19
1.75314769810398e+19
1.76208363133352e+19
1.77070349452228e+19
1.77950861963692e+19
1.78799749651829e+19
1.79667135354431e+19
1.8050287821977e+19
1.81357089998444e+19
1.82179640853651e+19
1.83020630683652e+19
1.83829941548143e+19
1.8465766068252e+19
1.85453682966327e+19
1.86268082110271e+19
1.87050766781769e+19
1.87851796250308e+19
1.88621093992548e+19
1.89408703856057e+19
1.90164565208941e+19
1.90938705429097e+19
1.91681080919761e+19
1.92441701470928e+19
1.93170541738455e+19
1.93917592722403e+19
1.94632848628552e+19
1.95366280378953e+19
1.9606790311351e+19
1.96787666295523e+19
1.97475607471718e+19
1.98181653173017e+19
1.98855864915909e+19
1.99548144733321e+19
2.00208579758533e+19
2.00887045883632e+19
2.01533657570216e+19
2.02198262866139e+19
2.02831005320142e+19
2.03481703402571e+19
2.04100531512253e+19
2.04737276826448e+19
2.05342146310793e+19
2.0596489420744e+19
2.06555761654314e+19
2.07164468470173e+19
2.07741291364788e+19
2.08335914503805e+19
2.08898651252725e+19
2.09479149266451e+19
2.1002775921151e+19
2.10594091882667e+19
2.1112853530833e+19
2.11680663734198e+19
2.122009018681e+19
2.12738788541801e+19
2.13244783552129e+19
2.13768392446237e+19
2.14260107439722e+19
2.14769404082968e+19
2.1524680309888e+19
2.15741754649766e+19
2.1620480265666e+19
2.16685377969513e+19
2.17134040867656e+19
2.17600210546938e+19
2.18034455178122e+19
2.18486191625514e+19
2.18905985787792e+19
2.19343263234458e+19
2.19748575708047e+19
2.20171370243536e+19
2.20562170835775e+19
2.20970460393662e+19
2.2134671998672e+19
2.21740484340572e+19
2.22102175009883e+19
2.22481396146216e+19
2.22828490451898e+19
2.23193127480203e+19
2.23525487673419e+19
2.2387622833442e+19
2.24194141597983e+19
2.24526994340101e+19
2.24833030346404e+19
2.25150958348521e+19
2.25442492218344e+19
2.25745552660144e+19
2.26022799825975e+19
2.26310961490436e+19
2.26573923168149e+19
2.26847153255331e+19
2.27095835799984e+19
2.27354105560132e+19
2.27588515380325e+19
2.27831779096919e+19
2.28051940135887e+19
2.28280182387268e+19
2.28486079192386e+19
2.28699278722533e+19
2.28890913433418e+19
2.29089047559614e+19
2.29266420278456e+19
2.29449468725684e+19
2.29612578157658e+19
2.29780523240245e+19
2.2992936664522e+19
2.3008219337898e+19
2.30216766603002e+19
2.30354462764959e+19
2.30474760306476e+19
2.30597316465352e+19
2.30703331526012e+19
2.30810741058992e+19
2.30902465650446e+19
2.30994724677949e+19
2.3107214974441e+19
2.31149257093402e+19
2.3121237261341e+19
2.31274329733468e+19
2.3132312488466e+19
2.31369935770566e+19
2.31404399531772e+19
2.31436070926813e+19
2.31456178983929e+19
2.31472657502563e+19
2.31478932894477e+19
2.31478932096886e+19
2.31472655255494e+19
2.31456175070201e+19
2.31436065642676e+19
2.3140439254784e+19
2.3136992741837e+19
2.31323114840699e+19
2.31274318317019e+19
2.31212359510584e+19
2.31149242624023e+19
2.31072133584554e+19
2.30994707161021e+19
2.30902446444736e+19
2.30810720499237e+19
2.30703309279447e+19
2.30597292879486e+19
2.30474735028176e+19
2.30354436154719e+19
2.30216738312524e+19
2.30082163754498e+19
2.29929335350254e+19
2.29780490615225e+19
2.29612543880892e+19
2.29449433106714e+19
2.2926638303512e+19
2.29089008962246e+19
2.28890873246192e+19
2.28699237160381e+19
2.2848603607939e+19
2.28280137857952e+19
2.28051894136195e+19
2.27831731616548e+19
2.27588466503624e+19
2.2735405522934e+19
2.27095783958053e+19
2.26847100077526e+19
2.2657386845584e+19
2.26310905450597e+19
2.26022742282153e+19
2.25745493792191e+19
2.25442431843825e+19
2.25150896667031e+19
2.24832967185982e+19
2.24526929857131e+19
2.24194075778484e+19
2.23876161105908e+19
2.23525418872078e+19
2.2319305764319e+19
2.22828418957595e+19
2.22481323596932e+19
2.22102100858835e+19
2.21740409107055e+19
2.21346643218005e+19
2.20970382514559e+19
2.20562091479786e+19
2.20171289759392e+19
2.1974849379914e+19
2.19343180185373e+19
2.18905901361968e+19
2.18486106052067e+19
2.18034368273584e+19
2.17600122492215e+19
2.17133951523819e+19
2.16685287477601e+19
2.16204710913657e+19
2.15741661765231e+19
2.15246708999436e+19
2.14769308851522e+19
2.14260011027944e+19
2.13768294914858e+19
2.13244684873388e+19
2.12738688758661e+19
2.12200800969066e+19
2.11680561748344e+19
2.11128432237145e+19
2.10593987744242e+19
2.10027654018635e+19
2.0947904302663e+19
2.08898543988222e+19
2.08335806215335e+19
2.07741182081222e+19
2.07164358186305e+19
2.06555650404819e+19
2.05964781982885e+19
2.05342033150202e+19
2.04737162716844e+19
2.04100416495845e+19
2.03481587465034e+19
2.02830888504682e+19
2.02198145158212e+19
2.01533539013692e+19
2.00886926463657e+19
2.0020845952025e+19
1.99548023660757e+19
1.98855743055602e+19
1.98181530508706e+19
1.97475484050646e+19
1.96787542101192e+19
1.96067778192588e+19
1.95366154716756e+19
1.94632722271002e+19
1.93917465655583e+19
1.93170414008031e+19
1.92441573063954e+19
1.91680951881152e+19
1.90938575746267e+19
1.90164434927649e+19
1.89408572963232e+19
1.88620962534881e+19
1.87851664213908e+19
1.87050634214472e+19
1.86267948997902e+19
1.85453549356441e+19
1.84657526562542e+19
1.83829806964248e+19
1.83020495624175e+19
1.82179505364998e+19
1.81356954069137e+19
1.80502741895635e+19
1.79666998624604e+19
1.78799612563201e+19
1.77950724503804e+19
1.77070211669647e+19
1.7620822501565e+19
1.75314631404755e+19
1.74439591135216e+19
1.73532961397819e+19
1.72644911038778e+19
1.71725288233208e+19
1.70824269598687e+19
1.69891694917983e+19
1.68977747819498e+19
1.68032260290253e+19
1.67105422218653e+19
1.66147058367018e+19
1.65207364139341e+19
1.64236157608764e+19
1.63283638972569e+19
1.62299620130408e+19
1.61334305338531e+19
1.60337500828416e+19
1.59359414170105e+19
1.58349846399106e+19
1.57359007650508e+19
1.56336694220353e+19
1.55333118046265e+19
1.5429807111837e+19
1.53281766395473e+19
1.52233991976695e+19
1.51204961041472e+19
1.50144458195123e+19
1.49102696002803e+19
1.48029455948293e+19
1.46974949120014e+19
1.45888954213598e+19
1.44821679945243e+19
1.43722902540345e+19
1.42642827386113e+19
1.41531228527244e+19
1.4043830699522e+19
1.39313834921903e+19
1.38208007886466e+19
1.37070596320675e+19
1.35951789197531e+19
1.34801355386183e+19
1.33669476003492e+19
1.3250591838757e+19
1.31360853280065e+19
1.30184037938774e+19
1.29025646411573e+19
1.27835765120773e+19
1.26664047263598e+19
1.25460161191245e+19
1.2427441480135e+19
1.23056507595284e+19
1.21856463904914e+19
1.2062405511466e+19
1.19409347152062e+19
1.18162056829404e+19
1.16932217603406e+19
1.15669558330146e+19
1.14424080216313e+19
1.13145494872112e+19
1.11883771447572e+19
1.10588609919445e+19
1.09309933961157e+19
1.0799742639199e+19
1.06701114896664e+19
1.0537048785261e+19
1.04055265268057e+19
1.02705134610541e+19
1.01369886825258e+19
9.99990654426474e+18
9.86423080629493e+18
9.72491508352439e+18
9.58691724875232e+18
9.44519353258179e+18
9.30472641626302e+18
9.16030947757806e+18
9.01673231217109e+18
8.86886644112473e+18
8.72192691672692e+18
8.57097808042565e+18
8.42084467203572e+18
8.26632629900444e+18
8.11231933884419e+18
7.95372056442114e+18
7.79547044285543e+18
7.6318158986251e+18
7.46731153532258e+18
7.2972852145552e+18
7.12688417574544e+18
6.95168887314833e+18
6.77688118096501e+18
6.59626317161679e+18
6.41241265015923e+18
6.22072599080789e+18
6.02838725621857e+18
5.83209143050132e+18
5.63271708165674e+18
5.42572853934087e+18
5.21896698468977e+18
5.00535488835138e+18
4.79117373555609e+18
4.57132872329863e+18
4.35402620854491e+18
4.13265130719397e+18
3.91605210440039e+18
3.69966208173066e+18
3.49165647742229e+18
3.28742561202441e+18
3.09525065614953e+18
2.91074547138593e+18
2.74063232231667e+18
2.58005688791252e+18
2.43551418280469e+18
2.30034047225379e+18
2.18077184900839e+18
2.06995466613391e+18
1.97278029540251e+18
1.88252286007463e+18
1.80429557942112e+18
1.73148613005382e+18
1.66859749965043e+18
1.60893429257388e+18
1.55788313615093e+18
1.50909007560198e+18
1.46705177993653e+18
1.42897349000779e+18
1.37937281841787e+18
)
;

boundaryField
{
    electrode
    {
        type            calculated;
        value           uniform 1.37937402492605e+18;
    }
    ground
    {
        type            calculated;
        value           uniform 1.37937281841787e+18;
    }
    otherfaces
    {
        type            empty;
    }
}


// ************************************************************************* //
