/*--------------------------------*- C++ -*----------------------------------*\
| =========                 |                                                 |
| \\      /  F ield         | foam-extend: Open Source CFD                    |
|  \\    /   O peration     | Version:     4.1                                |
|   \\  /    A nd           | Web:         http://www.foam-extend.org         |
|    \\/     M anipulation  |                                                 |
\*---------------------------------------------------------------------------*/
FoamFile
{
    version     2.0;
    format      ascii;
    class       volScalarField;
    location    "1.50009999935002e-05";
    object      eCollisionFrequency;
}
// * * * * * * * * * * * * * * * * * * * * * * * * * * * * * * * * * * * * * //

dimensions      [0 0 -1 0 0 0 0];

internalField   nonuniform List<scalar> 
500
(
13554359907.0046
13627274694.1823
13645901100.991
13699833865.8636
13740938862.8307
13795557822.0287
13850966517.8737
13907062323.4607
13959805948.8243
14008429246.5511
14050365745.1088
14087632948.1198
14121039153.1104
14150852724.2957
14178502261.1087
14203914580.3665
14226867411.2964
14247663457.9387
14266721744.4986
14284405461.553
14301110195.2221
14317129103.4344
14332012891.6209
14346340429.039
14360499771.3884
14374691574.0137
14389150656.232
14404056351.8011
14419465480.3341
14435305448.9062
14451481570.2372
14467965333.7006
14484853176.7923
14502301800.7825
14520413468.9642
14539145986.0639
14558313151.1082
14577662320.4236
14597002894.2234
14616265072.991
14635001912.3581
14652476659.5554
14670190463.4898
14688206927.9199
14706524607.1146
14725095018.9307
14743846802.8294
14762699600.9956
14781760668.3398
14802604834.0967
14823286186.9801
14843751724.4649
14863974252.0652
14883937131.6863
14903611542.3708
14922943042.0597
14941882740.8522
14959276703.0771
14976202680.1286
14992718316.4638
15008835430.8313
15024539089.8784
15039792234.9438
15054557599.9204
15068814976.1453
15082574966.0766
15095869378.9152
15108051871.0994
15119661320.5845
15130863920.961
15141640413.3833
15151971507.2437
15161855347.1972
15171308881.2209
15180360473.2137
15189046203.5671
15197406137.6701
15205471788.6617
15213264800.9061
15220794375.4274
15228057202.2852
15235041176.3821
15241737960.3383
15248216149.9172
15254778105.6031
15261051367.8207
15267049123.85
15272783369.7861
15278257304.6878
15283475431.9173
15288444829.9166
15293182769.9722
15297704050.5708
15302019715.133
15306139579.1362
15310062052.8965
15313790647.1633
15317325077.1354
15320672711.5039
15323844767.2524
15326855041.2026
15329709715.1023
15332420090.2477
15334983461.9412
15337406061.8549
15339685203.5303
15341820758.711
15343818992.1297
15345684905.4455
15347428622.6603
15349066672.5504
15350606656.0512
15352060019.2958
15353429270.1736
15354720757.6349
15355928047.321
15357054937.0479
15358103950.1148
15359080172.7046
15359984856.7131
15360821816.3075
15361591029.3283
15362298875.7567
15362942778.2594
15363531682.674
15364068137.0753
15364558532.7033
15365000299.6915
15365402393.7578
15365763528.0227
15366086258.1117
15366369298.4351
15366616486.9753
15366831662.7489
15367012261.353
15367165965.6363
15367295335.7913
15367401651.5095
15367482349.9645
15367543835.0704
15367580982.5604
15367596353.9881
15367588668.2704
15367559206.4238
15367513092.456
15367449045.7375
15367372190.38
15367282526.7679
15367181336.2338
15367068619.2332
15366950780.5005
15366820135.3225
15366684369.158
15366539639.9451
15366389790.447
15366233540.2367
15366070889.7048
15365901839.258
15365730231.2453
15365552223.9987
15365371659.7106
15365187258.0091
15365002860.7336
15364815906.9034
15364628957.6226
15364439452.0359
15364249951.1239
15364061735.2506
15363869682.9905
15363678915.8322
15363489433.6801
15363302516.6771
15363118164.636
15362936377.3725
15362755874.5576
15362580496.4527
15362406402.4403
15362232312.3736
15362063346.3763
15361896944.1026
15361734385.3624
15361571830.0626
15361415677.8175
15361259528.7469
15361109782.2104
15360962598.2889
15360817976.8351
15360678477.305
15360542819.6416
15360413563.1539
15360285588.5765
15360162734.9883
15360043722.4488
15359929830.4552
15359819779.122
15359714847.9242
15359613757.0286
15359515226.6767
15359421815.952
15359334804.2443
15359251632.2099
15359169740.6253
15359095527.1311
15359025152.9284
15358956058.8841
15358893362.9744
15358833226.5624
15358778208.5555
15358728308.8435
15358682247.8587
15358638746.0712
15358600362.3456
15358565817.1567
15358537669.3399
15358510801.0655
15358489050.6266
15358471138.5466
15358455785.3685
15358444270.505
15358437873.3661
15358436593.939
15358436593.939
15358440432.221
15358449388.22
15358459623.6601
15358474976.8459
15358492888.9348
15358514639.3847
15358541507.6725
15358569655.5034
15358600362.3456
15358636187.1502
15358673291.5882
15358715514.0978
15358759016.3202
15358807636.7427
15358857536.9702
15358912555.5455
15358967574.515
15359026432.4536
15359090408.9856
15359154386.0505
15359222202.3212
15359292578.3296
15359368073.3102
15359442289.4383
15359521624.7131
15359600960.8076
15359684136.6253
15359769872.6418
15359856889.2791
15359947745.9377
15360039883.3653
15360134581.3178
15360230560.1638
15360330379.436
15360430200.0056
15360533861.201
15360640083.3836
15360747586.8473
15360855091.8157
15360966437.8336
15361079065.333
15361192974.3703
15361309444.9079
15361428477.0624
15361547511.0616
15361667826.871
15361790704.5364
15361913584.1677
15362039025.819
15362167029.6158
15362293755.476
15362424323.7005
15362556174.2579
15362688027.0786
15362821162.3202
15362955580.0492
15363092560.5358
15363228263.2395
15363366528.8373
15363504796.9237
15363645628.0887
15363786461.8356
15363929858.8488
15364071978.1727
15364217941.2962
15364362626.7785
15364507314.9857
15364654566.8442
15364801821.5251
15364951640.0537
15365101461.504
15365251285.8761
15365402393.7578
15365554785.2248
15365708460.3535
15365862138.556
15366015819.8326
15366172065.6152
15366330876.0601
15366488409.0187
15366649787.5937
15366809888.7358
15366972554.9128
15367135224.5337
15367300459.4066
15367466978.7648
15367636063.6519
15367806433.2483
15367975525.6054
15368148464.8195
15368322689.0005
15368500760.4439
15368678836.0139
15368862040.3674
15369049092.6752
15369237430.7633
15369430898.5034
15369626933.6981
15369825536.5438
15370027988.5982
15370234290.1652
15370445722.9833
15370663568.9406
15370885265.5779
15371112094.7679
15371345338.5432
15371584997.4875
15371831072.2008
15372082281.5971
15372342471.4135
15372610360.7717
15372885950.4766
15373169241.3557
15373462798.1232
15373766621.9547
15374080714.0669
15374406357.807
15374747401.0791
15375099999.3166
15375468000.9062
15375852690.3889
15376248940.6811
15376663165.894
15377092803.8566
15377537857.1509
15377997045.7636
15378478068.8311
15378977081.893
15379499220.202
15380045771.4954
15380616740.975
15381210850.8513
15381831956.4653
15382480064.3522
15383156464.8809
15383863732.8425
15384600592.9541
15385372189.384
15386178532.5748
15387024770.2175
15387909631.1213
15388833128.5973
15389796561.1973
15390805083.2026
15391854857.3154
15392952326.3095
15394094939.8093
15395286574.608
15396524681.8733
15397814427.9688
15399158411.2407
15400561805.8569
15402028504.3409
15403563690.6195
15405173841.6963
15406859004.4951
15408617940.3398
15410396599.3069
15412175668.9523
15414026027.8948
15415946438.3162
15417943399.2201
15420022128.7538
15422185272.9999
15424434193.2252
15426775418.4078
15429207741.0747
15431732538.7445
15434349901.8432
15437059924.1587
15439875633.1534
15442795850.4607
15445832340.3626
15448985239.3971
15452261164.9533
15455657681.4029
15459181428.222
15462833875.3347
15466621691.6419
15470547671.2118
15474612023.0849
15478807166.4701
15483129411.5459
15487576367.3199
15492158661.076
15496886951.6163
15501781055.1457
15506862151.5587
15512143657.2618
15517635121.0875
15523340906.4123
15529257557.7365
15535380316.2746
15541701803.5088
15548222498.8379
15554956021.1515
15561913424.9009
15569118969.0414
15576578598.5858
15584290399.9039
15592245880.9084
15600432575.8246
15608853843.4282
15617523659.3217
15626462703.9798
15635682494.0158
15645182677.8355
15654953623.6723
15664988338.7547
15675290479.9178
15685873088.4324
15696742618.9814
15707892205.3454
15719288162.7243
15730887235.6571
15742639205.8607
15754513756.3271
15766491177.5131
15778580000.2607
15790813154.7713
15803245453.755
15815942919.0024
15828940757.5316
15842215897.3475
15855678318.0439
15869181395.5863
15882604872.5266
15895390492.6494
15907985327.3621
15920425539.1029
15932666294.7192
15944570112.0427
15955953155.0237
15966630627.1951
15976486134.7352
15985443146.6577
15993419536.8771
16000267938.7158
16005774228.8689
16009734042.6082
16011992110.6001
16012435734.5202
16010942252.2297
16007350136.2538
16001488608.0156
15993205878.9142
15982366764.7237
15968812927.008
15952349780.2939
15932897615.1604
15910695350.4772
15886413621.1359
15860081283.3762
15833139877.8183
15805673286.6777
15776805794.9867
15745414204.8548
15710839721.0648
15673216976.092
15633122338.4947
15591018288.0828
15546737003.0882
15499734954.3332
15449557455.1061
15395317428.4444
15335065095.8167
15271405695.3777
15207412080.3923
15141220101.1735
15069018197.5771
14989450298.7122
14903158562.1968
14809858213.3564
14719468439.7896
14631337556.17
14536648046.6067
14456017518.9382
14373157396.3
)
;

boundaryField
{
    electrode
    {
        type            zeroGradient;
    }
    ground
    {
        type            zeroGradient;
    }
    otherfaces
    {
        type            empty;
    }
}


// ************************************************************************* //
