/*--------------------------------*- C++ -*----------------------------------*\
| =========                 |                                                 |
| \\      /  F ield         | foam-extend: Open Source CFD                    |
|  \\    /   O peration     | Version:     4.1                                |
|   \\  /    A nd           | Web:         http://www.foam-extend.org         |
|    \\/     M anipulation  |                                                 |
\*---------------------------------------------------------------------------*/
FoamFile
{
    version     2.0;
    format      ascii;
    class       volScalarField;
    location    "1.50009999935002e-05";
    object      eDensity;
}
// * * * * * * * * * * * * * * * * * * * * * * * * * * * * * * * * * * * * * //

dimensions      [1 -1 -2 0 0 0 0];

internalField   nonuniform List<scalar> 
500
(
0.000248649508351038
0.00067807926945782
0.000843982396996734
0.00134533127372765
0.00184218106809279
0.00262945879022502
0.00361300430865096
0.00496584341397473
0.00672130521531296
0.00902283115479361
0.0119970495659146
0.0158114367326675
0.0205974734130352
0.0265591685656142
0.0339542104280901
0.0429135616975034
0.0538808517706656
0.0668550120373792
0.0821535762972529
0.0997270477367072
0.119975286160319
0.143045531354577
0.169363328677775
0.198852225461323
0.231296810902668
0.266076810566787
0.302809105955403
0.341187483030945
0.381133786754603
0.422437302127131
0.464838660212922
0.507932539337383
0.551369599581537
0.594849853678112
0.638161288742185
0.681068542227754
0.723340542921834
0.764803482443131
0.805401576644458
0.845152087737627
0.884040906965233
0.921964859469033
0.958806185670181
0.994559094860646
1.0293555836174
1.0633670334816
1.0966852574861
1.12927131485946
1.16100363908541
1.1918192298883
1.22180662071574
1.25116622603911
1.28010384066408
1.30870609024362
1.3369167232645
1.36460499827582
1.39166444761662
1.4180826732079
1.44392691405816
1.46929337831774
1.49427359883444
1.51894350419149
1.54337520906129
1.56762172676198
1.59170306253271
1.61559546184289
1.63925227776147
1.66263585735771
1.68575480079317
1.70864897656983
1.73137327375559
1.75394137689165
1.7763354222458
1.79851345653891
1.82046186257049
1.84220260485882
1.86379540434968
1.88528426103243
1.90668323570469
1.92795931367375
1.94906940995444
1.9699848725235
1.99071801862361
2.01130274449997
2.03178364390258
2.05218253250842
2.07250231552164
2.0927239660028
2.11282548803981
2.13278157877418
2.15257742340076
2.17220003973999
2.19165733572049
2.21096596155671
2.23016038153235
2.24926856072861
2.26830968982972
2.2872766987978
2.30615270856063
2.32491369262256
2.3435528278355
2.36207126719651
2.38048468509317
2.39879817640294
2.41701217129796
2.43511276981698
2.45309255853569
2.47094577903723
2.48868339073055
2.50631412794558
2.52385096226373
2.54129230968017
2.55863623885279
2.57587052591602
2.59299171777315
2.6099922963646
2.62687727123217
2.64364633959136
2.66030993912622
2.6768705797216
2.69333760522935
2.70970768107699
2.72598012970886
2.74214075033787
2.75818313486569
2.77409545056777
2.78988174422615
2.80554324859038
2.82109274898273
2.83653235815165
2.85186845884745
2.86709434845493
2.88221097579557
2.89721105223109
2.912099153167
2.92687171538808
2.94153434966378
2.95608156159156
2.97051585128996
2.98482957312249
2.9990255686386
3.01309826587641
3.02705310644052
3.04088654675192
3.05460483779811
3.06820420528412
3.08168982165008
3.09505592726904
3.10830541563159
3.12143056294841
3.13443381755289
3.14730914705489
3.1600624356734
3.17269112636333
3.18520324800086
3.19759522412625
3.20987231877283
3.22202691667714
3.2340619222224
3.24596908522428
3.25775305052907
3.26940760235266
3.28093946176735
3.29234269450156
3.30362401216697
3.31477644141342
3.32580649718403
3.33670698066348
3.34748482727742
3.35813302738897
3.3686587343501
3.37905477557289
3.38932811333215
3.39947112412426
3.40949032045281
3.41937773905441
3.42913972484746
3.43876888344519
3.44827214653388
3.45764331718329
3.46688951156183
3.47600479161656
3.48499495231556
3.49385347882932
3.5025847106554
3.51118260996324
3.51965129094557
3.52798654058161
3.53619230640625
3.54426608040625
3.5522103952605
3.56002390033975
3.56770698017176
3.57525972388813
3.58268037790735
3.58997101834503
3.59712669050409
3.60414723603697
3.6110420688417
3.61780141909944
3.62443412268051
3.63093062170907
3.63730026846137
3.64353306177954
3.64963916696335
3.65560807648728
3.66145081087467
3.6671562145199
3.67273578214866
3.6781775460412
3.68349319430245
3.68867028782002
3.69372073621772
3.69863231652097
3.70341726011398
3.70806365177615
3.71258359276947
3.71696532367602
3.72122035067305
3.7253372737308
3.72932664392802
3.733178020339
3.73690097270732
3.74048621562947
3.74394241692535
3.74726139168237
3.75045080410612
3.75350346858037
3.75642603519202
3.75921228844846
3.76186772105209
3.76438749547472
3.7667756373425
3.76902881363459
3.77114980421896
3.7731361879723
3.77498990590634
3.77670915232801
3.77829522472173
3.77974692667549
3.78106524625788
3.78224932601562
3.78330021486814
3.7842168858975
3.78500071947664
3.78564987369494
3.7861667151745
3.78654775022862
3.78679752806043
3.78691021910242
3.78689120199382
3.78673841430351
3.78645029567006
3.7860304167413
3.78547472490321
3.78478775498069
3.78396437797335
3.78301052228845
3.78191939852987
3.78069872577421
3.77934011358912
3.77785263827065
3.77622665718676
3.77447229729372
3.77257907788919
3.77055763990984
3.76839736538842
3.76610896396316
3.7636820934373
3.76112727925386
3.75843442330878
3.75561363917806
3.7526551537903
3.74956822284158
3.74634397265418
3.74299062261944
3.73950048079955
3.73588103512555
3.73212552249761
3.72824080585911
3.72422054574198
3.72007119655386
3.71578632097504
3.71137242120228
3.706822935637
3.70214455918815
3.69733066306454
3.69238824649901
3.68731027611449
3.68210418721423
3.67676231607297
3.67129282027806
3.66568733395338
3.65995482814957
3.65408643520438
3.64809183816025
3.64196162964567
3.63570585838654
3.62931437227109
3.62279730718506
3.61614380071023
3.60936450196803
3.60244853471511
3.59540806179355
3.58823154802784
3.58092233108252
3.57348277575249
3.56591355045739
3.55821307818933
3.55038350848819
3.54242137141673
3.53433056728348
3.52610678276849
3.51775537095731
3.5092713519605
3.50066071496745
3.49191788967048
3.48304895487704
3.47404812850766
3.46492146778879
3.45566325913333
3.44627961160407
3.43676493535877
3.42712525784996
3.41735477638249
3.40745890749944
3.39743135784731
3.38727717667588
3.37699058824006
3.36657778336826
3.35603455398078
3.34536830041821
3.33457480953536
3.32366031596169
3.31261847970901
3.30145368954905
3.29015878500039
3.27873882302377
3.26718827787015
3.2555140483066
3.2437116614392
3.23178815718434
3.21973828078567
3.2075680108011
3.19527104438902
3.18285261964189
3.17030605987492
3.15763675722931
3.14483875177699
3.13191846632288
3.11887092664869
3.10570257075872
3.09240767032707
3.07899138794827
3.06544763360881
3.05178290781221
3.03799395556934
3.02408974667507
3.01006747550137
2.99593252011299
2.98167653628556
2.96729913549944
2.95279011120065
2.93815190693203
2.92338092302238
2.90848640322077
2.89346884797503
2.87833680435261
2.8630872127667
2.84772335045063
2.83223832717377
2.81663310118603
2.80090058363713
2.78504317746208
2.76905724801331
2.75294980889943
2.73672169091112
2.72038114045701
2.70392558518584
2.68735622710684
2.67066349776642
2.65384668455274
2.6369010132376
2.61983366233174
2.60264497095496
2.58533870156101
2.56790477934889
2.55033678037996
2.532623330858
2.51476961999572
2.49678397533422
2.47868731260294
2.46049104464803
2.44220324863661
2.42381386892472
2.40531160453418
2.38667700449435
2.36790093189513
2.3489727644839
2.32989487533919
2.31066868380098
2.29130872058317
2.27182519866667
2.25223133278197
2.2325210181258
2.21268304321356
2.19269014275711
2.17252895830925
2.15219619809062
2.13171263929598
2.1110991975631
2.09037159452215
2.06951794430704
2.04851759184367
2.02734555286661
2.00600083492862
1.98449706516689
1.96285671980218
1.94108017955276
1.91914510521117
1.89700614057294
1.8746273765764
1.85199294315813
1.82912023639829
1.80604309252729
1.78280114795835
1.75942174158019
1.73592594616945
1.71231473338795
1.68857295946018
1.66465167355041
1.64048543411473
1.616008795032
1.59119456840834
1.56607455068429
1.54072439299763
1.51520749721305
1.48953149912952
1.46362889463733
1.43739947062948
1.41077520054993
1.38376723764857
1.35644241408357
1.32887401372028
1.30107114186543
1.27298092218856
1.24451921128495
1.21563587150927
1.18633282708434
1.15666364954766
1.12665913720564
1.09630767003528
1.06554549717802
1.03431228491687
1.00256950937758
0.970313625659197
0.937557593155913
0.904313331479249
0.870623273292232
0.836589305622468
0.802354124212201
0.768047514648708
0.733691949486706
0.699168737262642
0.664294478218077
0.628909932259789
0.593044970208017
0.556926447193544
0.520897536946135
0.48524996363032
0.4501435312992
0.415596146539485
0.381638349953284
0.348389180802827
0.316115844097119
0.285106930570288
0.255615783658688
0.227759416549024
0.201616157172172
0.177238689611905
0.15473067358288
0.134167316083481
0.115553397135332
0.098909479377298
0.0840603551972317
0.0710686922965543
0.059580582794053
0.0498703389874241
0.0412211123473037
0.0343166458708914
0.027877586842116
0.0232982704807696
0.0184171527615115
0.0157176782557132
0.0117098653795788
0.0103108137636793
0.00710442204433811
0.00681738516903704
0.00531286386655718
0.00549998755915663
)
;

boundaryField
{
    electrode
    {
        type            energyDensity_wilsonBC5;
        seec            0;
        Tse             22000;
        value           uniform 0.000248649508351038;
    }
    ground
    {
        type            energyDensity_wilsonBC5;
        seec            0;
        Tse             22000;
        value           uniform 0.00549998755915663;
    }
    otherfaces
    {
        type            empty;
    }
}


// ************************************************************************* //
