/*--------------------------------*- C++ -*----------------------------------*\
| =========                 |                                                 |
| \\      /  F ield         | foam-extend: Open Source CFD                    |
|  \\    /   O peration     | Version:     4.1                                |
|   \\  /    A nd           | Web:         http://www.foam-extend.org         |
|    \\/     M anipulation  |                                                 |
\*---------------------------------------------------------------------------*/
FoamFile
{
    version     2.0;
    format      ascii;
    class       volScalarField;
    location    "1.50009999935002e-05";
    object      electron;
}
// * * * * * * * * * * * * * * * * * * * * * * * * * * * * * * * * * * * * * //

dimensions      [0 -3 0 0 0 0 0];

internalField   nonuniform List<scalar> 
500
(
5.7002894452572e+15
1.38392896639742e+16
1.19594654640516e+16
1.42765955183366e+16
1.81959505149614e+16
2.10151784868132e+16
2.76453182087921e+16
3.24164321579436e+16
4.07146564680566e+16
4.82706506432143e+16
5.90725559675077e+16
7.0329741247802e+16
8.46526797115267e+16
1.00393576383929e+17
1.19181588806911e+17
1.40139172141835e+17
1.64194110129832e+17
1.90900156913072e+17
2.20735250583099e+17
2.53512618195056e+17
2.89378835032693e+17
3.28163911728736e+17
3.69735240860699e+17
4.13860393761949e+17
4.6035350492292e+17
5.09083116756892e+17
5.59859074390762e+17
6.12397416081569e+17
6.66257399232732e+17
7.20996630225021e+17
7.76283294451307e+17
8.32020905710817e+17
8.88225096580248e+17
9.44856653639755e+17
1.00165467572538e+18
1.05818443907024e+18
1.11399954332807e+18
1.16885023867286e+18
1.2227645869665e+18
1.27600357270384e+18
1.32884745202954e+18
1.38146071066894e+18
1.43381971608684e+18
1.485753836066e+18
1.53708571483304e+18
1.58769071939863e+18
1.63751968316099e+18
1.6865507558325e+18
1.73476041681961e+18
1.78214451127935e+18
1.82876027307886e+18
1.87469286177042e+18
1.92004200667532e+18
1.96482746371322e+18
2.0090213632822e+18
2.0525570625437e+18
2.09543935215471e+18
2.13774339841397e+18
2.17959176507531e+18
2.2210471541558e+18
2.26208773816443e+18
2.30260618859639e+18
2.34252749120273e+18
2.3818579909633e+18
2.42070189940714e+18
2.45920290132169e+18
2.49745733008216e+18
2.5354490888477e+18
2.57309630677934e+18
2.61029651629429e+18
2.64700283855721e+18
2.68324706292352e+18
2.71911755059341e+18
2.75470847482758e+18
2.79009676335918e+18
2.82531383858359e+18
2.86037155328171e+18
2.89524801117745e+18
2.92990637389736e+18
2.96428698625851e+18
2.99833731529466e+18
3.03202676696688e+18
3.06537690614117e+18
3.09843753746762e+18
3.13127265330399e+18
3.16391166197236e+18
3.19635395463006e+18
3.22856865137134e+18
3.26053919694863e+18
3.29226990822289e+18
3.32379758447416e+18
3.35515031895151e+18
3.3863447069517e+18
3.41735620269491e+18
3.44815712852658e+18
3.47871685469251e+18
3.50904094086574e+18
3.53914573776411e+18
3.56906853565794e+18
3.59882397208888e+18
3.62842215828769e+18
3.65784592877953e+18
3.68708399539591e+18
3.71611471400474e+18
3.74493331954739e+18
3.77353064220224e+18
3.80191979394831e+18
3.83011156791798e+18
3.85813546638056e+18
3.88600860550218e+18
3.913748019658e+18
3.94134264952222e+18
3.96877800311945e+18
3.99602329424192e+18
4.02306739680308e+18
4.0499005438229e+18
4.07653790838414e+18
4.10298551812882e+18
4.12925681971658e+18
4.15534500939521e+18
4.18125041085285e+18
4.20696261730676e+18
4.23248930619803e+18
4.25783049454144e+18
4.28299997010999e+18
4.30799507712819e+18
4.33282036533828e+18
4.35746369906462e+18
4.38192492263611e+18
4.4061927161283e+18
4.43027220080591e+18
4.45415785197183e+18
4.47785992461524e+18
4.50137598201102e+18
4.52471725033502e+18
4.54787868271246e+18
4.57086605195489e+18
4.59366610268045e+18
4.61627865836644e+18
4.63868851322005e+18
4.66090109211611e+18
4.68291061805119e+18
4.70473239071048e+18
4.7263652336508e+18
4.74782243120385e+18
4.76909555493196e+18
4.79019026290739e+18
4.81109321081067e+18
4.83181017762341e+18
4.85233077315587e+18
4.87266414903245e+18
4.89280161502411e+18
4.91275181761639e+18
4.932504531037e+18
4.95206744831009e+18
4.97143050892511e+18
4.99060254977748e+18
5.00957504972964e+18
5.02835785116747e+18
5.04694293006717e+18
5.06533992400206e+18
5.08353988990426e+18
5.10155099644791e+18
5.11936254870402e+18
5.13698131185381e+18
5.15439655802787e+18
5.17161641438897e+18
5.18863292520939e+18
5.20545668842649e+18
5.22208100138244e+18
5.23851555995891e+18
5.25475106661112e+18
5.27079438903951e+18
5.28663420431373e+18
5.3022773598095e+18
5.3177137724089e+18
5.33295251794313e+18
5.34798490092234e+18
5.36282100728104e+18
5.37745166613313e+18
5.39188660423009e+18
5.40611577457621e+18
5.42014878050591e+18
5.43397529582266e+18
5.44760508586231e+18
5.46102799631289e+18
5.47425353533146e+18
5.48727213343576e+18
5.50009223271721e+18
5.51270520638606e+18
5.52511773911725e+18
5.53732292948984e+18
5.54932555472323e+18
5.56112181248728e+18
5.57271418458133e+18
5.5841024825671e+18
5.59528380603089e+18
5.60625386990204e+18
5.61703023386827e+18
5.62759445478956e+18
5.63796191239546e+18
5.64811587553332e+18
5.65807216912462e+18
5.6678154263986e+18
5.67736129358361e+18
5.68669523630552e+18
5.69583167243587e+18
5.70475657783092e+18
5.71348304201737e+18
5.7219978194561e+18
5.73031299403174e+18
5.73841637829166e+18
5.74631922480333e+18
5.75401024144208e+18
5.76150041009766e+18
5.76877873456194e+18
5.77585586110685e+18
5.78272103851013e+18
5.78938465188037e+18
5.79583601709989e+18
5.80208583808642e+18
5.80812302449374e+18
5.81395915206495e+18
5.81958201424303e+18
5.82500422550889e+18
5.83021204685729e+18
5.83521954418389e+18
5.84001137802252e+18
5.84460333654263e+18
5.84897911378994e+18
5.85315530019553e+18
5.85711534082563e+18
5.86087599618853e+18
5.86442021012177e+18
5.86776502989709e+18
5.87089318345433e+18
5.87382122291304e+18
5.87653293829481e+18
5.87904352949823e+18
5.88133852855329e+18
5.88343142943645e+18
5.8853099613104e+18
5.88698509489302e+18
5.88844727501267e+18
5.88970481145445e+18
5.89075026918687e+18
5.89159020890228e+18
5.89221887541743e+18
5.89264066022148e+18
5.89285301201682e+18
5.89285507889512e+18
5.89265278410955e+18
5.89223572063483e+18
5.89161586109048e+18
5.89078222685583e+18
5.88974434132023e+18
5.88849451394299e+18
5.8870387340718e+18
5.88537245720228e+18
5.88349916670938e+18
5.88141599020274e+18
5.87912543685864e+18
5.8766253049785e+18
5.87391782831715e+18
5.87100098915029e+18
5.86787722782536e+18
5.86454373759508e+18
5.86100395589496e+18
5.85725408567821e+18
5.85329845457374e+18
5.84913232939256e+18
5.84476150253258e+18
5.84017918874511e+18
5.83539346430414e+18
5.83039520934613e+18
5.82519447230628e+18
5.81978053862314e+18
5.81416513184424e+18
5.80833614234154e+18
5.8023069975467e+18
5.7960640259805e+18
5.7896221566568e+18
5.78296601504215e+18
5.77611178576518e+18
5.76904233187729e+18
5.76177515675668e+18
5.75429192051817e+18
5.74661144258169e+18
5.73871516062752e+18
5.73062252570931e+18
5.72231496516454e+18
5.71381185167478e+18
5.7050941043476e+18
5.69618060465934e+18
5.68705245050872e+18
5.67772799424476e+18
5.6681893514792e+18
5.65845433255362e+18
5.64850614578301e+18
5.63836157483342e+18
5.62800491897799e+18
5.6174517997583e+18
5.60668787689239e+18
5.59572866111807e+18
5.58455929963277e+18
5.5731807512953e+18
5.56160043458277e+18
5.5498151398818e+18
5.53782716949227e+18
5.52563576947761e+18
5.51323978586292e+18
5.50064064977319e+18
5.48783489590008e+18
5.4748268177211e+18
5.46161216559386e+18
5.44819830809967e+18
5.43457992590784e+18
5.42076556046924e+18
5.40674731301477e+18
5.39253321831266e+18
5.37811333770803e+18
5.36349631528797e+18
5.34867239886116e+18
5.33365222916721e+18
5.31842666986739e+18
5.30300739906473e+18
5.2873846071531e+18
5.27156968992731e+18
5.25555178138382e+18
5.23934193493694e+18
5.22292886109308e+18
5.20632359733771e+18
5.18951505810541e+18
5.17251459419066e+18
5.15531155024111e+18
5.13791718167014e+18
5.12032056633367e+18
5.10253189696123e+18
5.08454028516135e+18
5.06635631206872e+18
5.04797174491176e+18
5.02939956835347e+18
5.01063378760712e+18
4.99168618782715e+18
4.97254766708289e+18
4.95322435107068e+18
4.93370352616535e+18
4.91398997815843e+18
4.89407430147107e+18
4.87396620995021e+18
4.85366149950219e+18
4.8331719870264e+18
4.81249276539321e+18
4.79163228622498e+18
4.77058214249248e+18
4.74934792491463e+18
4.72792002161247e+18
4.70630423781031e+18
4.6844924664293e+18
4.66249330488424e+18
4.64030201140596e+18
4.61792976993995e+18
4.59537229208516e+18
4.57263803889976e+18
4.54971853442658e+18
4.52661928660096e+18
4.50333249102589e+18
4.47986812271885e+18
4.45622295994308e+18
4.43240676881969e+18
4.40840970432365e+18
4.38423029075725e+18
4.35985033493709e+18
4.33526946087727e+18
4.31048142691023e+18
4.28550399688685e+18
4.26034551110259e+18
4.2350271142848e+18
4.20954823843783e+18
4.1839136342602e+18
4.15810744020987e+18
4.13212624471526e+18
4.10595395132514e+18
4.07959305500408e+18
4.05303629594856e+18
4.02629609104668e+18
3.99937538421343e+18
3.9722913917679e+18
3.94504500129581e+18
3.91763978682437e+18
3.89005726007427e+18
3.8622870834093e+18
3.83431211859774e+18
3.80613989515084e+18
3.77777890712289e+18
3.74925006671306e+18
3.72055487376185e+18
3.69169069697357e+18
3.66263736644741e+18
3.63339212653163e+18
3.60395984673345e+18
3.57437212948282e+18
3.54465050589628e+18
3.51480701264094e+18
3.48481392599016e+18
3.45463325404777e+18
3.4242135053575e+18
3.39353172246852e+18
3.36257896743006e+18
3.33137791635266e+18
3.2999542298747e+18
3.26834485661119e+18
3.23657787902777e+18
3.20467735657558e+18
3.17263821993262e+18
3.14043336502693e+18
3.10800506799705e+18
3.07530678956432e+18
3.04231839031276e+18
3.00907513584749e+18
2.97563667388963e+18
2.94205530599484e+18
2.90832245950574e+18
2.87438490904799e+18
2.84015796515575e+18
2.80560364639555e+18
2.77073427682904e+18
2.73561044067217e+18
2.70026838258285e+18
2.664699529559e+18
2.6288367623293e+18
2.59262420441391e+18
2.55604891419203e+18
2.51916393301633e+18
2.4820433124059e+18
2.44473745688488e+18
2.40722763466018e+18
2.36944066701388e+18
2.3312706515386e+18
2.29260224635477e+18
2.25330748667911e+18
2.21327562822391e+18
2.17243514709919e+18
2.13081308754277e+18
2.08855888382648e+18
2.04586368942608e+18
2.00283499396553e+18
1.95938329845026e+18
1.91522435118402e+18
1.87004091589497e+18
1.82366764606303e+18
1.7761697895963e+18
1.7277359411743e+18
1.67846304543536e+18
1.62823347292495e+18
1.5767632596307e+18
1.52378088926081e+18
1.46920597724788e+18
1.41314981098862e+18
1.35572932827833e+18
1.29691932605206e+18
1.2365915821587e+18
1.17466921210559e+18
1.11126432388261e+18
1.04661789769224e+18
9.80987624816734e+17
9.14584787150895e+17
8.47723615234526e+17
7.8082423458915e+17
7.14432473106049e+17
6.48938086318248e+17
5.84669054509162e+17
5.21869604532648e+17
4.6116812833581e+17
4.03415941290972e+17
3.49754262276269e+17
3.00794142985693e+17
2.56772668376495e+17
2.1721624923119e+17
1.81931992759991e+17
1.50604468184359e+17
1.23405667858769e+17
1.00023012905267e+17
8.04295626776787e+16
6.39768039904629e+16
5.04108836235706e+16
3.9280356233958e+16
3.03149041499088e+16
2.31746422477792e+16
1.7539510176157e+16
1.31585655568573e+16
9.76222545041557e+15
7.19780979705102e+15
5.22183326063802e+15
3.81070004247484e+15
2.64573347749836e+15
1.95089143647404e+15
1.22354375763187e+15
976468818367572
373757847980562
)
;

boundaryField
{
    electrode
    {
        type            zeroGradient;
    }
    ground
    {
        type            zeroGradient;
    }
    otherfaces
    {
        type            empty;
    }
}


// ************************************************************************* //
