/*--------------------------------*- C++ -*----------------------------------*\
| =========                 |                                                 |
| \\      /  F ield         | foam-extend: Open Source CFD                    |
|  \\    /   O peration     | Version:     4.1                                |
|   \\  /    A nd           | Web:         http://www.foam-extend.org         |
|    \\/     M anipulation  |                                                 |
\*---------------------------------------------------------------------------*/
FoamFile
{
    version     2.0;
    format      ascii;
    class       volScalarField;
    location    "1.50009999935002e-05";
    object      powerDissipated;
}
// * * * * * * * * * * * * * * * * * * * * * * * * * * * * * * * * * * * * * //

dimensions      [1 2 -3 0 0 0 0];

internalField   nonuniform List<scalar> 
500
(
0.000514841209434606
-0.000856867192141963
-0.000235976353880206
-0.000696946884370945
-0.000627706009450686
-0.000698270260450623
-0.000748883618833726
-0.000767583851285885
-0.000876134154323928
-0.000914661748963949
-0.00103296143286766
-0.0010849536202021
-0.00119388027722563
-0.00125147394725167
-0.00134344474169319
-0.00139577498124237
-0.0014619264256066
-0.00149998252799084
-0.00153455859833721
-0.00154114523713952
-0.00153080058308792
-0.00149581018538911
-0.00144527786154124
-0.00137956220025396
-0.00129807983327462
-0.00119510007320361
-0.00106914271415609
-0.000926383124211686
-0.000778735248041725
-0.000637417598067256
-0.000504981468789285
-0.000375349826231304
-0.000239272389316207
-9.43427018124304e-05
5.23303892846383e-05
0.000186480794432915
0.000296578242212975
0.000379245423114015
0.000441701998801836
0.000495304873875177
0.000550920415494976
0.000612465266806059
0.000678103523269086
0.000742606994047396
0.000801259253523697
0.000851571507379499
0.000893020580926441
0.000925233813393486
0.000948198322882226
0.000962312299181905
0.000969304361385036
0.000971744460150342
0.000971632515008352
0.000969565079557099
0.000964585123261323
0.000955713469506715
0.000943013451786401
0.000928024652113001
0.00091258590235335
0.000897700994595559
0.000882919271571094
0.000866861266976365
0.000848480791557892
0.000827862982005781
0.000806531071370415
0.000786221994455636
0.000767920503351542
0.000751283148330015
0.000735043176283
0.000717909925312441
0.000699417691951336
0.000679919204828615
0.000660434962549147
0.000641939207212683
0.000625091667353367
0.000610164007792946
0.0005971248433957
0.000585680960109789
0.000575330772819204
0.000565386020024675
0.000555259210940413
0.000544595307153364
0.000533490575976535
0.000522330765376708
0.000511576455273267
0.000501428550871111
0.000491805510192843
0.000482426266367121
0.000473127958363899
0.000463928402276599
0.000455068496750837
0.000446760936239424
0.000439058991335033
0.000431782931556951
0.000424666458499264
0.000417492360621927
0.000410240131180201
0.000403037670058322
0.000396079145456317
0.000389486773377022
0.000383278282509825
0.000377358933704657
0.00037160955930263
0.000365888032837379
0.000360112643042575
0.000354239270771905
0.000348308956756303
0.000342411710095336
0.000336707374301511
0.000331324958686811
0.000326354350593016
0.000321755013894782
0.000317423812424637
0.000313202424023302
0.000308991013140958
0.000304747516843052
0.000300513471384676
0.000296334713362098
0.000292253081027943
0.000288250334658398
0.000284305452889803
0.000280386069870067
0.000276506767591789
0.000272691883126109
0.000268987099810883
0.0002654048753769
0.000261947622385265
0.000258580474486499
0.000255279168741858
0.000252011450488899
0.000248773745924571
0.00024556154629029
0.000242396535818747
0.000239291131920994
0.000236274222595421
0.000233348913485726
0.000230518555001845
0.000227750494924749
0.000225016804985223
0.000222275613121435
0.000219518616441851
0.000216744580062535
0.000213988763453223
0.00021127314772573
0.000208630193964821
0.000206056183197186
0.00020355305555726
0.000201097266101342
0.000198686936576603
0.000196307343624718
0.00019396792123511
0.000191659471621818
0.000189389800331254
0.000187145084739821
0.000184928769671149
0.000182728417943942
0.000180550991668745
0.00017839031358177
0.00017625732623928
0.000174149232700374
0.000172076306513959
0.000170034139965298
0.000168027092186331
0.000166045059971547
0.000164086339966787
0.000162140029655481
0.000160207913024631
0.000158288179835998
0.00015639096847283
0.000154520099686764
0.000152683935435521
0.000150879328978955
0.000149105597976831
0.00014735231653993
0.000145617198213781
0.000143892033377635
0.000142180381132451
0.000140478300639203
0.000138792999332908
0.000137119932052717
0.000135466590740144
0.000133825551602759
0.000132205269951179
0.00013059601860876
0.000129008345800097
0.000127430745298254
0.000125875599294975
0.000124329625239975
0.00012280621349545
0.000121289712544466
0.000119794185442252
0.000118301961259937
0.00011682904110205
0.000115357577969763
0.000113906354193856
0.000112453407126181
0.000110997866535307
0.000109592296512183
0.000108203445609252
0.000106819753635757
0.000105446871434815
0.000104079386244732
0.000102721666314221
0.000101369921482432
0.000100028930779292
9.86960216656399e-05
9.73744076487534e-05
9.60621007795096e-05
9.4760425444752e-05
9.34680021363676e-05
9.21846779926889e-05
9.09097743229843e-05
8.96424764089222e-05
8.83833102836241e-05
8.71315363506341e-05
8.58868663083345e-05
8.46494933844465e-05
8.3418733611134e-05
8.21947062826883e-05
8.09764095681696e-05
7.97653312307689e-05
7.85590833412787e-05
7.73614278424068e-05
7.61676685962415e-05
7.49834699001123e-05
7.38014304769066e-05
7.26292468277468e-05
7.14569947141731e-05
7.02949709369315e-05
6.91315912288003e-05
6.79789617344577e-05
6.68252331247642e-05
6.56825275289249e-05
6.45386824195575e-05
6.34061037372401e-05
6.22716006358255e-05
6.11475322461071e-05
6.00218328827262e-05
5.89049325432706e-05
5.77868027497058e-05
5.66764683513004e-05
5.55656131214483e-05
5.44611235504283e-05
5.33573667846245e-05
5.22587945216219e-05
5.11613951996568e-05
5.00685623069872e-05
4.89775675765073e-05
4.78900424156271e-05
4.68011737933621e-05
4.572400035398e-05
4.46388558909443e-05
4.35631800469009e-05
4.24850063368987e-05
4.14119329224132e-05
4.03375106582739e-05
3.92667607794902e-05
3.81962083858826e-05
3.71281965083823e-05
3.60612494369992e-05
3.49962333877824e-05
3.39322092813561e-05
3.28692024192764e-05
3.18071607866539e-05
3.07456116846764e-05
2.96845290342537e-05
2.86242234528191e-05
2.75642472790962e-05
2.65047580070781e-05
2.54455647500331e-05
2.43868716258308e-05
2.33277662929524e-05
2.22694925596432e-05
2.12102834555216e-05
2.01517524163041e-05
1.9091872155536e-05
1.80323532497179e-05
1.6970816669697e-05
1.59093440809668e-05
1.48453255324434e-05
1.37812957289201e-05
1.27148171093046e-05
1.16484518436186e-05
1.05800562326756e-05
9.51192027551035e-06
8.44150106401471e-06
7.3710263342527e-06
6.29765140440573e-06
5.22297045803694e-06
4.14500533774008e-06
3.06536410251394e-06
1.98235321127274e-06
8.97635525469699e-07
-1.8986935369327e-07
-1.27924490724989e-06
-2.37159295481773e-06
-3.46639350295679e-06
-4.56486958217069e-06
-5.66656301659167e-06
-6.77206079456504e-06
-7.88082914460868e-06
-8.99230663229765e-06
-1.01044742621731e-05
-1.12212639359144e-05
-1.23817600450667e-05
-1.35259949430346e-05
-1.46637484045353e-05
-1.5809276203957e-05
-1.69532762190931e-05
-1.81041617222115e-05
-1.92546744954348e-05
-2.04122200061911e-05
-2.1572123737221e-05
-2.27406542296999e-05
-2.39143921595993e-05
-2.50970678732021e-05
-2.62850751804282e-05
-2.74796324557212e-05
-2.86778351755575e-05
-2.98806051138471e-05
-3.10874052620019e-05
-3.22997889305576e-05
-3.35188261314213e-05
-3.47450990007564e-05
-3.597941690643e-05
-3.72204802263873e-05
-3.8468783843756e-05
-3.97221507846339e-05
-4.09817704515382e-05
-4.22455955364644e-05
-4.35158937418678e-05
-4.47909711297687e-05
-4.60738017114936e-05
-4.73626353522795e-05
-4.86604902288903e-05
-4.99654469462598e-05
-5.12811087476111e-05
-5.26065782832055e-05
-5.39466690980789e-05
-5.53006511689646e-05
-5.66711103747669e-05
-5.80532575088397e-05
-5.94444038320773e-05
-6.08369886088121e-05
-6.22293437177655e-05
-6.36197675555317e-05
-6.50145913993515e-05
-6.64186239162956e-05
-6.78399327875072e-05
-6.92796746930525e-05
-7.07388164728718e-05
-7.22118281833916e-05
-7.36961602087982e-05
-7.51869522275637e-05
-7.66856131402485e-05
-7.81921411253842e-05
-7.97126869029769e-05
-8.12500462922107e-05
-8.28110569735918e-05
-8.43957946106344e-05
-8.60056981149315e-05
-8.7633791860078e-05
-8.92772124185805e-05
-9.09289743065181e-05
-9.2591879743237e-05
-9.42652029382299e-05
-9.59536664830024e-05
-9.76509435096997e-05
-9.93528490358065e-05
-0.000101048384785825
-0.000102742925483003
-0.000104447219461239
-0.000106191836284312
-0.000107999711422899
-0.000109889361035995
-0.000111850607385658
-0.000113862109917463
-0.000115887091099021
-0.000117903220014306
-0.000119896246690505
-0.000121876885942179
-0.00012386029733606
-0.000125872101371302
-0.000127929154514962
-0.000130045064830731
-0.000132215632963036
-0.000134427660378285
-0.000136650605119632
-0.000138864440428038
-0.000141058717169328
-0.000143258758709927
-0.000145504141040119
-0.000147839007998405
-0.000150274549853295
-0.000152795634908708
-0.000155358697847831
-0.000157943657712081
-0.000160555519817099
-0.000163239305761726
-0.000166024796498838
-0.000168897060099212
-0.000171773512093064
-0.000174563272119631
-0.000177203036231839
-0.000179721374128825
-0.000182226355579634
-0.000184873491754614
-0.000187790648773913
-0.000191050564288715
-0.000194643623124977
-0.00019851516281541
-0.000202555318819968
-0.000206653511890565
-0.000210687423691968
-0.000214610179834063
-0.000218463302257319
-0.000222409899570139
-0.00022663448174659
-0.000231249450243144
-0.000236178968818008
-0.000241219863553522
-0.000246129636231581
-0.00025082770801419
-0.000255455519076416
-0.000260279840155555
-0.00026550285196632
-0.000271112356718427
-0.000276892360678573
-0.000282612448756145
-0.000288198662626864
-0.000293781607015234
-0.000299586736136735
-0.000305711299104295
-0.000311949749660941
-0.000317896013994637
-0.000323140112819638
-0.00032752106683322
-0.000331152341960678
-0.000334402168699629
-0.000337729789962213
-0.000341643914524169
-0.000346698542459913
-0.00035336792417748
-0.000361651075905164
-0.000370856537134264
-0.000379584299630711
-0.000386530900881433
-0.000391435352823155
-0.00039504807279217
-0.000398777367145027
-0.000403407245442366
-0.0004081839140693
-0.000411054654137573
-0.000409770714003283
-0.000403417063510129
-0.000392575880405545
-0.000378223246916024
-0.000359984618549214
-0.000335390096636408
-0.000300802412890914
-0.000253913240795518
-0.000194865875782737
-0.000124546789469614
-4.22842619974783e-05
5.43909937574862e-05
0.000166908823669399
0.000294394693873225
0.000433848848065197
0.000584207767149378
0.000743944428272169
0.000907560596089812
0.00105735335611738
0.00116989877385486
0.00122723564157114
0.00123665064906393
0.00122813701041196
0.00123534640523944
0.00126576811871012
0.00129586043841877
0.00129624573700362
0.00125322900879633
0.00118104600608178
0.0010945083816071
0.00101628694560865
0.00093143262385779
0.000851048311336837
0.000757837031643506
0.000681480482793368
0.000601711325872542
0.000539374070208381
0.000483622905326707
0.000439470972687661
0.000400544553772973
0.000373959287932983
0.000349653340685158
0.000338040930565622
0.000324463178632018
0.000323245595028769
0.000315509274573946
0.000338008038912437
)
;

boundaryField
{
    electrode
    {
        type            zeroGradient;
    }
    ground
    {
        type            zeroGradient;
    }
    otherfaces
    {
        type            empty;
    }
}


// ************************************************************************* //
