/*--------------------------------*- C++ -*----------------------------------*\
| =========                 |                                                 |
| \\      /  F ield         | foam-extend: Open Source CFD                    |
|  \\    /   O peration     | Version:     4.1                                |
|   \\  /    A nd           | Web:         http://www.foam-extend.org         |
|    \\/     M anipulation  |                                                 |
\*---------------------------------------------------------------------------*/
FoamFile
{
    version     2.0;
    format      ascii;
    class       volScalarField;
    location    "1.50009999935002e-05";
    object      powerDissipatedIon;
}
// * * * * * * * * * * * * * * * * * * * * * * * * * * * * * * * * * * * * * //

dimensions      [1 -1 -3 0 0 0 0];

internalField   nonuniform List<scalar> 
500
(
182251897.773319
177674590.016909
173130727.21037
168410826.565091
163750074.664777
158934682.598657
154172892.794341
149275433.626891
144428797.105872
139469776.901448
134564524.970409
129565072.921154
124630453.834576
119630590.81793
114708711.236185
109759655.914579
104913336.020189
100072886.272849
95358164.6072533
90691395.991188
86176344.5472387
81749217.2163203
77493423.7122944
73355705.121802
69409685.5562494
65603663.1297975
61999924.5285982
58552748.1695023
55310794.1547735
52229654.3049083
49343400.2808148
46612372.7675626
44062899.477936
41662194.0909766
39430511.9756847
37337857.7133211
35395640.694574
33570887.7785651
31868187.1598098
30261125.7697997
28760244.275541
27347900.9079781
26034531.0136473
24802735.8330406
23658890.0410393
22588653.6546861
21597990.0356181
20671909.4999799
19811269.2225736
19000204.5379112
18240255.0758002
17520976.0069927
16847905.1738631
16214544.0388719
15624520.9647448
15068143.2800196
14546171.0712662
14049846.9812142
13581048.8900639
13133974.2150166
12712430.6408913
12312178.0306443
11935435.5228562
11575913.6274739
11234720.5830893
10907490.9319628
10597275.2463623
10301083.1576353
10021030.0596975
9752575.75198049
9496119.35306224
9247411.70948466
9008169.18753177
8775837.01173776
8552769.44635625
8337240.87707124
8131887.74396941
7935086.4226984
7748851.80857161
7570891.3938755
7402113.29819743
7239523.80125506
7083616.24929589
6931906.04121337
6785618.64052676
6643136.82838311
6505913.93961864
6372302.08185998
6243320.458654
6117198.35699654
5995048.29720784
5875629.78022024
5760368.63593407
5648139.9127961
5539961.31615109
5434295.51973334
5331795.51534561
5231044.6730214
5132989.06137941
5036673.47985786
4943232.20653158
4851812.12750502
4763315.42407392
4676559.28731029
4592094.66543807
4508719.83683638
4427000.54315863
4345935.01698758
4266327.20201346
4187557.10704032
4110668.86752126
4035179.59891754
3961962.54514391
3890270.69311975
3820619.4526131
3752100.22500042
3685184.91431077
3619128.14928836
3554526.41131304
3490748.9385234
3428350.87254463
3366672.03320296
3306208.97785037
3246367.28949579
3187705.53569384
3129742.56750678
3073046.35891996
3017129.44020769
2962462.65513141
2908506.472048
2855661.74576562
2803405.16797637
2752145.32297601
2701433.47288931
2651718.45223767
2602620.75811801
2554585.95832804
2507223.8937913
2460889.52087909
2415123.79358742
2370199.55062969
2325666.03437292
2281829.72241694
2238343.94881919
2195582.55235397
2153261.30656282
2111737.08127439
2070705.83056972
2030466.40418518
1990700.78358269
1951685.02174689
1913119.93676043
1875273.82189347
1837859.81197244
1801125.52397231
1764788.77051677
1729081.54135084
1693738.62897884
1658991.06166638
1624599.17983881
1590795.57499002
1557360.45514189
1524516.7067296
1492047.98951903
1460152.32285452
1428607.63692865
1397591.81362378
1366894.0448572
1336696.91472298
1306819.62856243
1277454.50620118
1248436.93360361
1219945.28557226
1191806.92229511
1164174.83706515
1136870.50140521
1110036.650558
1083504.91760275
1057420.91074781
1031629.4097234
1006277.22227994
981215.313141796
956587.937255944
932248.034972881
908337.977360238
884711.674857931
861511.640704593
838591.211440403
816094.272897426
793870.480997515
772065.17085966
750521.172368756
729387.415897822
708500.260047251
688015.24139814
667737.100969205
647708.973956042
628217.52461457
609071.013657477
590181.018719306
571644.199527423
553366.717785682
535435.883986654
517760.02119399
500423.162523849
483339.797832538
466590.021134602
450096.021045279
433932.532785493
418025.373208965
402443.860384003
387115.094362234
372104.229688658
357345.027368447
342898.042549734
328699.305523871
314807.149592183
301162.441228911
287818.643320168
274719.669784092
261917.756915769
249358.974691206
237092.967029781
225070.540950396
213336.742248339
201845.838298457
190638.892010357
179674.065990578
168988.380100881
158543.080273624
148373.700977306
138444.237090327
128787.296994562
119370.460369488
110223.689159474
101315.841972639
92675.0099204586
84273.0927067068
76134.2936385163
68233.373510409
60593.5056638883
53190.6364809094
46046.0053564527
39138.5127136019
32487.0666390732
26072.07462324
19911.1727044829
13986.5209937567
8313.50372142546
2876.60553295766
-2310.27936373517
-7260.99796966091
-11963.8178778638
-16431.4047149416
-20651.4414538931
-24636.8806504221
-28375.8404149661
-31880.5997422735
-35140.1996795586
-38165.8362791636
-40947.2176332725
-43494.9951269375
-45799.0787501463
-47869.5206731702
-49697.1530290514
-51290.7484932567
-52642.4865132955
-53760.4191713475
-54636.6374343633
-55279.1953139726
-55680.8408778403
-55847.9754272519
-55775.1824185884
-55467.6405745526
-54919.8454131105
-54136.8694544193
-53113.087174028
-51852.6069763276
-50351.0802820072
-48611.4132182335
-46631.1937873604
-44413.2144427307
-41955.666387175
-39261.3442581651
-36328.6332665966
-33157.5792790526
-29748.041234516
-26097.1231218335
-22204.3780301116
-18067.9165825139
-13689.4598933461
-9065.523462636
-4200.559948108
908.790368916997
6258.52615226076
11854.6207432185
17692.2653219912
23780.8334865691
30113.6697786132
36699.5258800945
43529.1806212711
50606.9639765827
57913.1685948146
65476.3933143191
73524.1938277601
81715.1681151666
90091.5338160205
98753.1397448383
107628.210303456
116783.786704113
126155.543114224
135806.420943397
145684.538460044
155851.30268463
166262.677504096
176972.362240199
187933.693303039
199187.866910647
210684.291738452
222460.269087911
234471.35482102
246762.152077232
259297.197012946
272125.652689605
285210.702492793
298597.211922718
312239.939951207
326179.825255188
340366.364758079
354843.293228472
369559.616760884
384566.212099202
399812.681075989
415356.853727489
431145.991058085
447242.672920017
463590.951338977
480262.425891489
497204.251403824
514501.192329328
532097.249328289
550071.274615963
568336.524395274
586945.256333784
605780.294768553
624896.725154533
644195.449357025
663780.478953236
683589.958749177
703758.74587581
724214.505735008
745070.345984186
766209.539231152
787722.152820031
809472.724594862
831566.721822974
853883.957440168
876566.331136155
899512.442335941
922887.831660087
946580.434504245
970741.472024217
995214.111655983
1020124.49224285
1045292.13163137
1070861.83371736
1096665.37381036
1122866.5362756
1149266.9086165
1175999.18806447
1202827.27716002
1229922.13119306
1257136.53657137
1284791.90228069
1312842.9936394
1341641.54710682
1371030.94526036
1401193.52331592
1431775.4230541
1462860.5723774
1494081.54583152
1525628.87481452
1557260.08266543
1589311.16105941
1621612.31136634
1654535.756094
1687842.46693354
1721800.81418145
1756010.12801353
1790649.62389823
1825312.12261341
1860337.67920032
1895519.47519787
1931387.20448875
1967732.62322772
2004954.78222489
2042619.8180491
2081035.2496472
2119865.30612903
2159678.07378702
2200150.22595659
2241636.63914804
2283452.70150201
2325625.87358293
2367271.67764441
2408658.71637972
2449454.17649946
2490630.33589675
2532321.32511523
2575674.70497777
2620600.38862889
2667838.47203309
2716723.22843756
2767481.51726248
2819020.95607254
2871539.15261869
2924314.90229949
2978329.48928407
3033520.1550862
3091174.28064483
3150814.62257265
3212889.15650834
3276054.933405
3340644.70678489
3405947.04984542
3473438.24051141
3543088.89585953
3616321.89809889
3692288.51538589
3771379.4675058
3852012.42757297
3935476.43105761
4021856.25221861
4113368.36606271
4209321.26832898
4310507.26186082
4415020.92824285
4523738.60941392
4635779.20188538
4753609.40161575
4877012.39203788
5009309.99132888
5152546.96762372
5313347.00690934
5495027.15032945
5703088.93019423
5937890.0792333
6203273.72395117
6498786.40479193
6829326.64523775
7197839.43386258
7614766.21878083
8085872.38009968
8623051.28019345
9231552.76620947
9923423.09676403
10703767.3013402
11588921.9458109
12588376.8669273
13723063.9491956
15000618.3880535
16441940.9442547
18054217.6854305
19863097.3038215
21876850.481711
24122778.5120711
26600433.6280106
29336164.431458
32322708.1823949
35586941.7662967
39110339.8571123
42915779.4357312
46972554.425437
51309578.5620647
55877705.0973
60701479.3990804
65705597.2987056
70907138.1716455
76219442.6450601
81678762.4772869
87189698.0012436
92798201.4165928
98398595.2912167
104059782.201823
109664755.190122
115298446.513936
120830649.662392
126373310.52388
131783898.010863
137200215.139035
142469064.055852
147744017.651092
152853268.378421
157975596.880323
162922035.994161
167892272.463394
172681327.89342
177509410.085051
182161491.883548
186831625.64165
)
;

boundaryField
{
    electrode
    {
        type            calculated;
        value           uniform 184518373.366865;
    }
    ground
    {
        type            calculated;
        value           uniform 189125772.720138;
    }
    otherfaces
    {
        type            empty;
    }
}


// ************************************************************************* //
