/*--------------------------------*- C++ -*----------------------------------*\
| =========                 |                                                 |
| \\      /  F ield         | foam-extend: Open Source CFD                    |
|  \\    /   O peration     | Version:     4.1                                |
|   \\  /    A nd           | Web:         http://www.foam-extend.org         |
|    \\/     M anipulation  |                                                 |
\*---------------------------------------------------------------------------*/
FoamFile
{
    version     2.0;
    format      ascii;
    class       volVectorField;
    location    "1.50009999935002e-05";
    object      totalIonFlux;
}
// * * * * * * * * * * * * * * * * * * * * * * * * * * * * * * * * * * * * * //

dimensions      [0 -2 0 0 0 1 0];

internalField   nonuniform List<vector> 
500
(
(-262.494887912017 0 0)
(-262.44617956286 0 0)
(-262.522871137597 0 0)
(-262.433686736731 0 0)
(-262.511688354226 0 0)
(-262.423020393303 0 0)
(-262.497299902143 0 0)
(-262.411128553703 0 0)
(-262.482954062893 0 0)
(-262.405466580699 0 0)
(-262.47271930527 0 0)
(-262.381810340245 0 0)
(-262.43614901436 0 0)
(-262.345889854608 0 0)
(-262.394013170141 0 0)
(-262.308675929339 0 0)
(-262.352939739479 0 0)
(-262.248132138084 0 0)
(-262.266418682111 0 0)
(-262.160300086418 0 0)
(-262.172853959339 0 0)
(-262.062229772256 0 0)
(-262.043724358692 0 0)
(-261.908684520165 0 0)
(-261.879600780287 0 0)
(-261.732425418367 0 0)
(-261.679432273188 0 0)
(-261.507675478318 0 0)
(-261.422337531512 0 0)
(-261.236047427989 0 0)
(-261.129246629977 0 0)
(-260.917081024358 0 0)
(-260.773928717292 0 0)
(-260.540911722942 0 0)
(-260.371088163675 0 0)
(-260.116316461224 0 0)
(-259.914552580855 0 0)
(-259.628396381888 0 0)
(-259.399721425175 0 0)
(-259.091644681481 0 0)
(-258.835136782207 0 0)
(-258.499449715209 0 0)
(-258.210834838673 0 0)
(-257.851647469897 0 0)
(-257.536710414124 0 0)
(-257.154242329009 0 0)
(-256.811823343175 0 0)
(-256.40198083974 0 0)
(-256.031240877209 0 0)
(-255.598353705259 0 0)
(-255.201823086499 0 0)
(-254.745615914088 0 0)
(-254.323491231117 0 0)
(-253.843054548779 0 0)
(-253.394032094948 0 0)
(-252.88976950245 0 0)
(-252.415469637057 0 0)
(-251.887887976788 0 0)
(-251.388842652293 0 0)
(-250.838427666974 0 0)
(-250.315243699596 0 0)
(-249.742218338797 0 0)
(-249.194345364353 0 0)
(-248.598297848183 0 0)
(-248.026701279397 0 0)
(-247.408232444374 0 0)
(-246.813130749268 0 0)
(-246.172453788749 0 0)
(-245.554098065108 0 0)
(-244.891415519867 0 0)
(-244.250202698447 0 0)
(-243.566000222735 0 0)
(-242.902033590417 0 0)
(-242.195987825361 0 0)
(-241.509645734585 0 0)
(-240.78223377829 0 0)
(-240.073737111395 0 0)
(-239.325150910637 0 0)
(-238.594696450814 0 0)
(-237.825058749166 0 0)
(-237.072792269176 0 0)
(-236.282209295364 0 0)
(-235.508292997424 0 0)
(-234.696912095462 0 0)
(-233.901531617421 0 0)
(-233.069507922904 0 0)
(-232.2529086471 0 0)
(-231.400458904606 0 0)
(-230.56281828857 0 0)
(-229.690092613718 0 0)
(-228.831614589671 0 0)
(-227.938792304749 0 0)
(-227.059677778581 0 0)
(-226.146922982824 0 0)
(-225.247350983672 0 0)
(-224.314820485004 0 0)
(-223.394976213017 0 0)
(-222.442845349975 0 0)
(-221.502937204696 0 0)
(-220.531401415914 0 0)
(-219.571626317842 0 0)
(-218.580819879509 0 0)
(-217.601292444036 0 0)
(-216.591491694611 0 0)
(-215.592611926149 0 0)
(-214.563968351243 0 0)
(-213.545871332936 0 0)
(-212.498614857949 0 0)
(-211.461545788467 0 0)
(-210.395914610381 0 0)
(-209.340122608158 0 0)
(-208.256341536772 0 0)
(-207.182049733269 0 0)
(-206.080316960173 0 0)
(-204.987731649193 0 0)
(-203.868246245086 0 0)
(-202.757589447162 0 0)
(-201.620574131515 0 0)
(-200.492088148485 0 0)
(-199.337778167672 0 0)
(-198.191709618867 0 0)
(-197.020342333475 0 0)
(-195.856941689562 0 0)
(-194.668762556487 0 0)
(-193.488288444005 0 0)
(-192.283548029887 0 0)
(-191.086258199316 0 0)
(-189.865202071372 0 0)
(-188.65134806321 0 0)
(-187.41421921663 0 0)
(-186.184054504769 0 0)
(-184.931102675711 0 0)
(-183.684889390474 0 0)
(-182.416372954808 0 0)
(-181.154378829565 0 0)
(-179.870558082589 0 0)
(-178.593047999431 0 0)
(-177.294177527541 0 0)
(-176.001410078841 0 0)
(-174.687741868754 0 0)
(-173.379978768759 0 0)
(-172.051774483592 0 0)
(-170.729290617085 0 0)
(-169.386824597419 0 0)
(-168.049902216141 0 0)
(-166.693449480214 0 0)
(-165.342365503539 0 0)
(-163.972193722621 0 0)
(-162.607218623321 0 0)
(-161.223592565209 0 0)
(-159.844997007356 0 0)
(-158.4481834754 0 0)
(-157.05624004542 0 0)
(-155.646507326285 0 0)
(-154.241489431879 0 0)
(-152.819107144077 0 0)
(-151.401289974388 0 0)
(-149.96653040159 0 0)
(-148.53619187918 0 0)
(-147.089329470214 0 0)
(-145.646748317871 0 0)
(-144.188057176536 0 0)
(-142.733510517357 0 0)
(-141.263262619364 0 0)
(-139.797025445903 0 0)
(-138.315491687613 0 0)
(-136.837839692282 0 0)
(-135.34529323924 0 0)
(-133.856505267801 0 0)
(-132.353221757375 0 0)
(-130.853577451787 0 0)
(-129.339830568475 0 0)
(-127.829606328276 0 0)
(-126.305665314414 0 0)
(-124.785134994925 0 0)
(-123.251267752595 0 0)
(-121.720706944515 0 0)
(-120.177182759684 0 0)
(-118.63687009291 0 0)
(-117.083958741687 0 0)
(-115.534174553542 0 0)
(-113.972144209151 0 0)
(-112.413169638881 0 0)
(-110.842285521148 0 0)
(-109.274402698542 0 0)
(-107.694928505307 0 0)
(-106.11842163043 0 0)
(-104.530615184133 0 0)
(-102.945769982204 0 0)
(-101.349888976954 0 0)
(-99.7569916638913 0 0)
(-98.1532836488037 0 0)
(-96.5526218699887 0 0)
(-94.9413401662234 0 0)
(-93.3331943922189 0 0)
(-91.7140782066526 0 0)
(-90.0974273044547 0 0)
(-88.4746749557564 0 0)
(-86.8516378386817 0 0)
(-85.2192568897814 0 0)
(-83.5902796837507 0 0)
(-81.9514786384164 0 0)
(-80.3159296752719 0 0)
(-78.6710568222319 0 0)
(-77.0292880140486 0 0)
(-75.3785307542977 0 0)
(-73.7307170900755 0 0)
(-72.0743979156924 0 0)
(-70.4208992880607 0 0)
(-68.7592455578349 0 0)
(-67.1003501009559 0 0)
(-65.4335799974754 0 0)
(-63.7694564602033 0 0)
(-62.0978681939823 0 0)
(-60.4288299052537 0 0)
(-58.7527165788605 0 0)
(-57.0790145954159 0 0)
(-55.3985552634073 0 0)
(-53.7205384608512 0 0)
(-52.0359542274422 0 0)
(-50.3538780982216 0 0)
(-48.6655162197702 0 0)
(-46.9795039884094 0 0)
(-45.2876731250974 0 0)
(-43.5980859063251 0 0)
(-41.9029617001562 0 0)
(-40.2099924810816 0 0)
(-38.5119276289048 0 0)
(-36.8158702113907 0 0)
(-35.1150080035937 0 0)
(-33.4162189413816 0 0)
(-31.7128061466723 0 0)
(-30.0114770367032 0 0)
(-28.3058267236562 0 0)
(-26.6022482667089 0 0)
(-24.8945748032265 0 0)
(-23.1889731775775 0 0)
(-21.479604246172 0 0)
(-19.7722479687814 0 0)
(-18.0613260753009 0 0)
(-16.3525544356411 0 0)
(-14.6404016193401 0 0)
(-12.9303540014829 0 0)
(-11.2172430582355 0 0)
(-9.5062796118688 0 0)
(-7.7923987671943 0 0)
(-6.08073766506387 0 0)
(-4.36640977365436 0 0)
(-2.6542345190284 0 0)
(-0.939777129942339 0 0)
(0.772523745619729 0 0)
(2.486981229225 0 0)
(4.19915860586061 0 0)
(5.91349417013991 0 0)
(7.62516605782544 0 0)
(9.33905247985079 0 0)
(11.050024997875 0 0)
(12.7631452702543 0 0)
(14.4732296866854 0 0)
(16.1853791873767 0 0)
(17.8941691588186 0 0)
(19.6051353683094 0 0)
(21.312494849126 0 0)
(23.0218786624332 0 0)
(24.7275433238119 0 0)
(26.4352292484302 0 0)
(28.138825851775 0 0)
(29.8445373196302 0 0)
(31.5458908257963 0 0)
(33.2493129047147 0 0)
(34.9481921967917 0 0)
(36.6490726379827 0 0)
(38.3451500048911 0 0)
(40.0433090654857 0 0)
(41.7362799462779 0 0)
(43.4314795385569 0 0)
(45.1210819803577 0 0)
(46.8130253955005 0 0)
(48.4990779263524 0 0)
(50.1874589209799 0 0)
(51.8696321294482 0 0)
(53.5542924847079 0 0)
(55.2323618916911 0 0)
(56.9128890521097 0 0)
(58.5866344461461 0 0)
(60.2628638566857 0 0)
(61.9320051176158 0 0)
(63.6036053472848 0 0)
(65.2678253774941 0 0)
(66.934724002194 0 0)
(68.5937365458289 0 0)
(70.2554709628198 0 0)
(71.9090623312679 0 0)
(73.5655038705147 0 0)
(75.2134534476783 0 0)
(76.8642135243947 0 0)
(78.5061874074133 0 0)
(80.1510637191538 0 0)
(81.7867468006145 0 0)
(83.4255791293981 0 0)
(85.0547879024706 0 0)
(86.6872566317343 0 0)
(88.3103856474447 0 0)
(89.9332890023319 0 0)
(91.5498168694005 0 0)
(93.1689308851065 0 0)
(94.7771208164974 0 0)
(96.3884604700149 0 0)
(97.9891819544012 0 0)
(99.5929492459917 0 0)
(101.185911092205 0 0)
(102.781851733765 0 0)
(104.366762648057 0 0)
(105.954625007582 0 0)
(107.531195158398 0 0)
(109.11072444639 0 0)
(110.678670996007 0 0)
(112.249610954566 0 0)
(113.808652243223 0 0)
(115.370741429639 0 0)
(116.920595349296 0 0)
(118.473567871009 0 0)
(120.01395296089 0 0)
(121.557541132735 0 0)
(123.08817842068 0 0)
(124.622114459349 0 0)
(126.142726903752 0 0)
(127.666741985129 0 0)
(129.177052531062 0 0)
(130.690875561927 0 0)
(132.190606252831 0 0)
(133.693964270183 0 0)
(135.182836693758 0 0)
(136.675456125651 0 0)
(138.153192164851 0 0)
(139.634799413716 0 0)
(141.101121474915 0 0)
(142.571443183817 0 0)
(144.026074433856 0 0)
(145.484838773195 0 0)
(146.927504946759 0 0)
(148.374443135015 0 0)
(149.804872406764 0 0)
(151.239716236852 0 0)
(152.657634149648 0 0)
(154.080109977471 0 0)
(155.485235416961 0 0)
(156.895064748151 0 0)
(158.287115419271 0 0)
(159.684023072925 0 0)
(161.062723051536 0 0)
(162.446440974351 0 0)
(163.811518943734 0 0)
(165.181780563002 0 0)
(166.53296346796 0 0)
(167.889498918558 0 0)
(169.226510365801 0 0)
(170.569048535984 0 0)
(171.891613432078 0 0)
(173.219887104964 0 0)
(174.527735509415 0 0)
(175.841483512359 0 0)
(177.134349984172 0 0)
(178.433313260462 0 0)
(179.710931696975 0 0)
(180.994849154244 0 0)
(182.256951259663 0 0)
(183.525561767442 0 0)
(184.771880284435 0 0)
(186.024923399683 0 0)
(187.255188848225 0 0)
(188.49239943855 0 0)
(189.706337469022 0 0)
(190.92745126454 0 0)
(192.124797116655 0 0)
(193.329568821441 0 0)
(194.510080282519 0 0)
(195.69828346432 0 0)
(196.861726187767 0 0)
(198.03313006715 0 0)
(199.179255716504 0 0)
(200.333614047068 0 0)
(201.462163076506 0 0)
(202.599227529319 0 0)
(203.709946825746 0 0)
(204.829482809118 0 0)
(205.922135192048 0 0)
(207.023922590575 0 0)
(208.098278558965 0 0)
(209.182096932126 0 0)
(210.237918740578 0 0)
(211.303538584993 0 0)
(212.340584490616 0 0)
(213.38778427453 0 0)
(214.405830863642 0 0)
(215.434412326478 0 0)
(216.433254909303 0 0)
(217.443017123466 0 0)
(218.422550863685 0 0)
(219.413402778035 0 0)
(220.37327806971 0 0)
(221.344932274773 0 0)
(222.284995137543 0 0)
(223.237286699824 0 0)
(224.157327534995 0 0)
(225.090048324651 0 0)
(225.98982355623 0 0)
(226.902751703724 0 0)
(227.782037336197 0 0)
(228.675000230167 0 0)
(229.533636879227 0 0)
(230.406525165917 0 0)
(231.244387423325 0 0)
(232.097098119434 0 0)
(232.914041895488 0 0)
(233.746461706569 0 0)
(234.542338369932 0 0)
(235.354284261334 0 0)
(236.128871640007 0 0)
(236.920215753176 0 0)
(237.673386136438 0 0)
(238.44404247733 0 0)
(239.175664383452 0 0)
(239.925520893459 0 0)
(240.635422625684 0 0)
(241.364343159922 0 0)
(242.052354609175 0 0)
(242.760232898294 0 0)
(243.426270290535 0 0)
(244.112605846758 0 0)
(244.756157643558 0 0)
(245.421464223891 0 0)
(246.042787584356 0 0)
(246.686764914379 0 0)
(247.285553176226 0 0)
(247.908090024357 0 0)
(248.484183347166 0 0)
(249.085133209606 0 0)
(249.63834115203 0 0)
(250.216889425721 0 0)
(250.7457415949 0 0)
(251.302200629917 0 0)
(251.807677938074 0 0)
(252.342065045754 0 0)
(252.823602358861 0 0)
(253.335523456156 0 0)
(253.792614550293 0 0)
(254.281357236939 0 0)
(254.712026480783 0 0)
(255.177131733524 0 0)
(255.582835896094 0 0)
(256.02506851165 0 0)
(256.405215407697 0 0)
(256.824388936113 0 0)
(257.176448537652 0 0)
(257.568829405682 0 0)
(257.893263335097 0 0)
(258.261501514059 0 0)
(258.558759973316 0 0)
(258.902362689146 0 0)
(259.167216954081 0 0)
(259.48353658211 0 0)
(259.719300640797 0 0)
(260.010406017595 0 0)
(260.217060340599 0 0)
(260.477512688995 0 0)
(260.651195880932 0 0)
(260.888707394092 0 0)
(261.030806810226 0 0)
(261.242714620854 0 0)
(261.353823823679 0 0)
(261.537307396429 0 0)
(261.620480311605 0 0)
(261.789400466158 0 0)
(261.837265644894 0 0)
(261.983444957511 0 0)
(262.014396019624 0 0)
(262.138828817231 0 0)
(262.145955529727 0 0)
(262.259675210282 0 0)
(262.250454668344 0 0)
(262.347299069344 0 0)
(262.319613045716 0 0)
(262.415380355731 0 0)
(262.379189136717 0 0)
(262.464675434969 0 0)
(262.410216987348 0 0)
(262.49452504614 0 0)
(262.434532084534 0 0)
(262.520220996502 0 0)
(262.457408501359 0 0)
(262.539913847817 0 0)
(262.464425926712 0 0)
(262.547297307495 0 0)
(262.469867895483 0 0)
(262.555548248401 0 0)
(262.474674235206 0 0)
(262.56109096841 0 0)
(262.483173354429 0 0)
(262.539236368383 0 0)
)
;

boundaryField
{
    electrode
    {
        type            calculated;
        value           uniform (-262.494887912017 0 0);
    }
    ground
    {
        type            calculated;
        value           uniform (262.539236368383 0 0);
    }
    otherfaces
    {
        type            empty;
    }
}


// ************************************************************************* //
