/*--------------------------------*- C++ -*----------------------------------*\
| =========                 |                                                 |
| \\      /  F ield         | foam-extend: Open Source CFD                    |
|  \\    /   O peration     | Version:     4.1                                |
|   \\  /    A nd           | Web:         http://www.foam-extend.org         |
|    \\/     M anipulation  |                                                 |
\*---------------------------------------------------------------------------*/
FoamFile
{
    version     2.0;
    format      ascii;
    class       volVectorField;
    location    "1.50009999935002e-05";
    object      velocityAr2p;
}
// * * * * * * * * * * * * * * * * * * * * * * * * * * * * * * * * * * * * * //

dimensions      [0 1 -1 0 0 0 0];

internalField   nonuniform List<vector> 
500
(
(-3216.62760865766 0 0)
(-3142.26019132535 0 0)
(-3094.71419024439 0 0)
(-3040.47865554944 0 0)
(-2985.53938770284 0 0)
(-2928.75554733271 0 0)
(-2870.75842657397 0 0)
(-2811.71830270852 0 0)
(-2752.11316547307 0 0)
(-2692.13371338249 0 0)
(-2631.41524390235 0 0)
(-2568.92586289745 0 0)
(-2504.87131259862 0 0)
(-2439.77386673248 0 0)
(-2374.33155830765 0 0)
(-2309.03210075073 0 0)
(-2243.97016644613 0 0)
(-2178.18261736001 0 0)
(-2111.79036593134 0 0)
(-2045.71735676445 0 0)
(-1980.75208590284 0 0)
(-1916.63919253018 0 0)
(-1853.18613205975 0 0)
(-1790.50149761728 0 0)
(-1729.50784983656 0 0)
(-1669.94884472205 0 0)
(-1612.18555029937 0 0)
(-1556.30413849908 0 0)
(-1502.1088290228 0 0)
(-1449.93447353017 0 0)
(-1400.17245786859 0 0)
(-1352.48268501986 0 0)
(-1306.79325127894 0 0)
(-1263.29181317075 0 0)
(-1221.90745765515 0 0)
(-1182.70287367737 0 0)
(-1145.57511799189 0 0)
(-1110.17672623476 0 0)
(-1076.67842977434 0 0)
(-1045.01638965765 0 0)
(-1015.08544354116 0 0)
(-986.760004158862 0 0)
(-959.852292818223 0 0)
(-934.303516872989 0 0)
(-910.119578904823 0 0)
(-887.241070942215 0 0)
(-865.546190967614 0 0)
(-844.85021644093 0 0)
(-825.080111000423 0 0)
(-806.20845970007 0 0)
(-788.227004382599 0 0)
(-771.104406706378 0 0)
(-754.806780315941 0 0)
(-739.244347799961 0 0)
(-724.307824149027 0 0)
(-709.954125354301 0 0)
(-696.155875521596 0 0)
(-682.875524619098 0 0)
(-670.096727160476 0 0)
(-657.800708217444 0 0)
(-645.980858023435 0 0)
(-634.606301083399 0 0)
(-623.629338768644 0 0)
(-613.015571198316 0 0)
(-602.750406807113 0 0)
(-592.811145763718 0 0)
(-583.183526325808 0 0)
(-573.845596554292 0 0)
(-564.783544579433 0 0)
(-555.98028687318 0 0)
(-547.431187196226 0 0)
(-539.12777796839 0 0)
(-531.059754577615 0 0)
(-523.204373327858 0 0)
(-515.554805466961 0 0)
(-508.098630086551 0 0)
(-500.829358989987 0 0)
(-493.73608448137 0 0)
(-486.813258360085 0 0)
(-480.051098787003 0 0)
(-473.444734611368 0 0)
(-466.985411197664 0 0)
(-460.669090984265 0 0)
(-454.487972331048 0 0)
(-448.438153354434 0 0)
(-442.512174771511 0 0)
(-436.707447859094 0 0)
(-431.017685528862 0 0)
(-425.440215167342 0 0)
(-419.969229630396 0 0)
(-414.602414303401 0 0)
(-409.334471332994 0 0)
(-404.163374616008 0 0)
(-399.084265026834 0 0)
(-394.095364129513 0 0)
(-389.192206264364 0 0)
(-384.373271652719 0 0)
(-379.634511778048 0 0)
(-374.974550996143 0 0)
(-370.389503979089 0 0)
(-365.878296523711 0 0)
(-361.437449642176 0 0)
(-357.064999694864 0 0)
(-352.757779729066 0 0)
(-348.515566655732 0 0)
(-344.33527439325 0 0)
(-340.216123016693 0 0)
(-336.155318674325 0 0)
(-332.152198120373 0 0)
(-328.204150309475 0 0)
(-324.310590169692 0 0)
(-320.469063145489 0 0)
(-316.679049897513 0 0)
(-312.93824093392 0 0)
(-309.246180855051 0 0)
(-305.600699937827 0 0)
(-302.001404621097 0 0)
(-298.44625414892 0 0)
(-294.934907415221 0 0)
(-291.465438868497 0 0)
(-288.037552235159 0 0)
(-284.649428263042 0 0)
(-281.300812216017 0 0)
(-277.989984132155 0 0)
(-274.716725652114 0 0)
(-271.479406760888 0 0)
(-268.277839438957 0 0)
(-265.110475912734 0 0)
(-261.977155900339 0 0)
(-258.876409667796 0 0)
(-255.808103471055 0 0)
(-252.770841452401 0 0)
(-249.764513888717 0 0)
(-246.787793164953 0 0)
(-243.840589809105 0 0)
(-240.921638447198 0 0)
(-238.03086612821 0 0)
(-235.167064998172 0 0)
(-232.330177148195 0 0)
(-229.519050375363 0 0)
(-226.733642308284 0 0)
(-223.972854897553 0 0)
(-221.236660203865 0 0)
(-218.524009942334 0 0)
(-215.834886794454 0 0)
(-213.168287044087 0 0)
(-210.524201240958 0 0)
(-207.901667596004 0 0)
(-205.300684196846 0 0)
(-202.720330132914 0 0)
(-200.160610698966 0 0)
(-197.620643886675 0 0)
(-195.100441018241 0 0)
(-192.599156663302 0 0)
(-190.116807201311 0 0)
(-187.652582079793 0 0)
(-185.206502173355 0 0)
(-182.777790116423 0 0)
(-180.366470623676 0 0)
(-177.971797113842 0 0)
(-175.593797682041 0 0)
(-173.231753722136 0 0)
(-170.885697000664 0 0)
(-168.55493366702 0 0)
(-166.239501101919 0 0)
(-163.938726249257 0 0)
(-161.652656289508 0 0)
(-159.38063269801 0 0)
(-157.122719007782 0 0)
(-154.878260867844 0 0)
(-152.647347971969 0 0)
(-150.429314632329 0 0)
(-148.224292968749 0 0)
(-146.031584150436 0 0)
(-143.851388312681 0 0)
(-141.682942679127 0 0)
(-139.526552044128 0 0)
(-137.381345596128 0 0)
(-135.24778338805 0 0)
(-133.1248257156 0 0)
(-131.013156781085 0 0)
(-128.911486756751 0 0)
(-126.820815751812 0 0)
(-124.739497676144 0 0)
(-122.668968496993 0 0)
(-120.607089667408 0 0)
(-118.555886155171 0 0)
(-116.512548694587 0 0)
(-114.479899413473 0 0)
(-112.454210975736 0 0)
(-110.439405314331 0 0)
(-108.430440026833 0 0)
(-106.432878913925 0 0)
(-104.439599849735 0 0)
(-102.458878203243 0 0)
(-100.479463162577 0 0)
(-98.5130872702015 0 0)
(-96.5541385583815 0 0)
(-94.6001385391758 0 0)
(-92.6535103035566 0 0)
(-90.7139836128416 0 0)
(-88.7808698627435 0 0)
(-86.8544943866549 0 0)
(-84.9342205291864 0 0)
(-83.0203785952829 0 0)
(-81.1122110145707 0 0)
(-79.2102222896587 0 0)
(-77.3135609320085 0 0)
(-75.4228518406978 0 0)
(-73.537040738223 0 0)
(-71.6570146615952 0 0)
(-69.7814064581772 0 0)
(-67.9114537869504 0 0)
(-66.0454666887106 0 0)
(-64.1850099710986 0 0)
(-62.3280681243743 0 0)
(-60.4765859813421 0 0)
(-58.6280308803928 0 0)
(-56.7850133042773 0 0)
(-54.9442760314506 0 0)
(-53.1091817975673 0 0)
(-51.2757361982471 0 0)
(-49.4479806537866 0 0)
(-47.6212868572312 0 0)
(-45.8004086893533 0 0)
(-43.9798854544015 0 0)
(-42.1653328755901 0 0)
(-40.3505009065858 0 0)
(-38.5417781692817 0 0)
(-36.7320596176678 0 0)
(-34.928720754262 0 0)
(-33.1235861773748 0 0)
(-31.3250919943829 0 0)
(-29.5240928560885 0 0)
(-27.7299245865738 0 0)
(-25.9325618944356 0 0)
(-24.1422155744101 0 0)
(-22.3480272708964 0 0)
(-20.5609905872577 0 0)
(-18.7694834487215 0 0)
(-16.9852681942123 0 0)
(-15.1960053309888 0 0)
(-13.4140616037717 0 0)
(-11.6265947395597 0 0)
(-9.84638559717267 0 0)
(-8.06036767522219 0 0)
(-6.28099931771427 0 0)
(-4.49662078446203 0 0)
(-2.71732742556717 0 0)
(-0.933999622680441 0 0)
(0.845296476851164 0 0)
(2.62862190056313 0 0)
(4.40790912100571 0 0)
(6.19228312503922 0 0)
(7.97164340011587 0 0)
(9.75764987518704 0 0)
(11.5378435122908 0 0)
(13.3252943238138 0 0)
(15.1072306504123 0 0)
(16.896464949747 0 0)
(18.6806568235 0 0)
(20.4721539621398 0 0)
(22.2591526329186 0 0)
(24.0533094021283 0 0)
(25.8436426216044 0 0)
(27.6409668917479 0 0)
(29.4350913722902 0 0)
(31.2360701110095 0 0)
(33.0345190933989 0 0)
(34.839600113529 0 0)
(36.6429192784619 0 0)
(38.452583015672 0 0)
(40.2612453933606 0 0)
(42.0760542568437 0 0)
(43.8905286232621 0 0)
(45.7110152606671 0 0)
(47.5318156771314 0 0)
(49.3584832266826 0 0)
(51.1861691803221 0 0)
(53.0195320320663 0 0)
(54.8545806057031 0 0)
(56.6952597518011 0 0)
(58.5381989926636 0 0)
(60.3866862674188 0 0)
(62.238077770945 0 0)
(64.0949721158041 0 0)
(65.9553618360987 0 0)
(67.8212369352801 0 0)
(69.6911171036068 0 0)
(71.5666691226672 0 0)
(73.4466233392996 0 0)
(75.332344920862 0 0)
(77.2229626137629 0 0)
(79.1195533340441 0 0)
(81.0214641829544 0 0)
(82.9294848972429 0 0)
(84.8432822529382 0 0)
(86.7634064270209 0 0)
(88.6896919175657 0 0)
(90.6226581580609 0 0)
(92.5621411369411 0 0)
(94.5086478649874 0 0)
(96.4625234576806 0 0)
(98.4213767179714 0 0)
(100.387498429169 0 0)
(102.366725616429 0 0)
(104.347278905713 0 0)
(106.340394952316 0 0)
(108.337787924513 0 0)
(110.346582738455 0 0)
(112.361214008768 0 0)
(114.386723918919 0 0)
(116.419190609058 0 0)
(118.462339431279 0 0)
(120.513349833306 0 0)
(122.575031052486 0 0)
(124.645358290599 0 0)
(126.726470399158 0 0)
(128.816931904489 0 0)
(130.91838868854 0 0)
(133.029840436638 0 0)
(135.152576893676 0 0)
(137.285913806728 0 0)
(139.430891111144 0 0)
(141.587048982987 0 0)
(143.755258505588 0 0)
(145.935214898132 0 0)
(148.127680719152 0 0)
(150.332455198429 0 0)
(152.550236511977 0 0)
(154.780891785986 0 0)
(157.025086357526 0 0)
(159.282730481847 0 0)
(161.554478676073 0 0)
(163.840267714399 0 0)
(166.140756282621 0 0)
(168.45589699964 0 0)
(170.786362691887 0 0)
(173.132115634525 0 0)
(175.493849691847 0 0)
(177.871533486383 0 0)
(180.265886416441 0 0)
(182.676881356396 0 0)
(185.105265527404 0 0)
(187.551014328269 0 0)
(190.014904461436 0 0)
(192.496913955543 0 0)
(194.997851965286 0 0)
(197.517701106633 0 0)
(200.057306230817 0 0)
(202.616656050753 0 0)
(205.196632693043 0 0)
(207.797230907146 0 0)
(210.419370999405 0 0)
(213.063053881937 0 0)
(215.729240018944 0 0)
(218.417937954902 0 0)
(221.130151516776 0 0)
(223.865899138363 0 0)
(226.626231185293 0 0)
(229.411177840374 0 0)
(232.221838826743 0 0)
(235.058256782988 0 0)
(237.921583019474 0 0)
(240.811873483069 0 0)
(243.730334028141 0 0)
(246.677036216776 0 0)
(249.653244912698 0 0)
(252.65904952334 0 0)
(255.695777306516 0 0)
(258.763536541578 0 0)
(261.86372051298 0 0)
(264.996459737734 0 0)
(268.163221262549 0 0)
(271.36416429034 0 0)
(274.600838058998 0 0)
(277.873433787124 0 0)
(281.183586007523 0 0)
(284.531516627484 0 0)
(287.91894740274 0 0)
(291.346132555344 0 0)
(294.814889009909 0 0)
(298.325510296871 0 0)
(301.879920245337 0 0)
(305.478459786092 0 0)
(309.123170717778 0 0)
(312.814447128144 0 0)
(316.554457147445 0 0)
(320.343651270666 0 0)
(324.184331579565 0 0)
(328.077009700912 0 0)
(332.024134934164 0 0)
(336.026292015697 0 0)
(340.086096713069 0 0)
(344.204220338957 0 0)
(348.383465313491 0 0)
(352.624617078552 0 0)
(356.930763825028 0 0)
(361.302142224638 0 0)
(365.741939491038 0 0)
(370.252106258948 0 0)
(374.83611673059 0 0)
(379.495034554885 0 0)
(384.232745239255 0 0)
(389.050622653829 0 0)
(393.952705251859 0 0)
(398.940500686544 0 0)
(404.018463499694 0 0)
(409.188366390767 0 0)
(414.455070555987 0 0)
(419.820615707992 0 0)
(425.290316799357 0 0)
(430.86650865761 0 0)
(436.555011829681 0 0)
(442.358509421095 0 0)
(448.283291101499 0 0)
(454.331960466909 0 0)
(460.511980984235 0 0)
(466.827258598121 0 0)
(473.285616418014 0 0)
(479.891112526307 0 0)
(486.65251239482 0 0)
(493.574688695846 0 0)
(500.667415380661 0 0)
(507.936239447009 0 0)
(515.392077244858 0 0)
(523.041444472351 0 0)
(530.896811117599 0 0)
(538.965058998316 0 0)
(547.26878178762 0 0)
(555.818411862778 0 0)
(564.622565839222 0 0)
(573.685926828129 0 0)
(583.025625350409 0 0)
(592.655517210909 0 0)
(602.597614916662 0 0)
(612.866225387768 0 0)
(623.484093879335 0 0)
(634.465840914017 0 0)
(645.845625320287 0 0)
(657.671064390354 0 0)
(669.973405463472 0 0)
(682.759291198832 0 0)
(696.047569635202 0 0)
(709.85469127014 0 0)
(724.218287284223 0 0)
(739.16575554389 0 0)
(754.740023737935 0 0)
(771.050402220295 0 0)
(788.186925119415 0 0)
(806.183432461015 0 0)
(825.071196453725 0 0)
(844.858360655291 0 0)
(865.572176353786 0 0)
(887.286413034476 0 0)
(910.185798883179 0 0)
(934.391010085756 0 0)
(959.961399621764 0 0)
(986.891127347484 0 0)
(1015.23832679861 0 0)
(1045.1932095921 0 0)
(1076.88020296344 0 0)
(1110.402352058 0 0)
(1145.82113304912 0 0)
(1182.97013939626 0 0)
(1222.19880917519 0 0)
(1263.60412918942 0 0)
(1307.12878057711 0 0)
(1352.82805061752 0 0)
(1400.52974450528 0 0)
(1450.31638388103 0 0)
(1502.49578823408 0 0)
(1556.69768923931 0 0)
(1612.58265029122 0 0)
(1670.34199530352 0 0)
(1729.90948233407 0 0)
(1790.92066302323 0 0)
(1853.57902858819 0 0)
(1917.00119449777 0 0)
(1981.13462824228 0 0)
(2046.12150338778 0 0)
(2112.16643957794 0 0)
(2178.52841957096 0 0)
(2244.28450757675 0 0)
(2309.3875953796 0 0)
(2374.69415832188 0 0)
(2440.11438867497 0 0)
(2505.18991368632 0 0)
(2569.22260153229 0 0)
(2631.69038776224 0 0)
(2692.43502718671 0 0)
(2752.44498812027 0 0)
(2812.03620284462 0 0)
(2871.06350128696 0 0)
(2929.04790529068 0 0)
(2985.81894323447 0 0)
(3040.74521970398 0 0)
(3094.96776441218 0 0)
(3142.50827470487 0 0)
(3216.92396214168 0 0)
)
;

boundaryField
{
    electrode
    {
        type            zeroGradient;
    }
    ground
    {
        type            zeroGradient;
    }
    otherfaces
    {
        type            empty;
    }
}


// ************************************************************************* //
