/*--------------------------------*- C++ -*----------------------------------*\
| =========                 |                                                 |
| \\      /  F ield         | foam-extend: Open Source CFD                    |
|  \\    /   O peration     | Version:     4.1                                |
|   \\  /    A nd           | Web:         http://www.foam-extend.org         |
|    \\/     M anipulation  |                                                 |
\*---------------------------------------------------------------------------*/
FoamFile
{
    version     2.0;
    format      ascii;
    class       volScalarField;
    location    "2.50010000204314e-05";
    object      diffusionelectron;
}
// * * * * * * * * * * * * * * * * * * * * * * * * * * * * * * * * * * * * * //

dimensions      [0 2 -1 0 0 0 0];

internalField   nonuniform List<scalar> 
500
(
55.2481004736004
54.4913930759863
54.149058521823
54.0107144778986
53.9532269622174
53.9320879449488
53.8790656359569
53.7761884885789
53.6431050052147
53.5236597715835
53.4111735271741
53.295567471398
53.1950751476547
53.1166152731006
53.0541861799355
53.0036801167663
52.9631963031567
52.9316854164701
52.9071367552194
52.8886017217911
52.8749869016789
52.8651932133348
52.8587597638139
52.8547816773314
52.8528030177867
52.8523935703316
52.8530055805065
52.8545151928814
52.8565522935878
52.8589730819084
52.8616695289985
52.8644260309651
52.8672810664596
52.870072530936
52.8727992514995
52.8754441853573
52.8779322396852
52.8803287191868
52.8825599399868
52.8846632903856
52.8866489730038
52.8884965219207
52.8902554699383
52.8918853900742
52.8934370178077
52.8949117885435
52.8963041339905
52.8976489380921
52.8989240851037
52.9001668060796
52.9013538614278
52.9025081831133
52.9036321949109
52.9047230316588
52.9057910188948
52.9068336035868
52.9078669649397
52.9088986320486
52.9099072954598
52.9109223860436
52.9119171601881
52.9129046298682
52.9138838439274
52.9148616518224
52.9158213985539
52.9167691980543
52.9177141766606
52.9186467404763
52.9195694196223
52.9204913120957
52.9213923157339
52.9222871961409
52.923165058883
52.9240430769661
52.9249081636338
52.9257595767538
52.9265995033664
52.9274303966758
52.9282528167732
52.9290613196262
52.9298616135906
52.9306517070954
52.9314303042645
52.9322072289086
52.9329628631767
52.9337085629116
52.9344572049895
52.9351840484015
52.9359116447738
52.9366190692555
52.9373245459867
52.9380171862332
52.9387062240525
52.9393821399115
52.94004840269
52.9407180645732
52.9413609200003
52.9420052049003
52.942647638832
52.9432721908844
52.9438946956866
52.9445053824935
52.9451068896832
52.9457094112116
52.9463014076286
52.9468829370365
52.9474590775334
52.9480246635207
52.9485967377987
52.9491453065695
52.9496945421503
52.9502432600671
52.9507746956707
52.9512986415519
52.9518232757759
52.9523461449247
52.9528570355587
52.9533602745868
52.953856806027
52.9543459600117
52.9548277772878
52.9553143972087
52.9557874001662
52.9562589427946
52.9567169747314
52.957173074948
52.9576279349838
52.9580742883254
52.9585194134223
52.9589496234988
52.9593844045087
52.9598041533514
52.9602340812436
52.9606429722576
52.9610494807978
52.96145311145
52.9618540002881
52.9622519026141
52.9626347960022
52.9630204715142
52.9634031825541
52.9637822800584
52.964152376339
52.9645185618003
52.9648817434063
52.9652348025686
52.9655846975496
52.9659364975771
52.9662788295182
52.9666109715816
52.9669454494366
52.9672757518549
52.9676021346594
52.9679242529717
52.968248379831
52.9685620383582
52.9688595385176
52.9691705330261
52.9694774231084
52.9697674116561
52.9700532272489
52.9703461786102
52.970634830147
52.9709124302994
52.9711855661185
52.9714657460921
52.9717292122094
52.971993650551
52.9722533175576
52.9725138926599
52.9727696012554
52.9730140304111
52.9732656203592
52.973499758509
52.9737470585921
52.9739767841733
52.9742075350393
52.9744387460108
52.9746588164047
52.974873255109
52.9751006099839
52.9753102192352
52.9755145172084
52.9757251986267
52.9759304711327
52.9761300038407
52.9763240515527
52.9765122946509
52.9767010447599
52.9768899445873
52.9770732787015
52.977250640243
52.9774284331633
52.977600194879
52.977766283558
52.9779263046581
52.9780986997666
52.9782589577865
52.9784073626028
52.978561719041
52.978710198606
52.9788646046577
52.9790009962173
52.9791432753037
52.9792735417419
52.9794036004779
52.9795397481982
52.9796635491963
52.9797873736705
52.9799048558725
52.980034392502
52.9801454982719
52.9802565214752
52.9803611777202
52.9804657103994
52.9805698944998
52.9806678790111
52.9807654940223
52.9808568681511
52.9809478621816
52.9810265497049
52.9811108559849
52.9811949317878
52.9812724981663
52.981349842362
52.9814206461899
52.9814911862574
52.9815491620078
52.9816128614707
52.9816760952542
52.9817329291937
52.9817892813526
52.9818392305666
52.9818826546363
52.9819256865229
52.9819682239631
52.9820103460325
52.9820459414539
52.9820811392743
52.9821097360443
52.9821379746717
52.98215958316
52.9821748152709
52.9821955034445
52.9822097241081
52.9822174049648
52.9822306692353
52.9822374159437
52.982237627753
52.9822433704846
52.9822426142286
52.9822353513034
52.9822276005815
52.982213336786
52.9821986104509
52.9821773442937
52.9821556781429
52.982133467627
52.9821108426102
52.9820816920162
52.9820460976265
52.9820100136459
52.9819735245587
52.9819365620615
52.9818931761431
52.9818433246579
52.9817869962013
52.9817363454281
52.9816852508438
52.9816217488358
52.981557832471
52.981493559495
52.9814228987895
52.9813579235112
52.9812805490187
52.9812028439063
52.9811187874713
52.9810344443292
52.9809498114482
52.9808588758147
52.9807737099271
52.9806762477324
52.9805785256506
52.9804746065449
52.9803643884562
52.9802540617013
52.9801435135634
52.9800328765693
52.979916037927
52.9797930838974
52.979670021918
52.9795469239762
52.9794116714148
52.979282476648
52.9791411561187
52.9789999122103
52.9788646946923
52.9787114945056
52.9785643499502
52.978411370628
52.9782584394271
52.978087656937
52.9779290563271
52.9777586884309
52.97759454124
52.9774186608647
52.9772369994088
52.9770617738377
52.9768747859069
52.9766943089158
52.9765021129996
52.9763044368158
52.9761071614835
52.9759165810148
52.9757022849242
52.9754947792686
52.9752877737078
52.9750695216938
52.974851853291
52.9746290394678
52.9744008817347
52.9741797082355
52.9739412292251
52.9737037589697
52.9734672028764
52.9732136330232
52.9729731268334
52.9727217788144
52.9724593798746
52.9722044102028
52.9719384376567
52.9716679590955
52.9713925932176
52.9711249237295
52.9708343674597
52.9705576299194
52.9702702594641
52.9699786414104
52.9696765763955
52.9693763767556
52.9690779681124
52.9687634247891
52.9684507714685
52.9681342572751
52.9678136447157
52.9674833677784
52.9671490415194
52.9668234164377
52.9664817565588
52.9661308554798
52.965782227919
52.9654304959705
52.9650692135065
52.9647048645947
52.9643433420994
52.9639667391751
52.9635871779493
52.9632048106209
52.9628196456124
52.9624199084046
52.9620234641235
52.9616249191679
52.9612115464785
52.9607964315982
52.9603786779574
52.9599533785276
52.9595196817024
52.9590845610562
52.9586414870551
52.9581969704328
52.9577389346939
52.9572794976099
52.9568189719136
52.9563512574676
52.9558644410879
52.9553891079897
52.9549006949775
52.9544003249704
52.953899024242
52.9533864603692
52.9528733028959
52.9523492649046
52.9518253088525
52.9512844397732
52.950744549039
52.9501936837524
52.9496385715167
52.9490726137579
52.9484967387897
52.9479166448966
52.9473264408235
52.9467269466524
52.9461290101112
52.945516800417
52.9449000453752
52.9442697016552
52.9436295254787
52.9429818416692
52.9423319036363
52.941662000793
52.9409976184593
52.9403071772516
52.9396172666215
52.9389203500792
52.9382057561676
52.9374860926593
52.9367540009963
52.9360069989197
52.9352592567956
52.9344919320783
52.9337188223589
52.9329319700281
52.9321299455816
52.9313190277288
52.9304900525417
52.9296576535059
52.9288090698921
52.9279406591701
52.9270677282144
52.9261730535321
52.9252721550834
52.9243482848273
52.9234117179994
52.922460751652
52.9214943227023
52.9205067438204
52.919504674321
52.9184793497887
52.9174343347332
52.9163789105392
52.915288755409
52.9141828147995
52.913052040406
52.9118856813745
52.9107153403905
52.9095001200403
52.9082718456896
52.9070057852114
52.9057140609523
52.904385066703
52.9030163725614
52.9016329423466
52.90019478974
52.8987305232554
52.8972182737683
52.8956828467082
52.8941149731677
52.8925061416914
52.8909009005686
52.8892545755928
52.887590802027
52.8859339352401
52.8842509700956
52.8825737202909
52.8808908053615
52.8792300423118
52.8775860691185
52.8759560223447
52.8743860056152
52.8728239047927
52.8713297408794
52.8698698084105
52.8684389637893
52.8670660975683
52.8656568367577
52.8642413064023
52.8627383118071
52.861085490689
52.8592351529552
52.8569906890979
52.8543263820188
52.850965478116
52.8467486147714
52.8414669605514
52.8346900723711
52.826258314729
52.8156106197329
52.8023687883201
52.7861195138144
52.7660166152877
52.7416990598181
52.7121308035766
52.6765113686514
52.6342627749699
52.5838513069059
52.524937270731
52.4595910494686
52.3890190462711
52.3108703471692
52.2274693603114
52.1497684437354
52.0999407925318
52.1108532213469
52.2215012723085
52.4385842580344
52.7423665103196
53.0657394708015
53.4916297737606
54.0781564768567
54.8848082292508
)
;

boundaryField
{
    electrode
    {
        type            zeroGradient;
    }
    ground
    {
        type            zeroGradient;
    }
    otherfaces
    {
        type            empty;
    }
}


// ************************************************************************* //
