/*--------------------------------*- C++ -*----------------------------------*\
| =========                 |                                                 |
| \\      /  F ield         | foam-extend: Open Source CFD                    |
|  \\    /   O peration     | Version:     4.1                                |
|   \\  /    A nd           | Web:         http://www.foam-extend.org         |
|    \\/     M anipulation  |                                                 |
\*---------------------------------------------------------------------------*/
FoamFile
{
    version     2.0;
    format      ascii;
    class       volScalarField;
    location    "2.50010000204314e-05";
    object      eDensity;
}
// * * * * * * * * * * * * * * * * * * * * * * * * * * * * * * * * * * * * * //

dimensions      [1 -1 -2 0 0 0 0];

internalField   nonuniform List<scalar> 
500
(
0.000427067643625878
0.00259132499757453
0.0106139757539147
0.0352103262567278
0.0985893906899526
0.226874755628844
0.403916008134196
0.595501205151527
0.768497106643794
0.919116053354816
1.05387203286693
1.17633095910386
1.29123407764022
1.40256625459454
1.50891905694813
1.61444885901035
1.71743853907358
1.81924358608009
1.92039358078509
2.02024983382566
2.11970364830143
2.21874962859443
2.31670139641092
2.41496107214656
2.51197588838394
2.60908297839564
2.70553943309671
2.8015222574678
2.89731189116564
2.99249796846104
3.08734998756821
3.18195735179946
3.27584824826794
3.36978393526625
3.46291829731291
3.55599797853172
3.64853455917735
3.74072430517175
3.83263134160843
3.92406969465678
4.01522298870311
4.10604527825838
4.19640324887717
4.28662150444094
4.37626273038156
4.46580070667037
4.55483331144198
4.64363898788689
4.73209860053339
4.82020416579465
4.90804714666311
4.99552736254407
5.08269847564266
5.16959716047586
5.25608773220654
5.34238777317682
5.42823665375498
5.51389177942572
5.59914183775165
5.68412709465292
5.76878595739654
5.85311397439592
5.93715251602291
6.02085234608882
6.10423560002218
6.18732412878918
6.27004044511576
6.35250751891518
6.43456881603885
6.51638620632703
6.597808969486
6.67895425846062
6.75974156132167
6.84021039958469
6.92034658920694
7.00014760534799
7.07960975173022
7.15875152875854
7.23752381951955
7.3160030478523
7.39408233459298
7.47188391711211
7.54927484588922
7.62638074164403
7.70308556791548
7.77948383363059
7.85549629892709
7.93118376075337
8.00648994321789
8.08146805420394
8.1560527830148
8.2303208674121
8.30417356603754
8.37772464149322
8.45084098707699
8.52366299433687
8.59604167556586
8.66812174255751
8.73975990100998
8.81108847131794
8.88197896668514
8.9525508096619
9.02268284859536
9.09249513019063
9.16185723373594
9.230906224713
9.2994891839854
9.36776823815955
9.43556604324883
9.50306582425407
9.57007439863225
9.63678481981809
9.70299977491402
9.76891205299008
9.8343270824828
9.89943469123987
9.96404145544872
10.0283395577549
10.0921289419507
10.1556128832813
10.2185765443114
10.2812405021796
10.3433716921963
10.4052082927669
10.4665016140275
10.5275026132589
10.5879531208854
10.6481105559141
10.707712811631
10.7670198504025
10.8257674363416
10.884218439063
10.942104155927
10.9996940741353
11.0567106514287
11.1134342549166
11.169575065812
11.2254264723655
11.2806858106311
11.335658503535
11.3900313614917
11.4441186059864
11.4976001565722
11.5507955258681
11.6033806280857
11.6556783301864
11.707361342946
11.7587562112963
11.8095312036556
11.8600183954125
11.9098795450163
11.9594541600482
12.0083960632439
12.0570529134492
12.1050706862469
12.1528043115954
12.1998934738361
12.2466983499698
12.29285457392
12.3387253811708
12.3839442412728
12.4288760549782
12.4731529253018
12.5171412152228
12.5604713662052
12.6035118343614
12.6458906282704
12.6879790179508
12.7294020668182
12.7705340504484
12.8109972792413
12.8511684437674
12.8906680622286
12.9298739771638
12.9684063722612
13.0066427281149
13.0442043161735
13.0814670557009
13.1180541942365
13.1543395369365
13.1899485637052
13.225252923328
13.2598802561152
13.2942001482004
13.3278423512168
13.3611743517212
13.3938281666096
13.4261688820162
13.4578312554133
13.489177303871
13.5198453797277
13.5501934430034
13.5798644698841
13.6092113966233
13.6378812568809
13.6662180622676
13.6938756337957
13.7211952443328
13.7478345200354
13.7741310014417
13.7997265172975
13.8250010726512
13.849595474635
13.8738608520958
13.8974501705009
13.9207060780449
13.9432909211424
13.9655367264334
13.9871130041558
14.0083421779554
14.0289054765423
14.0491145673789
14.0686621106997
14.0878484352024
14.1063780017366
14.1245391688661
14.1420488469271
14.1591827366695
14.1756707333203
14.1917755315164
14.2072400765923
14.2223141407972
14.2367536976853
14.2507953960536
14.2642086674835
14.2772163796775
14.2896022107251
14.3015745271644
14.3129317877689
14.3238673994022
14.3341951079258
14.3440927444048
14.3533901836649
14.3622485772303
14.3705150095231
14.3783332432684
14.3855678277081
14.3923452997122
14.3985471226844
14.4042832423863
14.4094517945366
14.4141458907694
14.4182808019336
14.4219322280776
14.4250332013069
14.4276416603515
14.4297084238658
14.4312733906191
14.4323060940658
14.4328271373725
14.4328256365107
14.432303135679
14.4312671561766
14.4297011580113
14.4276307751578
14.425021418552
14.4219168931053
14.4182643101649
14.4141262355984
14.4094305027578
14.4042592734367
14.3985210537049
14.3923169038297
14.385537095927
14.3783002484835
14.370479739178
14.3622108271939
14.3533504412636
14.3440501607554
14.3341508695467
14.3238199822254
14.3128829541212
14.3015223305842
14.2895486434203
14.2771594685115
14.2641502352683
14.2507338010689
14.2366903109562
14.2222478334079
14.2071717100888
14.1917044243905
14.17559739332
14.1591067156227
14.1419705632955
14.1244581000724
14.1062947738393
14.0877622236806
14.06857390905
14.0490231460112
14.0288122172156
14.0082455107239
13.9870145705931
13.9654347898901
13.9431871719492
13.9205988517028
13.8973409555904
13.8737482900936
13.8494806707127
13.824883096165
13.7996060320619
13.77400748127
13.7477083780753
13.7210660367445
13.6937437778445
13.6660829577435
13.6377436542951
13.6090702279528
13.5797210308483
13.5500460935937
13.5196959440619
13.4890237360268
13.457675603778
13.4260090975395
13.3936660547732
13.3610083356652
13.3276735711946
13.2940278077591
13.2597046883916
13.2250740535115
13.1897661860463
13.1541538381235
13.117865034833
13.0812742050903
13.0440083652335
13.0064424742291
12.9682034937675
12.9296662074693
12.8904579575135
12.8509531802466
12.8107795352591
12.7703113608101
12.7291762753574
12.6877488786137
12.6456565199894
12.6032740188359
12.5602288813266
12.5168952769124
12.4729021666894
12.4286214362915
12.3836853147953
12.3384616030179
12.2925873921891
12.2464251803473
12.1996176368612
12.1525218106483
12.1047855301125
12.0567612968806
12.0081008720803
11.9591535311852
11.9095738197232
11.8597084904126
11.8092148478297
11.7584363378121
11.7070346250324
11.6553475546613
11.6030438750081
11.5504530070086
11.4972533270522
11.4437639394352
11.3896738120455
11.3352918864735
11.2803164405882
11.2250484933434
11.1691927404827
11.1130453307362
11.0563146926812
10.9992938810902
10.9416946205012
10.8838057510704
10.8253449669188
10.7665929691389
10.7072780941572
10.6476681921552
10.5875062294882
10.5270446274945
10.4660415640721
10.4047356472269
10.3428965063479
10.2807543418833
10.2180840414357
10.1551133881231
10.0916179117667
10.0278253107088
9.96351234816806
9.89890293615173
9.83378142869042
9.7683597900066
9.70243857455641
9.63621024453415
9.5694965771016
9.50246926715935
9.434968248936
9.36715171897101
9.29886726339765
9.23027164537181
9.1612085807433
9.09184208175091
9.0220080350933
8.9518757551539
8.88128123421302
8.81038616928205
8.73904250721316
8.66738844361213
8.59530455530244
8.52289898789155
8.45007941896665
8.3769341531388
8.30338013769441
8.22950837691539
8.15522208591575
8.08063377081142
8.00562244622681
7.93032120526874
7.85459809906634
7.77858302470942
7.70216320227308
7.62543457664204
7.5483281680395
7.47089388270375
7.39310187385194
7.3149781151027
7.23649530412646
7.15769993824638
7.07852416183156
6.99906661586566
6.91920703510281
6.8390838890886
6.75856076274386
6.67776122217248
6.59659409267532
6.51511439376421
6.43330872386412
6.35116358671203
6.26870614510908
6.1859222887118
6.10279423749792
6.01939205478506
5.93559193395327
5.85156748391125
5.76711938699208
5.68244451336559
5.59738297078365
5.51203496852205
5.42637504636103
5.34036768878794
5.25408529781394
5.16746411204752
5.08051411266754
4.99331681053201
4.90568117460527
4.81789509743989
4.72961410617635
4.6411768894871
4.55231606428417
4.4631775429023
4.37375177889776
4.28393725257506
4.19387556982927
4.10347366860338
4.01267737265801
3.92173929803167
3.83019556641366
3.73864048425248
3.64645007772709
3.55411637478855
3.46136158392152
3.36817344388923
3.27475529538475
3.18081243198009
3.08646299740579
2.99187868946561
2.89642287351956
2.80103717342944
2.70455128246718
2.60792751151267
2.5105240152791
2.41230852182379
2.31364706524046
2.21388937700469
2.11323129397658
2.01200315199592
1.90875056430271
1.80527208841664
1.69918933761144
1.59167221642629
1.48195481848053
1.36871438119758
1.25247183619054
1.13171996566218
1.00458109973411
0.872769272340042
0.730036217902674
0.579876896162334
0.422237490025501
0.267022741031909
0.142595824864001
0.0618351048004717
0.0237440205214017
0.00817281327606477
0.00292257860654823
)
;

boundaryField
{
    electrode
    {
        type            energyDensity_wilsonBC5;
        seec            0;
        Tse             22000;
        value           uniform 0.000427067643625878;
    }
    ground
    {
        type            energyDensity_wilsonBC5;
        seec            0;
        Tse             22000;
        value           uniform 0.00292257860654823;
    }
    otherfaces
    {
        type            empty;
    }
}


// ************************************************************************* //
