/*--------------------------------*- C++ -*----------------------------------*\
| =========                 |                                                 |
| \\      /  F ield         | foam-extend: Open Source CFD                    |
|  \\    /   O peration     | Version:     4.1                                |
|   \\  /    A nd           | Web:         http://www.foam-extend.org         |
|    \\/     M anipulation  |                                                 |
\*---------------------------------------------------------------------------*/
FoamFile
{
    version     2.0;
    format      ascii;
    class       volVectorField;
    location    "2.50010000204314e-05";
    object      Flux_Arp1;
}
// * * * * * * * * * * * * * * * * * * * * * * * * * * * * * * * * * * * * * //

dimensions      [0 -2 -1 0 0 0 0];

internalField   nonuniform List<vector> 
500
(
(-1.49860881688324e+21 0 0)
(-1.49145753248439e+21 0 0)
(-1.49756408855577e+21 0 0)
(-1.48683335757318e+21 0 0)
(-1.48976695388317e+21 0 0)
(-1.48062444831695e+21 0 0)
(-1.48514362102869e+21 0 0)
(-1.48322062504152e+21 0 0)
(-1.48917796502936e+21 0 0)
(-1.48781655983491e+21 0 0)
(-1.49145290673934e+21 0 0)
(-1.48925151551436e+21 0 0)
(-1.49119216373972e+21 0 0)
(-1.48855822385973e+21 0 0)
(-1.48953028936327e+21 0 0)
(-1.48669064524694e+21 0 0)
(-1.48706836540396e+21 0 0)
(-1.48412458701222e+21 0 0)
(-1.48406708405632e+21 0 0)
(-1.48104112680926e+21 0 0)
(-1.48062641353094e+21 0 0)
(-1.4775286322693e+21 0 0)
(-1.47680479853103e+21 0 0)
(-1.47363070634873e+21 0 0)
(-1.47263742314268e+21 0 0)
(-1.4693800306881e+21 0 0)
(-1.46814697499695e+21 0 0)
(-1.4648010643411e+21 0 0)
(-1.46334786489768e+21 0 0)
(-1.45991356576202e+21 0 0)
(-1.45825422289425e+21 0 0)
(-1.45473282318756e+21 0 0)
(-1.45288100428854e+21 0 0)
(-1.44927165171726e+21 0 0)
(-1.44724227186851e+21 0 0)
(-1.44354271530534e+21 0 0)
(-1.44134940379582e+21 0 0)
(-1.43755926231621e+21 0 0)
(-1.43521187298055e+21 0 0)
(-1.43133347278394e+21 0 0)
(-1.42883897952762e+21 0 0)
(-1.42487536799098e+21 0 0)
(-1.42224032934458e+21 0 0)
(-1.41819298742846e+21 0 0)
(-1.41542499315432e+21 0 0)
(-1.4112936666829e+21 0 0)
(-1.40840036889336e+21 0 0)
(-1.40418475325119e+21 0 0)
(-1.40117220306132e+21 0 0)
(-1.39687312761176e+21 0 0)
(-1.39374530141049e+21 0 0)
(-1.38936445775922e+21 0 0)
(-1.38612418227128e+21 0 0)
(-1.38166285350985e+21 0 0)
(-1.37831312965916e+21 0 0)
(-1.37377145139865e+21 0 0)
(-1.37031590900577e+21 0 0)
(-1.36569335667126e+21 0 0)
(-1.36213568837202e+21 0 0)
(-1.3574319372166e+21 0 0)
(-1.35377497340072e+21 0 0)
(-1.34899025087713e+21 0 0)
(-1.34523562125017e+21 0 0)
(-1.34037050544052e+21 0 0)
(-1.33651931265615e+21 0 0)
(-1.33157428417358e+21 0 0)
(-1.32762788306057e+21 0 0)
(-1.32260292017707e+21 0 0)
(-1.31856305546704e+21 0 0)
(-1.31345770490264e+21 0 0)
(-1.30932624693133e+21 0 0)
(-1.30414010495341e+21 0 0)
(-1.29991862744392e+21 0 0)
(-1.29465166859604e+21 0 0)
(-1.29034123424799e+21 0 0)
(-1.28499383183694e+21 0 0)
(-1.28059521884697e+21 0 0)
(-1.27516787020169e+21 0 0)
(-1.27068189742792e+21 0 0)
(-1.26517491400047e+21 0 0)
(-1.26060266106009e+21 0 0)
(-1.25501612946863e+21 0 0)
(-1.25035889356147e+21 0 0)
(-1.24469281798662e+21 0 0)
(-1.23995188719361e+21 0 0)
(-1.23420643225634e+21 0 0)
(-1.22938291036306e+21 0 0)
(-1.22355851458126e+21 0 0)
(-1.21865329194522e+21 0 0)
(-1.21275060255989e+21 0 0)
(-1.20776450220709e+21 0 0)
(-1.20178420408443e+21 0 0)
(-1.19671813832259e+21 0 0)
(-1.19066082785561e+21 0 0)
(-1.18551587739536e+21 0 0)
(-1.17938205308219e+21 0 0)
(-1.17415941288779e+21 0 0)
(-1.16794956292485e+21 0 0)
(-1.16265042565437e+21 0 0)
(-1.15636514817708e+21 0 0)
(-1.15099061054085e+21 0 0)
(-1.1446306608079e+21 0 0)
(-1.13918171563068e+21 0 0)
(-1.13274796560891e+21 0 0)
(-1.12722556859081e+21 0 0)
(-1.12071892014264e+21 0 0)
(-1.11512407589255e+21 0 0)
(-1.10854539306288e+21 0 0)
(-1.10287919839267e+21 0 0)
(-1.09622929224637e+21 0 0)
(-1.09049291721971e+21 0 0)
(-1.08377259066872e+21 0 0)
(-1.07796722252627e+21 0 0)
(-1.07117733143259e+21 0 0)
(-1.06530411683818e+21 0 0)
(-1.05844560069422e+21 0 0)
(-1.05250562261127e+21 0 0)
(-1.04557949147368e+21 0 0)
(-1.03957379503124e+21 0 0)
(-1.03258108803603e+21 0 0)
(-1.02651072384427e+21 0 0)
(-1.01945246748031e+21 0 0)
(-1.01331852695919e+21 0 0)
(-1.006195712236e+21 0 0)
(-9.99999325553913e+20 0 0)
(-9.92812919020468e+20 0 0)
(-9.86555234626769e+20 0 0)
(-9.79306211053454e+20 0 0)
(-9.72988364850933e+20 0 0)
(-9.65677737364788e+20 0 0)
(-9.59300834328335e+20 0 0)
(-9.5192966219574e+20 0 0)
(-9.45494775448207e+20 0 0)
(-9.3806414728185e+20 0 0)
(-9.31572337250752e+20 0 0)
(-9.24083346959736e+20 0 0)
(-9.17535681884395e+20 0 0)
(-9.09989407117504e+20 0 0)
(-9.03386975923156e+20 0 0)
(-8.95784473281752e+20 0 0)
(-8.89128382981709e+20 0 0)
(-8.81470698296605e+20 0 0)
(-8.74762057234325e+20 0 0)
(-8.67050241234892e+20 0 0)
(-8.6029014297028e+20 0 0)
(-8.52525262824715e+20 0 0)
(-8.45714776296685e+20 0 0)
(-8.37897917055873e+20 0 0)
(-8.31038090634379e+20 0 0)
(-8.23170348150425e+20 0 0)
(-8.16262223012192e+20 0 0)
(-8.08344691819576e+20 0 0)
(-8.01389312324506e+20 0 0)
(-7.93423073020308e+20 0 0)
(-7.86421492375904e+20 0 0)
(-7.78407610665217e+20 0 0)
(-7.71360888704248e+20 0 0)
(-7.63300419539192e+20 0 0)
(-7.56209614289088e+20 0 0)
(-7.4810361158244e+20 0 0)
(-7.40969771028243e+20 0 0)
(-7.32819295877362e+20 0 0)
(-7.25643453425034e+20 0 0)
(-7.17449572543436e+20 0 0)
(-7.1023274976613e+20 0 0)
(-7.01996531267621e+20 0 0)
(-6.94739742961915e+20 0 0)
(-6.86462249521432e+20 0 0)
(-6.79166510850574e+20 0 0)
(-6.70848793906892e+20 0 0)
(-6.63515124016625e+20 0 0)
(-6.55158221663747e+20 0 0)
(-6.47787643995635e+20 0 0)
(-6.39392583531214e+20 0 0)
(-6.31986121917143e+20 0 0)
(-6.23553924529001e+20 0 0)
(-6.16112597138195e+20 0 0)
(-6.07644283009363e+20 0 0)
(-6.00169100159986e+20 0 0)
(-5.91665688302097e+20 0 0)
(-5.84157653296682e+20 0 0)
(-5.75620158641462e+20 0 0)
(-5.68080272303778e+20 0 0)
(-5.59509702429119e+20 0 0)
(-5.51938965643164e+20 0 0)
(-5.43336317742906e+20 0 0)
(-5.35735734439292e+20 0 0)
(-5.27101993651659e+20 0 0)
(-5.19472572801099e+20 0 0)
(-5.10808711618913e+20 0 0)
(-5.03151463595072e+20 0 0)
(-4.94458444890612e+20 0 0)
(-4.86774378711475e+20 0 0)
(-4.780533854099e+20 0 0)
(-4.70343620201226e+20 0 0)
(-4.61595367159033e+20 0 0)
(-4.53860818131504e+20 0 0)
(-4.45086474999169e+20 0 0)
(-4.37328730704617e+20 0 0)
(-4.28529519486898e+20 0 0)
(-4.20747030415144e+20 0 0)
(-4.1192425895849e+20 0 0)
(-4.04120995983693e+20 0 0)
(-3.95275217122706e+20 0 0)
(-3.87450058647714e+20 0 0)
(-3.78582560892512e+20 0 0)
(-3.70736739914392e+20 0 0)
(-3.61848638653805e+20 0 0)
(-3.53983058602112e+20 0 0)
(-3.45074982814093e+20 0 0)
(-3.37190588771097e+20 0 0)
(-3.28263613205888e+20 0 0)
(-3.20361366016508e+20 0 0)
(-3.11416449480945e+20 0 0)
(-3.03497335208213e+20 0 0)
(-2.94535433532593e+20 0 0)
(-2.86600245459409e+20 0 0)
(-2.77622315148615e+20 0 0)
(-2.69672267531801e+20 0 0)
(-2.6067916556537e+20 0 0)
(-2.5271500841335e+20 0 0)
(-2.43707803478893e+20 0 0)
(-2.35730506838093e+20 0 0)
(-2.26710053060123e+20 0 0)
(-2.18720582139639e+20 0 0)
(-2.0968783414199e+20 0 0)
(-2.01687102665769e+20 0 0)
(-1.92642966570314e+20 0 0)
(-1.84631913661774e+20 0 0)
(-1.75577364261227e+20 0 0)
(-1.67556867222909e+20 0 0)
(-1.58492885727035e+20 0 0)
(-1.50463850301145e+20 0 0)
(-1.41391360734171e+20 0 0)
(-1.33354697719536e+20 0 0)
(-1.24274620458495e+20 0 0)
(-1.1623126279811e+20 0 0)
(-1.07144540297394e+20 0 0)
(-9.90953738585769e+19 0 0)
(-9.00029666143221e+19 0 0)
(-8.19488771696252e+19 0 0)
(-7.2851738603902e+19 0 0)
(-6.47936449606244e+19 0 0)
(-5.56926981669884e+19 0 0)
(-4.76314894176146e+19 0 0)
(-3.85276956768096e+19 0 0)
(-3.04642572432384e+19 0 0)
(-2.13585728209821e+19 0 0)
(-1.32937546720942e+19 0 0)
(-4.18686718490502e+18 0 0)
(3.87779936506484e+18 0 0)
(1.29846821835152e+19 0 0)
(2.10495159152581e+19 0 0)
(3.01551874203889e+19 0 0)
(3.82186570278616e+19 0 0)
(4.73224388857246e+19 0 0)
(5.538368050106e+19 0 0)
(6.44846326292909e+19 0 0)
(7.25427429642157e+19 0 0)
(8.16399226786515e+19 0 0)
(8.96940119206232e+19 0 0)
(9.87864444946587e+19 0 0)
(1.06835645756301e+20 0 0)
(1.15922384886293e+20 0 0)
(1.23965755238871e+20 0 0)
(1.33045904578552e+20 0 0)
(1.41082542908445e+20 0 0)
(1.50155112277561e+20 0 0)
(1.58184172255014e+20 0 0)
(1.67248197795055e+20 0 0)
(1.75268766893813e+20 0 0)
(1.84323319757368e+20 0 0)
(1.92334471313168e+20 0 0)
(2.01378633919129e+20 0 0)
(2.09379406667728e+20 0 0)
(2.18412249399321e+20 0 0)
(2.2640173402863e+20 0 0)
(2.35422256135087e+20 0 0)
(2.43399583937148e+20 0 0)
(2.52406896221615e+20 0 0)
(2.60371102356182e+20 0 0)
(2.69364184795065e+20 0 0)
(2.77314411784443e+20 0 0)
(2.86292419749717e+20 0 0)
(2.94227589721886e+20 0 0)
(3.03189506386386e+20 0 0)
(3.11108838876881e+20 0 0)
(3.20053741227095e+20 0 0)
(3.27956173222665e+20 0 0)
(3.36883117080457e+20 0 0)
(3.44767648950261e+20 0 0)
(3.53675804286892e+20 0 0)
(3.6154154017515e+20 0 0)
(3.70429691083698e+20 0 0)
(3.78275718758708e+20 0 0)
(3.8714355943077e+20 0 0)
(3.94968966531331e+20 0 0)
(4.03815094608391e+20 0 0)
(4.1161874191996e+20 0 0)
(4.20442623998592e+20 0 0)
(4.28226049352144e+20 0 0)
(4.37024033977697e+20 0 0)
(4.44781585285757e+20 0 0)
(4.53555728915085e+20 0 0)
(4.61290185992547e+20 0 0)
(4.70038193269272e+20 0 0)
(4.77747822832856e+20 0 0)
(4.86468787925778e+20 0 0)
(4.94152986635877e+20 0 0)
(5.02846096597872e+20 0 0)
(5.10503472106412e+20 0 0)
(5.19167435726274e+20 0 0)
(5.26796984899215e+20 0 0)
(5.35430829748725e+20 0 0)
(5.43031552031455e+20 0 0)
(5.51634294595345e+20 0 0)
(5.59205189451724e+20 0 0)
(5.67775841075981e+20 0 0)
(5.75315902986981e+20 0 0)
(5.83853472800434e+20 0 0)
(5.91361690523181e+20 0 0)
(5.998651833302e+20 0 0)
(6.07340542342616e+20 0 0)
(6.15808955461853e+20 0 0)
(6.23250442664729e+20 0 0)
(6.31682761966067e+20 0 0)
(6.39089368868308e+20 0 0)
(6.47484567112283e+20 0 0)
(6.54855288008908e+20 0 0)
(6.63212327764256e+20 0 0)
(6.70546156850439e+20 0 0)
(6.78863994205345e+20 0 0)
(6.86159921527835e+20 0 0)
(6.94437510031998e+20 0 0)
(7.01694515963935e+20 0 0)
(7.09930811836912e+20 0 0)
(7.17147865856965e+20 0 0)
(7.25341827348152e+20 0 0)
(7.32517891008176e+20 0 0)
(7.40668472345432e+20 0 0)
(7.47802506358364e+20 0 0)
(7.55908652416163e+20 0 0)
(7.62999622382209e+20 0 0)
(7.71060262797217e+20 0 0)
(7.78107140141777e+20 0 0)
(7.86121193682776e+20 0 0)
(7.93122950163265e+20 0 0)
(8.01089330115816e+20 0 0)
(8.08044930723107e+20 0 0)
(8.15962556329841e+20 0 0)
(8.22870950816947e+20 0 0)
(8.30738753239014e+20 0 0)
(8.37598873110216e+20 0 0)
(8.45415794787694e+20 0 0)
(8.52226557731485e+20 0 0)
(8.59991542418376e+20 0 0)
(8.66751864690179e+20 0 0)
(8.74463845318957e+20 0 0)
(8.81172653833488e+20 0 0)
(8.88830546942111e+20 0 0)
(8.95486784696516e+20 0 0)
(9.03089493769647e+20 0 0)
(9.09692109419648e+20 0 0)
(9.17238537661115e+20 0 0)
(9.23786469353858e+20 0 0)
(9.31275536891179e+20 0 0)
(9.37767697699399e+20 0 0)
(9.45198354350409e+20 0 0)
(9.51633628706715e+20 0 0)
(9.59004849971931e+20 0 0)
(9.65382106827687e+20 0 0)
(9.72692876185633e+20 0 0)
(9.79010991114554e+20 0 0)
(9.86260276315395e+20 0 0)
(9.92518151465921e+20 0 0)
(9.99704891960186e+20 0 0)
(1.00590145642687e+21 0 0)
(1.0130245723952e+21 0 0)
(1.01915876365542e+21 0 0)
(1.0262171885101e+21 0 0)
(1.03228792404216e+21 0 0)
(1.03928064217109e+21 0 0)
(1.04528680024634e+21 0 0)
(1.0522128590642e+21 0 0)
(1.0581532776162e+21 0 0)
(1.06501177040294e+21 0 0)
(1.07088528152093e+21 0 0)
(1.07767530844668e+21 0 0)
(1.08348078673155e+21 0 0)
(1.09020141692893e+21 0 0)
(1.09593780564911e+21 0 0)
(1.10258806912474e+21 0 0)
(1.10825435739969e+21 0 0)
(1.11483328018203e+21 0 0)
(1.1204284500581e+21 0 0)
(1.12693511789086e+21 0 0)
(1.13245808852636e+21 0 0)
(1.13889169816698e+21 0 0)
(1.14434130658903e+21 0 0)
(1.15070115872659e+21 0 0)
(1.15607620463506e+21 0 0)
(1.16236163843825e+21 0 0)
(1.16766097305336e+21 0 0)
(1.17387128492423e+21 0 0)
(1.17909387916096e+21 0 0)
(1.18522828816257e+21 0 0)
(1.19037322269106e+21 0 0)
(1.19643092366144e+21 0 0)
(1.20149729859925e+21 0 0)
(1.20747758506238e+21 0 0)
(1.21246440169501e+21 0 0)
(1.21836676044827e+21 0 0)
(1.22327286062556e+21 0 0)
(1.22909697250808e+21 0 0)
(1.23392111628073e+21 0 0)
(1.239666726906e+21 0 0)
(1.24440774820084e+21 0 0)
(1.25007450103202e+21 0 0)
(1.25473144197144e+21 0 0)
(1.2603188187784e+21 0 0)
(1.26489089374697e+21 0 0)
(1.27039832268138e+21 0 0)
(1.27488473756046e+21 0 0)
(1.28031183210608e+21 0 0)
(1.28471153396073e+21 0 0)
(1.2900582463627e+21 0 0)
(1.29436985472074e+21 0 0)
(1.299636422236e+21 0 0)
(1.30385843313067e+21 0 0)
(1.30904505708934e+21 0 0)
(1.31317613600294e+21 0 0)
(1.31828270022558e+21 0 0)
(1.32232186931612e+21 0 0)
(1.32734793088912e+21 0 0)
(1.33129432457244e+21 0 0)
(1.33623941655104e+21 0 0)
(1.34009179683581e+21 0 0)
(1.34495590879771e+21 0 0)
(1.34871231976364e+21 0 0)
(1.35349593045908e+21 0 0)
(1.35715378295468e+21 0 0)
(1.36185740974261e+21 0 0)
(1.36541417361975e+21 0 0)
(1.37003790307027e+21 0 0)
(1.37349168912113e+21 0 0)
(1.37803488836722e+21 0 0)
(1.38138404148433e+21 0 0)
(1.38584567027379e+21 0 0)
(1.38908768407448e+21 0 0)
(1.39346717651012e+21 0 0)
(1.39659798741117e+21 0 0)
(1.40089567270662e+21 0 0)
(1.40390999750478e+21 0 0)
(1.40812636490982e+21 0 0)
(1.41101885025077e+21 0 0)
(1.4151532320429e+21 0 0)
(1.41791934840457e+21 0 0)
(1.42196955108816e+21 0 0)
(1.42460493227833e+21 0 0)
(1.4285686172774e+21 0 0)
(1.43106712023664e+21 0 0)
(1.43494358884177e+21 0 0)
(1.43729613741499e+21 0 0)
(1.44108639784325e+21 0 0)
(1.44328207758028e+21 0 0)
(1.44698665291021e+21 0 0)
(1.44901534852197e+21 0 0)
(1.45263217085294e+21 0 0)
(1.45448504545424e+21 0 0)
(1.45801090042894e+21 0 0)
(1.45967729339455e+21 0 0)
(1.46311164683134e+21 0 0)
(1.4645752354764e+21 0 0)
(1.46792243129647e+21 0 0)
(1.46916158058047e+21 0 0)
(1.47242673036481e+21 0 0)
(1.47341932518807e+21 0 0)
(1.47660376180035e+21 0 0)
(1.47732754315574e+21 0 0)
(1.48042881593317e+21 0 0)
(1.48085125113392e+21 0 0)
(1.48387323470503e+21 0 0)
(1.4839426383349e+21 0 0)
(1.48688997310458e+21 0 0)
(1.48652360021616e+21 0 0)
(1.48939518879736e+21 0 0)
(1.48846584415367e+21 0 0)
(1.49119921811755e+21 0 0)
(1.48941825757615e+21 0 0)
(1.49186178512627e+21 0 0)
(1.48854731959116e+21 0 0)
(1.49022942849131e+21 0 0)
(1.48450799969302e+21 0 0)
(1.48643552623843e+21 0 0)
(1.48161404039053e+21 0 0)
(1.4903871341944e+21 0 0)
(1.48718669651466e+21 0 0)
(1.49780007440799e+21 0 0)
(1.49164588368932e+21 0 0)
(1.49874614859437e+21 0 0)
)
;

boundaryField
{
    electrode
    {
        type            calculated;
        value           uniform (-1.49860881688324e+21 0 0);
    }
    ground
    {
        type            calculated;
        value           uniform (1.49874614859437e+21 0 0);
    }
    otherfaces
    {
        type            empty;
    }
}


// ************************************************************************* //
