/*--------------------------------*- C++ -*----------------------------------*\
| =========                 |                                                 |
| \\      /  F ield         | foam-extend: Open Source CFD                    |
|  \\    /   O peration     | Version:     4.1                                |
|   \\  /    A nd           | Web:         http://www.foam-extend.org         |
|    \\/     M anipulation  |                                                 |
\*---------------------------------------------------------------------------*/
FoamFile
{
    version     2.0;
    format      ascii;
    class       volVectorField;
    location    "2.50010000204314e-05";
    object      term4;
}
// * * * * * * * * * * * * * * * * * * * * * * * * * * * * * * * * * * * * * //

dimensions      [0 -2 -2 0 0 0 0];

internalField   nonuniform List<vector> 
500
(
(2.59676308952913e+24 0 0)
(5.69711755467414e+24 0 0)
(7.02782475366423e+24 0 0)
(9.94046474364785e+24 0 0)
(1.35162244102539e+25 0 0)
(1.74123139702839e+25 0 0)
(2.04871023435592e+25 0 0)
(2.19953603779551e+25 0 0)
(2.2073806080905e+25 0 0)
(2.1445509136791e+25 0 0)
(2.0542555196492e+25 0 0)
(1.96682620036526e+25 0 0)
(1.88742900062759e+25 0 0)
(1.81911518213711e+25 0 0)
(1.76109495576036e+25 0 0)
(1.71196491317828e+25 0 0)
(1.66705626020585e+25 0 0)
(1.62679461219915e+25 0 0)
(1.58940019401864e+25 0 0)
(1.55499400672618e+25 0 0)
(1.52144413581233e+25 0 0)
(1.48926877907587e+25 0 0)
(1.45768141844554e+25 0 0)
(1.42726637015293e+25 0 0)
(1.397142644407e+25 0 0)
(1.36795746465783e+25 0 0)
(1.33908572850303e+25 0 0)
(1.31084541229356e+25 0 0)
(1.28303593184374e+25 0 0)
(1.25565518470286e+25 0 0)
(1.22874564313739e+25 0 0)
(1.20219540543948e+25 0 0)
(1.17610928634655e+25 0 0)
(1.15033763409229e+25 0 0)
(1.1250754818241e+25 0 0)
(1.10002629624263e+25 0 0)
(1.07560481984269e+25 0 0)
(1.0512557641617e+25 0 0)
(1.0276696135895e+25 0 0)
(1.00403270722194e+25 0 0)
(9.81264058585387e+24 0 0)
(9.58357930838783e+24 0 0)
(9.36399412768612e+24 0 0)
(9.14227112221518e+24 0 0)
(8.930879201798e+24 0 0)
(8.71640287665578e+24 0 0)
(8.51333547263731e+24 0 0)
(8.306031003596e+24 0 0)
(8.11131772164934e+24 0 0)
(7.91119264918923e+24 0 0)
(7.72474323032748e+24 0 0)
(7.53184016157483e+24 0 0)
(7.35351916414063e+24 0 0)
(7.16783318571874e+24 0 0)
(6.9975236991175e+24 0 0)
(6.81896901237179e+24 0 0)
(6.656573053412e+24 0 0)
(6.48501717398126e+24 0 0)
(6.33041385360525e+24 0 0)
(6.16572571537231e+24 0 0)
(6.01873582817475e+24 0 0)
(5.86080317156886e+24 0 0)
(5.72119320547463e+24 0 0)
(5.56990550804717e+24 0 0)
(5.43741866695675e+24 0 0)
(5.29264278990455e+24 0 0)
(5.16702303953279e+24 0 0)
(5.02859411832297e+24 0 0)
(4.90959055948719e+24 0 0)
(4.77732455179864e+24 0 0)
(4.66468055356831e+24 0 0)
(4.53839277334464e+24 0 0)
(4.43183463741533e+24 0 0)
(4.31134909037017e+24 0 0)
(4.21058646330834e+24 0 0)
(4.09573218211376e+24 0 0)
(4.00046941369443e+24 0 0)
(3.89107186860285e+24 0 0)
(3.8010197956239e+24 0 0)
(3.69689538166463e+24 0 0)
(3.61177681680698e+24 0 0)
(3.51273444250485e+24 0 0)
(3.43228320235661e+24 0 0)
(3.33813094848561e+24 0 0)
(3.26208744060793e+24 0 0)
(3.17263808053169e+24 0 0)
(3.10074719633856e+24 0 0)
(3.01581912188213e+24 0 0)
(2.94783240526112e+24 0 0)
(2.8672468773863e+24 0 0)
(2.80292714432842e+24 0 0)
(2.72650521606697e+24 0 0)
(2.66562996449124e+24 0 0)
(2.59319121063059e+24 0 0)
(2.53555352218549e+24 0 0)
(2.46691738256747e+24 0 0)
(2.41232440833287e+24 0 0)
(2.3473130672981e+24 0 0)
(2.29558352614577e+24 0 0)
(2.23402407241027e+24 0 0)
(2.18498674373874e+24 0 0)
(2.12671151750189e+24 0 0)
(2.08020535890474e+24 0 0)
(2.02505110972963e+24 0 0)
(1.98092609538609e+24 0 0)
(1.92873301606796e+24 0 0)
(1.88685067723447e+24 0 0)
(1.83746213995611e+24 0 0)
(1.79769514116345e+24 0 0)
(1.75095844314574e+24 0 0)
(1.71318924655413e+24 0 0)
(1.66895687265729e+24 0 0)
(1.63307604934407e+24 0 0)
(1.59120675141444e+24 0 0)
(1.55711168136202e+24 0 0)
(1.51747080133526e+24 0 0)
(1.48506504309187e+24 0 0)
(1.44752425536152e+24 0 0)
(1.41671742757535e+24 0 0)
(1.38115425925585e+24 0 0)
(1.35186197967789e+24 0 0)
(1.31815950427889e+24 0 0)
(1.2903030807734e+24 0 0)
(1.2583499825548e+24 0 0)
(1.23185574458182e+24 0 0)
(1.20154661593795e+24 0 0)
(1.17634507627788e+24 0 0)
(1.147580712671e+24 0 0)
(1.12360587194248e+24 0 0)
(1.09629327172603e+24 0 0)
(1.07348218623491e+24 0 0)
(1.0475342385438e+24 0 0)
(1.02582695426009e+24 0 0)
(1.00116172553005e+24 0 0)
(9.80501534793042e+23 0 0)
(9.57042260307163e+23 0 0)
(9.37375248219062e+23 0 0)
(9.1505002248738e+23 0 0)
(8.96324914344601e+23 0 0)
(8.75066294477545e+23 0 0)
(8.57234382808618e+23 0 0)
(8.36979284505964e+23 0 0)
(8.19994165509606e+23 0 0)
(8.00683657428598e+23 0 0)
(7.84501063150477e+23 0 0)
(7.66080130698303e+23 0 0)
(7.50657827708671e+23 0 0)
(7.33075104087852e+23 0 0)
(7.18372867174493e+23 0 0)
(7.01580305606311e+23 0 0)
(6.87559897966012e+23 0 0)
(6.71512483022926e+23 0 0)
(6.58137624051153e+23 0 0)
(6.4279313563557e+23 0 0)
(6.30029428106336e+23 0 0)
(6.15348239622455e+23 0 0)
(6.0316307352381e+23 0 0)
(5.89108002945204e+23 0 0)
(5.77470437397082e+23 0 0)
(5.64006608746141e+23 0 0)
(5.5288728250534e+23 0 0)
(5.39981968910742e+23 0 0)
(5.2935303459314e+23 0 0)
(5.16975494707537e+23 0 0)
(5.06810562930013e+23 0 0)
(4.94931893724112e+23 0 0)
(4.85205997492453e+23 0 0)
(4.73798968123874e+23 0 0)
(4.64488528312431e+23 0 0)
(4.53527471819757e+23 0 0)
(4.4461022819883e+23 0 0)
(4.34070933093247e+23 0 0)
(4.25525884742018e+23 0 0)
(4.15385535712645e+23 0 0)
(4.07192868644449e+23 0 0)
(3.97429982069018e+23 0 0)
(3.89571027224571e+23 0 0)
(3.80165399310754e+23 0 0)
(3.72622583577219e+23 0 0)
(3.63555248246639e+23 0 0)
(3.56312084220247e+23 0 0)
(3.47565267270324e+23 0 0)
(3.40606361745945e+23 0 0)
(3.32163462901937e+23 0 0)
(3.25474575176398e+23 0 0)
(3.17320141225069e+23 0 0)
(3.10888315633402e+23 0 0)
(3.03007991412892e+23 0 0)
(2.96821850508278e+23 0 0)
(2.89202257693541e+23 0 0)
(2.83252537548336e+23 0 0)
(2.75881089279836e+23 0 0)
(2.70164563177967e+23 0 0)
(2.63033286387288e+23 0 0)
(2.57512013893846e+23 0 0)
(2.50504471379109e+23 0 0)
(2.45138139515063e+23 0 0)
(2.38257370555668e+23 0 0)
(2.33059348899214e+23 0 0)
(2.26144202814387e+23 0 0)
(2.20830791236077e+23 0 0)
(2.14381619450801e+23 0 0)
(2.09381527308816e+23 0 0)
(2.03095361385896e+23 0 0)
(1.9832829598851e+23 0 0)
(1.9225564141894e+23 0 0)
(1.87693272942786e+23 0 0)
(1.81804046539409e+23 0 0)
(1.7737012163702e+23 0 0)
(1.71623645917887e+23 0 0)
(1.6730923097357e+23 0 0)
(1.61693610870277e+23 0 0)
(1.57486888665412e+23 0 0)
(1.51992270396085e+23 0 0)
(1.47885929922949e+23 0 0)
(1.42504208415308e+23 0 0)
(1.38492290874499e+23 0 0)
(1.33215595764057e+23 0 0)
(1.29292165060544e+23 0 0)
(1.24113046576366e+23 0 0)
(1.20272345525948e+23 0 0)
(1.15184043977698e+23 0 0)
(1.11419866232815e+23 0 0)
(1.06415611726195e+23 0 0)
(1.02722098197395e+23 0 0)
(9.77954505446281e+22 0 0)
(9.41665523424641e+22 0 0)
(8.93112761729128e+22 0 0)
(8.57408389589376e+22 0 0)
(8.0950919619033e+22 0 0)
(7.74329723813256e+22 0 0)
(7.27029850820319e+22 0 0)
(6.92308376189394e+22 0 0)
(6.45559421739881e+22 0 0)
(6.11226522244779e+22 0 0)
(5.64988002037e+22 0 0)
(5.30966180623519e+22 0 0)
(4.85209038592737e+22 0 0)
(4.51407475738586e+22 0 0)
(4.06121435128603e+22 0 0)
(3.72429231925346e+22 0 0)
(3.27633017377435e+22 0 0)
(2.93905108533813e+22 0 0)
(2.49659106095509e+22 0 0)
(2.15705988282819e+22 0 0)
(1.7213957000856e+22 0 0)
(1.37709018464624e+22 0 0)
(9.51237219739335e+21 0 0)
(6.03573880290047e+21 0 0)
(1.62416070815731e+21 0 0)
(-1.62086629918482e+21 0 0)
(-6.03227451162855e+21 0 0)
(-9.50957646899135e+21 0 0)
(-1.37672128092983e+22 0 0)
(-1.72109623284111e+22 0 0)
(-2.1567058481618e+22 0 0)
(-2.49627840362879e+22 0 0)
(-2.938709886879e+22 0 0)
(-3.27600863722161e+22 0 0)
(-3.72394602235198e+22 0 0)
(-4.06089854225658e+22 0 0)
(-4.51373386398244e+22 0 0)
(-4.85175942028113e+22 0 0)
(-5.30932671893003e+22 0 0)
(-5.64954453043343e+22 0 0)
(-6.11193271927101e+22 0 0)
(-6.45526132975025e+22 0 0)
(-6.92273956160187e+22 0 0)
(-7.26996959413547e+22 0 0)
(-7.74294958650659e+22 0 0)
(-8.09475825675608e+22 0 0)
(-8.57374172485975e+22 0 0)
(-8.9307806866482e+22 0 0)
(-9.4163147053168e+22 0 0)
(-9.77920033264142e+22 0 0)
(-1.02718603485025e+23 0 0)
(-1.06412226446099e+23 0 0)
(-1.11416347260319e+23 0 0)
(-1.15180570570604e+23 0 0)
(-1.20268743912341e+23 0 0)
(-1.24109630376855e+23 0 0)
(-1.29288529139655e+23 0 0)
(-1.3321197737277e+23 0 0)
(-1.38488705562699e+23 0 0)
(-1.42500664971321e+23 0 0)
(-1.4788226993818e+23 0 0)
(-1.51988632778846e+23 0 0)
(-1.57483118771707e+23 0 0)
(-1.6168998023218e+23 0 0)
(-1.67305413494688e+23 0 0)
(-1.71620009981255e+23 0 0)
(-1.77366311817965e+23 0 0)
(-1.81800161520534e+23 0 0)
(-1.87689355067478e+23 0 0)
(-1.92251821071083e+23 0 0)
(-1.98324405698848e+23 0 0)
(-2.03091329412934e+23 0 0)
(-2.09377622009836e+23 0 0)
(-2.14377851513278e+23 0 0)
(-2.20826524302191e+23 0 0)
(-2.2613868870687e+23 0 0)
(-2.33055049594586e+23 0 0)
(-2.38253141172126e+23 0 0)
(-2.45133887064114e+23 0 0)
(-2.50500165879542e+23 0 0)
(-2.57507658952513e+23 0 0)
(-2.63029135070496e+23 0 0)
(-2.70160279661703e+23 0 0)
(-2.75876856406805e+23 0 0)
(-2.83248075989602e+23 0 0)
(-2.89197883565532e+23 0 0)
(-2.96817268907111e+23 0 0)
(-3.03003496420068e+23 0 0)
(-3.10883627909093e+23 0 0)
(-3.1731552257826e+23 0 0)
(-3.25469773883775e+23 0 0)
(-3.32158718809413e+23 0 0)
(-3.40601437955443e+23 0 0)
(-3.47560395597735e+23 0 0)
(-3.56307034288991e+23 0 0)
(-3.63550242960365e+23 0 0)
(-3.72617404039099e+23 0 0)
(-3.80160253355916e+23 0 0)
(-3.89565710809273e+23 0 0)
(-3.97424689619576e+23 0 0)
(-4.07187408594043e+23 0 0)
(-4.153800912302e+23 0 0)
(-4.25520272001762e+23 0 0)
(-4.34065325132782e+23 0 0)
(-4.44604455946706e+23 0 0)
(-4.53521697207114e+23 0 0)
(-4.64482589508657e+23 0 0)
(-4.7379301821973e+23 0 0)
(-4.85199881481524e+23 0 0)
(-4.94925755994868e+23 0 0)
(-5.06804259381705e+23 0 0)
(-5.16969163224437e+23 0 0)
(-5.29346535132188e+23 0 0)
(-5.39975430574547e+23 0 0)
(-5.52880578051131e+23 0 0)
(-5.63999854618994e+23 0 0)
(-5.77463516119769e+23 0 0)
(-5.89101021304832e+23 0 0)
(-6.03155920651765e+23 0 0)
(-6.15341019032104e+23 0 0)
(-6.30022040310463e+23 0 0)
(-6.42785662145557e+23 0 0)
(-6.58129982414898e+23 0 0)
(-6.71504746633419e+23 0 0)
(-6.87551992295115e+23 0 0)
(-7.01572291218591e+23 0 0)
(-7.18364683955031e+23 0 0)
(-7.330667984215e+23 0 0)
(-7.50649356341248e+23 0 0)
(-7.66071518435822e+23 0 0)
(-7.84492283967114e+23 0 0)
(-8.00674720815484e+23 0 0)
(-8.19985072613949e+23 0 0)
(-8.36970011216206e+23 0 0)
(-8.57224956618588e+23 0 0)
(-8.75056668060676e+23 0 0)
(-8.96315136985496e+23 0 0)
(-9.15040026232356e+23 0 0)
(-9.37365107738227e+23 0 0)
(-9.57031881552627e+23 0 0)
(-9.80491008940692e+23 0 0)
(-1.00115094373838e+24 0 0)
(-1.02581603375325e+24 0 0)
(-1.04752303497131e+24 0 0)
(-1.07347084938588e+24 0 0)
(-1.09628163559282e+24 0 0)
(-1.12359410031561e+24 0 0)
(-1.14756861823339e+24 0 0)
(-1.17633285424254e+24 0 0)
(-1.20153405356239e+24 0 0)
(-1.23184304796146e+24 0 0)
(-1.25833693068367e+24 0 0)
(-1.29028989450568e+24 0 0)
(-1.31814595587641e+24 0 0)
(-1.35184828367003e+24 0 0)
(-1.38114019155487e+24 0 0)
(-1.41670320071679e+24 0 0)
(-1.44750965334779e+24 0 0)
(-1.48505027400244e+24 0 0)
(-1.51745565147198e+24 0 0)
(-1.55709634689832e+24 0 0)
(-1.59119103790404e+24 0 0)
(-1.63306014264138e+24 0 0)
(-1.66894058878502e+24 0 0)
(-1.7131727440472e+24 0 0)
(-1.75094158068345e+24 0 0)
(-1.79767803192351e+24 0 0)
(-1.83744468815461e+24 0 0)
(-1.88683295572215e+24 0 0)
(-1.92871496568569e+24 0 0)
(-1.98090775150333e+24 0 0)
(-2.02503246479254e+24 0 0)
(-2.08018639284115e+24 0 0)
(-2.12669228195185e+24 0 0)
(-2.18496715501104e+24 0 0)
(-2.2340042431191e+24 0 0)
(-2.29556332807616e+24 0 0)
(-2.34729266013412e+24 0 0)
(-2.41230360821754e+24 0 0)
(-2.46689641087901e+24 0 0)
(-2.53553214198344e+24 0 0)
(-2.59316970234786e+24 0 0)
(-2.6656080227895e+24 0 0)
(-2.72648321275227e+24 0 0)
(-2.80290468034193e+24 0 0)
(-2.86722440291005e+24 0 0)
(-2.94780946481546e+24 0 0)
(-3.01579623410694e+24 0 0)
(-3.10072384143879e+24 0 0)
(-3.17261484033108e+24 0 0)
(-3.26206374333565e+24 0 0)
(-3.33810741711115e+24 0 0)
(-3.43225923705901e+24 0 0)
(-3.51271072476718e+24 0 0)
(-3.61175268144416e+24 0 0)
(-3.69687157201581e+24 0 0)
(-3.80099558912425e+24 0 0)
(-3.89104809297286e+24 0 0)
(-4.00044527692843e+24 0 0)
(-4.09570856881691e+24 0 0)
(-4.21056252990386e+24 0 0)
(-4.31132578560579e+24 0 0)
(-4.43181109623418e+24 0 0)
(-4.5383699428405e+24 0 0)
(-4.66465758297734e+24 0 0)
(-4.77730238649853e+24 0 0)
(-4.90956835422293e+24 0 0)
(-5.02857283352524e+24 0 0)
(-5.16700180192534e+24 0 0)
(-5.29262261185414e+24 0 0)
(-5.43739863494026e+24 0 0)
(-5.56988668523237e+24 0 0)
(-5.72117463293812e+24 0 0)
(-5.86078594150808e+24 0 0)
(-6.01871899864151e+24 0 0)
(-6.16571032394637e+24 0 0)
(-6.33039903539677e+24 0 0)
(-6.48500389046356e+24 0 0)
(-6.65656050808779e+24 0 0)
(-6.81895810380412e+24 0 0)
(-6.99751366564686e+24 0 0)
(-7.16782493015956e+24 0 0)
(-7.35351187243494e+24 0 0)
(-7.53183479956977e+24 0 0)
(-7.72473893169183e+24 0 0)
(-7.9111903511101e+24 0 0)
(-8.11131662111938e+24 0 0)
(-8.30603192646728e+24 0 0)
(-8.51333773613479e+24 0 0)
(-8.71640713912964e+24 0 0)
(-8.93088490243307e+24 0 0)
(-9.14227880665669e+24 0 0)
(-9.36400325349923e+24 0 0)
(-9.58359045202812e+24 0 0)
(-9.81265309895538e+24 0 0)
(-1.00403415883276e+25 0 0)
(-1.02767119596707e+25 0 0)
(-1.05125753557659e+25 0 0)
(-1.07560672197028e+25 0 0)
(-1.10002836320261e+25 0 0)
(-1.12507768019432e+25 0 0)
(-1.1503399742501e+25 0 0)
(-1.17611174686411e+25 0 0)
(-1.20219799549762e+25 0 0)
(-1.22874832953291e+25 0 0)
(-1.25565799524403e+25 0 0)
(-1.28303881372357e+25 0 0)
(-1.31084840387279e+25 0 0)
(-1.33908878300748e+25 0 0)
(-1.36796059425735e+25 0 0)
(-1.39714584356902e+25 0 0)
(-1.42726961371489e+25 0 0)
(-1.45768472704289e+25 0 0)
(-1.48927211716555e+25 0 0)
(-1.52144749974597e+25 0 0)
(-1.5549974068949e+25 0 0)
(-1.5894035655402e+25 0 0)
(-1.62679787391717e+25 0 0)
(-1.66705934593557e+25 0 0)
(-1.71196785700513e+25 0 0)
(-1.76109768475734e+25 0 0)
(-1.81911722400403e+25 0 0)
(-1.88743100555947e+25 0 0)
(-1.96682753618542e+25 0 0)
(-2.05425674007438e+25 0 0)
(-2.14455478049054e+25 0 0)
(-2.2073893222865e+25 0 0)
(-2.19955151414247e+25 0 0)
(-2.04873260575955e+25 0 0)
(-1.74125647437626e+25 0 0)
(-1.35164378766674e+25 0 0)
(-9.94061143151185e+24 0 0)
(-7.02791950980564e+24 0 0)
(-5.69717303620281e+24 0 0)
(-2.5967784849598e+24 0 0)
)
;

boundaryField
{
    electrode
    {
        type            calculated;
        value           uniform (0 0 0);
    }
    ground
    {
        type            calculated;
        value           uniform (0 0 0);
    }
    otherfaces
    {
        type            empty;
    }
}


// ************************************************************************* //
