/*--------------------------------*- C++ -*----------------------------------*\
| =========                 |                                                 |
| \\      /  F ield         | foam-extend: Open Source CFD                    |
|  \\    /   O peration     | Version:     4.1                                |
|   \\  /    A nd           | Web:         http://www.foam-extend.org         |
|    \\/     M anipulation  |                                                 |
\*---------------------------------------------------------------------------*/
FoamFile
{
    version     2.0;
    format      ascii;
    class       volScalarField;
    location    "3.00062494849498e-06";
    object      powerDissipatedMean;
}
// * * * * * * * * * * * * * * * * * * * * * * * * * * * * * * * * * * * * * //

dimensions      [1 2 -3 0 0 0 0];

internalField   nonuniform List<scalar> 
500
(
0.000141284168085807
0.000136911689279704
0.000103019735025799
7.75126656886518e-05
4.47029476103358e-05
1.69501189308372e-05
-1.57475154219867e-05
-4.5202446437989e-05
-7.80964835999707e-05
-0.000109341605692661
-0.00014369242552654
-0.000177533443603186
-0.000213581409164009
-0.000249584954431488
-0.000287147468341847
-0.000325138198666923
-0.000364404475608429
-0.000401879324791264
-0.000436578196257789
-0.000466819934467502
-0.000491819032141562
-0.000509984621245071
-0.000518999117508619
-0.000516503057132343
-0.000502383614828407
-0.000474754858701744
-0.000432449812983998
-0.000376445810713243
-0.000307785778914292
-0.000229285578778848
-0.000146660926272921
-6.23650225306493e-05
2.40191041848455e-05
0.000109335912652685
0.00018705843215594
0.000251018862479632
0.000304814660723357
0.000355015212009177
0.000393024706088782
0.000410660006197592
0.000418264710047724
0.000427860777139145
0.0004344793820449
0.000429131997149879
0.000421394760265965
0.000421881906785466
0.000418464466343451
0.000404414404180017
0.000395019320757121
0.000394985419584892
0.000391462895710629
0.000384231318465732
0.000385429959377557
0.000392450887510227
0.000391958051770257
0.000384456862051751
0.000382053061366394
0.000384609708875105
0.000382631852038507
0.000376734788190001
0.00037586723101444
0.000381660093549851
0.000386334473156166
0.000382235525070123
0.00037154638939049
0.00036429638553177
0.00036331334999992
0.000364619829734542
0.000366161412795987
0.000367005085792959
0.00036348124760436
0.000355069673505712
0.000347883331406698
0.000344371912785114
0.000342295020650663
0.00034065889358932
0.000339510407888163
0.0003390129628567
0.000337935108709158
0.000333920845418412
0.000327615311674631
0.000322294724902343
0.000318965174158593
0.000316577858221941
0.000314533305159655
0.000312829039428648
0.000311570692142961
0.000310164755876232
0.000307869913363708
0.000305000212823588
0.000301794649684634
0.000298257641517484
0.000295101343336274
0.000292739262486896
0.000290899191044471
0.000289376233313056
0.000287994885540019
0.000286334011658222
0.000284243624532979
0.000282093025953157
0.000280147399546282
0.000278385932131418
0.00027670843066561
0.000274887017624872
0.000272860200053962
0.000270997995707763
0.000269529699593935
0.000268149800916159
0.000266582714653251
0.000264949938193864
0.000263406602521922
0.00026195205349294
0.000260559780976342
0.000259215720013024
0.000257922933068774
0.000256705288503942
0.000255598609611429
0.000254545659941399
0.000253352629915615
0.000251946488693934
0.00025051702211035
0.000249238746140949
0.000248094547459948
0.000247012519382639
0.000245962649683173
0.000244941016505512
0.000243955765516607
0.000243010689211351
0.000242074517882537
0.00024111612761632
0.00024015729295486
0.000239226765703497
0.000238327595415153
0.000237458455612288
0.000236617620592312
0.000235789267604527
0.000234929809553426
0.000234039419204004
0.000233185008143797
0.000232391807531025
0.00023163300017645
0.000230891844309057
0.000230163787748025
0.00022944862551268
0.000228746569089131
0.000228057104581486
0.000227378229660828
0.00022670665535566
0.000226046289925901
0.000225406250811592
0.000224785103400999
0.000224175525142595
0.000223575740111869
0.000222987418203662
0.000222412283837236
0.000221847823036366
0.000221279768480875
0.00022070439885725
0.000220142160445648
0.00021960336041551
0.000219080573901874
0.000218568704176223
0.000218066300457696
0.000217573103564157
0.000217089011798096
0.000216613870354258
0.000216147509062755
0.000215689770193828
0.000215240509911394
0.000214799596411812
0.000214366907256564
0.000213942327470765
0.000213525748500746
0.000213117076499614
0.000212716272726947
0.000212323441531155
0.000211938830505793
0.00021156202542391
0.000211189260653521
0.000210818329139204
0.000210454012019137
0.000210100128030011
0.000209755282711698
0.000209417817504707
0.000209087196166436
0.000208763271912111
0.000208445943480207
0.000208135100227373
0.000207830634485647
0.00020753244659924
0.00020724044791125
0.00020695455798002
0.000206674696596075
0.000206400782940424
0.000206132737663815
0.000205870481641394
0.000205613937487423
0.000205363027236487
0.000205117666848605
0.000204877779591604
0.000204643374070928
0.00020441478125053
0.000204192011521126
0.000203974376871372
0.000203761600923937
0.00020355389857186
0.000203351353262094
0.000203153954630766
0.000202961666448961
0.000202774449732306
0.000202592261755569
0.000202415060733732
0.000202242802985142
0.000202075445576081
0.000201912947242594
0.000201755269199152
0.000201602377512482
0.000201454241754524
0.000201310825060273
0.000201172083063441
0.00020103808110446
0.000200909447704209
0.000200786454612406
0.000200668182052081
0.000200553941633352
0.000200443898396711
0.000200338233483033
0.000200236997324505
0.000200140203559152
0.000200047859412301
0.000199959969089295
0.000199876533146469
0.000199797548749434
0.000199723010596757
0.000199652911715823
0.000199587244103513
0.000199525999202521
0.000199469168198669
0.000199416742303765
0.00019936871294979
0.000199325071928863
0.000199285811430083
0.000199250924080326
0.000199220402944502
0.00019919424179728
0.00019917243698003
0.000199154994854476
0.000199141954678551
0.000199133402884539
0.000199129060189262
0.00019912906307156
0.000199133410465935
0.000199141967144345
0.000199155012956454
0.000199172460312913
0.000199194270355875
0.000199220436726742
0.000199250963064123
0.0001992858556257
0.000199325121352729
0.000199368767606762
0.00019941680219312
0.000199469233323127
0.000199526069577319
0.000199587319737453
0.000199652992601093
0.000199723096740377
0.000199797640146692
0.000199876629804858
0.00019996007101685
0.000200047966609541
0.000200140316072328
0.000200237115202411
0.000200338356741702
0.000200444027109474
0.00020055407591207
0.000200668321904472
0.000200786599798733
0.000200909597889605
0.000201038236214522
0.000201172243275614
0.000201310990547331
0.000201454412546646
0.000201602553574232
0.000201755450592674
0.000201913134036929
0.000202075637599674
0.000202242999975555
0.000202415262647138
0.000202592468557774
0.000202774661269983
0.000202961882770332
0.000203154175982352
0.000203351579484986
0.000203554129490478
0.000203761836984462
0.000203974618233287
0.000204192257759032
0.000204415032106698
0.000204643629977859
0.000204878041128024
0.000205117933810123
0.000205363299092066
0.000205614214125018
0.000205870763630884
0.000206133025625811
0.000206401076751528
0.00020667499600462
0.000206954862899624
0.000207240757995583
0.000207532762217812
0.000207830956603999
0.000208135429062026
0.00020844627886786
0.000208763613690648
0.000209087544043473
0.000209418171166776
0.000209755642344579
0.000210100494498742
0.00021045438606673
0.000210818711195737
0.000211189650929698
0.000211562423480978
0.000211939235657292
0.000212323853523565
0.000212716691681657
0.000213117503154001
0.000213526183731481
0.000213942771548613
0.000214367360376266
0.000214800058561099
0.00021524098100339
0.000215690250878245
0.000216147999859465
0.00021661437108418
0.000217089521970596
0.000217573623610837
0.00021806683178942
0.000218569247599138
0.000219081129141981
0.000219603926934118
0.000220142739519497
0.000220704993218879
0.000221280378699992
0.00022184844735059
0.000222412921712378
0.000222988070971405
0.000223576408819339
0.000224176209560559
0.000224785803967521
0.000225406968793235
0.00022604702614576
0.000226707411113649
0.000227379006460517
0.000228057902794242
0.00022874738886631
0.000229449467753232
0.000230164653541957
0.000230892735012233
0.000231633915743211
0.00023239274856956
0.000233185977616314
0.000234040422144002
0.00023493084753184
0.00023579033909728
0.000236618725388093
0.000237459594399275
0.000238328769383619
0.000239227977654378
0.000240158545549052
0.000241117422330744
0.000242075855305745
0.000243012069590737
0.000243957190000464
0.000244942486600691
0.000245964169150707
0.00024701409162347
0.000248096169623518
0.000249240419199646
0.000250518759538164
0.000251948302094771
0.000253354517746648
0.000254547614008122
0.000255600626670121
0.000256707371730492
0.000257925086484467
0.000259217947380222
0.000260562087833242
0.000261954443787839
0.000263409078256111
0.000264952508191685
0.000266585387066999
0.000268152569246753
0.000269532554235804
0.000271000949079278
0.000272863277070317
0.000274890224294766
0.000276711757981528
0.000278389378847547
0.000280150971713941
0.000282096735368231
0.000284247485932848
0.000286338028501478
0.000287999049932799
0.000289380542868069
0.00029090364923848
0.000292743866301284
0.000295106109603225
0.000298262615772179
0.00030179985416639
0.000305005646897539
0.000307875584517485
0.000310170658236553
0.000311576809811366
0.000312835375822607
0.000314539873649121
0.000316584673924317
0.000318972235972702
0.00032230203661778
0.000327622955581101
0.000333928911729084
0.000337943571591386
0.000339021756071243
0.000339519530544752
0.00034066837408743
0.000342304875074372
0.00034438214807879
0.000347893942385273
0.000355080753838557
0.000363492953223474
0.00036701739878757
0.000366174249929018
0.000364633183678245
0.00036332722314454
0.000364310756668254
0.000371561360463552
0.000382251337296192
0.000386351162518453
0.000381677515560119
0.000375885267594073
0.000376753504547801
0.000382651509064639
0.000384630374637052
0.000382074556793255
0.000384479193932291
0.000391981468528218
0.000392475450516538
0.0003854554599053
0.0003842577377527
0.000391490495334614
0.000395014246180826
0.000395049201060336
0.000404445404488068
0.000418496768053256
0.00042191539579916
0.000421429308392656
0.000429167765271255
0.00043451640101051
0.000427898796766351
0.000418303609322059
0.000410699857083869
0.000393065381837524
0.000355056319617227
0.000304855900974162
0.000251060132548374
0.000187099480150192
0.000109376351353139
2.40585549877479e-05
-6.23269082068257e-05
-0.000146624332380428
-0.000229250698054517
-0.000307752855997103
-0.000376414985007432
-0.000432421164507392
-0.000474728412810536
-0.000502359310870925
-0.000516480824212606
-0.000518978876630162
-0.000509966253761062
-0.000491802426986239
-0.000466804938992059
-0.000436564656510891
-0.000401867089823197
-0.000364393401455658
-0.000325128154145017
-0.00028713834280178
-0.00024957660456258
-0.000213573722354525
-0.000177526298041351
-0.000143685724712051
-0.000109335229951714
-7.80903452836561e-05
-4.51964217947993e-05
-1.57415426618095e-05
1.69561481469851e-05
4.4709063198404e-05
7.75189702675306e-05
0.000103026215943698
0.000136918319013822
0.000141290848433658
)
;

boundaryField
{
    electrode
    {
        type            calculated;
        value           uniform 0.000141284168085807;
    }
    ground
    {
        type            calculated;
        value           uniform 0.000141290848433658;
    }
    otherfaces
    {
        type            empty;
    }
}


// ************************************************************************* //
