/*--------------------------------*- C++ -*----------------------------------*\
| =========                 |                                                 |
| \\      /  F ield         | foam-extend: Open Source CFD                    |
|  \\    /   O peration     | Version:     4.1                                |
|   \\  /    A nd           | Web:         http://www.foam-extend.org         |
|    \\/     M anipulation  |                                                 |
\*---------------------------------------------------------------------------*/
FoamFile
{
    version     2.0;
    format      ascii;
    class       volScalarField;
    location    "1.49999999935008e-05";
    object      diffusionArp1;
}
// * * * * * * * * * * * * * * * * * * * * * * * * * * * * * * * * * * * * * //

dimensions      [0 2 -1 0 0 0 0];

internalField   nonuniform List<scalar> 
500
(
0.000232830988578498
0.000235725505572627
0.000239775405573891
0.000243912324155099
0.000248145310348482
0.000252480937962537
0.000256927339875256
0.000261493050786667
0.000266186444667983
0.000272500017140992
0.000279860336015699
0.000287434552796185
0.000295221703109564
0.000303211307437159
0.000314250998178031
0.000326560285821324
0.000338995263397228
0.000353050065961434
0.00037129799397313
0.000389144099949626
0.000410966315328842
0.000435117073329166
0.000460465035974048
0.000491140226578573
0.00052097461261088
0.000557659550011158
0.000592086890488863
0.000633597228345461
0.00067111216934165
0.000716389090518933
0.000755007595552597
0.000801855415867176
0.000842373221151065
0.000885459665758535
0.000927462669576053
0.000962807707290631
0.00100304044394987
0.0010405441982206
0.00107278729840647
0.00110348328731954
0.00113627530855127
0.0011659661637526
0.00119218681956641
0.00121429243199062
0.00123794939892832
0.0012624836880248
0.00128619993174914
0.00130686811424326
0.00132363534412812
0.00133860806894954
0.00135504381172825
0.00137421387309209
0.00139088286552578
0.00140385188065935
0.0014153798655374
0.00142841432944406
0.00144291528305039
0.00145598832187243
0.00146554345699493
0.00147277612504549
0.00148072461494245
0.00149102861775551
0.00150205461440142
0.00151093764591496
0.00151664004707243
0.00152098718286958
0.00152676197628491
0.00153496737511829
0.00154400354904588
0.00155135708516464
0.00155593297020998
0.00155890786768403
0.00156221245210152
0.00156678396532312
0.00157256981688086
0.00157814916405827
0.00158231705508195
0.00158495892245322
0.00158698179101571
0.0015895328787528
0.00159317267918494
0.00159759439315181
0.00160195528733544
0.00160551626635715
0.00160808265547734
0.00161002875995822
0.00161198257942218
0.0016144203854911
0.00161743321496528
0.00162076505898964
0.00162402219626121
0.00162690978584345
0.00162934926349204
0.00163146574051585
0.00163347780810203
0.00163557821224444
0.00163784834601451
0.00164025104891043
0.00164266751019284
0.00164497519021388
0.00164710285396315
0.00164906348832883
0.00165092961415183
0.00165279303973075
0.001654714970598
0.00165670839364175
0.00165873910577036
0.00166075065902434
0.00166268801985774
0.00166451839959249
0.00166624051239807
0.00166788303229492
0.00166948929177132
0.0016711000516545
0.00167273485656828
0.00167439023477025
0.00167604625588749
0.00167768221804872
0.00167928359136917
0.00168084536110982
0.00168236727010459
0.00168385240434669
0.00168530642149039
0.00168673857951537
0.00168815775065217
0.00168956843530759
0.00169096831898671
0.00169235174403526
0.0016937138242973
0.00169505520268809
0.00169637947953306
0.0016976898694085
0.00169898521506693
0.00170026268768124
0.00170152074425481
0.00170276195644867
0.00170399043892045
0.00170520927766338
0.0017064168010978
0.00170760940889828
0.00170878452940378
0.00170994396277703
0.00171109195225872
0.00171223171242513
0.001713362600361
0.00171448140149005
0.001715584901236
0.00171667361393105
0.0017177512684837
0.00171882159380242
0.00171988536138553
0.0017209402567381
0.0017219824223686
0.00172301082961261
0.00172402740721591
0.00172503652700223
0.0017260405034665
0.00172703882227652
0.00172802788310684
0.00172900537146255
0.00172997051584534
0.00173092665941454
0.00173187714532949
0.001732824030919
0.00173376564460341
0.00173469928613864
0.00173562174094841
0.00173653416628018
0.00173743823371362
0.00173833818648942
0.00173923479610588
0.00174012819114607
0.00174101425695233
0.00174189183627721
0.00174275900037494
0.00174361922098789
0.0017444740411127
0.00174532731824089
0.00174617725220975
0.00174702384301927
0.00174786246167962
0.00174869387968909
0.00174951616830193
0.00175033408509102
0.00175114737289026
0.00175196040352341
0.00175276944808196
0.00175357630672865
0.00175437545039225
0.00175516945073381
0.00175595522176009
0.00175673790679313
0.00175751557708718
0.00175829337596428
0.00175906744593289
0.00175984074440319
0.00176060761372093
0.00176137152562849
0.00176212772255298
0.00176288147639949
0.00176362931542564
0.00176437728303485
0.00176512113598641
0.00176586576043628
0.00176660537014715
0.00176734459410887
0.00176807726033498
0.00176880864073057
0.00176953307764139
0.00177025751455221
0.00177097655097488
0.00177169661606196
0.00177241153782699
0.00177312800258864
0.00177383970977739
0.00177455180271529
0.00177525810941588
0.00177597521709278
0.00177668216670863
0.00177737638660241
0.00177806867775042
0.00177876379772555
0.00177945441729389
0.0017801464512758
0.00178083411343396
0.00178152344717179
0.00178220750900451
0.0017828932424169
0.0017835742182564
0.00178425699425861
0.00178493514127098
0.00178561547419522
0.00178629143529572
0.00178696945372503
0.00178764348607976
0.00178831983292941
0.00178899193653837
0.00178966635464225
0.00179033691525459
0.00179100979036186
0.00179167906514369
0.00179235078300349
0.00179301902912091
0.00179368971831631
0.00179435732151847
0.00179502723921556
0.00179569407091942
0.0017963632171182
0.00179702953448985
0.00179770099518355
0.00179836396939587
0.00179903555867262
0.00179970200462732
0.00181431161091197
0.0018126926217135
0.00179964619958308
0.00179897885354701
0.00179830816435162
0.00179764004681725
0.00179696807179134
0.00179629866842646
0.00179562540757004
0.00179495471837465
0.00179428030027077
0.00179360832524486
0.00179293223556131
0.00179225846037269
0.00179158018477727
0.00179090396651067
0.00179022337642033
0.00178954497224186
0.00178886206765659
0.00178818147756625
0.00178749574415386
0.00178681193948723
0.00178612299149856
0.00178543571508955
0.00178474316677544
0.00178405306153931
0.00178335794156417
0.00178266500750091
0.00178197091619018
0.00178126525240485
0.00178054788756184
0.0017798414522782
0.00177913090233691
0.00177842150964309
0.00177770633071195
0.00177699192327913
0.0017762719867751
0.00177555256460328
0.00177482735619415
0.00177410253353417
0.00177337243896909
0.00177264273015317
0.00177190697793383
0.0017711712257145
0.00177042943009175
0.00176968750588596
0.00176893979544286
0.0017681916992506
0.00176743794540409
0.00176668342005927
0.00176592285131104
0.0017651609967323
0.00176439335591625
0.00176362455785275
0.00176285010213498
0.0017620741034206
0.00176129206130281
0.0017605079618562
0.00175971769042313
0.00175892497591209
0.00175812634658068
0.00175732514558826
0.00175651790119242
0.00175570782796945
0.00175489171134308
0.00175407289447263
0.00175324867711402
0.00175242150234524
0.00175158828417305
0.00175075043701101
0.001749905132032
0.00174905404081568
0.00174819523461629
0.00174733115651179
0.00174646090642083
0.00174558731317055
0.00174470947667956
0.00174382919711061
0.00174294454571791
0.00174205500816926
0.00174115698413923
0.00174024905921426
0.00173932879031636
0.0017383978490252
0.00173745803550351
0.00173651397874113
0.00173556812181603
0.00173462265064009
0.00173367499355227
0.00173272116447799
0.00173175447709858
0.00173076991667505
0.00172976478296332
0.00172874267628882
0.00172771079730242
0.00172668033272959
0.00172565886897035
0.00172464859193657
0.00172364140089601
0.00172262225163169
0.00172157404259779
0.00172048610140104
0.00171936074253637
0.0017182140388852
0.00171706913539674
0.00171594699110836
0.00171485197784379
0.00171376917996909
0.00171266799471807
0.00171151807649061
0.00171030605264939
0.00170904658166226
0.00170777618111577
0.00170653458317276
0.00170533888937905
0.00170417084094137
0.0017029837622121
0.00170172994887922
0.00170039229939692
0.00169899833053816
0.00169760474742856
0.0016962611831259
0.00169497355245054
0.00169369659416843
0.00169236228784546
0.00169092768674251
0.00168940783507656
0.00168786831020378
0.00168637777547352
0.00168495487542823
0.00168355049134232
0.00168208245864604
0.00168049908695277
0.00167882236396428
0.00167713175400626
0.00167550042083487
0.0016739323505247
0.00167235605089925
0.00167068395690061
0.00166888739450835
0.00166702268309891
0.00166518201672006
0.00166340898502618
0.00166165729811881
0.0016598310330417
0.00165787348466925
0.00165582078483887
0.00165376718492713
0.00165177273321897
0.00164980271229055
0.00164775901327375
0.00164557734464295
0.00164329036649317
0.00164099438752979
0.00163874842737336
0.00163651056794915
0.00163417922864668
0.00163169937592
0.00162911922841333
0.00162653586633038
0.00162398670733906
0.00162140604550019
0.00161869474328123
0.00161582888423465
0.00161288330369629
0.00160994132348336
0.0016069952286128
0.00160395102487411
0.00160072629053146
0.00159734597069677
0.00159390521682799
0.00159043848918285
0.00158687661007978
0.00158312699972186
0.00157917950004805
0.00157510933214333
0.00157097204388585
0.00156672031671274
0.00156224909827113
0.00155670125394128
0.00155054842635524
0.00154422214023303
0.00153768163474742
0.00153079909834545
0.00152349995285738
0.00151582200170029
0.0015077986764675
0.00149935269874521
0.00149035329957027
0.00148073438725434
0.00147053029347211
0.00145950018216856
0.00144790314819198
0.00143557280507404
0.00142235755339731
0.00140816507053096
0.00139280042456929
0.00137594087205362
0.00135739238115959
0.0013394991494948
0.00132188275713939
0.00130353035539854
0.00128433792058378
0.0012638406249648
0.00124115227415226
0.00121645211291965
0.0011941986299865
0.00116967089862563
0.00114376720003318
0.00111734929781873
0.00109052957356907
0.0010695730435825
0.0010463083835342
0.00102022659741575
0.000991428237173241
0.000963170054329094
0.00094047083824873
0.000917158473888412
0.000893152789715678
0.000867852017050609
0.000845434397852514
0.000823392884079367
0.000797988280600403
0.000769740834441036
0.000745146047018934
0.000723755034902133
0.000699560719393194
0.000669536384048406
0.000642991377487779
0.000613936558349524
0.00058437184312148
0.000563243011846207
0.000539326885768678
0.000511876397361048
0.000489698521262035
0.000466659845926333
0.000446319068026496
0.000430104263075627
0.000412509151215199
0.000394846340378281
0.000382213602069533
0.000369619567259215
0.000356915818960406
0.000345397381373914
0.000336750364050968
0.000328172781575704
0.000319700412182137
)
;

boundaryField
{
    electrode
    {
        type            zeroGradient;
    }
    ground
    {
        type            zeroGradient;
    }
    otherfaces
    {
        type            empty;
    }
}


// ************************************************************************* //
