/*--------------------------------*- C++ -*----------------------------------*\
| =========                 |                                                 |
| \\      /  F ield         | foam-extend: Open Source CFD                    |
|  \\    /   O peration     | Version:     4.1                                |
|   \\  /    A nd           | Web:         http://www.foam-extend.org         |
|    \\/     M anipulation  |                                                 |
\*---------------------------------------------------------------------------*/
FoamFile
{
    version     2.0;
    format      ascii;
    class       volVectorField;
    location    "1.49999999935008e-05";
    object      Flux_Arm;
}
// * * * * * * * * * * * * * * * * * * * * * * * * * * * * * * * * * * * * * //

dimensions      [0 -2 -1 0 0 0 0];

internalField   nonuniform List<vector> 
500
(
(-2.36634670345285e+17 -0 -0)
(-7.10928732889177e+17 -0 -0)
(-1.18583346441429e+18 -0 -0)
(-1.66073747533824e+18 -0 -0)
(-2.13560844766199e+18 -0 -0)
(-2.60989607457074e+18 -0 -0)
(-3.08335047928718e+18 -0 -0)
(-3.55540440703308e+18 -0 -0)
(-4.0255028433443e+18 -0 -0)
(-4.49287087439004e+18 -0 -0)
(-4.95670551099095e+18 -0 -0)
(-5.41598990344436e+18 -0 -0)
(-5.86955776853097e+18 -0 -0)
(-6.31601025733214e+18 -0 -0)
(-6.75372626876943e+18 -0 -0)
(-7.18077766510487e+18 -0 -0)
(-7.5949266409559e+18 -0 -0)
(-7.99366298307487e+18 -0 -0)
(-8.37435480603914e+18 -0 -0)
(-8.73434684788335e+18 -0 -0)
(-9.07108917854229e+18 -0 -0)
(-9.38227615222164e+18 -0 -0)
(-9.66601060316172e+18 -0 -0)
(-9.92091878053429e+18 -0 -0)
(-1.01462315879204e+19 -0 -0)
(-1.03417791819266e+19 -0 -0)
(-1.05079509451159e+19 -0 -0)
(-1.06456210844719e+19 -0 -0)
(-1.07561017133895e+19 -0 -0)
(-1.08409973030025e+19 -0 -0)
(-1.0902062795126e+19 -0 -0)
(-1.09410910335613e+19 -0 -0)
(-1.09598339886799e+19 -0 -0)
(-1.09599191843316e+19 -0 -0)
(-1.09427811320757e+19 -0 -0)
(-1.09097237896125e+19 -0 -0)
(-1.08620270823742e+19 -0 -0)
(-1.08009109932868e+19 -0 -0)
(-1.07275154610791e+19 -0 -0)
(-1.06429006131632e+19 -0 -0)
(-1.05480511972014e+19 -0 -0)
(-1.04438712982612e+19 -0 -0)
(-1.03311897240737e+19 -0 -0)
(-1.02107683802733e+19 -0 -0)
(-1.00833195684075e+19 -0 -0)
(-9.9495117241009e+18 -0 -0)
(-9.80997061852333e+18 -0 -0)
(-9.66527907208923e+18 -0 -0)
(-9.51598312219599e+18 -0 -0)
(-9.36259447641681e+18 -0 -0)
(-9.20559249110132e+18 -0 -0)
(-9.04542449279819e+18 -0 -0)
(-8.88251150715969e+18 -0 -0)
(-8.71725377339695e+18 -0 -0)
(-8.55003076733488e+18 -0 -0)
(-8.38119996271877e+18 -0 -0)
(-8.21109615604701e+18 -0 -0)
(-8.04003289518433e+18 -0 -0)
(-7.86830583335066e+18 -0 -0)
(-7.69619579755218e+18 -0 -0)
(-7.52396745133649e+18 -0 -0)
(-7.35186827371339e+18 -0 -0)
(-7.18012870568379e+18 -0 -0)
(-7.00896443038317e+18 -0 -0)
(-6.83857779381386e+18 -0 -0)
(-6.66915947419981e+18 -0 -0)
(-6.50088722535154e+18 -0 -0)
(-6.33392600826065e+18 -0 -0)
(-6.16842761112921e+18 -0 -0)
(-6.00453274866039e+18 -0 -0)
(-5.8423719577188e+18 -0 -0)
(-5.68206681550328e+18 -0 -0)
(-5.52372898672132e+18 -0 -0)
(-5.36746050359603e+18 -0 -0)
(-5.21335307701055e+18 -0 -0)
(-5.06148965914535e+18 -0 -0)
(-4.91194497254476e+18 -0 -0)
(-4.7647868417158e+18 -0 -0)
(-4.62007577633288e+18 -0 -0)
(-4.47786565584671e+18 -0 -0)
(-4.33820269015858e+18 -0 -0)
(-4.2011262920483e+18 -0 -0)
(-4.06666937830499e+18 -0 -0)
(-3.93485964870244e+18 -0 -0)
(-3.80571938616414e+18 -0 -0)
(-3.67926621417555e+18 -0 -0)
(-3.55551284124313e+18 -0 -0)
(-3.43446746036553e+18 -0 -0)
(-3.31613356960419e+18 -0 -0)
(-3.20051068767647e+18 -0 -0)
(-3.08759417714906e+18 -0 -0)
(-2.97737616265768e+18 -0 -0)
(-2.869845310681e+18 -0 -0)
(-2.76498747078958e+18 -0 -0)
(-2.66278550380945e+18 -0 -0)
(-2.56321973044801e+18 -0 -0)
(-2.46626779675386e+18 -0 -0)
(-2.37190508113953e+18 -0 -0)
(-2.28010460938351e+18 -0 -0)
(-2.19083765449497e+18 -0 -0)
(-2.10407364854534e+18 -0 -0)
(-2.01978063155307e+18 -0 -0)
(-1.93792503687581e+18 -0 -0)
(-1.8584720763574e+18 -0 -0)
(-1.78138572254898e+18 -0 -0)
(-1.70662895835539e+18 -0 -0)
(-1.63416373452665e+18 -0 -0)
(-1.56395132184868e+18 -0 -0)
(-1.49595224183149e+18 -0 -0)
(-1.43012658224556e+18 -0 -0)
(-1.36643380700136e+18 -0 -0)
(-1.30483300103299e+18 -0 -0)
(-1.24528312389797e+18 -0 -0)
(-1.18774289456364e+18 -0 -0)
(-1.13217075785504e+18 -0 -0)
(-1.07852520797679e+18 -0 -0)
(-1.02676478916818e+18 -0 -0)
(-9.76848086821977e+17 -0 -0)
(-9.2873377192123e+17 -0 -0)
(-8.82380772638214e+17 -0 -0)
(-8.37748163196332e+17 -0 -0)
(-7.947953474138e+17 -0 -0)
(-7.53482146523162e+17 -0 -0)
(-7.13768676795766e+17 -0 -0)
(-6.75615338851925e+17 -0 -0)
(-6.38983094219075e+17 -0 -0)
(-6.03833214936877e+17 -0 -0)
(-5.70127486944487e+17 -0 -0)
(-5.37828194073999e+17 -0 -0)
(-5.06898025390903e+17 -0 -0)
(-4.77300066484885e+17 -0 -0)
(-4.48998068807696e+17 -0 -0)
(-4.21956144658802e+17 -0 -0)
(-3.96138768418354e+17 -0 -0)
(-3.71511050387536e+17 -0 -0)
(-3.48038404055366e+17 -0 -0)
(-3.25686543987031e+17 -0 -0)
(-3.04421533835227e+17 -0 -0)
(-2.84209277609636e+17 -0 -0)
(-2.65016309132796e+17 -0 -0)
(-2.46809868466033e+17 -0 -0)
(-2.29556803078391e+17 -0 -0)
(-2.13223885077178e+17 -0 -0)
(-1.97777570486645e+17 -0 -0)
(-1.83183923536362e+17 -0 -0)
(-1.69408422951659e+17 -0 -0)
(-1.56415391183458e+17 -0 -0)
(-1.4416786182401e+17 -0 -0)
(-1.32626731945416e+17 -0 -0)
(-1.21749596155925e+17 -0 -0)
(-1.11488453806313e+17 -0 -0)
(-1.01784624868401e+17 -0 -0)
(-9.25565161684988e+16 -0 -0)
(-8.37332787795713e+16 -0 -0)
(-7.52870524485096e+16 -0 -0)
(-6.72064330435858e+16 -0 -0)
(-5.94800887229996e+16 -0 -0)
(-5.20969053310972e+16 -0 -0)
(-4.50460794014709e+16 -0 -0)
(-3.83170283401802e+16 -0 -0)
(-3.18996584891021e+16 -0 -0)
(-2.57840736504039e+16 -0 -0)
(-1.99604637568967e+16 -0 -0)
(-1.44194434280544e+16 -0 -0)
(-9.15178832170011e+15 -0 -0)
(-4.14849708400953e+15 -0 -0)
(599120141560972 -0 -0)
(5.09960890451637e+15 -0 -0)
(9.36115725534706e+15 -0 -0)
(1.339179750215e+16 -0 -0)
(1.71994212675624e+16 -0 -0)
(2.07916095536976e+16 -0 -0)
(2.41757003046584e+16 -0 -0)
(2.7358882180183e+16 -0 -0)
(3.0348107517006e+16 -0 -0)
(3.3150155338885e+16 -0 -0)
(3.57714879450664e+16 -0 -0)
(3.82184545703652e+16 -0 -0)
(4.04972549653053e+16 -0 -0)
(4.26139042237154e+16 -0 -0)
(4.457410481548e+16 -0 -0)
(4.63834992139194e+16 -0 -0)
(4.80475001252611e+16 -0 -0)
(4.95713784019554e+16 -0 -0)
(5.09601747669899e+16 -0 -0)
(5.22187731117795e+16 -0 -0)
(5.33520942973979e+16 -0 -0)
(5.43646704203852e+16 -0 -0)
(5.52609337871084e+16 -0 -0)
(5.60452674971414e+16 -0 -0)
(5.67217663379429e+16 -0 -0)
(5.72944310859179e+16 -0 -0)
(5.7767296742311e+16 -0 -0)
(5.81440436957819e+16 -0 -0)
(5.8428261418625e+16 -0 -0)
(5.86235136343184e+16 -0 -0)
(5.87332146445319e+16 -0 -0)
(5.87606926848512e+16 -0 -0)
(5.87090743800172e+16 -0 -0)
(5.85814013862111e+16 -0 -0)
(5.83806595427403e+16 -0 -0)
(5.81097250523992e+16 -0 -0)
(5.77713512300968e+16 -0 -0)
(5.73682229014934e+16 -0 -0)
(5.69028557798025e+16 -0 -0)
(5.63778051615125e+16 -0 -0)
(5.57954268960511e+16 -0 -0)
(5.51580488640295e+16 -0 -0)
(5.44680182972227e+16 -0 -0)
(5.37273010080899e+16 -0 -0)
(5.29380532157275e+16 -0 -0)
(5.2102435637576e+16 -0 -0)
(5.1222241722759e+16 -0 -0)
(5.02994213854368e+16 -0 -0)
(4.93358693581024e+16 -0 -0)
(4.83331886519844e+16 -0 -0)
(4.72931450847583e+16 -0 -0)
(4.62174430197462e+16 -0 -0)
(4.51076638886629e+16 -0 -0)
(4.39652998083359e+16 -0 -0)
(4.2791858179528e+16 -0 -0)
(4.15887932268347e+16 -0 -0)
(4.03575067421666e+16 -0 -0)
(3.90993234792591e+16 -0 -0)
(3.78155715864271e+16 -0 -0)
(3.65075820338596e+16 -0 -0)
(3.51765278105945e+16 -0 -0)
(3.3823602291882e+16 -0 -0)
(3.24499581867648e+16 -0 -0)
(3.10567881894923e+16 -0 -0)
(2.96451907146061e+16 -0 -0)
(2.82162499631547e+16 -0 -0)
(2.67709819530733e+16 -0 -0)
(2.53104278721542e+16 -0 -0)
(2.38356081596124e+16 -0 -0)
(2.23474073840907e+16 -0 -0)
(2.08468088922744e+16 -0 -0)
(1.93348253220985e+16 -0 -0)
(1.78123501472454e+16 -0 -0)
(1.62802337781536e+16 -0 -0)
(1.4739475961696e+16 -0 -0)
(1.31908384848443e+16 -0 -0)
(1.16351456218748e+16 -0 -0)
(1.00733441246768e+16 -0 -0)
(8.50625338391616e+15 -0 -0)
(6.93475039603407e+15 -0 -0)
(5.35956064059992e+15 -0 -0)
(3.78148876581552e+15 -0 -0)
(2.2015175956446e+15 -0 -0)
(620613122776096 -0 -0)
(-960499525173874 -0 -0)
(-2.54139327076023e+15 -0 -0)
(-4.12126075011855e+15 -0 -0)
(-5.69914665202613e+15 -0 -0)
(-7.27420287143674e+15 -0 -0)
(-8.84557780876727e+15 -0 -0)
(-1.04124479436275e+16 -0 -0)
(-1.19739904720324e+16 -0 -0)
(-1.35293857659022e+16 -0 -0)
(-1.50777002122409e+16 -0 -0)
(-1.66180806557837e+16 -0 -0)
(-1.81497630249909e+16 -0 -0)
(-1.9671866420696e+16 -0 -0)
(-2.1183395617272e+16 -0 -0)
(-2.2683424692628e+16 -0 -0)
(-2.4171055774705e+16 -0 -0)
(-2.56453203217645e+16 -0 -0)
(-2.71052492235133e+16 -0 -0)
(-2.85498684402444e+16 -0 -0)
(-2.99781610585171e+16 -0 -0)
(-3.13890172805019e+16 -0 -0)
(-3.27813738515679e+16 -0 -0)
(-3.4154177896582e+16 -0 -0)
(-3.5506271248106e+16 -0 -0)
(-3.68364518882482e+16 -0 -0)
(-3.81435404844897e+16 -0 -0)
(-3.9426301345975e+16 -0 -0)
(-4.06834427650862e+16 -0 -0)
(-4.19136605887878e+16 -0 -0)
(-4.31156578176734e+16 -0 -0)
(-4.42879661406777e+16 -0 -0)
(-4.54292368816697e+16 -0 -0)
(-4.65378593530942e+16 -0 -0)
(-4.76123418129704e+16 -0 -0)
(-4.86511222140998e+16 -0 -0)
(-4.96524690448502e+16 -0 -0)
(-5.06147562941843e+16 -0 -0)
(-5.15361433304158e+16 -0 -0)
(-5.24148886914586e+16 -0 -0)
(-5.32491001876178e+16 -0 -0)
(-5.40367856078868e+16 -0 -0)
(-5.47759499714358e+16 -0 -0)
(-5.54644745702799e+16 -0 -0)
(-5.61002172884404e+16 -0 -0)
(-5.66809597402196e+16 -0 -0)
(-5.72043465656004e+16 -0 -0)
(-5.7667948554774e+16 -0 -0)
(-5.80692865789302e+16 -0 -0)
(-5.84059325611733e+16 -0 -0)
(-5.86750317824483e+16 -0 -0)
(-5.88738403493485e+16 -0 -0)
(-5.89995908355222e+16 -0 -0)
(-5.90492837858602e+16 -0 -0)
(-5.90198645760565e+16 -0 -0)
(-5.89081330127604e+16 -0 -0)
(-5.87107711919681e+16 -0 -0)
(-5.8424452275506e+16 -0 -0)
(-5.80456668135544e+16 -0 -0)
(-5.75706842027059e+16 -0 -0)
(-5.69957704636879e+16 -0 -0)
(-5.63170729590686e+16 -0 -0)
(-5.55305347123904e+16 -0 -0)
(-5.46319631286173e+16 -0 -0)
(-5.36170987707757e+16 -0 -0)
(-5.24814526409611e+16 -0 -0)
(-5.12203532358762e+16 -0 -0)
(-4.98290477885063e+16 -0 -0)
(-4.83027357495367e+16 -0 -0)
(-4.66363263748931e+16 -0 -0)
(-4.4824446851926e+16 -0 -0)
(-4.28617040817408e+16 -0 -0)
(-4.07424836514606e+16 -0 -0)
(-3.84610337573766e+16 -0 -0)
(-3.60114311466867e+16 -0 -0)
(-3.33874635318359e+16 -0 -0)
(-3.05827494357651e+16 -0 -0)
(-2.75908913977541e+16 -0 -0)
(-2.44050676744198e+16 -0 -0)
(-2.10181558232064e+16 -0 -0)
(-1.74232126560736e+16 -0 -0)
(-1.36128364504271e+16 -0 -0)
(-9.5792895641778e+15 -0 -0)
(-5.31494889203111e+15 -0 -0)
(-811712645342198 -0 -0)
(3.93873684718479e+15 -0 -0)
(8.94487416547281e+15 -0 -0)
(1.4215434041132e+16 -0 -0)
(1.9759324383387e+16 -0 -0)
(2.55857733080128e+16 -0 -0)
(3.17042734996036e+16 -0 -0)
(3.81244633201038e+16 -0 -0)
(4.48563039120755e+16 -0 -0)
(5.19100295003976e+16 -0 -0)
(5.92961699360187e+16 -0 -0)
(6.70254214271066e+16 -0 -0)
(7.51087506713538e+16 -0 -0)
(8.35575670048181e+16 -0 -0)
(9.23822568419149e+16 -0 -0)
(1.01608562621196e+17 -0 -0)
(1.11310025232317e+17 -0 -0)
(1.21570954514896e+17 -0 -0)
(1.32448621462087e+17 -0 -0)
(1.43990608602755e+17 -0 -0)
(1.5623918117841e+17 -0 -0)
(1.6923334356591e+17 -0 -0)
(1.83010132136704e+17 -0 -0)
(1.97605115244825e+17 -0 -0)
(2.13052811986628e+17 -0 -0)
(2.29387165490185e+17 -0 -0)
(2.46641739057468e+17 -0 -0)
(2.64849724513265e+17 -0 -0)
(2.84044314992191e+17 -0 -0)
(3.04258780765116e+17 -0 -0)
(3.2552649032257e+17 -0 -0)
(3.47881076038993e+17 -0 -0)
(3.71356365895407e+17 -0 -0)
(3.95986655452152e+17 -0 -0)
(4.21806460529592e+17 -0 -0)
(4.4885079700287e+17 -0 -0)
(4.77155136311848e+17 -0 -0)
(5.06755317293837e+17 -0 -0)
(5.37687605601244e+17 -0 -0)
(5.69988847738217e+17 -0 -0)
(6.03696451528442e+17 -0 -0)
(6.38848095641145e+17 -0 -0)
(6.75482003271429e+17 -0 -0)
(7.13636894159565e+17 -0 -0)
(7.53351737239364e+17 -0 -0)
(7.94666110140303e+17 -0 -0)
(8.37619897746628e+17 -0 -0)
(8.82253395528749e+17 -0 -0)
(9.28607177422221e+17 -0 -0)
(9.76722126513465e+17 -0 -0)
(1.02663926421415e+18 -0 -0)
(1.07839984454954e+18 -0 -0)
(1.13204532540957e+18 -0 -0)
(1.18761720448329e+18 -0 -0)
(1.24515696436304e+18 -0 -0)
(1.30470618471393e+18 -0 -0)
(1.36630609962033e+18 -0 -0)
(1.42999778964498e+18 -0 -0)
(1.49582206894371e+18 -0 -0)
(1.56381952252067e+18 -0 -0)
(1.63403010032123e+18 -0 -0)
(1.7064932578204e+18 -0 -0)
(1.78124768829718e+18 -0 -0)
(1.85833137085076e+18 -0 -0)
(1.93778130175855e+18 -0 -0)
(2.01963347718718e+18 -0 -0)
(2.10392277659819e+18 -0 -0)
(2.1906828284469e+18 -0 -0)
(2.27994567498633e+18 -0 -0)
(2.37174174876493e+18 -0 -0)
(2.46609965448857e+18 -0 -0)
(2.56304630868039e+18 -0 -0)
(2.66260627535737e+18 -0 -0)
(2.76480204315954e+18 -0 -0)
(2.869653360745e+18 -0 -0)
(2.97717746561398e+18 -0 -0)
(3.0873885002093e+18 -0 -0)
(3.20029770835313e+18 -0 -0)
(3.31591297212196e+18 -0 -0)
(3.43423872811384e+18 -0 -0)
(3.55527526279496e+18 -0 -0)
(3.67901903449018e+18 -0 -0)
(3.80546200848552e+18 -0 -0)
(3.93459185813549e+18 -0 -0)
(4.06639128528322e+18 -0 -0)
(4.20083790515627e+18 -0 -0)
(4.33790366729939e+18 -0 -0)
(4.47755507395087e+18 -0 -0)
(4.61975240158745e+18 -0 -0)
(4.76444969248346e+18 -0 -0)
(4.91159386979503e+18 -0 -0)
(5.06112495334982e+18 -0 -0)
(5.21297512357917e+18 -0 -0)
(5.36706914107988e+18 -0 -0)
(5.52332310389394e+18 -0 -0)
(5.68164478435e+18 -0 -0)
(5.84193271573579e+18 -0 -0)
(6.00407616466902e+18 -0 -0)
(6.1679542883503e+18 -0 -0)
(6.33343630216872e+18 -0 -0)
(6.50038043524248e+18 -0 -0)
(6.66863408485687e+18 -0 -0)
(6.83803256971345e+18 -0 -0)
(7.00839915843514e+18 -0 -0)
(7.17954418909046e+18 -0 -0)
(7.35126505197786e+18 -0 -0)
(7.52334483252401e+18 -0 -0)
(7.69555183236751e+18 -0 -0)
(7.86763896768081e+18 -0 -0)
(8.03934373212603e+18 -0 -0)
(8.21038642923615e+18 -0 -0)
(8.38047005071449e+18 -0 -0)
(8.54927927373459e+18 -0 -0)
(8.71647889163423e+18 -0 -0)
(8.88171260146191e+18 -0 -0)
(9.04460293074059e+18 -0 -0)
(9.20475013154933e+18 -0 -0)
(9.36173087263733e+18 -0 -0)
(9.51509653013552e+18 -0 -0)
(9.66436930777451e+18 -0 -0)
(9.80904016358836e+18 -0 -0)
(9.94856408193147e+18 -0 -0)
(1.00823556561891e+19 -0 -0)
(1.02097874698491e+19 -0 -0)
(1.03301936091671e+19 -0 -0)
(1.04428645503762e+19 -0 -0)
(1.0547037284781e+19 -0 -0)
(1.06418834612745e+19 -0 -0)
(1.07265013961411e+19 -0 -0)
(1.07999083010516e+19 -0 -0)
(1.08610455616892e+19 -0 -0)
(1.0908774356829e+19 -0 -0)
(1.09418767702642e+19 -0 -0)
(1.09590738131901e+19 -0 -0)
(1.09590511813613e+19 -0 -0)
(1.09403775596226e+19 -0 -0)
(1.0901436411539e+19 -0 -0)
(1.08404757747915e+19 -0 -0)
(1.07556997585313e+19 -0 -0)
(1.06453491186138e+19 -0 -0)
(1.05078164428849e+19 -0 -0)
(1.03417839355721e+19 -0 -0)
(1.01463633461995e+19 -0 -0)
(9.92116106798699e+18 -0 -0)
(9.66634442509474e+18 -0 -0)
(9.38268415850336e+18 -0 -0)
(9.07155390727471e+18 -0 -0)
(8.73484794546309e+18 -0 -0)
(8.37486885433507e+18 -0 -0)
(7.99416477461871e+18 -0 -0)
(7.59540119142315e+18 -0 -0)
(7.18122790250188e+18 -0 -0)
(6.75415926760257e+18 -0 -0)
(6.31641181519984e+18 -0 -0)
(5.86989765857385e+18 -0 -0)
(5.4162599708785e+18 -0 -0)
(4.95692304671616e+18 -0 -0)
(4.49306095743344e+18 -0 -0)
(4.0256583771784e+18 -0 -0)
(3.5555245004183e+18 -0 -0)
(3.08343265931652e+18 -0 -0)
(2.60996840504866e+18 -0 -0)
(2.13566380512128e+18 -0 -0)
(1.66080656734004e+18 -0 -0)
(1.18587986159525e+18 -0 -0)
(7.11014485710689e+17 -0 -0)
(2.36735460716039e+17 -0 -0)
)
;

boundaryField
{
    electrode
    {
        type            calculated;
        value           uniform (-0 -0 -0);
    }
    ground
    {
        type            calculated;
        value           uniform (0 -0 -0);
    }
    otherfaces
    {
        type            empty;
    }
}


// ************************************************************************* //
