/*--------------------------------*- C++ -*----------------------------------*\
| =========                 |                                                 |
| \\      /  F ield         | foam-extend: Open Source CFD                    |
|  \\    /   O peration     | Version:     4.1                                |
|   \\  /    A nd           | Web:         http://www.foam-extend.org         |
|    \\/     M anipulation  |                                                 |
\*---------------------------------------------------------------------------*/
FoamFile
{
    version     2.0;
    format      ascii;
    class       volVectorField;
    location    "1.49999999935008e-05";
    object      EFieldMean;
}
// * * * * * * * * * * * * * * * * * * * * * * * * * * * * * * * * * * * * * //

dimensions      [1 1 -3 0 0 -1 0];

internalField   nonuniform List<vector> 
500
(
(-1252279.34537508 0 0)
(-1207235.48638197 0 0)
(-1161207.67043762 0 0)
(-1114415.46864514 0 0)
(-1066855.84286112 0 0)
(-1018582.37469494 0 0)
(-969663.473990209 0 0)
(-920191.253770367 0 0)
(-870282.640789053 0 0)
(-820084.745615684 0 0)
(-769774.908141481 0 0)
(-719554.605302021 0 0)
(-669649.508733314 0 0)
(-620304.970952616 0 0)
(-571794.622967888 0 0)
(-524431.163226659 0 0)
(-478550.922485589 0 0)
(-434492.27171867 0 0)
(-392602.202373201 0 0)
(-353210.631146441 0 0)
(-316587.621185794 0 0)
(-282939.751385735 0 0)
(-252389.22859046 0 0)
(-224955.314535318 0 0)
(-200561.824791809 0 0)
(-179056.099445419 0 0)
(-160237.770123171 0 0)
(-143863.678521633 0 0)
(-129668.135447579 0 0)
(-117376.743913137 0 0)
(-106744.956517549 0 0)
(-97551.3385860625 0 0)
(-89588.2780261495 0 0)
(-82668.226490624 0 0)
(-76635.1916404718 0 0)
(-71375.2904948368 0 0)
(-66767.2262029736 0 0)
(-62669.8128702861 0 0)
(-59000.1634752382 0 0)
(-55738.7423934007 0 0)
(-52863.4715195009 0 0)
(-50311.0382456104 0 0)
(-48008.2391593562 0 0)
(-45901.5200109082 0 0)
(-43963.5264598258 0 0)
(-42185.6017990605 0 0)
(-40563.9701286491 0 0)
(-39085.0121493965 0 0)
(-37729.7435209213 0 0)
(-36482.5710461624 0 0)
(-35330.1720771414 0 0)
(-34259.2930716956 0 0)
(-33256.9275228588 0 0)
(-32312.8846438834 0 0)
(-31423.4959573395 0 0)
(-30587.4564739002 0 0)
(-29802.587649818 0 0)
(-29065.488576759 0 0)
(-28371.1480066558 0 0)
(-27714.2861904177 0 0)
(-27091.1569384567 0 0)
(-26498.5345793363 0 0)
(-25933.8002740266 0 0)
(-25394.4736654403 0 0)
(-24878.6711732341 0 0)
(-24384.6973562744 0 0)
(-23911.0230473291 0 0)
(-23455.8824355469 0 0)
(-23017.9452034974 0 0)
(-22595.9855595202 0 0)
(-22189.059120227 0 0)
(-21796.159087749 0 0)
(-21416.5173826545 0 0)
(-21049.2795817777 0 0)
(-20693.812549815 0 0)
(-20349.4064332357 0 0)
(-20015.5325346212 0 0)
(-19691.5458811672 0 0)
(-19377.051996013 0 0)
(-19071.5699282618 0 0)
(-18774.6246009672 0 0)
(-18485.8011245982 0 0)
(-18205.2688681607 0 0)
(-17932.4295824125 0 0)
(-17666.383819359 0 0)
(-17406.6297666506 0 0)
(-17152.9512576316 0 0)
(-16905.0374320606 0 0)
(-16662.7128778453 0 0)
(-16425.6961018936 0 0)
(-16193.8351549175 0 0)
(-15966.8737902303 0 0)
(-15744.6802613773 0 0)
(-15527.0203805208 0 0)
(-15313.7798009139 0 0)
(-15104.7436936907 0 0)
(-14899.8127500676 0 0)
(-14698.7892146434 0 0)
(-14501.5868209558 0 0)
(-14308.0229310352 0 0)
(-14118.0226292761 0 0)
(-13931.4167245289 0 0)
(-13748.1401997437 0 0)
(-13568.0358719902 0 0)
(-13391.0473839896 0 0)
(-13217.0283137857 0 0)
(-13045.9299003362 0 0)
(-12877.6154000007 0 0)
(-12712.0427219092 0 0)
(-12549.0838668616 0 0)
(-12388.7026138493 0 0)
(-12230.7788782181 0 0)
(-12075.2816159319 0 0)
(-11922.0979367023 0 0)
(-11771.2013653963 0 0)
(-11622.4855671072 0 0)
(-11475.9281082754 0 0)
(-11331.4286430303 0 0)
(-11188.9683152436 0 0)
(-11048.4522776927 0 0)
(-10909.8648307929 0 0)
(-10773.1161357846 0 0)
(-10638.193289305 0 0)
(-10505.0111334092 0 0)
(-10373.5592802895 0 0)
(-10243.7568724907 0 0)
(-10115.5957309323 0 0)
(-9988.99897462219 0 0)
(-9863.96038327382 0 0)
(-9740.4067637851 0 0)
(-9618.33363383554 0 0)
(-9497.67122898185 0 0)
(-9378.4166064585 0 0)
(-9260.50319753193 0 0)
(-9143.92942007241 0 0)
(-9028.63168989746 0 0)
(-8914.60962878607 0 0)
(-8801.8024424515 0 0)
(-8690.21081527305 0 0)
(-8579.77656832291 0 0)
(-8470.50132148926 0 0)
(-8362.3293509414 0 0)
(-8255.2630988817 0 0)
(-8149.24914969276 0 0)
(-8044.29066631373 0 0)
(-7940.33640684654 0 0)
(-7837.39016463407 0 0)
(-7735.40274440813 0 0)
(-7634.37849090494 0 0)
(-7534.2701383678 0 0)
(-7435.08251518796 0 0)
(-7336.77017222589 0 0)
(-7239.33836502877 0 0)
(-7142.7433506854 0 0)
(-7046.99076855574 0 0)
(-6952.03847129168 0 0)
(-6857.89245446932 0 0)
(-6764.5120508106 0 0)
(-6671.90360172842 0 0)
(-6580.0277951886 0 0)
(-6488.89133189913 0 0)
(-6398.45611528798 0 0)
(-6308.72924571579 0 0)
(-6219.67368129834 0 0)
(-6131.29699493763 0 0)
(-6043.56300991699 0 0)
(-5956.47988559088 0 0)
(-5870.01208616611 0 0)
(-5784.16851513748 0 0)
(-5698.91401041328 0 0)
(-5614.25843067078 0 0)
(-5530.16667330801 0 0)
(-5446.64981987977 0 0)
(-5363.67245666977 0 0)
(-5281.24721919826 0 0)
(-5199.33795474841 0 0)
(-5117.95924618372 0 0)
(-5037.07371475444 0 0)
(-4956.69834863843 0 0)
(-4876.79399621484 0 0)
(-4797.3805688702 0 0)
(-4718.41654311018 0 0)
(-4639.92533074814 0 0)
(-4561.86238693982 0 0)
(-4484.25524099999 0 0)
(-4407.05564313128 0 0)
(-4330.29589217684 0 0)
(-4253.92332806593 0 0)
(-4177.97569149122 0 0)
(-4102.39520158522 0 0)
(-4027.22570466641 0 0)
(-3952.40360233132 0 0)
(-3877.97949107266 0 0)
(-3803.88329366038 0 0)
(-3730.17295887572 0 0)
(-3656.77132727001 0 0)
(-3583.74423990317 0 0)
(-3511.00691908392 0 0)
(-3438.63354356714 0 0)
(-3366.53129561666 0 0)
(-3294.78303224264 0 0)
(-3223.28758372348 0 0)
(-3152.1366922958 0 0)
(-3081.22093457887 0 0)
(-3010.64380671498 0 0)
(-2940.29018701935 0 0)
(-2870.14922600214 0 0)
(-2799.18676184814 0 0)
(-2729.02218913297 0 0)
(-2660.507056687 0 0)
(-2592.01388214296 0 0)
(-2523.55305176424 0 0)
(-2455.34796236877 0 0)
(-2387.29028179866 0 0)
(-2319.51101559595 0 0)
(-2251.87093310509 0 0)
(-2184.50312140056 0 0)
(-2117.258691312 0 0)
(-2050.27694463071 0 0)
(-1983.40177409662 0 0)
(-1916.77892770014 0 0)
(-1850.24615896616 0 0)
(-1783.95525809432 0 0)
(-1717.73861990288 0 0)
(-1651.7533406884 0 0)
(-1585.82723439554 0 0)
(-1520.12194764159 0 0)
(-1454.46160176704 0 0)
(-1389.01142169552 0 0)
(-1323.59269436665 0 0)
(-1258.37332438615 0 0)
(-1193.17268897203 0 0)
(-1128.16047481523 0 0)
(-1063.15491925349 0 0)
(-998.326622235443 0 0)
(-933.493621860639 0 0)
(-868.826485015511 0 0)
(-804.143895938585 0 0)
(-739.615517409115 0 0)
(-675.061518839515 0 0)
(-610.649841679647 0 0)
(-546.202924586231 0 0)
(-481.886228964123 0 0)
(-417.525215933466 0 0)
(-353.282245349568 0 0)
(-288.98675990293 0 0)
(-224.799272769421 0 0)
(-160.56040824314 0 0)
(-96.407989786928 0 0)
(-31.9824341663108 0 0)
(31.8474998597235 0 0)
(96.273055086351 0 0)
(160.425459366619 0 0)
(224.66431579975 0 0)
(288.851780569085 0 0)
(353.147252382596 0 0)
(417.390186857439 0 0)
(481.751178773515 0 0)
(546.067830331432 0 0)
(610.514721505577 0 0)
(674.926354847059 0 0)
(739.480310572122 0 0)
(804.008647498598 0 0)
(868.691177026685 0 0)
(933.358273798877 0 0)
(998.191193504903 0 0)
(1063.01943686715 0 0)
(1128.02490086642 0 0)
(1193.03705344126 0 0)
(1258.2376225352 0 0)
(1323.45689154458 0 0)
(1388.87553211513 0 0)
(1454.32561880831 0 0)
(1519.98587517661 0 0)
(1585.69107415855 0 0)
(1651.61705746655 0 0)
(1717.602245092 0 0)
(1783.81877225152 0 0)
(1850.10954211924 0 0)
(1916.64220420289 0 0)
(1983.26491081588 0 0)
(2050.13995425334 0 0)
(2117.12156935486 0 0)
(2184.36586216979 0 0)
(2251.73352728409 0 0)
(2319.37346035026 0 0)
(2387.15255510914 0 0)
(2455.21009672373 0 0)
(2523.41503125693 0 0)
(2591.87567654588 0 0)
(2660.36869205905 0 0)
(2728.88362689154 0 0)
(2799.04806304311 0 0)
(2870.01032783693 0 0)
(2940.15108292883 0 0)
(3010.5045191009 0 0)
(3081.08143892952 0 0)
(3151.99699657177 0 0)
(3223.14767326261 0 0)
(3294.64291077121 0 0)
(3366.39094969692 0 0)
(3438.49297426219 0 0)
(3510.86611898988 0 0)
(3583.60320510583 0 0)
(3656.63005001323 0 0)
(3730.03143552216 0 0)
(3803.74151703936 0 0)
(3877.83745843661 0 0)
(3952.26130522418 0 0)
(4027.08313966344 0 0)
(4102.2523617967 0 0)
(4177.83257214527 0 0)
(4253.77992288566 0 0)
(4330.15219562382 0 0)
(4406.91164890218 0 0)
(4484.11094383193 0 0)
(4561.71778028795 0 0)
(4639.78040890922 0 0)
(4718.27129973314 0 0)
(4797.23499786958 0 0)
(4876.6480912136 0 0)
(4956.55210352277 0 0)
(5036.92712296296 0 0)
(5117.81230126591 0 0)
(5199.19064992791 0 0)
(5281.09954824829 0 0)
(5363.52441253361 0 0)
(5446.5013957626 0 0)
(5530.01786198815 0 0)
(5614.10922545899 0 0)
(5698.76440355007 0 0)
(5784.01849970669 0 0)
(5869.86165458769 0 0)
(5956.32903043514 0 0)
(6043.41172350768 0 0)
(6131.14526958909 0 0)
(6219.52150902423 0 0)
(6308.57661877516 0 0)
(6398.30302530552 0 0)
(6488.7377708855 0 0)
(6579.87375486687 0 0)
(6671.74907363022 0 0)
(6764.35702622659 0 0)
(6857.7369249437 0 0)
(6951.88242778258 0 0)
(7046.83420185605 0 0)
(7142.58625175289 0 0)
(7239.18072474077 0 0)
(7336.61198077376 0 0)
(7434.92376282314 0 0)
(7534.11081517572 0 0)
(7634.21858689237 0 0)
(7735.24224959271 0 0)
(7837.22906812579 0 0)
(7940.17469842193 0 0)
(8044.12833480148 0 0)
(8149.08618420121 0 0)
(8255.09948810654 0 0)
(8362.16508386412 0 0)
(8470.3363859997 0 0)
(8579.61095254862 0 0)
(8690.04450744562 0 0)
(8801.63543004294 0 0)
(8914.44189887733 0 0)
(9028.46322979973 0 0)
(9143.76021677251 0 0)
(9260.33323712498 0 0)
(9378.24587572763 0 0)
(9497.49971432032 0 0)
(9618.16131994418 0 0)
(9740.23363649835 0 0)
(9863.78642764321 0 0)
(9988.82417516344 0 0)
(10115.4200726921 0 0)
(10243.5803389676 0 0)
(10373.381855547 0 0)
(10504.8328008083 0 0)
(10638.0140314457 0 0)
(10772.9359354674 0 0)
(10909.6836699973 0 0)
(11048.2701382879 0 0)
(11188.7851783976 0 0)
(11331.2444893547 0 0)
(11475.7429181897 0 0)
(11622.2993209013 0 0)
(11771.0140425032 0 0)
(11921.9095152175 0 0)
(12075.0920745172 0 0)
(12230.5881949411 0 0)
(12388.5107657736 0 0)
(12548.8908311593 0 0)
(12711.8484737508 0 0)
(12877.419914652 0 0)
(13045.7331530536 0 0)
(13216.8302784101 0 0)
(13390.8480336837 0 0)
(13567.8351798061 0 0)
(13747.938137001 0 0)
(13931.213262115 0 0)
(14117.8177379966 0 0)
(14307.8165805565 0 0)
(14501.3789786987 0 0)
(14698.5798485186 0 0)
(14899.6018271126 0 0)
(15104.5311785997 0 0)
(15313.5656587608 0 0)
(15526.8045754388 0 0)
(15744.4627549896 0 0)
(15966.6545436786 0 0)
(16193.6141282233 0 0)
(16425.4732543968 0 0)
(16662.4881661505 0 0)
(16904.8108124062 0 0)
(17152.7226847843 0 0)
(17406.3991938873 0 0)
(17666.1511979099 0 0)
(17932.1948619917 0 0)
(18205.0320017097 0 0)
(18485.5620622633 0 0)
(18774.3832831884 0 0)
(19071.326295211 0 0)
(19376.8059867742 0 0)
(19691.2974339127 0 0)
(20015.2815844754 0 0)
(20349.1529098239 0 0)
(20693.5563840845 0 0)
(21049.0207052142 0 0)
(21416.25571485 0 0)
(21795.8945444843 0 0)
(22188.7916233146 0 0)
(22595.7150267269 0 0)
(23017.6715387269 0 0)
(23455.6055382826 0 0)
(23910.742823007 0 0)
(24384.4137113481 0 0)
(24878.3839959675 0 0)
(25394.1828325689 0 0)
(25933.505670227 0 0)
(26498.2360852577 0 0)
(27090.8544165704 0 0)
(27713.9794998566 0 0)
(28370.8370052825 0 0)
(29065.1731163199 0 0)
(29802.2675796114 0 0)
(30587.1316246487 0 0)
(31423.1661391199 0 0)
(32312.5496489351 0 0)
(33256.5871457932 0 0)
(34258.9471456288 0 0)
(35329.8204666091 0 0)
(36482.2136225515 0 0)
(37729.3801752331 0 0)
(39084.6428366578 0 0)
(40563.5948943884 0 0)
(42185.2208272554 0 0)
(43963.1400527839 0 0)
(45901.128685326 0 0)
(48007.8438545102 0 0)
(50310.6405129079 0 0)
(52863.0737124166 0 0)
(55738.3478568699 0 0)
(58999.7766858626 0 0)
(62669.4397930665 0 0)
(66766.8750469184 0 0)
(71374.972532168 0 0)
(76634.9217503833 0 0)
(82668.0238112065 0 0)
(89588.1671744882 0 0)
(97551.3506643782 0 0)
(106745.130087179 0 0)
(117377.12591084 0 0)
(129668.781972692 0 0)
(143864.655141629 0 0)
(160239.151537318 0 0)
(179057.968108884 0 0)
(200564.268494585 0 0)
(224958.423013598 0 0)
(252393.088872251 0 0)
(282944.442259404 0 0)
(316593.207350584 0 0)
(353217.157702129 0 0)
(392609.690693406 0 0)
(434500.716970753 0 0)
(478560.293350375 0 0)
(524441.404345055 0 0)
(571805.65931365 0 0)
(620316.713451341 0 0)
(669661.860639809 0 0)
(719567.46845391 0 0)
(769788.188204913 0 0)
(820098.356150659 0 0)
(870296.505897109 0 0)
(920205.309365625 0 0)
(969677.66794054 0 0)
(1018596.66608937 0 0)
(1066870.20063778 0 0)
(1114429.86998583 0 0)
(1161222.09912166 0 0)
(1207249.93135907 0 0)
(1252293.79958316 0 0)
)
;

boundaryField
{
    electrode
    {
        type            calculated;
        value           uniform (-1274501.8411644 0 0);
    }
    ground
    {
        type            calculated;
        value           uniform (1274516.29865006 0 0);
    }
    otherfaces
    {
        type            empty;
    }
}


// ************************************************************************* //
