/*--------------------------------*- C++ -*----------------------------------*\
| =========                 |                                                 |
| \\      /  F ield         | foam-extend: Open Source CFD                    |
|  \\    /   O peration     | Version:     4.1                                |
|   \\  /    A nd           | Web:         http://www.foam-extend.org         |
|    \\/     M anipulation  |                                                 |
\*---------------------------------------------------------------------------*/
FoamFile
{
    version     2.0;
    format      ascii;
    class       volScalarField;
    location    "1.49999999935008e-05";
    object      powerDissipated;
}
// * * * * * * * * * * * * * * * * * * * * * * * * * * * * * * * * * * * * * //

dimensions      [1 2 -3 0 0 0 0];

internalField   nonuniform List<scalar> 
500
(
0.00187838659518706
0.00164066382229692
0.00129649239951952
0.000839983603540522
0.000276518767031183
-0.000358532167539988
-0.000953613725948731
-0.00132547681777194
-0.00120563101430093
-0.000295979307342421
0.0016744800219504
0.00483939110414146
0.00913574427667579
0.0142617178041799
0.0197346369469731
0.0250018333399162
0.0295782052557467
0.0331232524181616
0.0354907981411733
0.0367297412550622
0.0369941843019794
0.0364853110178515
0.0354213145721884
0.033989624410581
0.0323359826091498
0.0305723638561233
0.0287842521227022
0.0270306157551484
0.0253501016002033
0.0237484681438689
0.0222500475656871
0.0208664564077788
0.019595628063874
0.0184278308005727
0.0173534724033115
0.0163888489579682
0.0155293597176145
0.0147257781966112
0.0139678264355363
0.013282784079043
0.01268459825182
0.01215165857521
0.0116605398383044
0.0111995295491495
0.0107667748942729
0.0103657191574875
0.0100009424401529
0.00966835839383737
0.0093614619352734
0.00907742635885337
0.00881423539577116
0.0085690373157196
0.00833833133163362
0.00811880997492323
0.00791095582890294
0.00771537541327931
0.00753169266487991
0.00735922999479876
0.00719651618338604
0.00704188329944605
0.00689482084906426
0.00675457274119288
0.00662070615922082
0.00649252518407744
0.00636973946935961
0.00625195784271491
0.00613895800860588
0.00603015199538354
0.00592534713057251
0.00582420354691188
0.00572661168078183
0.00563225086179134
0.0055410445162359
0.00545270294531337
0.0053671736334359
0.00528421292876305
0.00520378892907239
0.0051256474741035
0.0050497950944167
0.00497608338295747
0.00490440021835887
0.00483450853533635
0.00476678779646761
0.00470097039135631
0.00463669978461467
0.00457388412317295
0.00451257337893334
0.0044526287206835
0.00439407704365284
0.00433678558142185
0.00428078299409808
0.00422594604763284
0.00417230483054573
0.0041197436046275
0.00406829455632909
0.00401784831397477
0.00396843831252219
0.00391996155230251
0.0038724520558561
0.00382581275716705
0.00378007805989265
0.00373515597358779
0.00369108135691903
0.00364776733215122
0.00360524795716697
0.0035634414223641
0.00352238193924825
0.00348199102316132
0.00344230336719036
0.00340324389472547
0.00336484695612407
0.00332704152466477
0.00328986085386426
0.00325323764864467
0.00321720454729689
0.00318169747708484
0.00314674811336013
0.00311229599869666
0.00307837169047047
0.0030449171744714
0.00301196343970666
0.00297945408718365
0.00294741962032319
0.00291580618050147
0.00288464385218116
0.00285388071493885
0.00282354602695387
0.00279359058691182
0.00276404241990279
0.00273485461071618
0.00270605450891625
0.00267759700471021
0.00264950873473615
0.00262174654356706
0.00259433648000339
0.00256723665480283
0.00254047281705686
0.00251400483268478
0.00248785733532282
0.00246199195509932
0.00243643281654297
0.00241114293151553
0.0023861455914123
0.00236140536731737
0.00233694493435081
0.00231273017101225
0.00228878306144041
0.00226507089773324
0.00224161478784758
0.00221838359734457
0.00219539751572555
0.0021726266819551
0.00215009086397952
0.00212776090338445
0.00210565642700783
0.00208374909015852
0.00206205793137238
0.0020405557767762
0.00201926097810473
0.00199814749540717
0.00197723276523075
0.0019564922248009
0.0019359424613287
0.001915559599443
0.00189536022519741
0.00187532093286644
0.00185545792131437
0.00183574863881547
0.00181620879377212
0.00179681639453379
0.00177758720068726
0.00175849930635044
0.00173956870684318
0.00172077340987114
0.00170212998860103
0.00168361599328171
0.00166524869866269
0.00164700516181062
0.00162890352014221
0.00161092001269363
0.0015930740517259
0.00157534064239564
0.00155774064188929
0.00154024776250578
0.00152288464057858
0.00150562306435435
0.00148848798505161
0.00147144899021363
0.00145453338382554
0.00143770850626189
0.00142100422405971
0.00140438524168499
0.00138788446817258
0.00137146348614292
0.00135515868230064
0.00133892825287141
0.00132281211407668
0.00130676499475052
0.00129083024246151
0.00127495968543488
0.00125919991350858
0.0012434987000069
0.00122790693969895
0.00121236904699333
0.00119693983754358
0.00118157440853728
0.00116637575479745
0.00115072583538136
0.00113540734638673
0.00112066034866998
0.00110577530768257
0.00109089862125752
0.00107612716025154
0.00106138274143411
0.00104674382077689
0.00103212701294189
0.00101761041737744
0.00100311370319531
0.000988717354285311
0.000974335211082889
0.000960052063403994
0.000945778824307855
0.00093160210636618
0.00091743168171246
0.000903354729036757
0.000889281497909284
0.000875300609843533
0.000861320128661808
0.000847427821897162
0.000833533510361187
0.000819725438600154
0.00080591392967788
0.000792184624213253
0.000778448245294355
0.000764791721871101
0.000751128849160695
0.000737542010384437
0.000723945770583618
0.000710422179911204
0.000696888436734269
0.000683424095071649
0.000669948386042726
0.000656538242731943
0.000643116258309473
0.00062975552114643
0.000616382508342753
0.000603066876604923
0.000589741812893491
0.000576480581764905
0.000563114145302074
0.000549993418749075
0.000536664397919819
0.00052347131635783
0.000510253879661109
0.000497078431204079
0.000483883397189894
0.000470730878635059
0.000457557349264259
0.000444424793217472
0.000431269011558338
0.000418151319412985
0.000405008970708737
0.000391902530514987
0.000378769327597915
0.0003656693031763
0.000352541437565384
0.000339443837998966
0.000326317001008029
0.000313216708892791
0.000300085077529853
0.000286977668060344
0.000273838992904815
0.000260720179386423
0.00024756763120489
0.000234432213872116
0.000221263753850875
0.000208107582974963
0.000194915307727431
0.000181732736570062
0.000168514658919614
0.000155301346271903
0.000142050300325288
0.0001288004181791
0.000115512935861164
0.000102222626217611
8.88923845892671e-05
7.55548832345654e-05
6.21788386850248e-05
4.87936662525786e-05
3.53730814630142e-05
2.19661659164053e-05
8.58045831793679e-06
-5.11192371398071e-06
-1.89726089899802e-05
-3.26400611975836e-05
-4.63234665876897e-05
-6.00339525699924e-05
-7.37894208106299e-05
-8.75750289875254e-05
-0.000101406346309443
-0.000115271033878119
-0.000129183165485467
-0.00014313181070814
-0.000157129287167773
-0.000171166932130896
-0.000185255288403532
-0.000199387035447621
-0.000213571379093991
-0.000227802485290299
-0.000242088355445606
-0.000256424341513346
-0.000270817364700317
-0.000285263944237819
-0.000299770024763384
-0.000314333067441579
-0.000328958146012825
-0.000343643702112166
-0.000358394089930875
-0.000373208381979339
-0.000388090545498894
-0.000403040139607627
-0.000418060688289892
-0.000433152367138846
-0.000448318286640657
-0.00046355916167736
-0.000478877687242014
-0.000494275060245842
-0.000509753689761014
-0.000525315225251129
-0.000540961828420392
-0.000556695474302809
-0.000572518309358818
-0.000588432437301425
-0.000604439938424699
-0.000620543282339369
-0.000636744358803129
-0.000653046112321421
-0.00066945013560343
-0.000685959699506151
-0.000702576511353364
-0.000719304069939807
-0.000736143786542442
-0.000753099775614763
-0.000770173364063868
-0.00078736877925343
-0.000804687472207545
-0.000822134084383005
-0.00083970975399277
-0.000857419671538237
-0.000875264974969134
-0.000893251186100505
-0.000911379261187986
-0.000929655402450907
-0.000948080307261571
-0.000966660678583374
-0.000985397148944865
-0.00100429712528669
-0.0010233608833773
-0.00104259638463078
-0.00106200403108762
-0.00108159218281084
-0.00110136132827807
-0.00112132043711735
-0.0011414697517573
-0.00116181913900344
-0.00118236853513219
-0.00120312881115667
-0.00122409948958251
-0.00124529269900689
-0.00126670762729243
-0.00128835736414801
-0.001310241521094
-0.00133237290313006
-0.00135475448388428
-0.00137739982154267
-0.00140030490004551
-0.00142348645682242
-0.00144694376462163
-0.00147069354947795
-0.00149473521561741
-0.00151908645390769
-0.00154374687934379
-0.00156873549034808
-0.00159405160170714
-0.0016197161177831
-0.00164572833916367
-0.00167211045777959
-0.00169886228529173
-0.00172600767277545
-0.00175354636672637
-0.00178150400464255
-0.00180988092966535
-0.00183870478723241
-0.00186797584123019
-0.00189772412938821
-0.00192795056875387
-0.00195868721070015
-0.00198993566668865
-0.00202173093925382
-0.00205407478922271
-0.00208700537758819
-0.00212052548512633
-0.00215467603297523
-0.00218946116767194
-0.0022249254584319
-0.00226107392628572
-0.00229795530584648
-0.0023355763479151
-0.00237398990632181
-0.00241320505539985
-0.00245327894783643
-0.00249422345163074
-0.00253610107073373
-0.00257892656124416
-0.00262276889286553
-0.0026676476522529
-0.002713659182448
-0.00276091131121056
-0.00280948741608128
-0.00285942699337302
-0.00291089238745608
-0.00296387715202045
-0.00301846766091792
-0.00307473220517126
-0.00313279977899945
-0.00319272887957454
-0.00325467027014352
-0.00331870925614791
-0.00338501800407711
-0.00345370152662421
-0.00352496298650387
-0.00359893708275326
-0.00367586350014399
-0.00375593989477883
-0.00383949088424853
-0.00392672153726582
-0.00401800381172912
-0.0041136536671505
-0.00421411051845366
-0.00431976081949941
-0.00443120085510266
-0.00454902478894325
-0.00467415664531386
-0.00480729122197203
-0.00494916279954712
-0.00510045355168692
-0.00526160795907344
-0.00543339517333781
-0.00561729999471561
-0.00581452278770493
-0.00602705177325474
-0.00625731519080631
-0.00650821730038647
-0.00678286054589917
-0.007082690147744
-0.00740873636188161
-0.00776419289347735
-0.00815289124209947
-0.00858081510409471
-0.00905531027221235
-0.00958114553874628
-0.0101589362722953
-0.0107980520290227
-0.0115141320471713
-0.0123145314530436
-0.0131933627958034
-0.0141636222367993
-0.0152446409548994
-0.0164401141244138
-0.0177537044801694
-0.019185284965716
-0.0207351590582021
-0.0223969151320874
-0.0241398685156713
-0.0259266809109062
-0.0277002466122122
-0.0293898969941185
-0.0308933659010216
-0.0321020081786827
-0.0329023804919205
-0.0332069665833386
-0.0329606741519375
-0.032149540756247
-0.0308182514130678
-0.0290393938995068
-0.0268876844616015
-0.0244451428886511
-0.0217778804308196
-0.0189426766422624
-0.0160149602045661
-0.0130880649736928
-0.0102703491293906
-0.00768389520602648
-0.00540404193365346
-0.00348590218629456
-0.00193959069756703
-0.000743669394721187
0.000152228054779922
0.000802757655485486
0.00124063265762834
)
;

boundaryField
{
    electrode
    {
        type            zeroGradient;
    }
    ground
    {
        type            zeroGradient;
    }
    otherfaces
    {
        type            empty;
    }
}


// ************************************************************************* //
