/*--------------------------------*- C++ -*----------------------------------*\
| =========                 |                                                 |
| \\      /  F ield         | foam-extend: Open Source CFD                    |
|  \\    /   O peration     | Version:     4.1                                |
|   \\  /    A nd           | Web:         http://www.foam-extend.org         |
|    \\/     M anipulation  |                                                 |
\*---------------------------------------------------------------------------*/
FoamFile
{
    version     2.0;
    format      ascii;
    class       volVectorField;
    location    "1.49999999935008e-05";
    object      velocityAr2p;
}
// * * * * * * * * * * * * * * * * * * * * * * * * * * * * * * * * * * * * * //

dimensions      [0 1 -1 0 0 0 0];

internalField   nonuniform List<vector> 
500
(
(-4161.39992633411 0 0)
(-4015.04510779394 0 0)
(-3921.02739062211 0 0)
(-3815.57822453654 0 0)
(-3709.26371019375 0 0)
(-3599.58057881558 0 0)
(-3487.33053037636 0 0)
(-3372.20572529204 0 0)
(-3254.73904810162 0 0)
(-3135.15869822358 0 0)
(-3014.00779097561 0 0)
(-2891.23384065092 0 0)
(-2767.55067724392 0 0)
(-2642.99534046512 0 0)
(-2518.79018418508 0 0)
(-2395.65927350293 0 0)
(-2274.22715866292 0 0)
(-2155.1293565949 0 0)
(-2039.89759270426 0 0)
(-1928.86926192335 0 0)
(-1822.95449409757 0 0)
(-1722.95880680551 0 0)
(-1629.22947703246 0 0)
(-1542.08785642045 0 0)
(-1461.49058264049 0 0)
(-1387.57895648735 0 0)
(-1319.9930741857 0 0)
(-1258.40082189955 0 0)
(-1202.24649868089 0 0)
(-1151.11159323221 0 0)
(-1104.65024841561 0 0)
(-1062.27732728199 0 0)
(-1023.54074844106 0 0)
(-988.009592361337 0 0)
(-955.405627875625 0 0)
(-925.456980262114 0 0)
(-897.587258129643 0 0)
(-871.645912971957 0 0)
(-847.636520082213 0 0)
(-825.385216059845 0 0)
(-804.543100638593 0 0)
(-784.870620778881 0 0)
(-766.291686605896 0 0)
(-748.739586055842 0 0)
(-732.167495308105 0 0)
(-716.49128439095 0 0)
(-701.62070265813 0 0)
(-687.442278281199 0 0)
(-673.912291170568 0 0)
(-660.969413543543 0 0)
(-648.571410605011 0 0)
(-636.667610523671 0 0)
(-625.22723966453 0 0)
(-614.22023320514 0 0)
(-603.631035921551 0 0)
(-593.420281610873 0 0)
(-583.5672221699 0 0)
(-574.040492687055 0 0)
(-564.820708734205 0 0)
(-555.887200042913 0 0)
(-547.227075588165 0 0)
(-538.820977827319 0 0)
(-530.658435043108 0 0)
(-522.722878545519 0 0)
(-515.006077390828 0 0)
(-507.493547365417 0 0)
(-500.177748982483 0 0)
(-493.046190322056 0 0)
(-486.09340729708 0 0)
(-479.308229277729 0 0)
(-472.685882096152 0 0)
(-466.216482521817 0 0)
(-459.896028345746 0 0)
(-453.715655859285 0 0)
(-447.672020330725 0 0)
(-441.757149122326 0 0)
(-435.968172772858 0 0)
(-430.297872398587 0 0)
(-424.743979059733 0 0)
(-419.299798519906 0 0)
(-413.963108219564 0 0)
(-408.728321926176 0 0)
(-403.593763412311 0 0)
(-398.552378478837 0 0)
(-393.603882725752 0 0)
(-388.743121781434 0 0)
(-383.968943205007 0 0)
(-379.276700159544 0 0)
(-374.665469916979 0 0)
(-370.130931219074 0 0)
(-365.672322126013 0 0)
(-361.285613592091 0 0)
(-356.970184504629 0 0)
(-352.722267992051 0 0)
(-348.541366394295 0 0)
(-344.423949158548 0 0)
(-340.369626916887 0 0)
(-336.37508244344 0 0)
(-332.440021907261 0 0)
(-328.561321359201 0 0)
(-324.738771204993 0 0)
(-320.969422957085 0 0)
(-317.253141611379 0 0)
(-313.587138489543 0 0)
(-309.971344661255 0 0)
(-306.403117270142 0 0)
(-302.882446265693 0 0)
(-299.406821862127 0 0)
(-295.97628661558 0 0)
(-292.588452737104 0 0)
(-289.243409641915 0 0)
(-285.938881541618 0 0)
(-282.674999841886 0 0)
(-279.449591599606 0 0)
(-276.262825962111 0 0)
(-273.112624790339 0 0)
(-269.999191089542 0 0)
(-266.920534142597 0 0)
(-263.876887661951 0 0)
(-260.866341547812 0 0)
(-257.889156712649 0 0)
(-254.943497212984 0 0)
(-252.029649031381 0 0)
(-249.145845707576 0 0)
(-246.292396321488 0 0)
(-243.467598522883 0 0)
(-240.671782113404 0 0)
(-237.903304222618 0 0)
(-235.162513533939 0 0)
(-232.44782232716 0 0)
(-229.759596570513 0 0)
(-227.096299750258 0 0)
(-224.458313786138 0 0)
(-221.844149785018 0 0)
(-219.25420424751 0 0)
(-216.687032600328 0 0)
(-214.14304490102 0 0)
(-211.620837743328 0 0)
(-209.120833819294 0 0)
(-206.641668048978 0 0)
(-204.183774805039 0 0)
(-201.745824733968 0 0)
(-199.328263193551 0 0)
(-196.929793982956 0 0)
(-194.550872865606 0 0)
(-192.190234513798 0 0)
(-189.848344414677 0 0)
(-187.523965977385 0 0)
(-185.217574005353 0 0)
(-182.927958517966 0 0)
(-180.655603303294 0 0)
(-178.399323036076 0 0)
(-176.159610173143 0 0)
(-173.935302203479 0 0)
(-171.726900002533 0 0)
(-169.533262062403 0 0)
(-167.35489768462 0 0)
(-165.190684500173 0 0)
(-163.041140289354 0 0)
(-160.905160018996 0 0)
(-158.783270127232 0 0)
(-156.674381069736 0 0)
(-154.579028405936 0 0)
(-152.496135992034 0 0)
(-150.426249246643 0 0)
(-148.368303238939 0 0)
(-146.322854188007 0 0)
(-144.288845947272 0 0)
(-142.26684698732 0 0)
(-140.255807080973 0 0)
(-138.25630882953 0 0)
(-136.267304697425 0 0)
(-134.289393889316 0 0)
(-132.321527714965 0 0)
(-130.364325100343 0 0)
(-128.41673176024 0 0)
(-126.479390255997 0 0)
(-124.551235515306 0 0)
(-122.63293835179 0 0)
(-120.723416900192 0 0)
(-118.823375990482 0 0)
(-116.93170991919 0 0)
(-115.049164217513 0 0)
(-113.17460130106 0 0)
(-111.308815206753 0 0)
(-109.45062762057 0 0)
(-107.600890017634 0 0)
(-105.758372756506 0 0)
(-103.923995020065 0 0)
(-102.096464935242 0 0)
(-100.276780516429 0 0)
(-98.4635747464453 0 0)
(-96.6579366617555 0 0)
(-94.8584120346459 0 0)
(-93.0661939519951 0 0)
(-91.2797244523641 0 0)
(-89.5003165794968 0 0)
(-87.7262948360365 0 0)
(-85.9591052430338 0 0)
(-84.1969421948961 0 0)
(-82.4413911599426 0 0)
(-80.6905111067158 0 0)
(-78.9460375698477 0 0)
(-77.2058831853506 0 0)
(-75.4719335251343 0 0)
(-73.7419753902861 0 0)
(-72.0180826341644 0 0)
(-70.2971123535553 0 0)
(-68.5835025779757 0 0)
(-66.8719825541875 0 0)
(-65.1665720366393 0 0)
(-63.4638438709266 0 0)
(-61.7669619048628 0 0)
(-60.0723141320031 0 0)
(-58.3834511606881 0 0)
(-56.6963611485724 0 0)
(-55.0150555913684 0 0)
(-53.3350585501245 0 0)
(-51.6608260007908 0 0)
(-49.9874292753639 0 0)
(-48.3197975213097 0 0)
(-46.6525532823268 0 0)
(-44.991081416273 0 0)
(-43.3295334398035 0 0)
(-41.6737885656187 0 0)
(-40.017470354802 0 0)
(-38.3669971132949 0 0)
(-36.7154930045642 0 0)
(-35.069866478479 0 0)
(-33.4227332927255 0 0)
(-31.7814944143211 0 0)
(-30.1383230200717 0 0)
(-28.5010721115668 0 0)
(-26.8614631739141 0 0)
(-25.227733511205 0 0)
(-23.5912715034931 0 0)
(-21.9606514663601 0 0)
(-20.3269362309942 0 0)
(-18.6990006481407 0 0)
(-17.0676470235533 0 0)
(-15.4419769567311 0 0)
(-13.8125808755238 0 0)
(-12.188741506915 0 0)
(-10.5609255733149 0 0)
(-8.93851584852799 0 0)
(-7.31187906420566 0 0)
(-5.69024828218503 0 0)
(-4.06487034637189 0 0)
(-2.44338487085717 0 0)
(-0.818843783493169 0 0)
(0.802640218594158 0 0)
(2.42718431483471 0 0)
(4.04866813099579 0 0)
(5.67404503470046 0 0)
(7.29567629223823 0 0)
(8.92231319869664 0 0)
(10.5447212455609 0 0)
(12.1725421275777 0 0)
(13.796375287555 0 0)
(15.425770535245 0 0)
(17.0514469286308 0 0)
(18.6828031448387 0 0)
(20.3107432912144 0 0)
(21.9444580885586 0 0)
(23.5750788493296 0 0)
(25.2115410978224 0 0)
(26.8452780628135 0 0)
(28.4848885083999 0 0)
(30.1221574517299 0 0)
(31.7653258985511 0 0)
(33.4065514879522 0 0)
(35.0536801592783 0 0)
(36.6993209835296 0 0)
(38.3508366068133 0 0)
(40.001306907535 0 0)
(41.6576336073641 0 0)
(43.3133725179616 0 0)
(44.9749398699706 0 0)
(46.6363980880505 0 0)
(48.303658100079 0 0)
(49.971291506993 0 0)
(51.6446788080674 0 0)
(53.3189290826846 0 0)
(54.9989421386903 0 0)
(56.6802583229393 0 0)
(58.3673328321429 0 0)
(60.0562090659341 0 0)
(61.7508723523566 0 0)
(63.4477552917984 0 0)
(65.1504827774694 0 0)
(66.8559122790043 0 0)
(68.5674790359005 0 0)
(70.2810972990732 0 0)
(72.0020218905798 0 0)
(73.7259296488205 0 0)
(75.4558909732592 0 0)
(77.1898438578674 0 0)
(78.9300026927504 0 0)
(80.6744800189728 0 0)
(82.4253663706045 0 0)
(84.1809192421116 0 0)
(85.9430883949598 0 0)
(87.7102855685243 0 0)
(89.4843113577086 0 0)
(91.2637244793943 0 0)
(93.0501995746094 0 0)
(94.8424243280446 0 0)
(96.6419560646939 0 0)
(98.4476003337896 0 0)
(100.260813681761 0 0)
(102.080505924383 0 0)
(103.9080441296 0 0)
(105.742430240639 0 0)
(107.584956360652 0 0)
(109.434703218261 0 0)
(111.292900493614 0 0)
(113.158696432254 0 0)
(115.033269667164 0 0)
(116.915826100077 0 0)
(118.807503393423 0 0)
(120.707555856646 0 0)
(122.617089380676 0 0)
(124.535399057742 0 0)
(126.463566892226 0 0)
(128.400921957548 0 0)
(130.348529406594 0 0)
(132.305746668333 0 0)
(134.273628073144 0 0)
(136.251554655459 0 0)
(138.240575140428 0 0)
(140.240090266822 0 0)
(142.251147677526 0 0)
(144.273164712898 0 0)
(146.3071916828 0 0)
(148.352660040147 0 0)
(150.410626042824 0 0)
(152.480533413117 0 0)
(154.563447129388 0 0)
(156.658821779001 0 0)
(158.76773357102 0 0)
(160.889646858945 0 0)
(163.025651310235 0 0)
(165.175220425358 0 0)
(167.339459318337 0 0)
(169.517850123983 0 0)
(171.711515319855 0 0)
(173.919945542076 0 0)
(176.144282376632 0 0)
(178.384024877541 0 0)
(180.640335622067 0 0)
(182.912722126507 0 0)
(185.20236978818 0 0)
(187.508794753104 0 0)
(189.833207097601 0 0)
(192.175131921351 0 0)
(194.535805963293 0 0)
(196.9147636012 0 0)
(199.313270284618 0 0)
(201.730870175215 0 0)
(204.168859582332 0 0)
(206.626793014307 0 0)
(209.105999995744 0 0)
(211.606046007113 0 0)
(214.128296247491 0 0)
(216.672327920799 0 0)
(219.239544550622 0 0)
(221.829535943468 0 0)
(224.443746809351 0 0)
(227.081780501552 0 0)
(229.745126045449 0 0)
(232.433401433061 0 0)
(235.148143257116 0 0)
(237.888985418007 0 0)
(240.657515763663 0 0)
(243.453385518635 0 0)
(246.278237616128 0 0)
(249.131742248163 0 0)
(252.015601673526 0 0)
(254.929506858712 0 0)
(257.875224302756 0 0)
(260.852467863091 0 0)
(263.863073622519 0 0)
(266.906780497963 0 0)
(269.985498692096 0 0)
(273.098994391494 0 0)
(276.249258314942 0 0)
(279.436087366104 0 0)
(282.661559747078 0 0)
(285.925506218707 0 0)
(289.23009973988 0 0)
(292.575208762068 0 0)
(295.963109113086 0 0)
(299.393711262045 0 0)
(302.869403071063 0 0)
(306.390141819086 0 0)
(309.958437275739 0 0)
(313.574299363462 0 0)
(317.24037103854 0 0)
(320.956720994775 0 0)
(324.726137908092 0 0)
(328.548756707097 0 0)
(332.42752581546 0 0)
(336.362654688868 0 0)
(340.357267215968 0 0)
(344.411657149271 0 0)
(348.529141645584 0 0)
(352.710109881072 0 0)
(356.958092415584 0 0)
(361.273586692918 0 0)
(365.660359608044 0 0)
(370.119031960427 0 0)
(374.653632872822 0 0)
(379.264924115304 0 0)
(383.957226860722 0 0)
(388.731463758333 0 0)
(393.592281812294 0 0)
(398.54083239506 0 0)
(403.582267691134 0 0)
(408.71687112316 0 0)
(413.951701001388 0 0)
(419.288432966759 0 0)
(424.732651883651 0 0)
(430.286582479572 0 0)
(435.956917265387 0 0)
(441.745925505599 0 0)
(447.660827044766 0 0)
(453.704490219824 0 0)
(459.884888007258 0 0)
(466.205363497645 0 0)
(472.674783089929 0 0)
(479.297148374724 0 0)
(486.082342401588 0 0)
(493.035137152387 0 0)
(500.166705828765 0 0)
(507.482512446139 0 0)
(514.995047152924 0 0)
(522.711852114896 0 0)
(530.647415542784 0 0)
(538.809965266301 0 0)
(547.216074099654 0 0)
(555.876217640618 0 0)
(564.809754586362 0 0)
(574.029575314599 0 0)
(583.556341142191 0 0)
(593.409454291431 0 0)
(603.620317117156 0 0)
(614.209710486813 0 0)
(625.21702385431 0 0)
(636.657836236589 0 0)
(648.562268487205 0 0)
(660.961167193228 0 0)
(673.905311236512 0 0)
(687.437104839037 0 0)
(701.618073470144 0 0)
(716.492144303151 0 0)
(732.17358485315 0 0)
(748.753161757226 0 0)
(766.315765803963 0 0)
(784.908882310977 0 0)
(804.600483411517 0 0)
(825.468037795262 0 0)
(847.756831314914 0 0)
(871.818010673075 0 0)
(897.826314785561 0 0)
(925.781631688565 0 0)
(955.850539652306 0 0)
(988.622094700985 0 0)
(1024.34933470884 0 0)
(1063.35273111933 0 0)
(1106.0852920474 0 0)
(1152.97719023169 0 0)
(1204.6546069472 0 0)
(1261.49271538537 0 0)
(1323.90771868952 0 0)
(1392.4843074509 0 0)
(1467.52492298288 0 0)
(1549.44971373393 0 0)
(1638.05117270392 0 0)
(1733.41348325003 0 0)
(1835.08334866412 0 0)
(1942.78790135724 0 0)
(2055.58305614264 0 0)
(2172.57995578766 0 0)
(2293.34853807497 0 0)
(2416.28419840092 0 0)
(2540.83322855674 0 0)
(2666.27557298822 0 0)
(2791.87995418277 0 0)
(2916.39053412258 0 0)
(3039.82006204334 0 0)
(3161.55424914146 0 0)
(3281.55882434332 0 0)
(3399.31652795148 0 0)
(3514.65298204521 0 0)
(3626.95496403599 0 0)
(3736.57100611769 0 0)
(3842.90674254406 0 0)
(3948.40314024093 0 0)
(4042.42914882494 0 0)
(4188.47403692508 0 0)
)
;

boundaryField
{
    electrode
    {
        type            zeroGradient;
    }
    ground
    {
        type            zeroGradient;
    }
    otherfaces
    {
        type            empty;
    }
}


// ************************************************************************* //
