/*--------------------------------*- C++ -*----------------------------------*\
| =========                 |                                                 |
| \\      /  F ield         | foam-extend: Open Source CFD                    |
|  \\    /   O peration     | Version:     4.1                                |
|   \\  /    A nd           | Web:         http://www.foam-extend.org         |
|    \\/     M anipulation  |                                                 |
\*---------------------------------------------------------------------------*/
FoamFile
{
    version     2.0;
    format      ascii;
    class       volVectorField;
    location    "1.49999999935008e-05";
    object      velocityelectronMean;
}
// * * * * * * * * * * * * * * * * * * * * * * * * * * * * * * * * * * * * * //

dimensions      [0 1 -1 0 0 0 0];

internalField   nonuniform List<vector> 
500
(
(-424048.475757519 0 0)
(-226647.568868103 0 0)
(-142349.161613623 0 0)
(-92377.5451239167 0 0)
(-63973.8452327028 0 0)
(-44575.7166738379 0 0)
(-31405.4618199317 0 0)
(-22411.4755449556 0 0)
(-16113.2160692655 0 0)
(-11832.4899204516 0 0)
(-8997.30775661225 0 0)
(-7031.76136448381 0 0)
(-5658.61003690536 0 0)
(-4652.05803004601 0 0)
(-3907.0319783704 0 0)
(-3332.57913823945 0 0)
(-2886.95869393742 0 0)
(-2533.94018281312 0 0)
(-2250.59410799871 0 0)
(-2022.00439778166 0 0)
(-1833.1140433056 0 0)
(-1678.98251485949 0 0)
(-1548.71836812815 0 0)
(-1441.72398681473 0 0)
(-1349.18486837134 0 0)
(-1272.7329800086 0 0)
(-1204.95796051116 0 0)
(-1148.58574888126 0 0)
(-1097.21864161689 0 0)
(-1054.14796393807 0 0)
(-1013.78636804409 0 0)
(-979.650762762566 0 0)
(-946.772740798217 0 0)
(-918.759609179068 0 0)
(-891.159727673433 0 0)
(-867.553319715575 0 0)
(-843.811636725145 0 0)
(-823.405344497358 0 0)
(-802.524552278436 0 0)
(-784.547811459572 0 0)
(-765.917912517712 0 0)
(-749.888656917517 0 0)
(-733.091487153382 0 0)
(-718.647928804882 0 0)
(-703.34618639269 0 0)
(-690.208403998286 0 0)
(-676.156677045469 0 0)
(-664.12254742217 0 0)
(-651.134252814135 0 0)
(-640.048645668969 0 0)
(-627.983974864499 0 0)
(-617.731228607337 0 0)
(-606.473866213971 0 0)
(-596.946894848062 0 0)
(-586.393109455575 0 0)
(-577.504941897537 0 0)
(-567.572179162663 0 0)
(-559.252401081915 0 0)
(-549.871966472645 0 0)
(-542.061036130377 0 0)
(-533.174584969643 0 0)
(-525.822307905359 0 0)
(-517.380505010537 0 0)
(-510.443305578928 0 0)
(-502.40319181195 0 0)
(-495.844247018945 0 0)
(-488.169972288675 0 0)
(-481.955323656881 0 0)
(-474.613261751731 0 0)
(-468.714318837112 0 0)
(-461.676447010124 0 0)
(-456.067919311238 0 0)
(-449.30929563246 0 0)
(-443.968739217823 0 0)
(-437.467312228082 0 0)
(-432.374700413432 0 0)
(-426.110741308178 0 0)
(-421.24794106933 0 0)
(-415.203632744227 0 0)
(-410.5542462562 0 0)
(-404.713531783793 0 0)
(-400.262545556135 0 0)
(-394.611159235109 0 0)
(-390.34551468007 0 0)
(-384.87088567028 0 0)
(-380.77862785948 0 0)
(-375.46923150036 0 0)
(-371.539361791919 0 0)
(-366.384743232456 0 0)
(-362.607278403651 0 0)
(-357.598013395879 0 0)
(-353.96383305558 0 0)
(-349.091240366928 0 0)
(-345.591798661372 0 0)
(-340.84775864636 0 0)
(-337.475104223705 0 0)
(-332.852210693565 0 0)
(-329.599158542909 0 0)
(-325.090744448872 0 0)
(-321.950715870703 0 0)
(-317.550566208479 0 0)
(-314.517322688633 0 0)
(-310.219536879904 0 0)
(-307.287203605606 0 0)
(-303.086310823991 0 0)
(-300.249495547002 0 0)
(-296.140499206151 0 0)
(-293.394249524152 0 0)
(-289.372525443764 0 0)
(-286.712215827925 0 0)
(-282.77341878421 0 0)
(-280.194693256405 0 0)
(-276.334729291549 0 0)
(-273.833494454302 0 0)
(-270.048526042004 0 0)
(-267.620957717828 0 0)
(-263.907403420093 0 0)
(-261.549935512832 0 0)
(-257.904443817671 0 0)
(-255.613733208425 0 0)
(-252.033147220211 0 0)
(-249.806044831341 0 0)
(-246.287385137301 0 0)
(-244.120928104164 0 0)
(-240.661388105873 0 0)
(-238.552791943149 0 0)
(-235.149724823385 0 0)
(-233.096365029552 0 0)
(-229.747266402086 0 0)
(-227.746664165517 0 0)
(-224.44916309228 0 0)
(-222.498979486151 0 0)
(-219.250833286766 0 0)
(-217.348860750872 0 0)
(-214.147944185881 0 0)
(-212.292092639585 0 0)
(-209.136385389745 0 0)
(-207.324671859099 0 0)
(-204.212252928965 0 0)
(-202.442798439564 0 0)
(-199.371844559316 0 0)
(-197.642870043137 0 0)
(-194.611648298999 0 0)
(-192.92146323182 0 0)
(-189.928319799535 0 0)
(-188.275311906422 0 0)
(-185.318667794971 0 0)
(-183.701301733015 0 0)
(-180.779654527708 0 0)
(-179.196471290046 0 0)
(-176.308391265806 0 0)
(-174.757999374891 0 0)
(-171.902119310454 0 0)
(-170.38318489607 0 0)
(-167.558194493777 0 0)
(-166.069439367531 0 0)
(-163.274086863582 0 0)
(-161.814290101059 0 0)
(-159.047382474974 0 0)
(-157.615376977738 0 0)
(-154.875774292248 0 0)
(-153.470439409665 0 0)
(-150.757048292972 0 0)
(-149.377304895795 0 0)
(-146.689075916402 0 0)
(-145.333885351837 0 0)
(-142.669812402399 0 0)
(-141.338175920739 0 0)
(-138.697294985011 0 0)
(-137.388251930889 0 0)
(-134.769638260452 0 0)
(-133.482263151896 0 0)
(-130.885028058436 0 0)
(-129.618428016289 0 0)
(-127.041716181722 0 0)
(-125.795029124399 0 0)
(-123.238016620854 0 0)
(-122.010410109856 0 0)
(-119.472302829497 0 0)
(-118.262973077799 0 0)
(-115.743004937947 0 0)
(-114.551175514768 0 0)
(-112.048606294709 0 0)
(-110.873526677818 0 0)
(-108.387639975029 0 0)
(-107.228584458227 0 0)
(-104.758686079496 0 0)
(-103.614953040779 0 0)
(-101.160369506846 0 0)
(-100.031280611702 0 0)
(-97.5913574207141 0 0)
(-96.4762566408298 0 0)
(-94.0503565253641 0 0)
(-92.9486093509875 0 0)
(-90.5361109325034 0 0)
(-89.4471039910994 0 0)
(-87.0474007537147 0 0)
(-85.9705416116626 0 0)
(-83.5830410870147 0 0)
(-82.5177585083932 0 0)
(-80.1418826529092 0 0)
(-79.0876302891985 0 0)
(-76.7229540973321 0 0)
(-75.6791184223315 0 0)
(-73.3248920341246 0 0)
(-72.2909630835226 0 0)
(-69.9466679438539 0 0)
(-68.9221540523503 0 0)
(-66.5872493394494 0 0)
(-65.5716706825566 0 0)
(-63.2456200404811 0 0)
(-62.2385124867609 0 0)
(-59.9207850772598 0 0)
(-58.9217001973946 0 0)
(-56.6117705928409 0 0)
(-55.6202749361778 0 0)
(-53.3176228767212 0 0)
(-52.3332969362993 0 0)
(-50.0374069174525 0 0)
(-49.0598438853418 0 0)
(-46.7702049805056 0 0)
(-45.7990094862021 0 0)
(-43.5151153042078 0 0)
(-42.5499021386236 0 0)
(-40.2712510728544 0 0)
(-39.311643814406 0 0)
(-37.0377393491602 0 0)
(-36.0833688293513 0 0)
(-33.813719949362 0 0)
(-32.8642226365966 0 0)
(-30.5983443828379 0 0)
(-29.6533607880841 0 0)
(-27.3907747573052 0 0)
(-26.4499478111481 0 0)
(-24.1901827582444 0 0)
(-23.2531561439352 0 0)
(-20.9957487013447 0 0)
(-20.0621651720966 0 0)
(-17.8066604531137 0 0)
(-16.8761603796832 0 0)
(-14.6221122078556 0 0)
(-13.6943323993146 0 0)
(-11.4413030324904 0 0)
(-10.515875882489 0 0)
(-8.26343411442497 0 0)
(-7.33998757345097 0 0)
(-5.0877027766351 0 0)
(-4.16586074061231 0 0)
(-1.89931339740129 0 0)
(-0.837782941881306 0 0)
(1.10520306783236 0 0)
(2.16682449506348 0 0)
(4.4332085215334 0 0)
(5.35530661078158 0 0)
(7.60739375007011 0 0)
(8.53111390095335 0 0)
(10.7833740719357 0 0)
(11.7090924332983 0 0)
(13.9619562311436 0 0)
(14.8900449060237 0 0)
(17.1439435877607 0 0)
(18.0747702432299 0 0)
(20.3301416827754 0 0)
(21.2640695924648 0 0)
(23.5213600262712 0 0)
(24.4587488877661 0 0)
(26.7184132667389 0 0)
(27.659620337548 0 0)
(29.9221221263178 0 0)
(30.8675038094968 0 0)
(33.1333143604145 0 0)
(34.0832279159043 0 0)
(36.3528257927817 0 0)
(37.3076308340758 0 0)
(39.5815011917488 0 0)
(40.5415613077362 0 0)
(42.8201953116579 0 0)
(43.7858797203818 0 0)
(46.06977409791 0 0)
(47.0414593562399 0 0)
(49.3311159603607 0 0)
(50.3091874578083 0 0)
(52.6051128954196 0 0)
(53.5899661199027 0 0)
(55.8926715489378 0 0)
(56.8847134203509 0 0)
(59.1947146480455 0 0)
(60.1943648893381 0 0)
(62.5121826221323 0 0)
(63.5198749709073 0 0)
(65.8460349548276 0 0)
(66.8622179482656 0 0)
(69.1972511258719 0 0)
(70.2223888798806 0 0)
(72.5668318336752 0 0)
(73.6014044820114 0 0)
(75.9557986083818 0 0)
(77.0002983871209 0 0)
(79.3651628186274 0 0)
(80.4200998935395 0 0)
(82.7961850410112 0 0)
(83.8621732144164 0 0)
(86.2499041290264 0 0)
(87.327490065313 0 0)
(89.7274452789338 0 0)
(90.8172006773463 0 0)
(93.2299731434156 0 0)
(94.332490723296 0 0)
(96.7586872089791 0 0)
(97.8745806158274 0 0)
(100.314823007016 0 0)
(101.444727437516 0 0)
(103.899653839031 0 0)
(105.044225997164 0 0)
(107.514491354416 0 0)
(108.674409647053 0 0)
(111.160687391094 0 0)
(112.336653457328 0 0)
(114.839638180369 0 0)
(116.032378607115 0 0)
(118.552787950981 0 0)
(119.763054694063 0 0)
(122.301630039111 0 0)
(123.53020028719 0 0)
(126.087707816374 0 0)
(127.335384986577 0 0)
(129.912618303487 0 0)
(131.180234632158 0 0)
(133.778018233423 0 0)
(135.066437319011 0 0)
(137.685628689296 0 0)
(138.995745653273 0 0)
(141.637235025293 0 0)
(142.969975823609 0 0)
(145.634687485008 0 0)
(146.991012266974 0 0)
(149.6799103839 0 0)
(151.060819257573 0 0)
(153.774911864412 0 0)
(155.181444894761 0 0)
(157.921781397074 0 0)
(159.355016306536 0 0)
(162.122688653091 0 0)
(163.583746851951 0 0)
(166.379898711191 0 0)
(167.869953821026 0 0)
(170.695784104615 0 0)
(172.216059988513 0 0)
(175.072818027768 0 0)
(176.624587146057 0 0)
(179.51357750872 0 0)
(181.098172209547 0 0)
(184.020766476681 0 0)
(185.639586402635 0 0)
(188.597222087359 0 0)
(190.25172976596 0 0)
(193.245907564189 0 0)
(194.937634324321 0 0)
(197.969930668042 0 0)
(199.700490801446 0 0)
(202.772564328775 0 0)
(204.543653469815 0 0)
(207.657238096878 0 0)
(209.470633027295 0 0)
(212.627549170904 0 0)
(214.485130108992 0 0)
(217.687306001427 0 0)
(219.591066654275 0 0)
(222.840531044634 0 0)
(224.79256321759 0 0)
(228.091434587114 0 0)
(230.093935912611 0 0)
(233.444448726129 0 0)
(235.499758367931 0 0)
(238.904292839631 0 0)
(241.014906289388 0 0)
(244.475985625959 0 0)
(246.644542059022 0 0)
(250.1648165185 0 0)
(252.394088649039 0 0)
(255.976339917228 0 0)
(258.269263488708 0 0)
(261.916460925432 0 0)
(264.276205673082 0 0)
(267.991556470063 0 0)
(270.421521430936 0 0)
(274.208404461632 0 0)
(276.712131557412 0 0)
(280.574064726019 0 0)
(283.155314052307 0 0)
(287.096118407486 0 0)
(289.759027789781 0 0)
(293.782870842996 0 0)
(296.531843508368 0 0)
(300.643057142914 0 0)
(303.482664918102 0 0)
(307.685845492172 0 0)
(310.621089344255 0 0)
(314.921345976392 0 0)
(317.95770953995 0 0)
(322.36049092904 0 0)
(325.503691558471 0 0)
(330.014700046279 0 0)
(333.270877917718 0 0)
(337.896429840472 0 0)
(341.272415256352 0 0)
(346.019419043714 0 0)
(349.522460428419 0 0)
(354.398174901518 0 0)
(358.035985355346 0 0)
(363.048390684825 0 0)
(366.829571108499 0 0)
(371.987534609496 0 0)
(375.921353734031 0 0)
(381.234308435996 0 0)
(385.330649638038 0 0)
(390.808992666624 0 0)
(395.078912264802 0 0)
(400.734290541625 0 0)
(405.189774043116 0 0)
(411.034644132159 0 0)
(415.688576720273 0 0)
(421.737170974478 0 0)
(426.60475339782 0 0)
(432.87338500681 0 0)
(437.971128453272 0 0)
(444.477515357229 0 0)
(449.823381995904 0 0)
(456.587221319128 0 0)
(462.201330109651 0 0)
(469.244737197771 0 0)
(475.149414538844 0 0)
(482.497217986648 0 0)
(488.717976712772 0 0)
(496.398766498809 0 0)
(502.964653085929 0 0)
(511.011765177787 0 0)
(517.955670320072 0 0)
(526.403948870614 0 0)
(533.762949839039 0 0)
(542.656975610917 0 0)
(550.476624245683 0 0)
(559.866164263989 0 0)
(568.194775095993 0 0)
(578.135538482184 0 0)
(587.031544839086 0 0)
(597.594216732666 0 0)
(607.131728576398 0 0)
(618.400856058335 0 0)
(628.665125905135 0 0)
(640.740241316448 0 0)
(651.836102471467 0 0)
(664.83577567341 0 0)
(676.883972939624 0 0)
(690.950447887088 0 0)
(704.102912536304 0 0)
(719.417045626722 0 0)
(733.875079411264 0 0)
(750.688721613571 0 0)
(766.740113373691 0 0)
(785.391315643192 0 0)
(803.389282107619 0 0)
(824.287517956294 0 0)
(844.715610686093 0 0)
(868.480660189725 0 0)
(892.116382726005 0 0)
(919.742780416811 0 0)
(947.787316515141 0 0)
(980.696042117149 0 0)
(1014.87274423613 0 0)
(1055.2726835015 0 0)
(1098.38886849456 0 0)
(1149.80071794234 0 0)
(1206.22176422133 0 0)
(1274.04294787449 0 0)
(1350.54900127328 0 0)
(1443.14614291915 0 0)
(1550.22169876574 0 0)
(1680.55614137807 0 0)
(1834.75189055324 0 0)
(2023.69534366719 0 0)
(2252.34377297392 0 0)
(2535.80760621448 0 0)
(2888.91081658448 0 0)
(3334.60882076922 0 0)
(3909.05245867987 0 0)
(4654.21301427068 0 0)
(5660.89665445355 0 0)
(7034.03827080245 0 0)
(8999.63773067809 0 0)
(11834.8172488993 0 0)
(16115.8863550114 0 0)
(22413.9396228086 0 0)
(31408.2843867715 0 0)
(44578.6255299507 0 0)
(63976.9654397671 0 0)
(92380.753406036 0 0)
(142351.99021531 0 0)
(226649.442591394 0 0)
(424047.276641967 0 0)
)
;

boundaryField
{
    electrode
    {
        type            calculated;
        value           uniform (-660814.55468265 0 0);
    }
    ground
    {
        type            calculated;
        value           uniform (660814.794302972 0 0);
    }
    otherfaces
    {
        type            empty;
    }
}


// ************************************************************************* //
