/*--------------------------------*- C++ -*----------------------------------*\
| =========                 |                                                 |
| \\      /  F ield         | foam-extend: Open Source CFD                    |
|  \\    /   O peration     | Version:     4.1                                |
|   \\  /    A nd           | Web:         http://www.foam-extend.org         |
|    \\/     M anipulation  |                                                 |
\*---------------------------------------------------------------------------*/
FoamFile
{
    version     2.0;
    format      ascii;
    class       volScalarField;
    location    "3.00132501849462e-06";
    object      electronMean;
}
// * * * * * * * * * * * * * * * * * * * * * * * * * * * * * * * * * * * * * //

dimensions      [0 -3 0 0 0 0 0];

internalField   nonuniform List<scalar> 
500
(
3.19766723199338e+17
3.69918599829479e+17
4.26238761815278e+17
4.89245401467786e+17
5.59471329838401e+17
6.37459010974254e+17
7.23756971835434e+17
8.18915890154401e+17
9.23484713824673e+17
1.03800665880015e+18
1.16301542431062e+18
1.29903135917554e+18
1.44655790079578e+18
1.60607819099677e+18
1.77805229376024e+18
1.96291479456128e+18
2.1610730934875e+18
2.37290638543954e+18
2.59876527605033e+18
2.83897169629549e+18
3.09381943375854e+18
3.36357528148525e+18
3.64848089628196e+18
3.94875539557186e+18
4.26459887794137e+18
4.59619610625442e+18
4.94372013096583e+18
5.30733623058957e+18
5.68720634432081e+18
6.08349466608755e+18
6.49637504969296e+18
6.9260371963042e+18
7.37268961540704e+18
7.83656275717398e+18
8.31791352853689e+18
8.81702982349833e+18
9.33423560282291e+18
9.86989737856005e+18
1.04244301471698e+19
1.09983015167424e+19
1.15920357167587e+19
1.22062181145295e+19
1.28415001049444e+19
1.34986046537811e+19
1.41783335291913e+19
1.4881575986679e+19
1.56093174316429e+19
1.63626510231828e+19
1.71427890831045e+19
1.79510624955027e+19
1.87889125919225e+19
1.96578878162773e+19
2.0559641971964e+19
2.14959293243175e+19
2.24685974271461e+19
2.34795783487984e+19
2.45308752409221e+19
2.56245441898591e+19
2.67626801602304e+19
2.79474053202138e+19
2.91808293218848e+19
3.04649703492872e+19
3.18016752025896e+19
3.31925555869649e+19
3.46389258282342e+19
3.61417462989305e+19
3.77015934443546e+19
3.93186474317736e+19
4.09926343850963e+19
4.27227183423761e+19
4.4507427340533e+19
4.63446476796992e+19
4.82316814895567e+19
5.01653482416867e+19
5.21420259356452e+19
5.41576034287969e+19
5.6207483314858e+19
5.82867228630123e+19
6.03902436846837e+19
6.25129412149441e+19
6.46496428960652e+19
6.67951122193453e+19
6.89442402439425e+19
7.10922517493108e+19
7.32346841510555e+19
7.53672794500353e+19
7.74860919210817e+19
7.95876938211418e+19
8.16691446108518e+19
8.37278003071241e+19
8.57613279140927e+19
8.77678843061996e+19
8.97460815398076e+19
9.16947586048593e+19
9.36129459464337e+19
9.55000318273346e+19
9.73557460099086e+19
9.91799164199741e+19
1.00972364132162e+20
1.02733036942577e+20
1.04462074196279e+20
1.06159667536113e+20
1.07825965562062e+20
1.09461207808938e+20
1.11065920126132e+20
1.12640867433e+20
1.14186799976458e+20
1.15704307472945e+20
1.17193903935194e+20
1.18656198358874e+20
1.20091874607804e+20
1.21501467528002e+20
1.22885254399877e+20
1.24243366318155e+20
1.25575991785301e+20
1.26883589059101e+20
1.28166954524082e+20
1.29427051319941e+20
1.30664775569581e+20
1.31880821058241e+20
1.33075611204805e+20
1.34249295591088e+20
1.35401862332835e+20
1.36533304928447e+20
1.37643776883215e+20
1.38733703429205e+20
1.39803740537069e+20
1.40854603515652e+20
1.41886927258176e+20
1.42901190873509e+20
1.43897695874477e+20
1.44876636185759e+20
1.45838203514195e+20
1.46782624682073e+20
1.47710136963561e+20
1.48620963868333e+20
1.49515335713775e+20
1.50393542963692e+20
1.51255929579915e+20
1.52102816181159e+20
1.52934473036207e+20
1.5375116808879e+20
1.54553201082135e+20
1.55340893635631e+20
1.56114566733075e+20
1.5687452187417e+20
1.5762102167148e+20
1.58354263357321e+20
1.59074357971699e+20
1.59781357365592e+20
1.60475339837157e+20
1.61156482668508e+20
1.61825055668843e+20
1.62481367672191e+20
1.63125725922027e+20
1.63758416526054e+20
1.64379690857645e+20
1.64989759745591e+20
1.6558880659465e+20
1.66177008226128e+20
1.6675454217016e+20
1.67321581284839e+20
1.67878285955365e+20
1.68424798864877e+20
1.68961251471146e+20
1.69487788271474e+20
1.70004587273656e+20
1.70511852325844e+20
1.71009791012478e+20
1.71498601589091e+20
1.71978470299824e+20
1.72449572962295e+20
1.72912078926107e+20
1.73366154575652e+20
1.73811961179617e+20
1.74249648480136e+20
1.7467935116803e+20
1.75101189592781e+20
1.75515271007894e+20
1.75921689458223e+20
1.76320525544431e+20
1.76711852227268e+20
1.77095748611621e+20
1.77472308112477e+20
1.77841632816836e+20
1.78203824577175e+20
1.78558980941707e+20
1.78907194369298e+20
1.79248552427917e+20
1.79583138150911e+20
1.79911030367484e+20
1.80232303975343e+20
1.805470301634e+20
1.80855276569074e+20
1.81157107357751e+20
1.81452583153139e+20
1.81741760706364e+20
1.82024692216842e+20
1.823014249268e+20
1.82572003643385e+20
1.8283647643334e+20
1.83094897253089e+20
1.83347323001029e+20
1.83593810081773e+20
1.83834413141314e+20
1.840691848834e+20
1.84298176157002e+20
1.84521436080126e+20
1.84739012151511e+20
1.84950950351816e+20
1.85157295217111e+20
1.85358089824766e+20
1.85553375570566e+20
1.85743191579667e+20
1.85927574008802e+20
1.86106555935462e+20
1.86280167787157e+20
1.86448437515523e+20
1.8661139056554e+20
1.86769050188484e+20
1.86921437973783e+20
1.870685742133e+20
1.87210478081915e+20
1.87347167754088e+20
1.8747866049998e+20
1.87604972779904e+20
1.87726120336759e+20
1.87842118301712e+20
1.87952981334879e+20
1.88058723851516e+20
1.88159360400103e+20
1.88254906041707e+20
1.88345375650545e+20
1.88430781763413e+20
1.88511133349527e+20
1.88586436833284e+20
1.88656697513966e+20
1.88721920166354e+20
1.88782109180398e+20
1.88837268580703e+20
1.88887402030991e+20
1.88932512839619e+20
1.88972603965395e+20
1.8900767802422e+20
1.8903773729398e+20
1.89062783721288e+20
1.89082818919509e+20
1.89097844135266e+20
1.89107860092289e+20
1.89112866875727e+20
1.89112866778703e+20
1.89107859801287e+20
1.89097843650225e+20
1.89082818240744e+20
1.89062782848744e+20
1.89037736227663e+20
1.89007676763702e+20
1.88972602511255e+20
1.88932511191734e+20
1.88887400189508e+20
1.88837266545663e+20
1.88782106951675e+20
1.887219177442e+20
1.88656694898417e+20
1.88586434024626e+20
1.88511130347756e+20
1.88430778568772e+20
1.88345372263157e+20
1.88254902461405e+20
1.88159356627012e+20
1.88058719884939e+20
1.87952977175278e+20
1.87842113948232e+20
1.87726115789381e+20
1.87604968038465e+20
1.87478655563883e+20
1.87347162622738e+20
1.87210472755266e+20
1.87068568690653e+20
1.86921432254631e+20
1.86769044272128e+20
1.86611384451589e+20
1.8644843120311e+20
1.86280161275623e+20
1.86106549223835e+20
1.85927567095878e+20
1.85743184464491e+20
1.85553368251798e+20
1.85358082301085e+20
1.85157287486976e+20
1.84950942414441e+20
1.8473900400534e+20
1.84521427723467e+20
1.8429816758913e+20
1.84069176102336e+20
1.83834404146159e+20
1.83593800870586e+20
1.83347313572846e+20
1.83094887606438e+20
1.82836466566307e+20
1.82571993554587e+20
1.8230141461498e+20
1.82024681680585e+20
1.81741749944386e+20
1.81452572164385e+20
1.81157096141046e+20
1.80855265123169e+20
1.80547018486913e+20
1.80232292067209e+20
1.79911018225375e+20
1.79583125774019e+20
1.79248539814091e+20
1.78907181516843e+20
1.78558967848323e+20
1.78203811240768e+20
1.77841619234992e+20
1.77472294282634e+20
1.77095734530981e+20
1.76711837893486e+20
1.76320510954922e+20
1.75921674610618e+20
1.75515255899873e+20
1.75101174222279e+20
1.7467933553237e+20
1.7424963257686e+20
1.73811945006137e+20
1.73366138128504e+20
1.7291206220299e+20
1.72449555960229e+20
1.7197845301631e+20
1.71498584020821e+20
1.71009773156795e+20
1.70511834179353e+20
1.70004568833086e+20
1.69487769533654e+20
1.68961232433367e+20
1.68424779525104e+20
1.67878266312306e+20
1.67321561337695e+20
1.66754521918378e+20
1.66176987668661e+20
1.65588785731539e+20
1.64989738575963e+20
1.64379669379943e+20
1.63758394738456e+20
1.6312570382171e+20
1.62481345256206e+20
1.61825032934389e+20
1.61156459612966e+20
1.60475316458261e+20
1.5978133366227e+20
1.59074333942248e+20
1.5835423900106e+20
1.57620996986256e+20
1.56874496856826e+20
1.56114541379555e+20
1.55340867941995e+20
1.54553175044015e+20
1.53751141700936e+20
1.52934446293092e+20
1.52102789076158e+20
1.51255902103768e+20
1.50393515104804e+20
1.49515307458878e+20
1.4862093520324e+20
1.47710107874686e+20
1.46782595155517e+20
1.45838173534471e+20
1.44876605735217e+20
1.43897664932276e+20
1.42901159414315e+20
1.41886895250385e+20
1.40854570921503e+20
1.39803707313424e+20
1.38733669528438e+20
1.37643742253629e+20
1.36533269515136e+20
1.35401826077122e+20
1.34249258428707e+20
1.33075573062323e+20
1.31880781850497e+20
1.3066473519799e+20
1.29427009672606e+20
1.28166911476396e+20
1.26883544473922e+20
1.25575945513897e+20
1.24243318199464e+20
1.22885204258728e+20
1.21501415170853e+20
1.20091819820246e+20
1.18656140903637e+20
1.17193843552989e+20
1.15704243882774e+20
1.14186732874965e+20
1.12640796491149e+20
1.11065844988002e+20
1.09461128093287e+20
1.07825880863114e+20
1.06159577423728e+20
1.04461978213652e+20
1.02732934606015e+20
1.00972254934019e+20
9.91797998316779e+19
9.7355621484333e+19
9.54998988003312e+19
9.36128038422237e+19
9.16946068431397e+19
8.97459195418012e+19
8.7767711499295e+19
8.5761143740458e+19
8.37276042346398e+19
8.16689361424482e+19
7.95874725030106e+19
7.74858573533783e+19
7.53670313001052e+19
7.32344221638203e+19
7.10919757556355e+19
6.8943950170042e+19
6.6794808097233e+19
6.46493248702173e+19
6.25126095456855e+19
6.03898987497593e+19
5.82863651593123e+19
5.62071134571334e+19
5.41572221435633e+19
5.21416340515922e+19
5.01649466790598e+19
4.82312712488619e+19
4.6344229828342e+19
4.4507002996336e+19
4.27222886558948e+19
4.09922005225425e+19
3.93182105593822e+19
3.77011547139113e+19
3.61413068346988e+19
3.46384867139487e+19
3.31921178544362e+19
3.18012398230761e+19
3.04645382276852e+19
2.91804012932308e+19
2.79469821481987e+19
2.6762262537423e+19
2.56241327393276e+19
2.45304705183657e+19
2.34791808455344e+19
2.24682075742046e+19
2.1495547497252e+19
2.05592684959334e+19
1.96575229711666e+19
1.87885566175328e+19
1.79507155960585e+19
1.71424514318033e+19
1.63623227659811e+19
1.56089986905951e+19
1.48812668625177e+19
1.41780341032325e+19
1.34983149894299e+19
1.28412202489328e+19
1.22059480977998e+19
1.15917755550417e+19
1.09980512108319e+19
1.04241896829984e+19
9.86966672710389e+18
9.33401471981932e+18
8.81681864901658e+18
8.31771198656383e+18
7.83637075516219e+18
7.37250704390059e+18
6.92586392868559e+18
6.49621094196209e+18
6.08333955687324e+18
5.68706005489897e+18
5.3071985651019e+18
4.94359087682088e+18
4.5960750347415e+18
4.26448574515458e+18
3.94864994343986e+18
3.64838285381532e+18
3.36348436615188e+18
3.09373535302465e+18
2.83889414927869e+18
2.59869395528843e+18
2.37284097869852e+18
2.16101328563696e+18
1.96286026942101e+18
1.77800273593593e+18
1.60603328768154e+18
1.44651734348554e+18
1.29899484529237e+18
1.16298265871612e+18
1.03797735515176e+18
9.2345859579608e+17
8.18892692478781e+17
7.23736441181652e+17
6.37440906656611e+17
5.59455424345017e+17
4.89231480830442e+17
4.26226625807116e+17
3.69908062018e+17
3.19757610054788e+17
)
;

boundaryField
{
    electrode
    {
        type            calculated;
        value           uniform 2.97520883191618e+17;
    }
    ground
    {
        type            calculated;
        value           uniform 2.97512403160218e+17;
    }
    otherfaces
    {
        type            empty;
    }
}


// ************************************************************************* //
