/*--------------------------------*- C++ -*----------------------------------*\
| =========                 |                                                 |
| \\      /  F ield         | foam-extend: Open Source CFD                    |
|  \\    /   O peration     | Version:     4.1                                |
|   \\  /    A nd           | Web:         http://www.foam-extend.org         |
|    \\/     M anipulation  |                                                 |
\*---------------------------------------------------------------------------*/
FoamFile
{
    version     2.0;
    format      ascii;
    class       volVectorField;
    location    "1.49999999935008e-05";
    object      EFieldMean;
}
// * * * * * * * * * * * * * * * * * * * * * * * * * * * * * * * * * * * * * //

dimensions      [1 1 -3 0 0 -1 0];

internalField   nonuniform List<vector> 
500
(
(-1258842.48297357 0 0)
(-1225512.55295569 0 0)
(-1191720.13704374 0 0)
(-1157580.54653921 0 0)
(-1123095.44555999 0 0)
(-1088290.68608138 0 0)
(-1053195.53726762 0 0)
(-1017847.47875327 0 0)
(-982289.079632441 0 0)
(-946567.172675224 0 0)
(-910733.583546737 0 0)
(-874842.442248124 0 0)
(-838947.205518905 0 0)
(-803099.264615358 0 0)
(-767348.064722763 0 0)
(-731741.359873453 0 0)
(-696326.802192369 0 0)
(-661153.097227667 0 0)
(-626269.846539666 0 0)
(-591728.861611667 0 0)
(-557585.326645347 0 0)
(-523896.986688699 0 0)
(-490731.037888371 0 0)
(-458172.261909143 0 0)
(-426325.394710599 0 0)
(-395311.697025393 0 0)
(-365266.112149033 0 0)
(-336339.780392989 0 0)
(-308694.918907622 0 0)
(-282484.55293528 0 0)
(-257846.532005451 0 0)
(-234895.081751879 0 0)
(-213704.034206906 0 0)
(-194307.286632682 0 0)
(-176692.680393092 0 0)
(-160808.777422347 0 0)
(-146574.087302839 0 0)
(-133883.436913473 0 0)
(-122614.828053552 0 0)
(-112631.173821481 0 0)
(-103793.774156581 0 0)
(-95968.7727697748 0 0)
(-89038.0367785921 0 0)
(-82904.1688151331 0 0)
(-77471.5214849771 0 0)
(-72639.8026867458 0 0)
(-68314.4731517081 0 0)
(-64411.9689842495 0 0)
(-60896.543918274 0 0)
(-57759.0816233254 0 0)
(-54959.6006652928 0 0)
(-52431.3612309959 0 0)
(-50116.6739237042 0 0)
(-47979.1927845499 0 0)
(-46006.5788470197 0 0)
(-44196.6824227219 0 0)
(-42539.3310976612 0 0)
(-41016.6683778049 0 0)
(-39613.1532434773 0 0)
(-38315.2193743984 0 0)
(-37109.0646743676 0 0)
(-35980.9386894347 0 0)
(-34920.4731342671 0 0)
(-33922.7647126774 0 0)
(-32985.3078856475 0 0)
(-32103.3075092817 0 0)
(-31271.4285919996 0 0)
(-30486.4414756478 0 0)
(-29745.7247462195 0 0)
(-29045.1747469544 0 0)
(-28380.4001787279 0 0)
(-27747.9238804577 0 0)
(-27144.9156002291 0 0)
(-26569.0249723663 0 0)
(-26018.3196883799 0 0)
(-25490.873265605 0 0)
(-24984.810423289 0 0)
(-24498.4916528331 0 0)
(-24030.5932829057 0 0)
(-23579.896672178 0 0)
(-23145.3287793325 0 0)
(-22725.8741822552 0 0)
(-22320.6453423855 0 0)
(-21928.8042736114 0 0)
(-21549.6065788387 0 0)
(-21182.3266673544 0 0)
(-20826.3650669989 0 0)
(-20481.153303367 0 0)
(-20146.1135706868 0 0)
(-19820.7262996347 0 0)
(-19504.8209802319 0 0)
(-19198.0550586629 0 0)
(-18899.6186607145 0 0)
(-18608.7446267783 0 0)
(-18325.0270180952 0 0)
(-18048.1297281309 0 0)
(-17777.7715779094 0 0)
(-17513.6609700463 0 0)
(-17255.5503447627 0 0)
(-17003.1794156848 0 0)
(-16756.328785349 0 0)
(-16514.7651326162 0 0)
(-16278.293290909 0 0)
(-16046.703108245 0 0)
(-15819.8200886574 0 0)
(-15597.4539261434 0 0)
(-15379.4479767162 0 0)
(-15165.6296266442 0 0)
(-14955.8586698898 0 0)
(-14749.9790103873 0 0)
(-14547.8651520915 0 0)
(-14349.3751633439 0 0)
(-14154.3960923441 0 0)
(-13962.7983646385 0 0)
(-13774.4800439124 0 0)
(-13589.3225361828 0 0)
(-13407.2336017793 0 0)
(-13228.1043590959 0 0)
(-13051.8511959016 0 0)
(-12878.373928835 0 0)
(-12707.5965361059 0 0)
(-12539.4264409369 0 0)
(-12373.7941956596 0 0)
(-12210.6140473571 0 0)
(-12049.8226350746 0 0)
(-11891.3406288786 0 0)
(-11735.1102238696 0 0)
(-11581.0577154064 0 0)
(-11429.1301262761 0 0)
(-11279.2589311391 0 0)
(-11131.3956166378 0 0)
(-10985.4762195041 0 0)
(-10841.4560751604 0 0)
(-10699.2755151373 0 0)
(-10558.8934081277 0 0)
(-10420.253796389 0 0)
(-10283.318798915 0 0)
(-10148.0360033105 0 0)
(-10014.3704068376 0 0)
(-9882.27276172709 0 0)
(-9751.71062440086 0 0)
(-9622.63776654146 0 0)
(-9495.02415112115 0 0)
(-9368.82611028696 0 0)
(-9244.01585208688 0 0)
(-9120.55226116312 0 0)
(-8998.40945580543 0 0)
(-8877.54857157521 0 0)
(-8757.9455364071 0 0)
(-8639.563598881 0 0)
(-8522.38033288926 0 0)
(-8406.36091316453 0 0)
(-8291.48441630625 0 0)
(-8177.71780977522 0 0)
(-8065.04159437009 0 0)
(-7953.4244355671 0 0)
(-7842.84807881903 0 0)
(-7733.2827033658 0 0)
(-7624.7112126847 0 0)
(-7517.10527597637 0 0)
(-7410.44889684747 0 0)
(-7304.71502890457 0 0)
(-7199.888651424 0 0)
(-7095.94398608753 0 0)
(-6992.86698292911 0 0)
(-6890.63299395728 0 0)
(-6789.22876405799 0 0)
(-6688.63080552851 0 0)
(-6588.82664612385 0 0)
(-6489.79372157004 0 0)
(-6391.52026415626 0 0)
(-6293.98488122144 0 0)
(-6197.17624045423 0 0)
(-6101.07391156484 0 0)
(-6005.66717665308 0 0)
(-5910.93656816409 0 0)
(-5816.87164166601 0 0)
(-5723.45410466115 0 0)
(-5630.67372662399 0 0)
(-5538.51315618124 0 0)
(-5446.962386974 0 0)
(-5356.00523176064 0 0)
(-5265.63152320287 0 0)
(-5175.8264418115 0 0)
(-5086.57945873057 0 0)
(-4997.87723285471 0 0)
(-4909.70872266919 0 0)
(-4822.06212936247 0 0)
(-4734.92569328982 0 0)
(-4648.2894270061 0 0)
(-4562.14052194092 0 0)
(-4476.47097458688 0 0)
(-4391.26682479315 0 0)
(-4306.52206385582 0 0)
(-4222.22136241231 0 0)
(-4138.36102997213 0 0)
(-4054.92407150366 0 0)
(-3971.90928613617 0 0)
(-3889.2977933658 0 0)
(-3807.09097937281 0 0)
(-3725.26785946837 0 0)
(-3643.83272769696 0 0)
(-3562.76248097553 0 0)
(-3482.06398062395 0 0)
(-3401.71199653332 0 0)
(-3321.71625898313 0 0)
(-3242.04895498762 0 0)
(-3162.7229222839 0 0)
(-3083.70766614939 0 0)
(-3005.01902045289 0 0)
(-2926.62529833949 0 0)
(-2848.5474137275 0 0)
(-2770.75165761481 0 0)
(-2693.18778041646 0 0)
(-2615.29893322503 0 0)
(-2537.67915614984 0 0)
(-2461.40073962748 0 0)
(-2385.40571864224 0 0)
(-2309.54404578312 0 0)
(-2233.87213387954 0 0)
(-2158.42254329945 0 0)
(-2083.25048359022 0 0)
(-2008.3360726355 0 0)
(-1933.60428523409 0 0)
(-1859.06530690929 0 0)
(-1784.7084599392 0 0)
(-1710.53394681602 0 0)
(-1636.52669890483 0 0)
(-1562.68544577995 0 0)
(-1488.99564612706 0 0)
(-1415.45543228849 0 0)
(-1342.05114286934 0 0)
(-1268.78054886183 0 0)
(-1195.63065422414 0 0)
(-1122.59906743176 0 0)
(-1049.67339183484 0 0)
(-976.850890624888 0 0)
(-904.119995496558 0 0)
(-831.477499223468 0 0)
(-758.912471609773 0 0)
(-686.421425396755 0 0)
(-613.994080932904 0 0)
(-541.626426550483 0 0)
(-469.309010281073 0 0)
(-397.037531257977 0 0)
(-324.803556609205 0 0)
(-252.604789757896 0 0)
(-180.439473360962 0 0)
(-108.276089451791 0 0)
(-35.9261977198343 0 0)
(35.8897764414309 0 0)
(108.239478523499 0 0)
(180.402750243081 0 0)
(252.567784815958 0 0)
(324.766172824076 0 0)
(396.999685318668 0 0)
(469.270604477895 0 0)
(541.58737645213 0 0)
(613.954275081172 0 0)
(686.380783864174 0 0)
(758.870892786757 0 0)
(831.43489059251 0 0)
(904.076262274503 0 0)
(976.805939694529 0 0)
(1049.62713054319 0 0)
(1122.55138315965 0 0)
(1195.58146264792 0 0)
(1268.72977476374 0 0)
(1341.99867842304 0 0)
(1415.40120056032 0 0)
(1488.93954475435 0 0)
(1562.6274203944 0 0)
(1636.46664927831 0 0)
(1710.47177809488 0 0)
(1784.64411870297 0 0)
(1858.99869260087 0 0)
(1933.53534695732 0 0)
(2008.26475759869 0 0)
(2083.17670159827 0 0)
(2158.34601045243 0 0)
(2233.79296085801 0 0)
(2309.46219746582 0 0)
(2385.32109612024 0 0)
(2461.313279157 0 0)
(2537.5883552953 0 0)
(2615.20529204678 0 0)
(2693.09125051076 0 0)
(2770.65200589144 0 0)
(2848.44455274801 0 0)
(2926.51915920504 0 0)
(3004.909555003 0 0)
(3083.59481150292 0 0)
(3162.60663636279 0 0)
(3241.92916799655 0 0)
(3321.59292088237 0 0)
(3401.58504989176 0 0)
(3481.93335962601 0 0)
(3562.62813905356 0 0)
(3643.69464066315 0 0)
(3725.12596156552 0 0)
(3806.94522205468 0 0)
(3889.14811726618 0 0)
(3971.75567481203 0 0)
(4054.76645936281 0 0)
(4138.19938972039 0 0)
(4222.05564291386 0 0)
(4306.35224675242 0 0)
(4391.09286557549 0 0)
(4476.2928368267 0 0)
(4561.95817412859 0 0)
(4648.10284290684 0 0)
(4734.73483472686 0 0)
(4821.86697843973 0 0)
(4909.50922600417 0 0)
(4997.67336530739 0 0)
(5086.3711968164 0 0)
(5175.61374646424 0 0)
(5265.41437221725 0 0)
(5355.7835920547 0 0)
(5446.73624070649 0 0)
(5538.28247369436 0 0)
(5630.43849007292 0 0)
(5723.21431908056 0 0)
(5816.62726663402 0 0)
(5910.68757806675 0 0)
(6005.41355115489 0 0)
(6100.81566325105 0 0)
(6196.91335019974 0 0)
(6293.71733744707 0 0)
(6391.24811155595 0 0)
(6489.51693727571 0 0)
(6588.54520178297 0 0)
(6688.34470074793 0 0)
(6788.9380142516 0 0)
(6890.33759540869 0 0)
(6992.56689426648 0 0)
(7095.6392198654 0 0)
(7199.57924550858 0 0)
(7304.40100757226 0 0)
(7410.130259613 0 0)
(7516.78204121689 0 0)
(7624.38341687426 0 0)
(7732.95032998092 0 0)
(7842.51116093178 0 0)
(7953.08297668563 0 0)
(8064.69559275316 0 0)
(8177.36728504588 0 0)
(8291.12936454564 0 0)
(8406.00134687208 0 0)
(8522.01628502009 0 0)
(8639.19513887332 0 0)
(8757.57268293763 0 0)
(8877.17128783518 0 0)
(8998.02770328184 0 0)
(9120.16603405493 0 0)
(9243.62516595 0 0)
(9368.43095691317 0 0)
(9494.62455165433 0 0)
(9622.23377315252 0 0)
(9751.30218754754 0 0)
(9881.85986610841 0 0)
(10013.9531182597 0 0)
(10147.6143453938 0 0)
(10282.8927995251 0 0)
(10419.8234409993 0 0)
(10558.4586627067 0 0)
(10698.8364410338 0 0)
(10841.0127202182 0 0)
(10985.0285275889 0 0)
(11130.9436314152 0 0)
(11278.8027163528 0 0)
(11428.6696559049 0 0)
(11580.5929824435 0 0)
(11734.6412604763 0 0)
(11890.8674174076 0 0)
(12049.3450925715 0 0)
(12210.1321156824 0 0)
(12373.3078718135 0 0)
(12538.9357315748 0 0)
(12707.1014187534 0 0)
(12877.874371855 0 0)
(13051.3472158957 0 0)
(13227.5960303857 0 0)
(13406.7210004241 0 0)
(13588.8057251334 0 0)
(13773.9590645127 0 0)
(13962.2732222171 0 0)
(14153.8667474318 0 0)
(14348.841528679 0 0)
(14547.3270973396 0 0)
(14749.4363796028 0 0)
(14955.3113271769 0 0)
(15165.0774894726 0 0)
(15378.8910236236 0 0)
(15596.8921504104 0 0)
(15819.253476987 0 0)
(16046.1316638315 0 0)
(16277.7170351186 0 0)
(16514.1840659243 0 0)
(16755.7428532278 0 0)
(17002.5885343048 0 0)
(17254.9544391915 0 0)
(17513.0600118724 0 0)
(17777.1656128241 0 0)
(18047.5188458717 0 0)
(18324.4113358521 0 0)
(18608.1242824286 0 0)
(18898.9937714985 0 0)
(19197.4256557312 0 0)
(19504.1870042101 0 0)
(19820.0877371841 0 0)
(20145.4705195419 0 0)
(20480.5059154733 0 0)
(20825.7135059273 0 0)
(21181.6710929827 0 0)
(21548.9471293182 0 0)
(21928.1410733157 0 0)
(22319.9785133613 0 0)
(22725.2038604339 0 0)
(23144.655101433 0 0)
(23579.2197830849 0 0)
(24029.913342709 0 0)
(24497.8088124084 0 0)
(24984.1248433002 0 0)
(25490.1851268105 0 0)
(26017.6291686817 0 0)
(26568.3322530447 0 0)
(27144.2208956509 0 0)
(27747.2274059599 0 0)
(28379.7021283383 0 0)
(29044.4753076045 0 0)
(29745.0240842827 0 0)
(30485.739770099 0 0)
(31270.7261734713 0 0)
(32102.604787832 0 0)
(32984.6051664667 0 0)
(33922.0622670101 0 0)
(34919.7715534295 0 0)
(35980.2386831475 0 0)
(37108.3665408092 0 0)
(38314.5230808307 0 0)
(39612.4588259266 0 0)
(41015.9761304169 0 0)
(42538.6414318473 0 0)
(44195.9957050322 0 0)
(46005.8959509488 0 0)
(47978.515358555 0 0)
(50116.003582502 0 0)
(52430.6986400252 0 0)
(54958.9455335016 0 0)
(57758.4334676582 0 0)
(60895.9039332561 0 0)
(64411.3409699518 0 0)
(68313.8610877158 0 0)
(72639.2086972494 0 0)
(77470.9482071586 0 0)
(82903.6206698968 0 0)
(89037.5197968572 0 0)
(95968.2949988067 0 0)
(103793.345010291 0 0)
(112630.804718137 0 0)
(122614.532996227 0 0)
(133883.233016182 0 0)
(146573.994938092 0 0)
(160808.820138877 0 0)
(176692.884828285 0 0)
(194307.682153032 0 0)
(213704.652152927 0 0)
(234895.954450243 0 0)
(257847.691448237 0 0)
(282486.029306067 0 0)
(308696.739468987 0 0)
(336341.968286191 0 0)
(365268.685638899 0 0)
(395314.669175539 0 0)
(426328.773488221 0 0)
(458176.050753429 0 0)
(490735.236391577 0 0)
(523901.591187536 0 0)
(557590.330877998 0 0)
(591734.257296703 0 0)
(626275.623851939 0 0)
(661159.245184382 0 0)
(696333.308958326 0 0)
(731748.212959267 0 0)
(767355.251202281 0 0)
(803106.771344142 0 0)
(838955.01923639 0 0)
(874850.549690071 0 0)
(910741.971596237 0 0)
(946575.828483063 0 0)
(982297.990805698 0 0)
(1017856.63357073 0 0)
(1053204.92477649 0 0)
(1088300.29611605 0 0)
(1123105.26878427 0 0)
(1157590.57449182 0 0)
(1191730.36206787 0 0)
(1225522.96826952 0 0)
(1258853.08180441 0 0)
)
;

boundaryField
{
    electrode
    {
        type            calculated;
        value           uniform (-1275362.68279909 0 0);
    }
    ground
    {
        type            calculated;
        value           uniform (1275373.37160893 0 0);
    }
    otherfaces
    {
        type            empty;
    }
}


// ************************************************************************* //
