/*--------------------------------*- C++ -*----------------------------------*\
| =========                 |                                                 |
| \\      /  F ield         | foam-extend: Open Source CFD                    |
|  \\    /   O peration     | Version:     4.1                                |
|   \\  /    A nd           | Web:         http://www.foam-extend.org         |
|    \\/     M anipulation  |                                                 |
\*---------------------------------------------------------------------------*/
FoamFile
{
    version     2.0;
    format      ascii;
    class       volVectorField;
    location    "1.50100000171593e-05";
    object      term1;
}
// * * * * * * * * * * * * * * * * * * * * * * * * * * * * * * * * * * * * * //

dimensions      [0 -2 -2 0 0 0 0];

internalField   nonuniform List<vector> 
500
(
(-2.26977644519224e+26 0 0)
(-2.48247560230124e+26 0 0)
(-2.44651925532648e+26 0 0)
(-2.45874870545968e+26 0 0)
(-2.49085227846192e+26 0 0)
(-2.52778872670192e+26 0 0)
(-2.56838157299016e+26 0 0)
(-2.59504225601212e+26 0 0)
(-2.63401102142676e+26 0 0)
(-2.6839382657552e+26 0 0)
(-2.72190209991568e+26 0 0)
(-2.75187513425192e+26 0 0)
(-2.80126798144421e+26 0 0)
(-2.85006238734292e+26 0 0)
(-2.88797367170368e+26 0 0)
(-2.93023752981568e+26 0 0)
(-2.98811849701496e+26 0 0)
(-3.03299624682044e+26 0 0)
(-3.08191917441179e+26 0 0)
(-3.13806831599282e+26 0 0)
(-3.19537666395017e+26 0 0)
(-3.24640150640003e+26 0 0)
(-3.31527588812806e+26 0 0)
(-3.39303038908818e+26 0 0)
(-3.46920015867812e+26 0 0)
(-3.53692122105553e+26 0 0)
(-3.60768711441465e+26 0 0)
(-3.67459599263834e+26 0 0)
(-3.74300225574546e+26 0 0)
(-3.80465709938441e+26 0 0)
(-3.86342745831203e+26 0 0)
(-3.91528652994748e+26 0 0)
(-3.97571503811462e+26 0 0)
(-4.03627452052303e+26 0 0)
(-4.08631680640833e+26 0 0)
(-4.12068613148989e+26 0 0)
(-4.14387080371837e+26 0 0)
(-4.14843925057081e+26 0 0)
(-4.14836969083617e+26 0 0)
(-4.14449578545775e+26 0 0)
(-4.11993552732374e+26 0 0)
(-4.06494601433659e+26 0 0)
(-3.99330553524183e+26 0 0)
(-3.91316164474214e+26 0 0)
(-3.81162971072675e+26 0 0)
(-3.68166236959493e+26 0 0)
(-3.54568558971676e+26 0 0)
(-3.39459353291509e+26 0 0)
(-3.2267938028891e+26 0 0)
(-3.06104911247744e+26 0 0)
(-2.88518789474878e+26 0 0)
(-2.71204778624324e+26 0 0)
(-2.54129266909624e+26 0 0)
(-2.37344474906847e+26 0 0)
(-2.21573799989363e+26 0 0)
(-2.05988632282881e+26 0 0)
(-1.91922038271729e+26 0 0)
(-1.78454390391413e+26 0 0)
(-1.66995905604805e+26 0 0)
(-1.56006876740381e+26 0 0)
(-1.46574041294969e+26 0 0)
(-1.37410392477716e+26 0 0)
(-1.28667458728807e+26 0 0)
(-1.20842128866634e+26 0 0)
(-1.13458655727144e+26 0 0)
(-1.07010038798955e+26 0 0)
(-1.02036550861831e+26 0 0)
(-9.73735406348843e+25 0 0)
(-9.27503891657023e+25 0 0)
(-8.79721277841533e+25 0 0)
(-8.35481252530786e+25 0 0)
(-7.98057290962101e+25 0 0)
(-7.64813964245804e+25 0 0)
(-7.33892993097036e+25 0 0)
(-7.05454769939379e+25 0 0)
(-6.79161866770318e+25 0 0)
(-6.55067483727867e+25 0 0)
(-6.32132728614067e+25 0 0)
(-6.10103454363837e+25 0 0)
(-5.89190115367416e+25 0 0)
(-5.70353314619717e+25 0 0)
(-5.52606259106149e+25 0 0)
(-5.35903205930309e+25 0 0)
(-5.19872028241204e+25 0 0)
(-5.04749859043502e+25 0 0)
(-4.90787107517072e+25 0 0)
(-4.77748429583292e+25 0 0)
(-4.65201970077987e+25 0 0)
(-4.53298846844075e+25 0 0)
(-4.41901486949296e+25 0 0)
(-4.31135708219109e+25 0 0)
(-4.20787632578126e+25 0 0)
(-4.10934764816729e+25 0 0)
(-4.01433876592346e+25 0 0)
(-3.92384369261863e+25 0 0)
(-3.83652173153189e+25 0 0)
(-3.75321436275771e+25 0 0)
(-3.6726557155344e+25 0 0)
(-3.59567127268191e+25 0 0)
(-3.52107664153389e+25 0 0)
(-3.44960354893971e+25 0 0)
(-3.38024113196219e+25 0 0)
(-3.31382278554864e+25 0 0)
(-3.24913754631154e+25 0 0)
(-3.1867153303098e+25 0 0)
(-3.1263890302684e+25 0 0)
(-3.06888285803677e+25 0 0)
(-3.01235580637343e+25 0 0)
(-2.95791306192477e+25 0 0)
(-2.90475451010108e+25 0 0)
(-2.85345350404593e+25 0 0)
(-2.80326747296678e+25 0 0)
(-2.75478450131456e+25 0 0)
(-2.70730530407506e+25 0 0)
(-2.66138669361123e+25 0 0)
(-2.61637404316211e+25 0 0)
(-2.57279645939333e+25 0 0)
(-2.53003732499431e+25 0 0)
(-2.48860128860416e+25 0 0)
(-2.44790631035378e+25 0 0)
(-2.40843362711853e+25 0 0)
(-2.36963368217201e+25 0 0)
(-2.33196510482567e+25 0 0)
(-2.29490838812438e+25 0 0)
(-2.25890104436156e+25 0 0)
(-2.22345126824431e+25 0 0)
(-2.18897654355024e+25 0 0)
(-2.15501080822027e+25 0 0)
(-2.12195269748918e+25 0 0)
(-2.08936017594481e+25 0 0)
(-2.05761391284156e+25 0 0)
(-2.0262942164911e+25 0 0)
(-1.99576480105471e+25 0 0)
(-1.96562675004434e+25 0 0)
(-1.93622638531932e+25 0 0)
(-1.9071849421764e+25 0 0)
(-1.87883563105091e+25 0 0)
(-1.85081758223552e+25 0 0)
(-1.82344773293608e+25 0 0)
(-1.79638240072159e+25 0 0)
(-1.76992536946272e+25 0 0)
(-1.74374917308188e+25 0 0)
(-1.71814449173548e+25 0 0)
(-1.69279912825713e+25 0 0)
(-1.66799125889139e+25 0 0)
(-1.64342322031569e+25 0 0)
(-1.6193613949774e+25 0 0)
(-1.59552170706303e+25 0 0)
(-1.5721591504171e+25 0 0)
(-1.54900254744427e+25 0 0)
(-1.52629601713546e+25 0 0)
(-1.5037806067627e+25 0 0)
(-1.4816900653465e+25 0 0)
(-1.4597770731073e+25 0 0)
(-1.43826551399197e+25 0 0)
(-1.41691906559585e+25 0 0)
(-1.39595212334238e+25 0 0)
(-1.37513889761083e+25 0 0)
(-1.35468471320934e+25 0 0)
(-1.33437376377468e+25 0 0)
(-1.3144027254271e+25 0 0)
(-1.29456522236761e+25 0 0)
(-1.27504972511765e+25 0 0)
(-1.25565880879306e+25 0 0)
(-1.23657303366672e+25 0 0)
(-1.21760353258572e+25 0 0)
(-1.19892346231393e+25 0 0)
(-1.18035189122906e+25 0 0)
(-1.16205510429374e+25 0 0)
(-1.14385942585044e+25 0 0)
(-1.12592494151925e+25 0 0)
(-1.10808447864413e+25 0 0)
(-1.0904926966061e+25 0 0)
(-1.07298792592544e+25 0 0)
(-1.05572052558332e+25 0 0)
(-1.03853301914382e+25 0 0)
(-1.02157285720733e+25 0 0)
(-1.0046850983931e+25 0 0)
(-9.88016220158553e+24 0 0)
(-9.7141157431498e+24 0 0)
(-9.5501907769465e+24 0 0)
(-9.38681631500574e+24 0 0)
(-9.2255167873144e+24 0 0)
(-9.06466220891615e+24 0 0)
(-8.90586012613803e+24 0 0)
(-8.74737827932084e+24 0 0)
(-8.59095408673253e+24 0 0)
(-8.43470239097928e+24 0 0)
(-8.28054520926627e+24 0 0)
(-8.12638560969278e+24 0 0)
(-7.97439384983346e+24 0 0)
(-7.82219270964102e+24 0 0)
(-7.67227272047837e+24 0 0)
(-7.52190058999339e+24 0 0)
(-7.37396638597599e+24 0 0)
(-7.22529742554577e+24 0 0)
(-7.07926938353784e+24 0 0)
(-6.93218061634468e+24 0 0)
(-6.78798406873697e+24 0 0)
(-6.64235514564389e+24 0 0)
(-6.49992075721777e+24 0 0)
(-6.35563424688074e+24 0 0)
(-6.21489719000805e+24 0 0)
(-6.0718404276275e+24 0 0)
(-5.93274151299575e+24 0 0)
(-5.7908077881932e+24 0 0)
(-5.65329232754363e+24 0 0)
(-5.51237707345773e+24 0 0)
(-5.3763884167866e+24 0 0)
(-5.23639707162631e+24 0 0)
(-5.101870625908e+24 0 0)
(-4.96270862459681e+24 0 0)
(-4.82957483415256e+24 0 0)
(-4.69116404037703e+24 0 0)
(-4.55935448059926e+24 0 0)
(-4.42162182804294e+24 0 0)
(-4.29106735998216e+24 0 0)
(-4.15405008734947e+24 0 0)
(-4.02469149732108e+24 0 0)
(-3.8874979126752e+24 0 0)
(-3.76095190028202e+24 0 0)
(-3.62300404609129e+24 0 0)
(-3.49568249304953e+24 0 0)
(-3.36313326345341e+24 0 0)
(-3.23322554422711e+24 0 0)
(-3.10199172138114e+24 0 0)
(-2.97263897540235e+24 0 0)
(-2.84190758950304e+24 0 0)
(-2.71322434893465e+24 0 0)
(-2.58297768571897e+24 0 0)
(-2.45491408131814e+24 0 0)
(-2.32518170581552e+24 0 0)
(-2.19755569847606e+24 0 0)
(-2.0682822232827e+24 0 0)
(-1.94105317010994e+24 0 0)
(-1.81223395307483e+24 0 0)
(-1.68530921418416e+24 0 0)
(-1.55691708313878e+24 0 0)
(-1.43024754861193e+24 0 0)
(-1.30223699424738e+24 0 0)
(-1.17574131301425e+24 0 0)
(-1.04810751703388e+24 0 0)
(-9.21741947964869e+23 0 0)
(-7.94455211834382e+23 0 0)
(-6.68198449370066e+23 0 0)
(-5.41416070436683e+23 0 0)
(-4.15383709614219e+23 0 0)
(-2.9041581164864e+23 0 0)
(-1.63474849937805e+23 0 0)
(-1.72692873721028e+22 0 0)
(7.2534548668312e+22 0 0)
(2.24846627915539e+23 0 0)
(3.46865282800073e+23 0 0)
(4.72588474238587e+23 0 0)
(5.98770998793516e+23 0 0)
(7.2562311364009e+23 0 0)
(8.51865510350117e+23 0 0)
(9.79181731454115e+23 0 0)
(1.10551288484328e+24 0 0)
(1.23316358896951e+24 0 0)
(1.35962924536756e+24 0 0)
(1.48764819774526e+24 0 0)
(1.61428468393682e+24 0 0)
(1.74270558480005e+24 0 0)
(1.869601854363e+24 0 0)
(1.99843519265463e+24 0 0)
(2.12563230035519e+24 0 0)
(2.25495356133948e+24 0 0)
(2.38256108259378e+24 0 0)
(2.51231844940616e+24 0 0)
(2.64040576894277e+24 0 0)
(2.77066351669042e+24 0 0)
(2.8993867803251e+24 0 0)
(3.0301279439879e+24 0 0)
(3.15952628169277e+24 0 0)
(3.2906872475286e+24 0 0)
(3.42026375352121e+24 0 0)
(3.55386660807459e+24 0 0)
(3.68355543336446e+24 0 0)
(3.81912500371679e+24 0 0)
(3.94602943785798e+24 0 0)
(4.08343608147923e+24 0 0)
(4.21286752884206e+24 0 0)
(4.3500737527528e+24 0 0)
(4.48074146675726e+24 0 0)
(4.61866245558506e+24 0 0)
(4.75059936920784e+24 0 0)
(4.8892141812326e+24 0 0)
(5.02248809614098e+24 0 0)
(5.16186546037172e+24 0 0)
(5.29654928168337e+24 0 0)
(5.43676191903849e+24 0 0)
(5.57293054658304e+24 0 0)
(5.71407304231636e+24 0 0)
(5.85178512694348e+24 0 0)
(5.99396027796335e+24 0 0)
(6.13327254244304e+24 0 0)
(6.27658188505588e+24 0 0)
(6.41755083375063e+24 0 0)
(6.56210261539239e+24 0 0)
(6.70478678123749e+24 0 0)
(6.85069486038221e+24 0 0)
(6.99515877701665e+24 0 0)
(7.14254094900049e+24 0 0)
(7.28885459255875e+24 0 0)
(7.43783217200729e+24 0 0)
(7.58607010558501e+24 0 0)
(7.73676680081822e+24 0 0)
(7.88700900530041e+24 0 0)
(8.03955141694885e+24 0 0)
(8.19188423772551e+24 0 0)
(8.34640254755685e+24 0 0)
(8.50091966016539e+24 0 0)
(8.65754817349526e+24 0 0)
(8.81435176473747e+24 0 0)
(8.97322892410712e+24 0 0)
(9.13243022023801e+24 0 0)
(9.29369989306824e+24 0 0)
(9.45541921889626e+24 0 0)
(9.61922904233802e+24 0 0)
(9.78359486005486e+24 0 0)
(9.95009784950032e+24 0 0)
(1.01172492286961e+25 0 0)
(1.02866052365618e+25 0 0)
(1.04566917696426e+25 0 0)
(1.06290680254269e+25 0 0)
(1.08022504115211e+25 0 0)
(1.09778228117255e+25 0 0)
(1.11542729105758e+25 0 0)
(1.13332269279522e+25 0 0)
(1.15131290418431e+25 0 0)
(1.16956607032404e+25 0 0)
(1.18792118274636e+25 0 0)
(1.20655289968871e+25 0 0)
(1.22529398808074e+25 0 0)
(1.24432640381449e+25 0 0)
(1.26347601906416e+25 0 0)
(1.28293270561052e+25 0 0)
(1.30251492742653e+25 0 0)
(1.32242116091487e+25 0 0)
(1.34246195621634e+25 0 0)
(1.36284473260902e+25 0 0)
(1.38337178282224e+25 0 0)
(1.404260070693e+25 0 0)
(1.42530316949674e+25 0 0)
(1.44672804100868e+25 0 0)
(1.46831920355167e+25 0 0)
(1.49031412303774e+25 0 0)
(1.51248784617737e+25 0 0)
(1.53508888049166e+25 0 0)
(1.55788233965651e+25 0 0)
(1.58112841468718e+25 0 0)
(1.60458183307574e+25 0 0)
(1.62851501421223e+25 0 0)
(1.65267182906443e+25 0 0)
(1.67733757634916e+25 0 0)
(1.70224464334852e+25 0 0)
(1.72769204729639e+25 0 0)
(1.75340035230698e+25 0 0)
(1.7796830971905e+25 0 0)
(1.8062483347491e+25 0 0)
(1.83342494993915e+25 0 0)
(1.86090783468076e+25 0 0)
(1.88904211275627e+25 0 0)
(1.91750945402233e+25 0 0)
(1.9466722601183e+25 0 0)
(1.97619594083087e+25 0 0)
(2.00646073659315e+25 0 0)
(2.03711895473885e+25 0 0)
(2.06857107865e+25 0 0)
(2.10045190962489e+25 0 0)
(2.13318275991314e+25 0 0)
(2.1663814165719e+25 0 0)
(2.20049160767534e+25 0 0)
(2.23511320217471e+25 0 0)
(2.27071393011008e+25 0 0)
(2.30687467616244e+25 0 0)
(2.3440890905818e+25 0 0)
(2.38191793311881e+25 0 0)
(2.42088261929287e+25 0 0)
(2.46052274068117e+25 0 0)
(2.50138986247947e+25 0 0)
(2.54300091818615e+25 0 0)
(2.58593993858102e+25 0 0)
(2.62970039511043e+25 0 0)
(2.67490111479933e+25 0 0)
(2.72101079395506e+25 0 0)
(2.76868663098281e+25 0 0)
(2.81736943744761e+25 0 0)
(2.86776070991499e+25 0 0)
(2.91927127197235e+25 0 0)
(2.97264419998219e+25 0 0)
(3.02730307865842e+25 0 0)
(3.0838885590459e+25 0 0)
(3.14110286354379e+25 0 0)
(3.2011935644751e+25 0 0)
(3.26350065649929e+25 0 0)
(3.32807151406606e+25 0 0)
(3.39436626384024e+25 0 0)
(3.46359141188215e+25 0 0)
(3.5349025221738e+25 0 0)
(3.60930422029609e+25 0 0)
(3.68605926197522e+25 0 0)
(3.76639933012833e+25 0 0)
(3.8495741149885e+25 0 0)
(3.93676655734675e+25 0 0)
(4.0270874537439e+25 0 0)
(4.1219434332481e+25 0 0)
(4.2204182871036e+25 0 0)
(4.32380601099276e+25 0 0)
(4.43130048042568e+25 0 0)
(4.54524941021425e+25 0 0)
(4.66435943525826e+25 0 0)
(4.79022518045151e+25 0 0)
(4.92148144247057e+25 0 0)
(5.06145848499329e+25 0 0)
(5.21186185536283e+25 0 0)
(5.37146652612427e+25 0 0)
(5.53761069201847e+25 0 0)
(5.71403542842766e+25 0 0)
(5.90286209949733e+25 0 0)
(6.1155557480602e+25 0 0)
(6.33856369467621e+25 0 0)
(6.5705274386002e+25 0 0)
(6.81384123411175e+25 0 0)
(7.07707270672255e+25 0 0)
(7.35997218637331e+25 0 0)
(7.66682034267264e+25 0 0)
(7.9970035826714e+25 0 0)
(8.37838009559205e+25 0 0)
(8.83202661862315e+25 0 0)
(9.30118968805291e+25 0 0)
(9.75740451372084e+25 0 0)
(1.02204554020836e+26 0 0)
(1.07273743400874e+26 0 0)
(1.13839605023992e+26 0 0)
(1.21006145788714e+26 0 0)
(1.28712478928533e+26 0 0)
(1.37491551104921e+26 0 0)
(1.46557359555788e+26 0 0)
(1.55996921751699e+26 0 0)
(1.66954413818697e+26 0 0)
(1.78272842096607e+26 0 0)
(1.91527004430386e+26 0 0)
(2.05274090941346e+26 0 0)
(2.20657122261601e+26 0 0)
(2.36281711586062e+26 0 0)
(2.52833726367214e+26 0 0)
(2.69724928696018e+26 0 0)
(2.86763902097664e+26 0 0)
(3.04168068089963e+26 0 0)
(3.20524289807815e+26 0 0)
(3.37133515694547e+26 0 0)
(3.51996928232204e+26 0 0)
(3.65564579476548e+26 0 0)
(3.78338295152997e+26 0 0)
(3.88420069928887e+26 0 0)
(3.96812417944754e+26 0 0)
(4.03914241000017e+26 0 0)
(4.08961210844504e+26 0 0)
(4.11833697670691e+26 0 0)
(4.13041917378066e+26 0 0)
(4.13252172152753e+26 0 0)
(4.12307439980265e+26 0 0)
(4.10106316560212e+26 0 0)
(4.06948271970908e+26 0 0)
(4.0238997334705e+26 0 0)
(3.97291870677568e+26 0 0)
(3.91732957009172e+26 0 0)
(3.861289682532e+26 0 0)
(3.80054909200527e+26 0 0)
(3.74215203234849e+26 0 0)
(3.67700684271895e+26 0 0)
(3.61093363285387e+26 0 0)
(3.53841569735627e+26 0 0)
(3.46890361782527e+26 0 0)
(3.39870583875448e+26 0 0)
(3.33306836261536e+26 0 0)
(3.26426554853812e+26 0 0)
(3.19973142519232e+26 0 0)
(3.14173330639937e+26 0 0)
(3.09183362176547e+26 0 0)
(3.03373124256735e+26 0 0)
(2.98531285041599e+26 0 0)
(2.94137854533569e+26 0 0)
(2.89327066101397e+26 0 0)
(2.84134397462225e+26 0 0)
(2.80441190350548e+26 0 0)
(2.76482670800328e+26 0 0)
(2.71716784862569e+26 0 0)
(2.67351808995395e+26 0 0)
(2.64501496735486e+26 0 0)
(2.6052334206477e+26 0 0)
(2.56400369686352e+26 0 0)
(2.53415306341414e+26 0 0)
(2.51284023029367e+26 0 0)
(2.49103695830777e+26 0 0)
(2.44443276594501e+26 0 0)
(2.41844332346862e+26 0 0)
(2.23945103023207e+26 0 0)
)
;

boundaryField
{
    electrode
    {
        type            calculated;
        value           uniform (-2.26977644519224e+26 0 0);
    }
    ground
    {
        type            calculated;
        value           uniform (2.23945103023207e+26 0 0);
    }
    otherfaces
    {
        type            empty;
    }
}


// ************************************************************************* //
