/*--------------------------------*- C++ -*----------------------------------*\
| =========                 |                                                 |
| \\      /  F ield         | foam-extend: Open Source CFD                    |
|  \\    /   O peration     | Version:     4.1                                |
|   \\  /    A nd           | Web:         http://www.foam-extend.org         |
|    \\/     M anipulation  |                                                 |
\*---------------------------------------------------------------------------*/
FoamFile
{
    version     2.0;
    format      ascii;
    class       volVectorField;
    location    "3.00132501849462e-06";
    object      Flux_Arp1Mean;
}
// * * * * * * * * * * * * * * * * * * * * * * * * * * * * * * * * * * * * * //

dimensions      [0 -2 -1 0 0 0 0];

internalField   nonuniform List<vector> 
500
(
(-2.56733911984247e+23 0 0)
(-2.58550783055854e+23 0 0)
(-2.58030019380733e+23 0 0)
(-2.58441823395841e+23 0 0)
(-2.58093840588031e+23 0 0)
(-2.58378572474437e+23 0 0)
(-2.58136013683701e+23 0 0)
(-2.5832901659514e+23 0 0)
(-2.58162042060208e+23 0 0)
(-2.58289037669429e+23 0 0)
(-2.58173030487245e+23 0 0)
(-2.5825399352457e+23 0 0)
(-2.58172178970484e+23 0 0)
(-2.58220545003588e+23 0 0)
(-2.58160876882348e+23 0 0)
(-2.58185798661157e+23 0 0)
(-2.58141369776993e+23 0 0)
(-2.58148149387668e+23 0 0)
(-2.58111190055846e+23 0 0)
(-2.58105320881455e+23 0 0)
(-2.5807140472e+23 0 0)
(-2.58055382668623e+23 0 0)
(-2.58021426829456e+23 0 0)
(-2.57998650399559e+23 0 0)
(-2.57961233457131e+23 0 0)
(-2.57930555589388e+23 0 0)
(-2.5788954999065e+23 0 0)
(-2.57851334301939e+23 0 0)
(-2.5780423628092e+23 0 0)
(-2.57761217086719e+23 0 0)
(-2.57709416169333e+23 0 0)
(-2.57654474390015e+23 0 0)
(-2.57596642809752e+23 0 0)
(-2.57534234739492e+23 0 0)
(-2.57468334232827e+23 0 0)
(-2.57396558506565e+23 0 0)
(-2.5732438343615e+23 0 0)
(-2.57243043824524e+23 0 0)
(-2.57160181363335e+23 0 0)
(-2.57070087916681e+23 0 0)
(-2.56976407445349e+23 0 0)
(-2.5687647088149e+23 0 0)
(-2.56771328205834e+23 0 0)
(-2.56660456167352e+23 0 0)
(-2.56545349585146e+23 0 0)
(-2.56421130395963e+23 0 0)
(-2.56292137592486e+23 0 0)
(-2.56161498787237e+23 0 0)
(-2.56015975521896e+23 0 0)
(-2.55866425794088e+23 0 0)
(-2.55709725944431e+23 0 0)
(-2.55545312687219e+23 0 0)
(-2.55373160110256e+23 0 0)
(-2.55191989546225e+23 0 0)
(-2.55004258805214e+23 0 0)
(-2.54806197022422e+23 0 0)
(-2.54598940553455e+23 0 0)
(-2.54380719351869e+23 0 0)
(-2.54159390393165e+23 0 0)
(-2.53927810860382e+23 0 0)
(-2.53670729740759e+23 0 0)
(-2.53415825917938e+23 0 0)
(-2.53143182126526e+23 0 0)
(-2.52860946448988e+23 0 0)
(-2.52564031348231e+23 0 0)
(-2.52252071395592e+23 0 0)
(-2.5194200063183e+23 0 0)
(-2.51607344574491e+23 0 0)
(-2.51245600637969e+23 0 0)
(-2.50882000762482e+23 0 0)
(-2.50496911721473e+23 0 0)
(-2.50093611414625e+23 0 0)
(-2.49693384361391e+23 0 0)
(-2.49267154057977e+23 0 0)
(-2.48800806295783e+23 0 0)
(-2.48334989789233e+23 0 0)
(-2.47840785312999e+23 0 0)
(-2.47352503943158e+23 0 0)
(-2.46839907885891e+23 0 0)
(-2.46275137598857e+23 0 0)
(-2.45712844466964e+23 0 0)
(-2.45123323055028e+23 0 0)
(-2.44563478223608e+23 0 0)
(-2.43913431689618e+23 0 0)
(-2.43269590492539e+23 0 0)
(-2.42599244794105e+23 0 0)
(-2.41959854051262e+23 0 0)
(-2.4124455868121e+23 0 0)
(-2.40513715885011e+23 0 0)
(-2.39765817536189e+23 0 0)
(-2.39048479791995e+23 0 0)
(-2.38262834500788e+23 0 0)
(-2.37454463671897e+23 0 0)
(-2.36631112065735e+23 0 0)
(-2.35835913073595e+23 0 0)
(-2.34985647909474e+23 0 0)
(-2.34104493134167e+23 0 0)
(-2.33211624930682e+23 0 0)
(-2.32329814696569e+23 0 0)
(-2.31427836000634e+23 0 0)
(-2.30473410425307e+23 0 0)
(-2.29525550971679e+23 0 0)
(-2.28548964339738e+23 0 0)
(-2.27605811317862e+23 0 0)
(-2.26599660116334e+23 0 0)
(-2.25579644871574e+23 0 0)
(-2.24550127374781e+23 0 0)
(-2.23498172851638e+23 0 0)
(-2.22471560693595e+23 0 0)
(-2.21403606583463e+23 0 0)
(-2.20302280086957e+23 0 0)
(-2.19202257901733e+23 0 0)
(-2.18096686429114e+23 0 0)
(-2.16962843317405e+23 0 0)
(-2.15841570880501e+23 0 0)
(-2.14705959875266e+23 0 0)
(-2.13532769747363e+23 0 0)
(-2.12355618164673e+23 0 0)
(-2.11169322221005e+23 0 0)
(-2.09970882288631e+23 0 0)
(-2.08746939948217e+23 0 0)
(-2.07533903529039e+23 0 0)
(-2.06299004594722e+23 0 0)
(-2.05048076550417e+23 0 0)
(-2.03814926866153e+23 0 0)
(-2.02541866981071e+23 0 0)
(-2.01261442451664e+23 0 0)
(-1.99973593085359e+23 0 0)
(-1.98676974320315e+23 0 0)
(-1.97357694422463e+23 0 0)
(-1.96044862534984e+23 0 0)
(-1.94721604069836e+23 0 0)
(-1.93384298344615e+23 0 0)
(-1.92037025394828e+23 0 0)
(-1.90679543990559e+23 0 0)
(-1.89308480772812e+23 0 0)
(-1.87945268188302e+23 0 0)
(-1.86564080536418e+23 0 0)
(-1.85163131827147e+23 0 0)
(-1.83762310339282e+23 0 0)
(-1.82358394400301e+23 0 0)
(-1.80941674401321e+23 0 0)
(-1.79516475341025e+23 0 0)
(-1.78083520860746e+23 0 0)
(-1.76642986758767e+23 0 0)
(-1.75195087616567e+23 0 0)
(-1.73740216503693e+23 0 0)
(-1.72272878594544e+23 0 0)
(-1.70798419447895e+23 0 0)
(-1.69323963921316e+23 0 0)
(-1.6784604206082e+23 0 0)
(-1.66352178063569e+23 0 0)
(-1.6485268128852e+23 0 0)
(-1.63347268873271e+23 0 0)
(-1.61835754271439e+23 0 0)
(-1.60318160368515e+23 0 0)
(-1.58790717317955e+23 0 0)
(-1.57261663058172e+23 0 0)
(-1.55725870458607e+23 0 0)
(-1.54183262908412e+23 0 0)
(-1.5263472378463e+23 0 0)
(-1.51080447939076e+23 0 0)
(-1.4952024861892e+23 0 0)
(-1.47952397521821e+23 0 0)
(-1.46382895410309e+23 0 0)
(-1.44809506148096e+23 0 0)
(-1.43226578581201e+23 0 0)
(-1.41639300271057e+23 0 0)
(-1.40047305747509e+23 0 0)
(-1.3845042713071e+23 0 0)
(-1.36848619968578e+23 0 0)
(-1.35241841448364e+23 0 0)
(-1.33631566931342e+23 0 0)
(-1.32015637929279e+23 0 0)
(-1.30394708280233e+23 0 0)
(-1.28769848889825e+23 0 0)
(-1.27140674147403e+23 0 0)
(-1.25507214711729e+23 0 0)
(-1.23869523714738e+23 0 0)
(-1.22227432161034e+23 0 0)
(-1.20579811774667e+23 0 0)
(-1.1893196059684e+23 0 0)
(-1.17278467149361e+23 0 0)
(-1.15620262603933e+23 0 0)
(-1.13958613956994e+23 0 0)
(-1.12293412140365e+23 0 0)
(-1.10624628115799e+23 0 0)
(-1.08952296947705e+23 0 0)
(-1.07276487906961e+23 0 0)
(-1.05597273681172e+23 0 0)
(-1.03914718385038e+23 0 0)
(-1.02228886907404e+23 0 0)
(-1.00539848669898e+23 0 0)
(-9.88476727205846e+22 0 0)
(-9.71524285848608e+22 0 0)
(-9.5454188225003e+22 0 0)
(-9.37530065556083e+22 0 0)
(-9.20487821724937e+22 0 0)
(-9.03410797869568e+22 0 0)
(-8.86326190578055e+22 0 0)
(-8.6920161442472e+22 0 0)
(-8.52049589285339e+22 0 0)
(-8.34873315477512e+22 0 0)
(-8.17672401085391e+22 0 0)
(-8.00447050687615e+22 0 0)
(-7.83197769083435e+22 0 0)
(-7.6592517971326e+22 0 0)
(-7.48629835082213e+22 0 0)
(-7.31312310774471e+22 0 0)
(-7.13973205012117e+22 0 0)
(-6.96613180761807e+22 0 0)
(-6.79232686309262e+22 0 0)
(-6.61832819897983e+22 0 0)
(-6.44411401112693e+22 0 0)
(-6.26972851104588e+22 0 0)
(-6.09516651139512e+22 0 0)
(-5.92041775198649e+22 0 0)
(-5.7454925167704e+22 0 0)
(-5.5704115226304e+22 0 0)
(-5.39516706811968e+22 0 0)
(-5.21976606059221e+22 0 0)
(-5.0442145488925e+22 0 0)
(-4.86851794571703e+22 0 0)
(-4.69268147909298e+22 0 0)
(-4.51671045885019e+22 0 0)
(-4.3406100484567e+22 0 0)
(-4.16438541971535e+22 0 0)
(-3.98804158065486e+22 0 0)
(-3.81158316710494e+22 0 0)
(-3.63501517509509e+22 0 0)
(-3.45834913682264e+22 0 0)
(-3.2816227479472e+22 0 0)
(-3.10470499102779e+22 0 0)
(-2.92775923319186e+22 0 0)
(-2.75073692111701e+22 0 0)
(-2.5736288795155e+22 0 0)
(-2.39644586161187e+22 0 0)
(-2.21919456215368e+22 0 0)
(-2.04188043077999e+22 0 0)
(-1.86450860134759e+22 0 0)
(-1.68708399178468e+22 0 0)
(-1.50961166518314e+22 0 0)
(-1.33209664082647e+22 0 0)
(-1.15454393434899e+22 0 0)
(-9.76958607900616e+21 0 0)
(-7.99345760613307e+21 0 0)
(-6.21710878078971e+21 0 0)
(-4.44058642889981e+21 0 0)
(-2.663725632104e+21 0 0)
(-8.86980523595862e+20 0 0)
(8.89365874296647e+20 0 0)
(2.66611092150457e+21 0 0)
(4.44297094186744e+21 0 0)
(6.21949209043598e+21 0 0)
(7.99583900287525e+21 0 0)
(9.77196562322757e+21 0 0)
(1.1547816474419e+22 0 0)
(1.33233405285782e+22 0 0)
(1.50984876339938e+22 0 0)
(1.68732072817716e+22 0 0)
(1.86474491127564e+22 0 0)
(2.04211632123002e+22 0 0)
(2.21942994304036e+22 0 0)
(2.39668071822649e+22 0 0)
(2.57386317546109e+22 0 0)
(2.75097060106376e+22 0 0)
(2.92799225964503e+22 0 0)
(3.10493734001943e+22 0 0)
(3.28185434549133e+22 0 0)
(3.45857997198908e+22 0 0)
(3.63524518593832e+22 0 0)
(3.81181231487522e+22 0 0)
(3.98826981672904e+22 0 0)
(4.16461273235656e+22 0 0)
(4.34083636075018e+22 0 0)
(4.51693573625748e+22 0 0)
(4.69290569375996e+22 0 0)
(4.86874102376308e+22 0 0)
(5.04443649394738e+22 0 0)
(5.21998679669789e+22 0 0)
(5.39538655769244e+22 0 0)
(5.57062974376768e+22 0 0)
(5.74570939818707e+22 0 0)
(5.92063328279146e+22 0 0)
(6.09538060804174e+22 0 0)
(6.26994118545423e+22 0 0)
(6.44432516266085e+22 0 0)
(6.61853782749335e+22 0 0)
(6.79253490992411e+22 0 0)
(6.96633824742098e+22 0 0)
(7.1399368098776e+22 0 0)
(7.3133261938542e+22 0 0)
(7.48649969051432e+22 0 0)
(7.65945134197056e+22 0 0)
(7.83217543452265e+22 0 0)
(8.00466637933377e+22 0 0)
(8.17691800621439e+22 0 0)
(8.348925173639e+22 0 0)
(8.52068596667511e+22 0 0)
(8.6922041570367e+22 0 0)
(8.86344788684423e+22 0 0)
(9.03429184923683e+22 0 0)
(9.20505997962873e+22 0 0)
(9.37548021741149e+22 0 0)
(9.54559620424522e+22 0 0)
(9.71541799871634e+22 0 0)
(9.88494013593375e+22 0 0)
(1.00541554386726e+23 0 0)
(1.02230569101065e+23 0 0)
(1.03916376761765e+23 0 0)
(1.05598907849193e+23 0 0)
(1.07278097388914e+23 0 0)
(1.08953881824721e+23 0 0)
(1.10626187252161e+23 0 0)
(1.12294945689748e+23 0 0)
(1.13960121447894e+23 0 0)
(1.15621743480197e+23 0 0)
(1.17279921300026e+23 0 0)
(1.18933387425125e+23 0 0)
(1.20581211171929e+23 0 0)
(1.22228803853925e+23 0 0)
(1.2387086765306e+23 0 0)
(1.25508530187287e+23 0 0)
(1.27141961346255e+23 0 0)
(1.28771107545874e+23 0 0)
(1.30395937945987e+23 0 0)
(1.32016838588726e+23 0 0)
(1.33632738074143e+23 0 0)
(1.35242983209638e+23 0 0)
(1.36849731794326e+23 0 0)
(1.38451508712491e+23 0 0)
(1.40048356980115e+23 0 0)
(1.41640320712852e+23 0 0)
(1.43227568156693e+23 0 0)
(1.4481046458294e+23 0 0)
(1.46383822622274e+23 0 0)
(1.47953293300218e+23 0 0)
(1.49521113433943e+23 0 0)
(1.51081281591423e+23 0 0)
(1.52635526626668e+23 0 0)
(1.54184034664107e+23 0 0)
(1.55726611129137e+23 0 0)
(1.57262372270912e+23 0 0)
(1.58791395368703e+23 0 0)
(1.60318806224732e+23 0 0)
(1.61836368070978e+23 0 0)
(1.63347850861637e+23 0 0)
(1.64853230671418e+23 0 0)
(1.66352695331474e+23 0 0)
(1.67846526982766e+23 0 0)
(1.69324416719871e+23 0 0)
(1.70798840027895e+23 0 0)
(1.72273267205677e+23 0 0)
(1.73740573081659e+23 0 0)
(1.75195412366409e+23 0 0)
(1.76643280278824e+23 0 0)
(1.78083782300465e+23 0 0)
(1.79516705532239e+23 0 0)
(1.80941873265089e+23 0 0)
(1.82358562022167e+23 0 0)
(1.83762446556685e+23 0 0)
(1.85163236166715e+23 0 0)
(1.86564152245187e+23 0 0)
(1.87945307589399e+23 0 0)
(1.89308488413618e+23 0 0)
(1.90679520742749e+23 0 0)
(1.92036972027296e+23 0 0)
(1.9338421594805e+23 0 0)
(1.94721492748208e+23 0 0)
(1.96044722503138e+23 0 0)
(1.97357525888335e+23 0 0)
(1.98676775597272e+23 0 0)
(1.99973364662419e+23 0 0)
(2.01261184887297e+23 0 0)
(2.0254158050897e+23 0 0)
(2.03814611841173e+23 0 0)
(2.05047733676674e+23 0 0)
(2.06298635998048e+23 0 0)
(2.07533510583434e+23 0 0)
(2.08746522698479e+23 0 0)
(2.09970440572133e+23 0 0)
(2.11168856633951e+23 0 0)
(2.12355128872993e+23 0 0)
(2.1353225692325e+23 0 0)
(2.14705424525657e+23 0 0)
(2.15841013521456e+23 0 0)
(2.16962265050206e+23 0 0)
(2.18096089495829e+23 0 0)
(2.1920164440194e+23 0 0)
(2.20301649655221e+23 0 0)
(2.21402958885216e+23 0 0)
(2.22470897685043e+23 0 0)
(2.23497494850227e+23 0 0)
(2.24549437801426e+23 0 0)
(2.25578944781848e+23 0 0)
(2.2659894951307e+23 0 0)
(2.2760509124257e+23 0 0)
(2.28548235397329e+23 0 0)
(2.29524817234218e+23 0 0)
(2.3047267248501e+23 0 0)
(2.31427093041857e+23 0 0)
(2.32329068112429e+23 0 0)
(2.3321087664932e+23 0 0)
(2.34103747107982e+23 0 0)
(2.34984903751632e+23 0 0)
(2.35835172144529e+23 0 0)
(2.36630374928571e+23 0 0)
(2.37453733995445e+23 0 0)
(2.38262111744293e+23 0 0)
(2.39047765285108e+23 0 0)
(2.39765111425917e+23 0 0)
(2.40513021421857e+23 0 0)
(2.41243875319011e+23 0 0)
(2.41959181959972e+23 0 0)
(2.42598585324695e+23 0 0)
(2.43268944685117e+23 0 0)
(2.43912800326177e+23 0 0)
(2.44562859401388e+23 0 0)
(2.45122718519823e+23 0 0)
(2.45712254748316e+23 0 0)
(2.46274563929231e+23 0 0)
(2.46839348054774e+23 0 0)
(2.47351958165689e+23 0 0)
(2.47840253759441e+23 0 0)
(2.48334473058837e+23 0 0)
(2.48800304053293e+23 0 0)
(2.49266663969573e+23 0 0)
(2.49692906107405e+23 0 0)
(2.50093144528998e+23 0 0)
(2.5049645644307e+23 0 0)
(2.50881556347521e+23 0 0)
(2.51245166397836e+23 0 0)
(2.51606918324716e+23 0 0)
(2.51941581154443e+23 0 0)
(2.52251658172856e+23 0 0)
(2.52563624378071e+23 0 0)
(2.52860545068046e+23 0 0)
(2.53142785598285e+23 0 0)
(2.53415432906484e+23 0 0)
(2.53670339452773e+23 0 0)
(2.53927420826808e+23 0 0)
(2.54158999787028e+23 0 0)
(2.54380327892137e+23 0 0)
(2.54598548338387e+23 0 0)
(2.54805803562901e+23 0 0)
(2.55003863624394e+23 0 0)
(2.55191591390717e+23 0 0)
(2.5537275802888e+23 0 0)
(2.5554490582624e+23 0 0)
(2.5570931367048e+23 0 0)
(2.55866007369399e+23 0 0)
(2.5601555053109e+23 0 0)
(2.56161066395136e+23 0 0)
(2.56291697903067e+23 0 0)
(2.56420683659364e+23 0 0)
(2.56544895799245e+23 0 0)
(2.56659994674165e+23 0 0)
(2.56770858363947e+23 0 0)
(2.56875992463604e+23 0 0)
(2.56975920464986e+23 0 0)
(2.57069592230649e+23 0 0)
(2.5715967688974e+23 0 0)
(2.57242530337828e+23 0 0)
(2.5732386096935e+23 0 0)
(2.57396026556256e+23 0 0)
(2.57467792303066e+23 0 0)
(2.57533683204443e+23 0 0)
(2.57596081627872e+23 0 0)
(2.57653903918738e+23 0 0)
(2.5770883593018e+23 0 0)
(2.57760627474721e+23 0 0)
(2.57803636948582e+23 0 0)
(2.57850725520325e+23 0 0)
(2.57888932351919e+23 0 0)
(2.57929929490718e+23 0 0)
(2.57960599250953e+23 0 0)
(2.57998008281492e+23 0 0)
(2.58020776927662e+23 0 0)
(2.58054724521314e+23 0 0)
(2.58070738752895e+23 0 0)
(2.58104647617971e+23 0 0)
(2.58110510262715e+23 0 0)
(2.58147463109738e+23 0 0)
(2.58140677719251e+23 0 0)
(2.5818510036406e+23 0 0)
(2.58160172626702e+23 0 0)
(2.58219834315441e+23 0 0)
(2.58171463638704e+23 0 0)
(2.58253272696287e+23 0 0)
(2.5817230621794e+23 0 0)
(2.58288308447646e+23 0 0)
(2.58161310237353e+23 0 0)
(2.58328279857107e+23 0 0)
(2.58135274318337e+23 0 0)
(2.58377827767524e+23 0 0)
(2.58093094915773e+23 0 0)
(2.58441072564044e+23 0 0)
(2.58029269285139e+23 0 0)
(2.58550027384368e+23 0 0)
(2.56733165171528e+23 0 0)
)
;

boundaryField
{
    electrode
    {
        type            calculated;
        value           uniform (-2.58260162849818e+23 0 0);
    }
    ground
    {
        type            calculated;
        value           uniform (2.58259403176516e+23 0 0);
    }
    otherfaces
    {
        type            empty;
    }
}


// ************************************************************************* //
