/*--------------------------------*- C++ -*----------------------------------*\
| =========                 |                                                 |
| \\      /  F ield         | foam-extend: Open Source CFD                    |
|  \\    /   O peration     | Version:     4.1                                |
|   \\  /    A nd           | Web:         http://www.foam-extend.org         |
|    \\/     M anipulation  |                                                 |
\*---------------------------------------------------------------------------*/
FoamFile
{
    version     2.0;
    format      ascii;
    class       volScalarField;
    location    "1.16000000077119e-05";
    object      Arm;
}
// * * * * * * * * * * * * * * * * * * * * * * * * * * * * * * * * * * * * * //

dimensions      [0 -3 0 0 0 0 0];

internalField   nonuniform List<scalar> 
500
(
5.27735171993947e+18
5.28019338222995e+18
5.28587563299234e+18
5.2943969175921e+18
5.30575549673431e+18
5.31994947977113e+18
5.3369767940199e+18
5.35683515062213e+18
5.37952201289843e+18
5.40503456687334e+18
5.433369693778e+18
5.46452394421201e+18
5.49849351499575e+18
5.53527423459286e+18
5.57486155486904e+18
5.61725054451659e+18
5.66243588492654e+18
5.71041186953774e+18
5.7611724063189e+18
5.81471102246432e+18
5.87102086918663e+18
5.93009472851164e+18
5.9919250317761e+18
6.05650388553052e+18
6.12382309437012e+18
6.19387418245528e+18
6.26664841566938e+18
6.3421368243281e+18
6.42033022613216e+18
6.50121924875588e+18
6.58479434979464e+18
6.67104582955793e+18
6.75996384023851e+18
6.85153840143091e+18
6.94575943264232e+18
7.04261678204243e+18
7.14210024574684e+18
7.24419958296113e+18
7.34890452934709e+18
7.45620480868515e+18
7.56609014218004e+18
7.67855024883384e+18
7.79357482928029e+18
7.9111535609854e+18
8.03127610136689e+18
8.15393208629663e+18
8.27911112307833e+18
8.4068027800731e+18
8.5369965995125e+18
8.66968210378362e+18
8.80484878882831e+18
8.94248611198076e+18
9.08258346870567e+18
9.22513013745617e+18
9.3701152583007e+18
9.51752783780934e+18
9.6673567325856e+18
9.81959062708376e+18
9.97421800822377e+18
1.01312271518206e+19
1.02906060868015e+19
1.04523425596213e+19
1.06164240397713e+19
1.07828376567135e+19
1.09515701206348e+19
1.11226076973928e+19
1.12959361959017e+19
1.14715410084161e+19
1.1649406914621e+19
1.18295182144806e+19
1.20118586937352e+19
1.21964115829826e+19
1.2383159517915e+19
1.25720844951007e+19
1.27631678162379e+19
1.29563900699454e+19
1.31517308272288e+19
1.33491686470138e+19
1.35486812670108e+19
1.37502455178747e+19
1.39538372798799e+19
1.41594314272393e+19
1.4367001775999e+19
1.45765210540056e+19
1.47879608790096e+19
1.50012917882422e+19
1.52164826245328e+19
1.5433501148232e+19
1.5652313828746e+19
1.58728856775474e+19
1.60951802097705e+19
1.63191594168085e+19
1.65447837036509e+19
1.6772011820746e+19
1.70008007839551e+19
1.72311058246291e+19
1.74628804402625e+19
1.76960755957563e+19
1.7930640257816e+19
1.81665214618198e+19
1.84036641534065e+19
1.86420110951638e+19
1.88815027744638e+19
1.91220773039549e+19
1.93636703155925e+19
1.960621485121e+19
1.98496412271677e+19
2.00938768346087e+19
2.03388460062546e+19
2.05844699183825e+19
2.08306664990494e+19
2.10773503281579e+19
2.13244327265351e+19
2.157182092887e+19
2.18194188035487e+19
2.20671270895893e+19
2.23148434284331e+19
2.25624625612957e+19
2.2809876605069e+19
2.30569754158585e+19
2.33036470321963e+19
2.35497781854109e+19
2.3795254874565e+19
2.40399629975912e+19
2.42837890046195e+19
2.45266205453997e+19
2.47683471066811e+19
2.50088606132505e+19
2.52480559631743e+19
2.54858314995005e+19
2.57220894053543e+19
2.59567360094081e+19
2.61896820201674e+19
2.64208426835147e+19
2.66501378624519e+19
2.68774920697054e+19
2.71028344444618e+19
2.73260986817471e+19
2.75472229530585e+19
2.77661498052011e+19
2.79828260472833e+19
2.81972026606451e+19
2.84092346864071e+19
2.86188810596304e+19
2.88261044445181e+19
2.90308710880378e+19
2.92331506468799e+19
2.94329159827725e+19
2.96301429770062e+19
2.98248103920653e+19
3.00168997698078e+19
3.02063953430372e+19
3.03932839202432e+19
3.0577554730968e+19
3.0759199279103e+19
3.09382112228867e+19
3.11145862693193e+19
3.12883220788217e+19
3.14594181713947e+19
3.16278758255111e+19
3.17936979700445e+19
3.19568890854191e+19
3.21174551189842e+19
3.2275403406562e+19
3.243074259754e+19
3.25834825831385e+19
3.27336344268293e+19
3.28812102965238e+19
3.30262233999879e+19
3.31686879226442e+19
3.33086189664478e+19
3.34460324908428e+19
3.35809452570667e+19
3.37133747766971e+19
3.38433392596978e+19
3.39708575562609e+19
3.40959491024334e+19
3.42186338760371e+19
3.43389323554609e+19
3.44568654767069e+19
3.45724545912178e+19
3.46857214246481e+19
3.47966880374554e+19
3.4905376786197e+19
3.50118102860066e+19
3.51160113745025e+19
3.52180030763209e+19
3.53178085688985e+19
3.54154511489089e+19
3.55109541990268e+19
3.56043411556852e+19
3.56956354765792e+19
3.57848606074682e+19
3.58720399471046e+19
3.59571968005127e+19
3.60403543234582e+19
3.61215355525155e+19
3.62007634224134e+19
3.62780607476398e+19
3.63534501999713e+19
3.64269542883446e+19
3.64985953396284e+19
3.65683954805351e+19
3.66363766206075e+19
3.67025604354468e+19
3.67669683506038e+19
3.68296215216362e+19
3.68905407972715e+19
3.69497466674098e+19
3.70072592350702e+19
3.70630982159717e+19
3.7117282941515e+19
3.71698323572205e+19
3.72207650310661e+19
3.72700991240249e+19
3.73178523859754e+19
3.73640421552141e+19
3.74086853507408e+19
3.74517984650916e+19
3.74933975575796e+19
3.75334982475674e+19
3.75721157078592e+19
3.76092646587402e+19
3.7644959362335e+19
3.76792136164812e+19
3.77120407496222e+19
3.77434536159071e+19
3.77734645902749e+19
3.78020855636272e+19
3.7829327938994e+19
3.78552026274039e+19
3.78797200439529e+19
3.79028901042794e+19
3.79247222212349e+19
3.79452253017911e+19
3.79644077439485e+19
3.79822774336399e+19
3.79988417394972e+19
3.80141075251033e+19
3.80280811383596e+19
3.80407683959968e+19
3.80521745910585e+19
3.8062304492184e+19
3.80711623417091e+19
3.80787518550155e+19
3.80850762193845e+19
3.80901380928812e+19
3.80939396038332e+19
3.80964823479358e+19
3.80977673919127e+19
3.80977952734877e+19
3.80965659973047e+19
3.80940790345786e+19
3.80903333279021e+19
3.80853272907628e+19
3.80790588039237e+19
3.80715252183836e+19
3.8062723355991e+19
3.80526495103406e+19
3.80412994479128e+19
3.80286684091244e+19
3.80147511097641e+19
3.79995417420502e+19
3.79830339667026e+19
3.79652209285493e+19
3.7946095267625e+19
3.79256491066663e+19
3.79038740559923e+19
3.7880761216941e+19
3.78563011847904e+19
3.78304840519225e+19
3.78032994113118e+19
3.77747363596687e+19
3.77447835016624e+19
3.77134289536989e+19
3.76806603483666e+19
3.76464648389282e+19
3.76108291038909e+19
3.75737393524507e+19
3.75351813291785e+19
3.74951403204773e+19
3.74536011596776e+19
3.74105482336941e+19
3.73659654892313e+19
3.7319836439417e+19
3.72721441708399e+19
3.7222871350483e+19
3.71720002333616e+19
3.71195126696097e+19
3.70653901119207e+19
3.7009613621977e+19
3.69521638767029e+19
3.68930211723785e+19
3.68321654223787e+19
3.67695761369987e+19
3.67052324366074e+19
3.66391131558155e+19
3.65711968692034e+19
3.65014619025862e+19
3.64298863475766e+19
3.63564480779199e+19
3.62811247668716e+19
3.62038939054102e+19
3.61247328211045e+19
3.60436186978266e+19
3.59605285942241e+19
3.58754394863327e+19
3.57883282368875e+19
3.56991715132561e+19
3.5607945915826e+19
3.55146279965831e+19
3.54191942941011e+19
3.53216213674772e+19
3.52218858286924e+19
3.51199643754051e+19
3.50158338239006e+19
3.49094711425199e+19
3.48008534861564e+19
3.46899582316951e+19
3.45767630138824e+19
3.44612457630153e+19
3.43433847434642e+19
3.42231585933549e+19
3.41005463654148e+19
3.39755275694335e+19
3.38480822152038e+19
3.37181908536231e+19
3.35858346205031e+19
3.34509952911577e+19
3.33136553386319e+19
3.31737979858333e+19
3.30314072567659e+19
3.28864680319624e+19
3.27389661081366e+19
3.25888882586207e+19
3.24362222962658e+19
3.22809571379531e+19
3.21230828719017e+19
3.19625908277358e+19
3.17994736484885e+19
3.16337253651558e+19
3.14653414749312e+19
3.1294319026434e+19
3.11206567183545e+19
3.09443550084941e+19
3.07654162151305e+19
3.05838446100727e+19
3.03996465151568e+19
3.02128304077453e+19
3.00234070394766e+19
2.98313895838871e+19
2.96367937952539e+19
2.94396381241137e+19
2.92399438025349e+19
2.90377349453604e+19
2.88330386892654e+19
2.86258853810811e+19
2.84163087856436e+19
2.8204346255483e+19
2.79900388730825e+19
2.77734316212738e+19
2.75545735529705e+19
2.73335178950941e+19
2.71103221342843e+19
2.68850481368216e+19
2.66577622443034e+19
2.64285353426502e+19
2.61974429364043e+19
2.59645651670912e+19
2.57299867699174e+19
2.54937969950607e+19
2.5256089445686e+19
2.50169618342871e+19
2.47765156807172e+19
2.45348559166731e+19
2.42920904092041e+19
2.40483294358676e+19
2.38036850932574e+19
2.35582706621818e+19
2.33121999732223e+19
2.30655867728927e+19
2.28185441062457e+19
2.2571183724843e+19
2.232361559621e+19
2.207594746876e+19
2.18282845055852e+19
2.15807290061499e+19
2.13333802166215e+19
2.10863341857372e+19
2.08396835460598e+19
2.05935172860311e+19
2.03479208938537e+19
2.01029765146589e+19
1.98587630668885e+19
1.96153563081946e+19
1.93728289325776e+19
1.91312506147863e+19
1.88906883906422e+19
1.86512067035598e+19
1.84128675131908e+19
1.81757304057204e+19
1.7939852703143e+19
1.77052895344585e+19
1.74720939432151e+19
1.72403169547649e+19
1.70100075341691e+19
1.67812125137773e+19
1.65539767573943e+19
1.6328343298514e+19
1.6104353435516e+19
1.58820468107554e+19
1.56614614820756e+19
1.544263399204e+19
1.52255994133344e+19
1.50103912055274e+19
1.47970416285739e+19
1.45855817162825e+19
1.43760411610475e+19
1.41684484005002e+19
1.39628307242084e+19
1.37592143481856e+19
1.35576244007789e+19
1.33580850051138e+19
1.31606193415606e+19
1.29652496955004e+19
1.2771997490338e+19
1.25808832517816e+19
1.23919264049303e+19
1.22051456309722e+19
1.20205589469505e+19
1.18381837348481e+19
1.16580367853667e+19
1.14801343400558e+19
1.13044921294266e+19
1.11311253900083e+19
1.09600488359298e+19
1.07912766949029e+19
1.06248227533717e+19
1.04607003597136e+19
1.02989223777704e+19
1.01395013733644e+19
9.98244963646937e+18
9.82777920290936e+18
9.67550185889251e+18
9.52562916378565e+18
9.3781724799138e+18
9.23314299864069e+18
9.09055176360163e+18
8.95040969098549e+18
8.81272756696045e+18
8.67751600753367e+18
8.54478560180043e+18
8.41454690191221e+18
8.28681043235269e+18
8.16158670437916e+18
8.03888621299003e+18
7.91871939025283e+18
7.80109664102182e+18
7.6860283521824e+18
7.57352489436164e+18
7.46359660773501e+18
7.35625379837525e+18
7.25150678830682e+18
7.14936589789125e+18
7.04984143512995e+18
6.95294368426246e+18
6.85868289232177e+18
6.76706925466945e+18
6.67811290118957e+18
6.59182386705144e+18
6.50821203596556e+18
6.42728714084965e+18
6.34905875896636e+18
6.27353630232424e+18
6.20072899248947e+18
6.13064583735593e+18
6.06329560811769e+18
5.99868681629618e+18
5.93682769132735e+18
5.87772615985638e+18
5.8213898276176e+18
5.76782594288306e+18
5.71704137380524e+18
5.66904261298162e+18
5.62383577155668e+18
5.5814265726848e+18
5.5418203486497e+18
5.50502204135764e+18
5.47103620685784e+18
5.43986702419416e+18
5.41151829880099e+18
5.38599347469633e+18
5.36329566410973e+18
5.34342767270117e+18
5.32639202665571e+18
5.31219100223534e+18
5.30082665734957e+18
5.29230086362552e+18
5.28661534380305e+18
5.28377177295204e+18
)
;

boundaryField
{
    electrode
    {
        type            zeroGradient;
    }
    ground
    {
        type            zeroGradient;
    }
    otherfaces
    {
        type            empty;
    }
}


// ************************************************************************* //
