/*--------------------------------*- C++ -*----------------------------------*\
| =========                 |                                                 |
| \\      /  F ield         | foam-extend: Open Source CFD                    |
|  \\    /   O peration     | Version:     4.1                                |
|   \\  /    A nd           | Web:         http://www.foam-extend.org         |
|    \\/     M anipulation  |                                                 |
\*---------------------------------------------------------------------------*/
FoamFile
{
    version     2.0;
    format      ascii;
    class       volVectorField;
    location    "1.16000000077119e-05";
    object      term3;
}
// * * * * * * * * * * * * * * * * * * * * * * * * * * * * * * * * * * * * * //

dimensions      [0 -2 -2 0 0 0 0];

internalField   nonuniform List<vector> 
500
(
(-7.56869704741678e+26 -0 -0)
(-7.51366984326309e+26 -0 -0)
(-7.45421592518439e+26 -0 -0)
(-7.38528351483814e+26 -0 -0)
(-7.32663476004921e+26 -0 -0)
(-7.25604141759465e+26 -0 -0)
(-7.19639902017167e+26 -0 -0)
(-7.12448056262609e+26 -0 -0)
(-7.06338740046477e+26 -0 -0)
(-6.99017613474266e+26 -0 -0)
(-6.92762760109691e+26 -0 -0)
(-6.8533765066873e+26 -0 -0)
(-6.7893612000639e+26 -0 -0)
(-6.71388694571605e+26 -0 -0)
(-6.64830131287748e+26 -0 -0)
(-6.57162712237958e+26 -0 -0)
(-6.50464139717976e+26 -0 -0)
(-6.42676534672828e+26 -0 -0)
(-6.35821729712137e+26 -0 -0)
(-6.27907103596108e+26 -0 -0)
(-6.20905853810688e+26 -0 -0)
(-6.1287570497859e+26 -0 -0)
(-6.05720505956571e+26 -0 -0)
(-5.97563295177838e+26 -0 -0)
(-5.90257913307415e+26 -0 -0)
(-5.81985332592652e+26 -0 -0)
(-5.74534066924756e+26 -0 -0)
(-5.66140757373845e+26 -0 -0)
(-5.58541900427379e+26 -0 -0)
(-5.50031357990581e+26 -0 -0)
(-5.42278098007776e+26 -0 -0)
(-5.3363359126879e+26 -0 -0)
(-5.25716920860563e+26 -0 -0)
(-5.16945918469401e+26 -0 -0)
(-5.08875870450143e+26 -0 -0)
(-4.99985454834107e+26 -0 -0)
(-4.91772326150191e+26 -0 -0)
(-4.82771106102543e+26 -0 -0)
(-4.74413797835392e+26 -0 -0)
(-4.65296572189323e+26 -0 -0)
(-4.56788366683007e+26 -0 -0)
(-4.47547518039402e+26 -0 -0)
(-4.38880206336408e+26 -0 -0)
(-4.29507069715697e+26 -0 -0)
(-4.2067255639549e+26 -0 -0)
(-4.11160808113985e+26 -0 -0)
(-4.02154380168532e+26 -0 -0)
(-3.92502010876616e+26 -0 -0)
(-3.83325216548468e+26 -0 -0)
(-3.73538762342259e+26 -0 -0)
(-3.64202316891665e+26 -0 -0)
(-3.54296302012774e+26 -0 -0)
(-3.44819452698437e+26 -0 -0)
(-3.34818965127667e+26 -0 -0)
(-3.2523361356872e+26 -0 -0)
(-3.15177293628939e+26 -0 -0)
(-3.05528570985205e+26 -0 -0)
(-2.95466773719878e+26 -0 -0)
(-2.85810369643466e+26 -0 -0)
(-2.75803341776267e+26 -0 -0)
(-2.66205057990641e+26 -0 -0)
(-2.56322107616794e+26 -0 -0)
(-2.46853916271258e+26 -0 -0)
(-2.37165606214075e+26 -0 -0)
(-2.27897789908366e+26 -0 -0)
(-2.18474627414586e+26 -0 -0)
(-2.09483063165362e+26 -0 -0)
(-2.00404427000189e+26 -0 -0)
(-1.91773421972005e+26 -0 -0)
(-1.83120560093589e+26 -0 -0)
(-1.74923056558624e+26 -0 -0)
(-1.66758476279117e+26 -0 -0)
(-1.59055814731956e+26 -0 -0)
(-1.51436427887129e+26 -0 -0)
(-1.44283280752229e+26 -0 -0)
(-1.37257344763992e+26 -0 -0)
(-1.30697989062106e+26 -0 -0)
(-1.24301467146894e+26 -0 -0)
(-1.18367337804572e+26 -0 -0)
(-1.1262351072137e+26 -0 -0)
(-1.07333853374405e+26 -0 -0)
(-1.02254164537712e+26 -0 -0)
(-9.76163694278061e+25 -0 -0)
(-9.32004111555699e+25 -0 -0)
(-8.92099121143603e+25 -0 -0)
(-8.54456830691057e+25 -0 -0)
(-8.20881114627427e+25 -0 -0)
(-7.89586560696154e+25 -0 -0)
(-7.6221456988101e+25 -0 -0)
(-7.37171487112157e+25 -0 -0)
(-7.15917333919973e+25 -0 -0)
(-6.96950482640051e+25 -0 -0)
(-6.81602430813918e+25 -0 -0)
(-6.68487595919433e+25 -0 -0)
(-6.5883337076903e+25 -0 -0)
(-6.51343783288691e+25 -0 -0)
(-6.47172281537054e+25 -0 -0)
(-6.45088913028855e+25 -0 -0)
(-6.46192760973289e+25 -0 -0)
(-6.49305013930068e+25 -0 -0)
(-6.55508890881441e+25 -0 -0)
(-6.63699416954786e+25 -0 -0)
(-6.74991722318783e+25 -0 -0)
(-6.882666387592e+25 -0 -0)
(-7.04542488426566e+25 -0 -0)
(-7.22669641380811e+25 -0 -0)
(-7.43665976178604e+25 -0 -0)
(-7.66346758947969e+25 -0 -0)
(-7.91721521188469e+25 -0 -0)
(-8.18598287447787e+25 -0 -0)
(-8.48058990993583e+25 -0 -0)
(-8.7887620144689e+25 -0 -0)
(-9.11965357015283e+25 -0 -0)
(-9.4590452849045e+25 -0 -0)
(-9.81619772790821e+25 -0 -0)
(-1.01769957467018e+26 -0 -0)
(-1.05518851072511e+26 -0 -0)
(-1.09253951032819e+26 -0 -0)
(-1.13050487331361e+26 -0 -0)
(-1.16745260328852e+26 -0 -0)
(-1.20435216407973e+26 -0 -0)
(-1.23960828062025e+26 -0 -0)
(-1.27391365960947e+26 -0 -0)
(-1.30558904725773e+26 -0 -0)
(-1.33569220869664e+26 -0 -0)
(-1.36253869474972e+26 -0 -0)
(-1.3869673371294e+26 -0 -0)
(-1.40766568444076e+26 -0 -0)
(-1.42566922752533e+26 -0 -0)
(-1.43960713273432e+26 -0 -0)
(-1.45082760050842e+26 -0 -0)
(-1.45817169471693e+26 -0 -0)
(-1.46289293704245e+26 -0 -0)
(-1.464170004637e+26 -0 -0)
(-1.46323021111589e+26 -0 -0)
(-1.45917240231293e+26 -0 -0)
(-1.45336480530968e+26 -0 -0)
(-1.44476997661591e+26 -0 -0)
(-1.43452295697783e+26 -0 -0)
(-1.42181811639133e+26 -0 -0)
(-1.40769850976466e+26 -0 -0)
(-1.39154634256964e+26 -0 -0)
(-1.37478456977188e+26 -0 -0)
(-1.35679533904416e+26 -0 -0)
(-1.33867948012526e+26 -0 -0)
(-1.31991717209936e+26 -0 -0)
(-1.30160015606948e+26 -0 -0)
(-1.28287558195606e+26 -0 -0)
(-1.26433883294279e+26 -0 -0)
(-1.24510669923336e+26 -0 -0)
(-1.22596644371662e+26 -0 -0)
(-1.20647439506212e+26 -0 -0)
(-1.18764115571474e+26 -0 -0)
(-1.16881080307289e+26 -0 -0)
(-1.15059412855415e+26 -0 -0)
(-1.13230516380877e+26 -0 -0)
(-1.11456054213279e+26 -0 -0)
(-1.09680185981172e+26 -0 -0)
(-1.07970262405767e+26 -0 -0)
(-1.06271980728025e+26 -0 -0)
(-1.04636356867052e+26 -0 -0)
(-1.03002652198034e+26 -0 -0)
(-1.01420652162045e+26 -0 -0)
(-9.98348397932788e+25 -0 -0)
(-9.82940812670917e+25 -0 -0)
(-9.67475165779709e+25 -0 -0)
(-9.52422934545461e+25 -0 -0)
(-9.37301645063003e+25 -0 -0)
(-9.22564326960544e+25 -0 -0)
(-9.07755620546241e+25 -0 -0)
(-8.93304627644705e+25 -0 -0)
(-8.78769269906815e+25 -0 -0)
(-8.64564637995356e+25 -0 -0)
(-8.50304381078017e+25 -0 -0)
(-8.36402997911702e+25 -0 -0)
(-8.2242916474617e+25 -0 -0)
(-8.08705115905192e+25 -0 -0)
(-7.94850028117646e+25 -0 -0)
(-7.81222548275757e+25 -0 -0)
(-7.67466079894683e+25 -0 -0)
(-7.53922457154031e+25 -0 -0)
(-7.40251932427831e+25 -0 -0)
(-7.26780084915835e+25 -0 -0)
(-7.13183528870075e+25 -0 -0)
(-6.99772225283333e+25 -0 -0)
(-6.8623862160529e+25 -0 -0)
(-6.72877632925196e+25 -0 -0)
(-6.59397041027505e+25 -0 -0)
(-6.46077215030091e+25 -0 -0)
(-6.32640796626987e+25 -0 -0)
(-6.19354063440571e+25 -0 -0)
(-6.05954065465726e+25 -0 -0)
(-5.92693391418983e+25 -0 -0)
(-5.79323111373472e+25 -0 -0)
(-5.66082483036199e+25 -0 -0)
(-5.52736123502281e+25 -0 -0)
(-5.39510328711127e+25 -0 -0)
(-5.26182967882645e+25 -0 -0)
(-5.12967676486921e+25 -0 -0)
(-4.99655218060539e+25 -0 -0)
(-4.8644686325588e+25 -0 -0)
(-4.73145958379104e+25 -0 -0)
(-4.59941671007346e+25 -0 -0)
(-4.46649633847023e+25 -0 -0)
(-4.33447179487206e+25 -0 -0)
(-4.2016195458887e+25 -0 -0)
(-4.06959681502794e+25 -0 -0)
(-3.93679809311446e+25 -0 -0)
(-3.80476672711763e+25 -0 -0)
(-3.67201255149226e+25 -0 -0)
(-3.53996651113154e+25 -0 -0)
(-3.40725111695895e+25 -0 -0)
(-3.27518630764849e+25 -0 -0)
(-3.14250610895954e+25 -0 -0)
(-3.01042120800643e+25 -0 -0)
(-2.87777612136813e+25 -0 -0)
(-2.74567309449007e+25 -0 -0)
(-2.61306657701365e+25 -0 -0)
(-2.48095049473934e+25 -0 -0)
(-2.34838932087847e+25 -0 -0)
(-2.21626811847014e+25 -0 -0)
(-2.08376191312636e+25 -0 -0)
(-1.95164609690554e+25 -0 -0)
(-1.81920709150531e+25 -0 -0)
(-1.68710949910455e+25 -0 -0)
(-1.55475183691218e+25 -0 -0)
(-1.4226873900471e+25 -0 -0)
(-1.29042707320861e+25 -0 -0)
(-1.158412361525e+25 -0 -0)
(-1.02626711930028e+25 -0 -0)
(-8.94319970728685e+24 -0 -0)
(-7.62309469939869e+24 -0 -0)
(-6.30449431718842e+24 -0 -0)
(-4.98593728952282e+24 -0 -0)
(-3.66838250483457e+24 -0 -0)
(-2.35147726452953e+24 -0 -0)
(-1.03466368002023e+24 -0 -0)
(2.8440293662454e+23 -0 -0)
(1.59283613160145e+24 -0 -0)
(2.90012439259686e+24 -0 -0)
(4.20719634172518e+24 -0 -0)
(5.51311348635976e+24 -0 -0)
(6.81975068921623e+24 -0 -0)
(8.12516837499177e+24 -0 -0)
(9.43211127382824e+24 -0 -0)
(1.07376178010749e+25 -0 -0)
(1.20453065334116e+25 -0 -0)
(1.33511198017911e+25 -0 -0)
(1.46626618371931e+25 -0 -0)
(1.59695438270496e+25 -0 -0)
(1.72778332475384e+25 -0 -0)
(1.85894921073981e+25 -0 -0)
(1.99004188015491e+25 -0 -0)
(2.12144101234088e+25 -0 -0)
(2.25255881098015e+25 -0 -0)
(2.38420590879411e+25 -0 -0)
(2.51557632772133e+25 -0 -0)
(2.64752376707841e+25 -0 -0)
(2.7791802276273e+25 -0 -0)
(2.91148303595177e+25 -0 -0)
(3.04348435966751e+25 -0 -0)
(3.17620617796882e+25 -0 -0)
(3.3087183405556e+25 -0 -0)
(3.44327233451606e+25 -0 -0)
(3.57703297884964e+25 -0 -0)
(3.7117002816361e+25 -0 -0)
(3.84585935471784e+25 -0 -0)
(3.9810273346678e+25 -0 -0)
(4.11566824598743e+25 -0 -0)
(4.2513355670595e+25 -0 -0)
(4.3864405480698e+25 -0 -0)
(4.52259312765166e+25 -0 -0)
(4.65814121621764e+25 -0 -0)
(4.79476656326879e+25 -0 -0)
(4.93073848027031e+25 -0 -0)
(5.06782533671055e+25 -0 -0)
(5.20420421558056e+25 -0 -0)
(5.34174298012229e+25 -0 -0)
(5.47851527735938e+25 -0 -0)
(5.61649813708312e+25 -0 -0)
(5.75365446210655e+25 -0 -0)
(5.89207552464242e+25 -0 -0)
(6.02960734120136e+25 -0 -0)
(6.16845706105092e+25 -0 -0)
(6.30635253770201e+25 -0 -0)
(6.44562145896164e+25 -0 -0)
(6.58387249985317e+25 -0 -0)
(6.72355550883489e+25 -0 -0)
(6.86215809736827e+25 -0 -0)
(7.00225412858776e+25 -0 -0)
(7.1412081896577e+25 -0 -0)
(7.28172029813238e+25 -0 -0)
(7.42102970931877e+25 -0 -0)
(7.56196526732754e+25 -0 -0)
(7.70163845344624e+25 -0 -0)
(7.84300972863416e+25 -0 -0)
(7.9830594966669e+25 -0 -0)
(8.12488302082584e+25 -0 -0)
(8.2653266880014e+25 -0 -0)
(8.40762390831155e+25 -0 -0)
(8.54848383585171e+25 -0 -0)
(8.69128160821716e+25 -0 -0)
(8.83258539559875e+25 -0 -0)
(8.97591608491313e+25 -0 -0)
(9.11769768935917e+25 -0 -0)
(9.26160321008801e+25 -0 -0)
(9.40391189411754e+25 -0 -0)
(9.54845434735367e+25 -0 -0)
(9.6913574530362e+25 -0 -0)
(9.83661050123375e+25 -0 -0)
(9.98018285031599e+25 -0 -0)
(1.01262290646963e+26 -0 -0)
(1.02705564304845e+26 -0 -0)
(1.04174903594104e+26 -0 -0)
(1.05626710001575e+26 -0 -0)
(1.07106010428567e+26 -0 -0)
(1.08567478681588e+26 -0 -0)
(1.10057982315055e+26 -0 -0)
(1.11530406420809e+26 -0 -0)
(1.130335320234e+26 -0 -0)
(1.14518388581292e+26 -0 -0)
(1.16035748282809e+26 -0 -0)
(1.17534710316093e+26 -0 -0)
(1.19068132831032e+26 -0 -0)
(1.20583164717201e+26 -0 -0)
(1.22134957157103e+26 -0 -0)
(1.2367347483143e+26 -0 -0)
(1.25259601405419e+26 -0 -0)
(1.2683425379233e+26 -0 -0)
(1.28454663146046e+26 -0 -0)
(1.30061260555344e+26 -0 -0)
(1.31717170141424e+26 -0 -0)
(1.33360898340183e+26 -0 -0)
(1.3505737855443e+26 -0 -0)
(1.36742309782451e+26 -0 -0)
(1.38483950685322e+26 -0 -0)
(1.40215756904973e+26 -0 -0)
(1.42009258549693e+26 -0 -0)
(1.43795598655486e+26 -0 -0)
(1.45651658334997e+26 -0 -0)
(1.47507992144317e+26 -0 -0)
(1.49448837778737e+26 -0 -0)
(1.51402014927812e+26 -0 -0)
(1.53442865219968e+26 -0 -0)
(1.55481815630337e+26 -0 -0)
(1.57598996710288e+26 -0 -0)
(1.59711327746025e+26 -0 -0)
(1.61912060768658e+26 -0 -0)
(1.64118215310211e+26 -0 -0)
(1.66427212208961e+26 -0 -0)
(1.68715008182023e+26 -0 -0)
(1.71049564289857e+26 -0 -0)
(1.73326428843837e+26 -0 -0)
(1.75664733856226e+26 -0 -0)
(1.77985397875131e+26 -0 -0)
(1.80410646197322e+26 -0 -0)
(1.82801521245018e+26 -0 -0)
(1.85235709383655e+26 -0 -0)
(1.875833060523e+26 -0 -0)
(1.89951656793682e+26 -0 -0)
(1.92161116891712e+26 -0 -0)
(1.94306069251086e+26 -0 -0)
(1.96272866927511e+26 -0 -0)
(1.9818635989828e+26 -0 -0)
(1.99890114777283e+26 -0 -0)
(2.01548090816844e+26 -0 -0)
(2.02992311628099e+26 -0 -0)
(2.04348200029394e+26 -0 -0)
(2.05472795419919e+26 -0 -0)
(2.06502391743525e+26 -0 -0)
(2.07256693442018e+26 -0 -0)
(2.0792889417567e+26 -0 -0)
(2.08338594801945e+26 -0 -0)
(2.08672964412634e+26 -0 -0)
(2.08798502455429e+26 -0 -0)
(2.08927021001004e+26 -0 -0)
(2.0889677131602e+26 -0 -0)
(2.08974736223714e+26 -0 -0)
(2.09004061472542e+26 -0 -0)
(2.09232068439697e+26 -0 -0)
(2.09510578167259e+26 -0 -0)
(2.10124928812356e+26 -0 -0)
(2.10895042714328e+26 -0 -0)
(2.12099191257304e+26 -0 -0)
(2.13548767820387e+26 -0 -0)
(2.15554864178184e+26 -0 -0)
(2.17899099121651e+26 -0 -0)
(2.20880927830254e+26 -0 -0)
(2.24254877468553e+26 -0 -0)
(2.28339194097133e+26 -0 -0)
(2.32867602819722e+26 -0 -0)
(2.38179681218857e+26 -0 -0)
(2.43955070226856e+26 -0 -0)
(2.50541976107093e+26 -0 -0)
(2.57577425134245e+26 -0 -0)
(2.65432102885027e+26 -0 -0)
(2.73694218872622e+26 -0 -0)
(2.8277218322281e+26 -0 -0)
(2.92209581053882e+26 -0 -0)
(3.02457104391679e+26 -0 -0)
(3.12985682275484e+26 -0 -0)
(3.24270290583212e+26 -0 -0)
(3.35718446308192e+26 -0 -0)
(3.47861902607791e+26 -0 -0)
(3.60041342655683e+26 -0 -0)
(3.72843543239104e+26 -0 -0)
(3.85540314705128e+26 -0 -0)
(3.98790034354785e+26 -0 -0)
(4.11801956332552e+26 -0 -0)
(4.25312966898987e+26 -0 -0)
(4.38462807932114e+26 -0 -0)
(4.52066842784653e+26 -0 -0)
(4.65196400248906e+26 -0 -0)
(4.78743413473177e+26 -0 -0)
(4.91692229007943e+26 -0 -0)
(5.05019639449866e+26 -0 -0)
(5.17646747772394e+26 -0 -0)
(5.30645151287494e+26 -0 -0)
(5.42865426900837e+26 -0 -0)
(5.55464572314592e+26 -0 -0)
(5.67217398174511e+26 -0 -0)
(5.79368662627095e+26 -0 -0)
(5.90625583314896e+26 -0 -0)
(6.02325337719981e+26 -0 -0)
(6.13105707597746e+26 -0 -0)
(6.24386586640124e+26 -0 -0)
(6.34727784339272e+26 -0 -0)
(6.45624945373208e+26 -0 -0)
(6.55559627411569e+26 -0 -0)
(6.66103337825913e+26 -0 -0)
(6.7566248275927e+26 -0 -0)
(6.85885133852718e+26 -0 -0)
(6.95103807371194e+26 -0 -0)
(7.05044265651827e+26 -0 -0)
(7.139589661512e+26 -0 -0)
(7.23632630036085e+26 -0 -0)
(7.32241693828996e+26 -0 -0)
(7.41648501254801e+26 -0 -0)
(7.49960771385299e+26 -0 -0)
(7.5911366072794e+26 -0 -0)
(7.67147325474085e+26 -0 -0)
(7.76070625890185e+26 -0 -0)
(7.83853616748817e+26 -0 -0)
(7.92571335416566e+26 -0 -0)
(8.001217696758e+26 -0 -0)
(8.08648872352283e+26 -0 -0)
(8.15985868648979e+26 -0 -0)
(8.24348384291921e+26 -0 -0)
(8.31503678029405e+26 -0 -0)
(8.39733054100201e+26 -0 -0)
(8.46733769725516e+26 -0 -0)
(8.548505169986e+26 -0 -0)
(8.61713149903121e+26 -0 -0)
(8.69731116069788e+26 -0 -0)
(8.76470607240879e+26 -0 -0)
(8.84405479948768e+26 -0 -0)
(8.91034787643528e+26 -0 -0)
(8.98895801583263e+26 -0 -0)
(9.05423021910424e+26 -0 -0)
(9.13217470431708e+26 -0 -0)
(9.19651539399986e+26 -0 -0)
(9.27389880423125e+26 -0 -0)
(9.33741854230559e+26 -0 -0)
(9.41431883716089e+26 -0 -0)
(9.477020923181e+26 -0 -0)
(9.55338801372646e+26 -0 -0)
(9.61531221551438e+26 -0 -0)
(9.69124732504114e+26 -0 -0)
(9.75229050397585e+26 -0 -0)
(9.82749106661852e+26 -0 -0)
(9.88750981347609e+26 -0 -0)
(9.96202110188335e+26 -0 -0)
(1.00209496342528e+27 -0 -0)
(1.00945789897541e+27 -0 -0)
(1.01523911232602e+27 -0 -0)
(1.02252717984013e+27 -0 -0)
(1.02819208472475e+27 -0 -0)
(1.03538000818502e+27 -0 -0)
(1.04092104333055e+27 -0 -0)
(1.04802173473299e+27 -0 -0)
(1.0534404360592e+27 -0 -0)
(1.06041870169719e+27 -0 -0)
(1.06568281315637e+27 -0 -0)
(1.07256275928282e+27 -0 -0)
(1.07771097524454e+27 -0 -0)
(1.08449504952733e+27 -0 -0)
(1.08949812486318e+27 -0 -0)
(1.09617881760774e+27 -0 -0)
(1.10107258257991e+27 -0 -0)
(1.10766116128625e+27 -0 -0)
(1.11243078757248e+27 -0 -0)
(1.11889506039208e+27 -0 -0)
(1.12352448847309e+27 -0 -0)
(1.12990573818354e+27 -0 -0)
(1.13440869934095e+27 -0 -0)
(1.14070738370579e+27 -0 -0)
(1.14508790884975e+27 -0 -0)
(1.15121728205796e+27 -0 -0)
(1.15580325373169e+27 -0 -0)
(1.15978406526248e+27 -0 -0)
)
;

boundaryField
{
    electrode
    {
        type            calculated;
        value           uniform (-7.60980144354704e+26 -0 -0);
    }
    ground
    {
        type            calculated;
        value           uniform (1.16389453069641e+27 -0 -0);
    }
    otherfaces
    {
        type            empty;
    }
}


// ************************************************************************* //
