/*--------------------------------*- C++ -*----------------------------------*\
| =========                 |                                                 |
| \\      /  F ield         | foam-extend: Open Source CFD                    |
|  \\    /   O peration     | Version:     4.1                                |
|   \\  /    A nd           | Web:         http://www.foam-extend.org         |
|    \\/     M anipulation  |                                                 |
\*---------------------------------------------------------------------------*/
FoamFile
{
    version     2.0;
    format      ascii;
    class       volScalarField;
    location    "1.50099999934947e-05";
    object      Arp1Mean;
}
// * * * * * * * * * * * * * * * * * * * * * * * * * * * * * * * * * * * * * //

dimensions      [0 -3 0 0 0 0 0];

internalField   nonuniform List<scalar> 
500
(
1.80004257943649e+17
1.8280955945593e+17
1.83837325646375e+17
1.8560581466734e+17
1.86916955590836e+17
1.88600489900407e+17
1.90043546309504e+17
1.9171163587743e+17
1.93281988210168e+17
1.94992789322607e+17
1.96705660720389e+17
1.98546058194553e+17
2.00437268814364e+17
2.02441881846163e+17
2.0452656949431e+17
2.06694745380504e+17
2.08907823136923e+17
2.1119395668323e+17
2.13558619683755e+17
2.16016761333685e+17
2.18573455067651e+17
2.2123534502412e+17
2.24003528274165e+17
2.26861696948697e+17
2.29761536778525e+17
2.32751898038696e+17
2.35885004142685e+17
2.39159479363082e+17
2.42594958487539e+17
2.46196287820528e+17
2.49971211426479e+17
2.53881406327657e+17
2.57908635825133e+17
2.62061160377417e+17
2.662950951663e+17
2.70634264175395e+17
2.75187020251165e+17
2.79981414104021e+17
2.84969511478879e+17
2.90134899468433e+17
2.95484438667466e+17
3.01003179954127e+17
3.06626999713767e+17
3.12381232163233e+17
3.18375790301558e+17
3.24608362211846e+17
3.31045660542945e+17
3.37678377405527e+17
3.44448382048342e+17
3.51307440758044e+17
3.58345252439549e+17
3.65644674315103e+17
3.73191590596794e+17
3.8092783904255e+17
3.88732433147231e+17
3.96600101933041e+17
4.0464092583657e+17
4.12895952917071e+17
4.21343792113405e+17
4.29911518315006e+17
4.38531067185037e+17
4.47267015678253e+17
4.56179888940348e+17
4.65238933508549e+17
4.74397365587772e+17
4.83562357873e+17
4.92741065501222e+17
5.02023603685566e+17
5.11430271737982e+17
5.20946421723375e+17
5.30516334497848e+17
5.40078668768446e+17
5.49650688646572e+17
5.59275838694128e+17
5.68961816302734e+17
5.78702999027892e+17
5.88477934697178e+17
5.98231330210661e+17
6.0793832170791e+17
6.17632095081816e+17
6.2733578469013e+17
6.37054560267855e+17
6.4678683458317e+17
6.5652945732468e+17
6.66277309218814e+17
6.76017886943842e+17
6.85728665133468e+17
6.95402318230399e+17
7.05049476952376e+17
7.14675334319103e+17
7.24280470309472e+17
7.33863352241601e+17
7.43421261076825e+17
7.52950400800241e+17
7.62447949197044e+17
7.7191625009512e+17
7.81358327319234e+17
7.90773478556603e+17
8.00160479166379e+17
8.09518750438905e+17
8.18847165561141e+17
8.2814373912674e+17
8.37406785512311e+17
8.46634954294838e+17
8.5582710998207e+17
8.64982270723478e+17
8.74099567350971e+17
8.83178206914539e+17
8.92217456675597e+17
9.01216628651596e+17
9.10175050398982e+17
9.19092027393906e+17
9.27966816754494e+17
9.36798635769873e+17
9.4558678831297e+17
9.54331578745813e+17
9.63035344530719e+17
9.71698991211351e+17
9.80320783178624e+17
9.88899218136183e+17
9.97433262833562e+17
1.00592214569999e+18
1.01436522422672e+18
1.02276192591811e+18
1.0311117242653e+18
1.0394141217986e+18
1.04766864038059e+18
1.05587481937056e+18
1.06403221089497e+18
1.07214037694247e+18
1.0801988899786e+18
1.08820732952703e+18
1.09616527988563e+18
1.10407233120496e+18
1.11192807742066e+18
1.11973211540887e+18
1.12748404635769e+18
1.13518347439798e+18
1.14283000630741e+18
1.15042325151597e+18
1.15796282117155e+18
1.16544832773142e+18
1.17287938426177e+18
1.18025560363115e+18
1.18757659861678e+18
1.19484198330957e+18
1.2020513753331e+18
1.20920439793162e+18
1.21630068027018e+18
1.22333985639444e+18
1.23032156434834e+18
1.23724544572815e+18
1.24411114395181e+18
1.25091830389544e+18
1.25766657350725e+18
1.26435560381528e+18
1.27098504848658e+18
1.27755456369656e+18
1.28406380813207e+18
1.2905124430188e+18
1.29690013217319e+18
1.3032265420619e+18
1.30949134185812e+18
1.31569420351197e+18
1.32183480179771e+18
1.32791281438731e+18
1.33392792191559e+18
1.33987980803408e+18
1.34576815947542e+18
1.35159266612869e+18
1.35735302108416e+18
1.36304892070641e+18
1.36868006469168e+18
1.37424615612898e+18
1.37974690156542e+18
1.38518201106344e+18
1.39055119825221e+18
1.3958541803999e+18
1.40109067846389e+18
1.40626041715288e+18
1.41136312497578e+18
1.41639853430574e+18
1.4213663814302e+18
1.42626640660433e+18
1.43109835410549e+18
1.43586197228195e+18
1.44055701361609e+18
1.44518323475447e+18
1.44974039657818e+18
1.45422826423911e+18
1.45864660720654e+18
1.46299519931896e+18
1.46727381883042e+18
1.4714822484442e+18
1.47562027537029e+18
1.47968769135928e+18
1.4836842927446e+18
1.48760988048525e+18
1.49146426020385e+18
1.49524724222313e+18
1.49895864161212e+18
1.50259827821986e+18
1.50616597669751e+18
1.50966156654379e+18
1.51308488214144e+18
1.51643576278286e+18
1.51971405270866e+18
1.5229196011407e+18
1.52605226230139e+18
1.52911189543961e+18
1.53209836487579e+18
1.5350115400513e+18
1.53785129556514e+18
1.54061751125741e+18
1.54331007236102e+18
1.54592886945659e+18
1.54847379827985e+18
1.55094476084238e+18
1.55334166562768e+18
1.55566442701162e+18
1.55791296505665e+18
1.56008720588524e+18
1.56218708223568e+18
1.56421253434305e+18
1.56616351527002e+18
1.56804000836623e+18
1.56984206170909e+18
1.57156919416399e+18
1.57322180359811e+18
1.57480025254293e+18
1.57630401687783e+18
1.57773303294092e+18
1.57908723844752e+18
1.58036657048459e+18
1.58157096923533e+18
1.58270037868964e+18
1.58375474659455e+18
1.58473402430239e+18
1.58563816667905e+18
1.58646713208729e+18
1.58722088233595e+18
1.58789938266457e+18
1.58850260175932e+18
1.58903051178178e+18
1.58948308848455e+18
1.58986031177782e+18
1.59016216884842e+18
1.59038867249289e+18
1.59053992995589e+18
1.59061502610491e+18
1.59061527953982e+18
1.59054069608343e+18
1.5903899550732e+18
1.59016396177673e+18
1.58986261598996e+18
1.5894859038448e+18
1.58903383786789e+18
1.58850643802337e+18
1.58790372846232e+18
1.58722573693664e+18
1.5864724946735e+18
1.58564403634878e+18
1.58474040006496e+18
1.5837616273812e+18
1.58270776334127e+18
1.58157885650816e+18
1.58037495904781e+18
1.57909612688382e+18
1.57774241975131e+18
1.57631390049657e+18
1.57481063142769e+18
1.57323267652053e+18
1.57158055590488e+18
1.56985391172004e+18
1.56805234862171e+18
1.56617634245807e+18
1.56422584648107e+18
1.56220087736749e+18
1.56010148194412e+18
1.55792771985547e+18
1.55567965826503e+18
1.55335737096143e+18
1.55096093776469e+18
1.54849044419054e+18
1.54594598170489e+18
1.54332764819869e+18
1.54063554780236e+18
1.53786978985202e+18
1.5350304890216e+18
1.53211776537657e+18
1.52913174422078e+18
1.52607255602211e+18
1.52294033637082e+18
1.51973522592995e+18
1.51645737038788e+18
1.51310692043206e+18
1.50968403173871e+18
1.50618886492645e+18
1.50262158552996e+18
1.49898236396399e+18
1.49527137549389e+18
1.49148880019052e+18
1.48763482290368e+18
1.48370963322472e+18
1.47971342545334e+18
1.47564639855501e+18
1.47150875611395e+18
1.46730070630472e+18
1.46302246184157e+18
1.45867423994351e+18
1.45425626228379e+18
1.44976875495251e+18
1.44521194840757e+18
1.44058607742529e+18
1.43589138105617e+18
1.43112810258202e+18
1.42629648945827e+18
1.42139679326662e+18
1.41642926966231e+18
1.41139417832878e+18
1.40629178291781e+18
1.40112235099437e+18
1.39588615398572e+18
1.39058346712609e+18
1.38521456940109e+18
1.37977974348735e+18
1.37427927569444e+18
1.3687134559103e+18
1.36308257753896e+18
1.35738693743351e+18
1.35162683584926e+18
1.34580257637207e+18
1.33991446586501e+18
1.3339628143961e+18
1.32794793518303e+18
1.32187014453136e+18
1.31572976176783e+18
1.30952710917709e+18
1.30326251194105e+18
1.29693629808009e+18
1.29054879837968e+18
1.28410034633827e+18
1.27759127810683e+18
1.27102193242205e+18
1.26439265056488e+18
1.25770377632411e+18
1.25095565598511e+18
1.24414863843944e+18
1.23728307556939e+18
1.23035932256721e+18
1.22337773626895e+18
1.21633867505714e+18
1.20924250077783e+18
1.20208957933969e+18
1.19488028154593e+18
1.18761498411249e+18
1.18029406938957e+18
1.17291792326037e+18
1.16548693293459e+18
1.15800148554317e+18
1.15046196802041e+18
1.14286876791135e+18
1.1352222740664e+18
1.12752287705504e+18
1.11977097009966e+18
1.11196694905967e+18
1.10411121272701e+18
1.09620416418477e+18
1.08824620954652e+18
1.08023775871726e+18
1.07217922737712e+18
1.06407103599517e+18
1.05591361209485e+18
1.0477073936834e+18
1.03945282863634e+18
1.03115037757273e+18
1.02280051861413e+18
1.01440374921399e+18
1.00596059583829e+18
9.97471630911449e+17
9.88937496840913e+17
9.80358964994163e+17
9.71737068260175e+17
9.63073308714571e+17
9.54369423480124e+17
9.45624511211986e+17
9.36836233633172e+17
9.28004282567997e+17
9.19129353787131e+17
9.10212230049114e+17
9.01253654362397e+17
8.92254321374964e+17
8.83214903649116e+17
8.74136089258337e+17
8.65018611100054e+17
8.55863262849953e+17
8.46670913593144e+17
8.374425441762e+17
8.28179289722477e+17
8.18882500485059e+17
8.09553861779398e+17
8.0019535937787e+17
7.90808121412369e+17
7.81392726635416e+17
7.71950399387854e+17
7.62481844662128e+17
7.52984039837831e+17
7.43454636664872e+17
7.33896454726877e+17
7.24313291222035e+17
7.14707866193183e+17
7.0508171367375e+17
6.954342563558e+17
6.85760306836497e+17
6.76049230779091e+17
6.66308334124829e+17
6.56560140014378e+17
6.46817164005765e+17
6.37084528537796e+17
6.2736538548322e+17
6.17661325195597e+17
6.07967186140147e+17
5.98259853256599e+17
5.88506109979364e+17
5.7873078030856e+17
5.68989174395907e+17
5.59302762319867e+17
5.49677176639918e+17
5.40104734126126e+17
5.30542013136097e+17
5.20971694085003e+17
5.11455080247318e+17
5.02047931400272e+17
4.9276491388326e+17
4.83585763127731e+17
4.7442035934851e+17
4.65261477319796e+17
4.56201934482452e+17
4.47288552100429e+17
4.38552108621702e+17
4.29932126205332e+17
4.21363966976452e+17
4.1291563786491e+17
4.04660108998743e+17
3.96618787274142e+17
3.88750676248103e+17
3.80945663587872e+17
3.73208953958548e+17
3.65661562248752e+17
3.58361672086291e+17
3.51323408245402e+17
3.44463949506473e+17
3.37693560087619e+17
3.31060427533655e+17
3.24622709278503e+17
3.18389727235274e+17
3.12394773694522e+17
3.06640184868395e+17
3.01016035762453e+17
2.95496954976039e+17
2.90147077521883e+17
2.84981356779577e+17
2.79992937640039e+17
2.7519824258427e+17
2.70645207448904e+17
2.66305773415957e+17
2.62071577340465e+17
2.57918797367237e+17
2.53891315147803e+17
2.49980875558504e+17
2.46205729916281e+17
2.42604196558837e+17
2.39168524142314e+17
2.35893865384202e+17
2.32760583954986e+17
2.29770054360778e+17
2.26870035001831e+17
2.24011694119399e+17
2.21243363742751e+17
2.18581334953711e+17
2.16024506881922e+17
2.13566236661076e+17
2.11201441373135e+17
2.08915182361616e+17
2.06701969909132e+17
2.04533666422501e+17
2.02448893540895e+17
2.00444198881034e+17
1.98552915145155e+17
1.96712443634147e+17
1.94999508433069e+17
1.93288629909747e+17
1.91718196839367e+17
1.900500145908e+17
1.8860687848698e+17
1.86923227896921e+17
1.85611997354729e+17
1.83843434866888e+17
1.82815630666459e+17
1.80010211896474e+17
)
;

boundaryField
{
    electrode
    {
        type            calculated;
        value           uniform 1.80004257943649e+17;
    }
    ground
    {
        type            calculated;
        value           uniform 1.80010211896474e+17;
    }
    otherfaces
    {
        type            empty;
    }
}


// ************************************************************************* //
