/*--------------------------------*- C++ -*----------------------------------*\
| =========                 |                                                 |
| \\      /  F ield         | foam-extend: Open Source CFD                    |
|  \\    /   O peration     | Version:     4.1                                |
|   \\  /    A nd           | Web:         http://www.foam-extend.org         |
|    \\/     M anipulation  |                                                 |
\*---------------------------------------------------------------------------*/
FoamFile
{
    version     2.0;
    format      ascii;
    class       volScalarField;
    location    "1.50099999934947e-05";
    object      eDensity;
}
// * * * * * * * * * * * * * * * * * * * * * * * * * * * * * * * * * * * * * //

dimensions      [1 -1 -2 0 0 0 0];

internalField   nonuniform List<scalar> 
500
(
9.64724935726554e-06
1.3287508779908e-05
1.81390093698267e-05
2.45582737395748e-05
3.2998436075453e-05
4.40316894127428e-05
5.83772124018018e-05
7.69345386105408e-05
0.000100823001120426
0.000131428179807759
0.000170456126796403
0.000219995763276332
0.000282590168062593
0.00036131717025284
0.000459879038748343
0.000582701373108153
0.000735040753454535
0.000923099634906975
0.00115414620418804
0.00143663661727373
0.00178033612900418
0.00219643439345993
0.00269764990959436
0.00329831774915198
0.0040144571302971
0.00486381008109351
0.0058658359862583
0.00704165530274967
0.00841393952438063
0.0100067381015943
0.0118452359916653
0.0139554470916592
0.0163638512057798
0.0190969690643752
0.0221808855087269
0.0256407328261026
0.0295001121633004
0.0337804694302947
0.0385005028299282
0.0436756388942933
0.0493175470220083
0.0554337239101172
0.0620272358057194
0.0690965540697087
0.0766353553813045
0.0846324264068367
0.093071842582339
0.101933323470168
0.111192721174966
0.120822668909581
0.130793050140424
0.14107128191598
0.151622737837346
0.162411505060043
0.173401486239509
0.184557331493233
0.195844646223552
0.207229922617545
0.218680857776271
0.230167057268108
0.241660741338237
0.253136770802226
0.264572156367236
0.275945937896093
0.287239566901175
0.298437485609957
0.309527282405285
0.320498951313818
0.331344053399604
0.342055462775482
0.352627621823886
0.363057029298864
0.373342165973962
0.383482765894894
0.393479247268133
0.403332507036113
0.41304390044193
0.422615562016496
0.432050866440065
0.441354212791673
0.45053028340038
0.459583654127608
0.468518744170408
0.477339794176945
0.486050820634236
0.494655618815431
0.503157996156712
0.511562042266749
0.519872034613528
0.528092129453265
0.536226234595628
0.544278022221317
0.552250955860747
0.560148334981123
0.567973330198567
0.57572895167779
0.583417978517798
0.591042938953174
0.59860613437179
0.606109647151905
0.61355534122723
0.620944888325182
0.62827980385055
0.635561467867261
0.642791136537737
0.649969952350733
0.657098953442187
0.664179082413449
0.67121119481102
0.678196067477891
0.685134410960039
0.692026887489725
0.698874123064672
0.70567671248253
0.712435232722158
0.7191502367852
0.725822179187463
0.732451345218297
0.739037884091606
0.745581883621768
0.752083402184693
0.758542473555175
0.764959109569979
0.77133330215542
0.777665027049238
0.783954243366997
0.790200893029625
0.796404904641603
0.802566194439965
0.808684667310909
0.814760217892616
0.820792731613606
0.826782085402779
0.832728148553669
0.838630783449926
0.844489846194391
0.850305187299015
0.856076652154057
0.861804081570417
0.867487312309271
0.873126177467801
0.878720506933745
0.884270127858294
0.889774864102684
0.895234538100777
0.900648970128293
0.906017978801654
0.911341381276039
0.91661899356121
0.921850630754076
0.927036107180918
0.93217523657068
0.937267832429683
0.942313707925524
0.947312676197526
0.952264550621436
0.957169144697194
0.962026272302424
0.966835747998142
0.971597386792127
0.97631100442291
0.98097641805273
0.985593446941731
0.990161910913918
0.994681629916148
0.999152425396806
1.00357412010589
1.00794653831901
1.01226950578249
1.01654284992717
1.02076639995
1.02493998670156
1.02906344290862
1.03313660327291
1.03715930440451
1.0411313849376
1.0450526856933
1.04892304955475
1.05274232169451
1.05651034956292
1.06022698284856
1.06389207367566
1.06750547663789
1.07106704868123
1.0745766493298
1.07803414072941
1.0814393876259
1.08479225734371
1.08809261991496
1.09134034821397
1.09453531775148
1.09767740683376
1.10076649671047
1.1038024714591
1.10678521804487
1.10971462639573
1.11259058942946
1.11541300305979
1.11818176616724
1.12089678080199
1.12355795199821
1.12616518791835
1.12871839991902
1.13121750248068
1.13366241327835
1.13605305313172
1.13838934609716
1.14067121951612
1.14289860401748
1.14507143341246
1.14718964486841
1.14925317891738
1.15126197931323
1.15321599313056
1.15511517092824
1.156959466557
1.15874883716714
1.16048324338675
1.16216264915415
1.16378702180609
1.16535633208529
1.16687055400481
1.1683296650234
1.1697336460295
1.17108248111528
1.17237615722999
1.17361466310745
1.17479799027307
1.17592613525807
1.17699909500345
1.17801686159158
1.17897942488304
1.17988677548092
1.18073890471446
1.18153580483869
1.18227746919446
1.18296389246356
1.18359507070463
1.18417100133155
1.18469168350675
1.18515711792224
1.18556730699338
1.1859222549717
1.18622196778394
1.18646645332675
1.18665572131802
1.18678978334392
1.18686865290292
1.18689234300629
1.18686087139752
1.18677426255888
1.18663255055503
1.18643573156883
1.18618384308729
1.18587691225527
1.18551497192431
1.18509805743041
1.18462620224307
1.18409944219906
1.18351781522267
1.18288136155518
1.18219012382695
1.18144414636183
1.18064347465827
1.17978815564783
1.1788782376393
1.17791377005602
1.17689480335391
1.17582138889032
1.17469357873364
1.17351142526533
1.17227498161332
1.17098429705912
1.16963941112639
1.16824036326937
1.16678720140537
1.1652799759659
1.16371873828757
1.16210354322168
1.16043444915519
1.15871151812713
1.15693481584024
1.15510441142399
1.15322037746272
1.15128279006902
1.14929172877131
1.1472472764153
1.14514951920861
1.14299854671964
1.1407944517885
1.13853733045029
1.13622728208915
1.13386440928136
1.13144881764295
1.12898061607173
1.12645991658772
1.12388683423393
1.12126148721814
1.11858399677464
1.11585448703664
1.11307308520855
1.11023992145362
1.1073551288225
1.10441884324251
1.1014312034986
1.09839235123714
1.09530243090294
1.09216158959479
1.0889699771293
1.08572774613634
1.08243505173546
1.07909205164383
1.07569890624722
1.07225577838037
1.06876283334175
1.06522023882926
1.06162816488846
1.05798678395903
1.05429627072106
1.0505568021236
1.04676855731266
1.04293171745623
1.03904646585313
1.03511298788159
1.03113147077254
1.02710210367223
1.02302507761644
1.01890058539424
1.01472882147161
1.01050998192433
1.00624426452154
1.00193186855897
0.997572994695786
0.99316784488231
0.988716622479956
0.984219532134095
0.979676779461586
0.975088571252258
0.970455115310306
0.965776620246772
0.961053295597423
0.956285351623475
0.951472999143955
0.946616449609684
0.941715914958474
0.936771607498815
0.931783739834396
0.926752524749842
0.92167817517158
0.916560904001649
0.911400924054404
0.906198448038626
0.900953688388052
0.895666857189948
0.890338166096511
0.884967826201581
0.879556048041389
0.874103041473263
0.868609015598024
0.863074178717244
0.857498738264328
0.851882900801203
0.846226871912775
0.84053085614912
0.834795057153107
0.829019677646071
0.823204919298877
0.817350982944862
0.811458068568071
0.805526375470668
0.799556102353308
0.793547447463426
0.787500608847855
0.78141578450641
0.775293173182998
0.769132973822706
0.762935386671238
0.756700613566501
0.75042885839432
0.744120327861017
0.737775232143999
0.731393785531706
0.724976206681226
0.71852271587022
0.712033513563736
0.705508732529774
0.698948415914772
0.692352563245897
0.685721188714513
0.679054339258448
0.672352090129901
0.665614540011026
0.658841808012452
0.652034031892602
0.645191367123682
0.638313986605146
0.631402080370224
0.624455855571044
0.617475536228898
0.610461362336185
0.603413587529448
0.596332469874361
0.589218249467371
0.582071124786069
0.574891247256048
0.567678712329483
0.560433540370695
0.553155725299492
0.545845344566105
0.538502591737806
0.531127717521389
0.523720975364214
0.516282589878363
0.508812739286956
0.501311638357998
0.49377977409245
0.486218035907392
0.478627521281179
0.471009255617447
0.463364071212165
0.455692575517661
0.44799510512222
0.440271689570262
0.43252234783263
0.424747752182665
0.416949382229965
0.409128935569013
0.401287808648061
0.393426941181388
0.385546893542824
0.377648300039904
0.36973242738383
0.3618010026069
0.353855488316403
0.345896584761377
0.337924384980526
0.329939310084791
0.321942716511066
0.313936457409813
0.305922191172401
0.297901026233101
0.289873876458138
0.281842256680897
0.273808318259756
0.265774224128464
0.257741776622203
0.249712690961662
0.241689475029494
0.233675835960798
0.225676148635422
0.217694915615667
0.20973666460205
0.201806324582367
0.193909819472161
0.186054148873237
0.178247061761935
0.170496927746754
0.16281267350654
0.155203750756269
0.147680379119973
0.140253657732328
0.132935303467877
0.12573740822842
0.118672358538474
0.111752726998335
0.104991062883191
0.0983997612292609
0.0919910485158694
0.0857768328471426
0.0797684194613681
0.0739763169177555
0.0684100802908527
0.0630781093089483
0.0579874767185912
0.0531438241866153
0.0485512904733543
0.0442124614278852
0.0401283822462464
0.0362985843225117
0.0327210536633278
0.0293922390823712
0.0263071256751707
0.0234593443268447
0.0208413042793636
0.0184443466526063
0.0162589026966773
0.0142746612913047
0.0124807360888357
0.0108658247236692
0.00941837039797104
0.00812670636588614
0.00697919477851486
0.00596437392423216
0.00507106603862837
0.00428845476202308
0.00360616273317363
0.00301432446790907
0.00250364792655279
0.00206543043286072
0.00169159778899838
)
;

boundaryField
{
    electrode
    {
        type            energyDensity_wilsonBC5;
        seec            0;
        Tse             22000;
        value           uniform 9.64724935726554e-06;
    }
    ground
    {
        type            energyDensity_wilsonBC5;
        seec            0;
        Tse             22000;
        value           uniform 0.00169159778899838;
    }
    otherfaces
    {
        type            empty;
    }
}


// ************************************************************************* //
