/*--------------------------------*- C++ -*----------------------------------*\
| =========                 |                                                 |
| \\      /  F ield         | foam-extend: Open Source CFD                    |
|  \\    /   O peration     | Version:     4.1                                |
|   \\  /    A nd           | Web:         http://www.foam-extend.org         |
|    \\/     M anipulation  |                                                 |
\*---------------------------------------------------------------------------*/
FoamFile
{
    version     2.0;
    format      ascii;
    class       volScalarField;
    location    "1.50099999934947e-05";
    object      powerDissipatedIon;
}
// * * * * * * * * * * * * * * * * * * * * * * * * * * * * * * * * * * * * * //

dimensions      [1 -1 -3 0 0 0 0];

internalField   nonuniform List<scalar> 
500
(
26515479.8397376
26117203.7321745
25415870.9927323
24819024.7732846
24150893.6468401
23613451.2851659
23024435.9290904
22448333.148218
21841684.211493
21234892.0228563
20612911.5964173
19993469.5926009
19367251.9098952
18742213.7644887
18114018.2473219
17560245.1846256
17015165.4112315
16464103.9426696
15908397.4595727
15351183.971965
14793962.3186091
14238753.3693757
13686297.0597009
13177204.0314766
12703009.0294885
12227413.05744
11756467.7149022
11291216.939652
10834054.7844644
10385931.043718
9961599.110469
9593060.95116049
9226580.281231
8864731.54458532
8507501.44155874
8158918.69634208
7823328.43737747
7515492.80947736
7247799.33423666
6985820.21473353
6731201.85759044
6483534.56538694
6242508.93567593
6012079.58622662
5802208.59290184
5624089.43491792
5451375.45476825
5284279.45242502
5121650.5828506
4965685.51335308
4819324.33381857
4681641.88965048
4558200.91300952
4448817.18970135
4340631.37455777
4237412.09706073
4140745.23857025
4048717.03737429
3959723.74284835
3872426.52348792
3788295.60303192
3709425.23832353
3643093.94089231
3577490.45651522
3511950.82244726
3446772.77015406
3384202.70755744
3324601.40124298
3266469.23097647
3208705.80835492
3150623.87383657
3093181.94364485
3037352.23412025
2985759.42062629
2935904.16335341
2886098.23359234
2835840.06339149
2785251.49357708
2735514.48404591
2687220.46123397
2639988.11400185
2593542.2903864
2547694.89463927
2502292.98519711
2457152.83264265
2412165.91525405
2367326.51696511
2323154.19346095
2279897.43413722
2237472.16723057
2195820.91349773
2154908.14372519
2114712.87693903
2075259.13555568
2036636.46432712
1998873.84190267
1961891.50176602
1925622.454089
1890037.02861681
1855101.38553682
1820780.79417491
1786169.596697
1751966.54753845
1718399.34159471
1685465.62414247
1653157.21379002
1621466.00180932
1590383.9422248
1559902.97326892
1530015.20387139
1500713.13391103
1471990.08393565
1443840.93514597
1416263.61452299
1389261.60713023
1362827.81874358
1336914.3656355
1311458.35149929
1286428.96816653
1261817.69519603
1237616.81614938
1213818.7111151
1190415.55285805
1167399.27991697
1144762.01879328
1122495.84329972
1100592.90620853
1079045.29407796
1057845.39999501
1036985.68407301
1016458.69517917
996257.170936362
976374.119143603
956802.670219001
937536.022928858
918567.740248192
899891.595124907
881501.43447839
863391.32352786
845555.675440288
827988.85135606
810685.680933667
793641.002970188
776849.861293285
760307.614925642
744009.576186771
727951.476107106
712128.997823019
696538.167040779
681175.118822962
666036.048502717
651117.413847112
636415.770785077
621927.775395341
607650.366902012
593580.430167571
579715.077580823
566051.501080441
552587.097734168
539319.210405177
526245.46170885
513363.456838472
500670.981495109
488165.805273424
475845.943081043
463709.35027484
451754.176835756
439978.551541807
428380.78393858
416959.160617179
405712.136086955
394638.110229429
383735.672212858
373003.412282001
362439.955593159
352044.042196312
341814.438246703
331749.938790688
321849.417652211
312111.82008785
302536.067313434
293121.196347292
283866.262948649
274770.32189973
265832.530607425
257052.04329925
248428.069924694
239959.817916531
231646.582820435
223487.654788015
215482.355852247
207630.052840993
199930.108479271
192381.943886118
184985.004094973
177738.742690286
170642.624682862
163696.164211957
156898.882220331
150250.320044832
143750.049429228
137397.638422659
131192.684263199
125134.800735988
119223.626117021
113458.803815217
107839.975977565
102366.83159364
97039.0482947664
91856.3241650343
86818.3691157159
81924.904227979
77175.6608265671
72570.3754776046
68108.8051414188
63790.7002590794
59615.8402294898
55583.9978287431
51694.9542303922
47948.5024603459
44344.4424323904
40882.5802622361
37562.7277683253
34384.6972871193
31348.3169183037
28453.3932909785
25699.4802975985
23086.5988164846
20614.9148526552
18283.6214166291
16092.1203168543
14040.365042623
12128.2629609465
10355.7680413931
8722.87274600283
7229.60166717909
5876.01171855531
4662.18659631405
3588.23661725076
2654.29584910191
1860.52145005836
1207.09312643092
694.212483662873
322.10226891884
91.0080396833794
1.2186298313513
52.8924642037457
246.040284426925
580.50617605521
1056.11606567604
1672.64557065969
2430.19223637593
3328.68883749217
4367.86454612561
5547.75627855752
6868.32671175358
8329.55629946096
9931.44400096616
11674.009035056
13557.2895787251
15581.3453190349
17746.2553725476
20052.1234529032
22499.075722933
25087.2613811698
27816.8596495199
30688.0770717359
33701.1539844581
36856.3586642006
40154.0078189219
43594.4431684321
47178.0340107396
50905.5821982854
54777.9925323204
58795.4524043712
62958.2036039445
67266.8222011752
71721.7447450691
76323.3632426497
81072.0755717731
85968.2902613135
91012.4223921321
96204.8734881175
101546.077493555
107036.462658477
112676.456200139
118466.517153724
124407.080332932
130498.623600588
136741.608005131
143136.513517921
149683.841021126
156384.082208112
163237.763420167
170245.412845277
177407.558771991
184724.768937834
192197.600292924
199826.652951983
207612.515351417
215555.807033181
223657.182827601
231917.285612335
240336.793952932
248916.389792973
257656.813557981
266558.792810758
275623.098134392
284850.505502869
294241.860067108
303797.993474985
313519.76479556
323408.087309371
333463.883435469
343688.158909908
354081.880671373
364646.10298579
375381.893196104
386290.387359859
397372.736952899
408630.106849573
420063.799265312
431675.074935785
443465.308908063
455435.865204035
467588.230868097
479923.883870003
492444.397072894
505151.40882022
518046.626758954
531131.830388539
544408.792717262
557879.484779348
571545.880720009
585410.038833544
599474.104731446
613740.413044473
628211.216137432
642889.007413107
657776.345211834
672875.905053006
688190.434271087
703722.85997791
719476.191788324
735453.63672381
751658.500693459
768094.190347564
784764.458127468
801673.001621264
818823.887541419
836221.265153733
853869.430609875
871773.101921802
889937.047218284
908366.291011836
927066.273757339
946042.522019753
965301.024701134
984847.966529318
1004689.89368862
1024833.82508333
1045287.12892586
1066057.55098824
1087153.33114878
1108583.24344877
1130356.64756825
1152483.27086215
1174973.78762892
1197839.44317875
1221092.10693779
1244744.72203065
1268810.91355973
1293305.46211862
1318244.20936992
1343644.06007136
1369523.30822273
1395901.55905719
1422800.32170156
1450242.39450325
1478252.70769527
1506858.19002345
1536087.96990467
1565973.99341945
1596548.86917599
1627885.14141259
1660112.37354466
1693330.02852626
1727576.31523597
1762890.34199811
1799330.56555418
1836965.54534273
1875872.60125381
1916136.29004086
1957106.66674717
1998982.14924295
2042403.32414779
2087489.61444356
2134371.29980519
2183191.12219471
2234105.63631112
2287286.16966481
2342938.56845808
2401310.15050694
2462656.09684763
2527237.97958437
2595371.36502385
2667286.4923435
2742964.23379669
2823002.38842294
2907704.21514984
2997434.04500176
3092594.81779763
3193625.04729144
3301030.71592781
3414937.88888059
3535032.16329814
3665013.61189834
3807040.88429693
3958076.60433685
4118735.73022295
4289656.91251816
4471511.36382578
4665029.20063828
4868898.48582238
5102263.96823227
5350722.61805512
5613299.25908998
5890520.68401134
6182750.65949312
6489147.71436568
6833345.62300775
7209888.68754734
7604397.16634119
8017195.08412288
8448671.11830958
8894359.03769799
9420186.47541917
9966299.51808362
10529848.150757
11109943.2172312
11704125.5034488
12368852.6977306
13086479.2308237
13819637.3345337
14566209.0329454
15323802.105242
16116251.5604107
17008415.1106194
17903232.8089735
18800867.532463
19699978.0025238
20594164.035975
21574963.9501908
22610726.5649259
23636455.6964976
24645324.6779682
25632199.7392023
26601529.9945509
27591378.9705671
28693521.594501
29769273.1156073
30819204.0585496
31836029.8568657
32814571.4269279
33762512.8371575
34680920.5341852
35669515.2567174
36705749.4985687
37707981.3369457
38670547.8454761
39590540.0729587
40480142.5482782
41342085.2924239
42177459.2648947
42984074.0263276
43765850.0721496
44556094.1145668
45432923.5385611
46275581.5118421
47095583.643094
47895372.8904026
48674616.4498605
49435148.9965534
50174345.5400782
50894431.3699859
51583802.6959676
52249614.1275256
52898185.5555634
53542613.4553843
54164650.0029901
54791565.2647525
55398827.3544426
56151091.4992798
56840365.4825217
57576155.5634597
58203524.2224941
58929919.4916785
59473537.1525622
60260084.8845516
60377040.4185
)
;

boundaryField
{
    electrode
    {
        type            calculated;
        value           uniform 27028110.0483922;
    }
    ground
    {
        type            calculated;
        value           uniform 61062091.003927;
    }
    otherfaces
    {
        type            empty;
    }
}


// ************************************************************************* //
