/*--------------------------------*- C++ -*----------------------------------*\
| =========                 |                                                 |
| \\      /  F ield         | foam-extend: Open Source CFD                    |
|  \\    /   O peration     | Version:     4.1                                |
|   \\  /    A nd           | Web:         http://www.foam-extend.org         |
|    \\/     M anipulation  |                                                 |
\*---------------------------------------------------------------------------*/
FoamFile
{
    version     2.0;
    format      ascii;
    class       volScalarField;
    location    "2.50010000204314e-05";
    object      Arp1Mean;
}
// * * * * * * * * * * * * * * * * * * * * * * * * * * * * * * * * * * * * * //

dimensions      [0 -3 0 0 0 0 0];

internalField   nonuniform List<scalar> 
500
(
1.98626868908651e+17
2.13223126144085e+17
2.29525027032565e+17
2.49480840017954e+17
2.7725536667619e+17
3.11127341552552e+17
3.54662806191478e+17
4.05796920960121e+17
4.65338075280384e+17
5.28997324539844e+17
5.97624702090212e+17
6.67365172722742e+17
7.40295894535629e+17
8.12355534390999e+17
8.85534919712117e+17
9.57065227372985e+17
1.02932107797381e+18
1.09970357191575e+18
1.17090155512384e+18
1.24033209611483e+18
1.31066656516241e+18
1.37932131039428e+18
1.44900190584519e+18
1.51712764154179e+18
1.586319052638e+18
1.65401461891777e+18
1.72281046032167e+18
1.79016093379512e+18
1.8586334144509e+18
1.9257048126806e+18
1.99391044529938e+18
2.0607519110804e+18
2.12873167793558e+18
2.19537881043407e+18
2.26316235519768e+18
2.3296421345175e+18
2.39725174969548e+18
2.46358413986311e+18
2.5310357888583e+18
2.59723461625576e+18
2.66453888727162e+18
2.73061298565499e+18
2.79777596386079e+18
2.86373011483843e+18
2.93075419808532e+18
2.99658980516849e+18
3.06347441362835e+18
3.12919004467137e+18
3.19593217567094e+18
3.26152407753973e+18
3.32811868480277e+18
3.39358120347342e+18
3.46002154525883e+18
3.52534745584885e+18
3.59162540226306e+18
3.65680617040061e+18
3.72291247990048e+18
3.78793845296482e+18
3.85386292532394e+18
3.91872353962221e+18
3.98445519538282e+18
4.04913919606402e+18
4.11466647264971e+18
4.17916199764957e+18
4.24447281860474e+18
4.30876752400919e+18
4.37384942048051e+18
4.43793056990084e+18
4.50277076309915e+18
4.56662531106699e+18
4.63121078038981e+18
4.69482544819282e+18
4.75914298908098e+18
4.82250432081175e+18
4.88654060048225e+18
4.94963501221212e+18
5.01337661408822e+18
5.07619043339241e+18
5.13962389507467e+18
5.20214339910864e+18
5.26525523988495e+18
5.32746668854279e+18
5.39024343616053e+18
5.45213309808192e+18
5.5145613110318e+18
5.57611548643097e+18
5.63818177390506e+18
5.69938681155806e+18
5.76107785097971e+18
5.82192016512155e+18
5.88322271310319e+18
5.94368879837191e+18
6.00458970370208e+18
6.06466614638458e+18
6.12515235871981e+18
6.18482584783485e+18
6.24488442765496e+18
6.3041417611155e+18
6.36375988582812e+18
6.4225879781215e+18
6.48175294914074e+18
6.54013883941616e+18
6.59883809689466e+18
6.65676887412502e+18
6.71498994403561e+18
6.77245311094867e+18
6.83018369560819e+18
6.88716657418064e+18
6.94439451457807e+18
7.00088467458635e+18
7.05759793619613e+18
7.1135830843542e+18
7.16976977206985e+18
7.22523775718652e+18
7.28088611785033e+18
7.33582493181511e+18
7.39092335552675e+18
7.4453211352583e+18
7.49985815650962e+18
7.55370318454993e+18
7.60766748323049e+18
7.66094818851869e+18
7.71432858997601e+18
7.76703354956394e+18
7.81981902526574e+18
7.87193696395023e+18
7.92411663195212e+18
7.97563642348027e+18
8.02719954898508e+18
8.07811021613357e+18
8.12904621174783e+18
8.17933692696669e+18
8.22963535305484e+18
8.27929543890592e+18
8.32894600422043e+18
8.37796493368943e+18
8.42695749571611e+18
8.47532489274462e+18
8.52364945811535e+18
8.57135509799968e+18
8.61900182300546e+18
8.66603563310175e+18
8.71299482418621e+18
8.75934688431062e+18
8.8056089987176e+18
8.85126954173811e+18
8.89682518816268e+18
8.94178460111636e+18
8.98662453993316e+18
9.03087336487954e+18
9.07498850886899e+18
9.11851744381836e+18
9.16189885929369e+18
9.20469875877344e+18
9.24733766618063e+18
9.28939954295583e+18
9.33128731747599e+18
9.37260234374357e+18
9.41373051604965e+18
9.4542900246555e+18
9.49465028182618e+18
9.5344457678079e+18
9.57402995427799e+18
9.61305307625381e+18
9.6518531949188e+18
9.69009577657222e+18
9.72810398957425e+18
9.76555802111179e+18
9.80276665148262e+18
9.83942429077396e+18
9.87582582338676e+18
9.91167939807173e+18
9.94726648085618e+18
9.98230848952276e+18
1.00170739350996e+19
1.00512970488678e+19
1.00852338358373e+19
1.01186308995137e+19
1.01517321747088e+19
1.01842962079966e+19
1.02165552875993e+19
1.02482794869436e+19
1.02796898582167e+19
1.03105675981116e+19
1.03411229210306e+19
1.03711477553893e+19
1.0400841864331e+19
1.04300075278385e+19
1.04588344332952e+19
1.04871348427454e+19
1.05150887375525e+19
1.05425180425164e+19
1.05695925785482e+19
1.05961434005187e+19
1.06223314637763e+19
1.06479970754458e+19
1.06732924145267e+19
1.06980653446709e+19
1.07224573046932e+19
1.07463338945102e+19
1.07698258696161e+19
1.07928034602008e+19
1.08153905525403e+19
1.08374653046709e+19
1.08591441433219e+19
1.08803124414889e+19
1.09010788984863e+19
1.09213359409445e+19
1.09411856064143e+19
1.09605271342487e+19
1.09794560016429e+19
1.09978780306577e+19
1.10158823867439e+19
1.10333812181456e+19
1.10504576192732e+19
1.10670295353464e+19
1.10831742453702e+19
1.10988159764677e+19
1.11140259199403e+19
1.1128735382693e+19
1.1143011516722e+19
1.1156787737416e+19
1.11701265739554e+19
1.11829664276516e+19
1.11953644369303e+19
1.12072644309968e+19
1.12187187500761e+19
1.1229676165065e+19
1.12401843142968e+19
1.1250196733479e+19
1.12597564952858e+19
1.12688217454983e+19
1.12774311300192e+19
1.12855472604738e+19
1.12932044898836e+19
1.13003697626345e+19
1.13070732642893e+19
1.13132861489557e+19
1.1319034551293e+19
1.13242937238524e+19
1.13290858527782e+19
1.13333901943323e+19
1.13372250732282e+19
1.1340573667366e+19
1.13434505176394e+19
1.13458426497354e+19
1.13477608909112e+19
1.13491960472614e+19
1.13501552949565e+19
1.13506332345146e+19
1.13506328294551e+19
1.13501541713126e+19
1.1349194113284e+19
1.13477582388979e+19
1.13458391883731e+19
1.13434463387899e+19
1.13405686806423e+19
1.13372193700041e+19
1.13333836851645e+19
1.13290786285363e+19
1.1324285696056e+19
1.13190258102723e+19
1.13132766072278e+19
1.13070630116501e+19
1.13003587125856e+19
1.12931927316706e+19
1.12855347086377e+19
1.12774178732156e+19
1.12688076992809e+19
1.12597417476642e+19
1.1250181201193e+19
1.12401680845982e+19
1.1229659155943e+19
1.12187010480407e+19
1.12072459551909e+19
1.11953452731282e+19
1.11829464963571e+19
1.11701059602023e+19
1.11567663634111e+19
1.11429894669242e+19
1.11287125796732e+19
1.11140024469658e+19
1.10987917590426e+19
1.10831493541925e+19
1.10670039095852e+19
1.10504313261561e+19
1.10333541981168e+19
1.10158547076138e+19
1.09978496331706e+19
1.09794269524206e+19
1.0960497375706e+19
1.09411552041529e+19
1.09213048389011e+19
1.0901047161061e+19
1.08802800142412e+19
1.08591110895752e+19
1.08374315716962e+19
1.08153562020824e+19
1.07927684407809e+19
1.07697902417679e+19
1.07462976084098e+19
1.07224204203398e+19
1.06980278135399e+19
1.06732542905611e+19
1.06479583166655e+19
1.06222921261266e+19
1.05961034405454e+19
1.05695520511943e+19
1.05424769060029e+19
1.05150470456758e+19
1.04870925554565e+19
1.04587916024947e+19
1.0429964114918e+19
1.04007979199728e+19
1.03711032425223e+19
1.03410778892253e+19
1.03105220117036e+19
1.02796437656672e+19
1.02482328540704e+19
1.02165081616769e+19
1.01842485563142e+19
1.01516840434701e+19
1.01185822573519e+19
1.00851847279165e+19
1.0051247445183e+19
1.0017023879714e+19
9.98225795390808e+18
9.94721550784541e+18
9.91162796060344e+18
9.87577396317776e+18
9.83937198213639e+18
9.80271393502777e+18
9.76550487252554e+18
9.72805044839424e+18
9.69004181980409e+18
9.65179886097714e+18
9.6129983435959e+18
9.57397486013657e+18
9.5343902919896e+18
9.49459446049423e+18
9.45423383896098e+18
9.41367400098132e+18
9.37254548188998e+18
9.33123014260184e+18
9.28934203910511e+18
9.24727986584565e+18
9.20464064748077e+18
9.16184046829299e+18
9.11845876002164e+18
9.07492956239985e+18
9.03081414394086e+18
8.98656507355726e+18
8.94172487875502e+18
8.89676523779144e+18
8.85120935402611e+18
8.80554860059304e+18
8.75928626768197e+18
8.71293401492295e+18
8.66597462424503e+18
8.61894063950517e+18
8.57129373392127e+18
8.52358793755403e+18
8.47526321071802e+18
8.42689567547185e+18
8.37790297134735e+18
8.32888392195582e+18
8.27923323399943e+18
8.2295730466996e+18
8.17927451748568e+18
8.12898371935673e+18
8.07804764028698e+18
8.02713690888855e+18
7.97557371963618e+18
7.92405388261639e+18
7.87187417067568e+18
7.8197562053165e+18
7.76697070544185e+18
7.71426573814105e+18
7.66088533237407e+18
7.60760463819206e+18
7.55364035529672e+18
7.49979535742003e+18
7.44525837175641e+18
7.39086064131568e+18
7.33576227310556e+18
7.2808235275742e+18
7.22517524236268e+18
7.16970734474523e+18
7.11352075251387e+18
7.05753571087968e+18
7.00082256475189e+18
6.94433253037951e+18
6.88710472536579e+18
6.83012199151918e+18
6.77239156217422e+18
6.71492855895031e+18
6.65670766429106e+18
6.59877707003174e+18
6.54007800709079e+18
6.48169231895178e+18
6.42252756235326e+18
6.36369969098409e+18
6.30408180027685e+18
6.24482470661191e+18
6.18476638051511e+18
6.12509314965857e+18
6.06460721076617e+18
6.00453104485645e+18
5.94363043235017e+18
5.88316464257906e+18
5.82186240650362e+18
5.76102040615878e+18
5.69932969785567e+18
5.63812499229157e+18
5.57605905486794e+18
5.51450522943041e+18
5.4520773856151e+18
5.39018809165553e+18
5.32741173175533e+18
5.26520066855607e+18
5.20208923412223e+18
5.13957013304171e+18
5.07613709593699e+18
5.01332369690232e+18
4.94958253751668e+18
4.88648856332382e+18
4.82245274384483e+18
4.75909186670277e+18
4.69477480325059e+18
4.63116060724605e+18
4.5665756320547e+18
4.50272157260166e+18
4.43788189001567e+18
4.37380124569116e+18
4.30871987645826e+18
4.24442569174457e+18
4.1791154141917e+18
4.11462042565441e+18
4.04909370862357e+18
3.98441025986112e+18
3.91867917836656e+18
3.85381913139362e+18
3.78789524858875e+18
3.72286985733465e+18
3.65676415216931e+18
3.59158397990783e+18
3.52530665321452e+18
3.4599813519147e+18
3.3935416427038e+18
3.32807974842825e+18
3.26148578659366e+18
3.19589452197787e+18
3.12915305072345e+18
3.06343806894245e+18
2.99655413298741e+18
2.93071918587484e+18
2.86369579009464e+18
2.79774230888929e+18
2.73058003165981e+18
2.66450661377526e+18
2.59720305476466e+18
2.53100492071915e+18
2.46355399281391e+18
2.39722230874434e+18
2.32961342468822e+18
2.26313436226736e+18
2.19535156015278e+18
2.12870515355688e+18
2.06072614021429e+18
1.99388541110005e+18
1.92568054196878e+18
1.85860989137398e+18
1.79013818387213e+18
1.72278846721576e+18
1.65399340999453e+18
1.58629861278571e+18
1.51710799626421e+18
1.44898304183863e+18
1.37930325517728e+18
1.31064930313597e+18
1.24031566062172e+18
1.17088592269509e+18
1.09968878079224e+18
1.02930711812212e+18
9.57052136050608e+17
8.85522695927499e+17
8.12344242139028e+17
7.4028552582823e+17
6.67355812011128e+17
5.97616348426765e+17
5.28990027842107e+17
4.65331785367109e+17
4.05791625188248e+17
3.54658387590349e+17
3.11123686505213e+17
2.77252253487823e+17
2.49478190711407e+17
2.29522694516639e+17
2.13221012264608e+17
1.98624966025691e+17
)
;

boundaryField
{
    electrode
    {
        type            calculated;
        value           uniform 1.98626868908651e+17;
    }
    ground
    {
        type            calculated;
        value           uniform 1.98624966025691e+17;
    }
    otherfaces
    {
        type            empty;
    }
}


// ************************************************************************* //
