/*--------------------------------*- C++ -*----------------------------------*\
| =========                 |                                                 |
| \\      /  F ield         | foam-extend: Open Source CFD                    |
|  \\    /   O peration     | Version:     4.1                                |
|   \\  /    A nd           | Web:         http://www.foam-extend.org         |
|    \\/     M anipulation  |                                                 |
\*---------------------------------------------------------------------------*/
FoamFile
{
    version     2.0;
    format      ascii;
    class       volVectorField;
    location    "2.50010000204314e-05";
    object      EField;
}
// * * * * * * * * * * * * * * * * * * * * * * * * * * * * * * * * * * * * * //

dimensions      [1 1 -3 0 0 -1 0];

internalField   nonuniform List<vector> 
500
(
(-444214.122405677 -0 -0)
(-392935.380884528 -0 -0)
(-338386.623706667 -0 -0)
(-281436.543390028 -0 -0)
(-223865.34688419 -0 -0)
(-169464.391256646 -0 -0)
(-123354.313650058 -0 -0)
(-89477.52154887 -0 -0)
(-68270.4244560797 -0 -0)
(-56812.3862068503 -0 -0)
(-51101.3249837793 -0 -0)
(-47964.4853757482 -0 -0)
(-45474.564690605 -0 -0)
(-42846.1029774716 -0 -0)
(-39970.8963164181 -0 -0)
(-36935.9308929292 -0 -0)
(-33928.2630018271 -0 -0)
(-31098.0439072243 -0 -0)
(-28524.1812963453 -0 -0)
(-26244.4623513062 -0 -0)
(-24254.6201307282 -0 -0)
(-22531.1698618761 -0 -0)
(-21040.2683814672 -0 -0)
(-19739.9191524767 -0 -0)
(-18601.3115525842 -0 -0)
(-17597.0150464522 -0 -0)
(-16703.1454441838 -0 -0)
(-15903.2824426584 -0 -0)
(-15181.6546881212 -0 -0)
(-14526.0632161808 -0 -0)
(-13928.6971538271 -0 -0)
(-13379.4817142055 -0 -0)
(-12874.1789412898 -0 -0)
(-12406.2700984501 -0 -0)
(-11971.753950335 -0 -0)
(-11567.148713767 -0 -0)
(-11189.1381500387 -0 -0)
(-10834.7880604941 -0 -0)
(-10502.7574860063 -0 -0)
(-10189.5676602108 -0 -0)
(-9895.26331387669 -0 -0)
(-9616.67801567221 -0 -0)
(-9353.73730813535 -0 -0)
(-9104.24053325237 -0 -0)
(-8867.65718485605 -0 -0)
(-8642.22059331845 -0 -0)
(-8427.82733304935 -0 -0)
(-8222.47310225246 -0 -0)
(-8026.96460084901 -0 -0)
(-7839.1050122627 -0 -0)
(-7660.03296346568 -0 -0)
(-7487.80791678419 -0 -0)
(-7323.28164027199 -0 -0)
(-7164.90801552885 -0 -0)
(-7013.34450442439 -0 -0)
(-6867.09729507442 -0 -0)
(-6727.05251553077 -0 -0)
(-6591.47201566648 -0 -0)
(-6461.59075993167 -0 -0)
(-6335.52478034367 -0 -0)
(-6214.60703219319 -0 -0)
(-6097.07854372291 -0 -0)
(-5984.15628455609 -0 -0)
(-5874.27068636737 -0 -0)
(-5768.5814070969 -0 -0)
(-5665.53881327216 -0 -0)
(-5566.42137137187 -0 -0)
(-5469.56041562965 -0 -0)
(-5376.39116092772 -0 -0)
(-5285.17602106879 -0 -0)
(-5197.38363967324 -0 -0)
(-5111.34240074737 -0 -0)
(-5028.44347962879 -0 -0)
(-4947.12596456653 -0 -0)
(-4868.72366667678 -0 -0)
(-4791.71139542459 -0 -0)
(-4717.45809485965 -0 -0)
(-4644.3914281913 -0 -0)
(-4573.95683845643 -0 -0)
(-4504.53678939683 -0 -0)
(-4437.60854716386 -0 -0)
(-4371.57285990069 -0 -0)
(-4307.87560482858 -0 -0)
(-4244.9763449544 -0 -0)
(-4184.27844793461 -0 -0)
(-4124.27972481489 -0 -0)
(-4066.37856117015 -0 -0)
(-4009.06743634977 -0 -0)
(-3953.77125063887 -0 -0)
(-3898.96442303156 -0 -0)
(-3846.08844788582 -0 -0)
(-3793.62603845552 -0 -0)
(-3743.00090152183 -0 -0)
(-3692.73417746437 -0 -0)
(-3644.21236260036 -0 -0)
(-3595.99738397886 -0 -0)
(-3549.4496993824 -0 -0)
(-3503.15060016743 -0 -0)
(-3458.45757385645 -0 -0)
(-3413.9528969257 -0 -0)
(-3370.9996227254 -0 -0)
(-3328.18312896538 -0 -0)
(-3286.86039624469 -0 -0)
(-3245.63554457048 -0 -0)
(-3205.84347886397 -0 -0)
(-3166.11757359264 -0 -0)
(-3127.76673220169 -0 -0)
(-3089.44998033069 -0 -0)
(-3052.45910610791 -0 -0)
(-3015.46776740484 -0 -0)
(-2979.76051389546 -0 -0)
(-2944.01994935386 -0 -0)
(-2909.52393113333 -0 -0)
(-2874.96821614631 -0 -0)
(-2841.61644524273 -0 -0)
(-2808.18578096748 -0 -0)
(-2775.91862673235 -0 -0)
(-2743.55707027679 -0 -0)
(-2712.32231143072 -0 -0)
(-2680.9773055322 -0 -0)
(-2650.72741993404 -0 -0)
(-2620.34983546173 -0 -0)
(-2591.03859249312 -0 -0)
(-2561.58186543376 -0 -0)
(-2533.16220681652 -0 -0)
(-2504.58093751397 -0 -0)
(-2477.00557314457 -0 -0)
(-2449.25481310099 -0 -0)
(-2422.47850289005 -0 -0)
(-2395.51464291287 -0 -0)
(-2369.49615282215 -0 -0)
(-2343.27846644119 -0 -0)
(-2317.98060160329 -0 -0)
(-2292.47215579268 -0 -0)
(-2267.86062445897 -0 -0)
(-2243.02783221079 -0 -0)
(-2219.06984287355 -0 -0)
(-2194.8815056788 -0 -0)
(-2171.54559777385 -0 -0)
(-2147.97174294074 -0 -0)
(-2125.22807620345 -0 -0)
(-2102.23974241782 -0 -0)
(-2080.06041254446 -0 -0)
(-2057.62984862099 -0 -0)
(-2035.98881647983 -0 -0)
(-2014.08989143584 -0 -0)
(-1992.96276907525 -0 -0)
(-1971.57133565284 -0 -0)
(-1950.93487723756 -0 -0)
(-1930.02861243699 -0 -0)
(-1909.86091790373 -0 -0)
(-1889.41877196291 -0 -0)
(-1869.69915078028 -0 -0)
(-1849.70128577752 -0 -0)
(-1830.41031885797 -0 -0)
(-1810.83780522184 -0 -0)
(-1791.9575331033 -0 -0)
(-1772.79228422522 -0 -0)
(-1754.30579916317 -0 -0)
(-1735.53091296016 -0 -0)
(-1717.42204233085 -0 -0)
(-1699.02149008676 -0 -0)
(-1681.27491154395 -0 -0)
(-1663.23341180855 -0 -0)
(-1645.83420083775 -0 -0)
(-1628.13752662275 -0 -0)
(-1611.07116094978 -0 -0)
(-1593.7054649389 -0 -0)
(-1576.95850346209 -0 -0)
(-1559.91023060263 -0 -0)
(-1543.4698092591 -0 -0)
(-1526.72617234458 -0 -0)
(-1510.58005322407 -0 -0)
(-1494.12847227029 -0 -0)
(-1478.26540102077 -0 -0)
(-1462.09388609812 -0 -0)
(-1446.50250908394 -0 -0)
(-1430.6004789613 -0 -0)
(-1415.26941512041 -0 -0)
(-1399.62647789748 -0 -0)
(-1384.54541023519 -0 -0)
(-1369.15127300003 -0 -0)
(-1354.31003962672 -0 -0)
(-1339.15515393619 -0 -0)
(-1324.5441538995 -0 -0)
(-1309.61829065234 -0 -0)
(-1295.22949923871 -0 -0)
(-1280.52252349253 -0 -0)
(-1266.34714863341 -0 -0)
(-1251.85088418256 -0 -0)
(-1237.8705909235 -0 -0)
(-1223.50821041388 -0 -0)
(-1209.63542661992 -0 -0)
(-1195.41484856955 -0 -0)
(-1181.69505465156 -0 -0)
(-1167.63649524118 -0 -0)
(-1153.92546789531 -0 -0)
(-1139.91316540887 -0 -0)
(-1126.76387108123 -0 -0)
(-1113.27278068103 -0 -0)
(-1100.2757001201 -0 -0)
(-1086.965092285 -0 -0)
(-1074.1517896173 -0 -0)
(-1061.02307528797 -0 -0)
(-1048.36722704019 -0 -0)
(-1035.35163952496 -0 -0)
(-1022.79781469759 -0 -0)
(-1009.90841879861 -0 -0)
(-997.478271662794 -0 -0)
(-984.720315584781 -0 -0)
(-972.41703712177 -0 -0)
(-959.784234103438 -0 -0)
(-947.606865631112 -0 -0)
(-935.096007350929 -0 -0)
(-923.038043221231 -0 -0)
(-910.645528773366 -0 -0)
(-898.703861429104 -0 -0)
(-886.422784485687 -0 -0)
(-874.591895877895 -0 -0)
(-862.422285125559 -0 -0)
(-850.690821881407 -0 -0)
(-838.63095032773 -0 -0)
(-826.997383949837 -0 -0)
(-815.035004090004 -0 -0)
(-803.500635868964 -0 -0)
(-791.630486966238 -0 -0)
(-780.186896332097 -0 -0)
(-768.406942265054 -0 -0)
(-757.052421023351 -0 -0)
(-745.351553286869 -0 -0)
(-734.084906701741 -0 -0)
(-722.464487726665 -0 -0)
(-711.267970988425 -0 -0)
(-699.735262874717 -0 -0)
(-688.603826766436 -0 -0)
(-677.143743157357 -0 -0)
(-666.086320661958 -0 -0)
(-654.689845496206 -0 -0)
(-643.696243627244 -0 -0)
(-632.367239263957 -0 -0)
(-621.43527263371 -0 -0)
(-610.155256690604 -0 -0)
(-599.296127616801 -0 -0)
(-588.061094186419 -0 -0)
(-577.250433676865 -0 -0)
(-566.084605219451 -0 -0)
(-555.303512557211 -0 -0)
(-544.192912991868 -0 -0)
(-533.461978596533 -0 -0)
(-522.383862182965 -0 -0)
(-511.701832922793 -0 -0)
(-500.652428605936 -0 -0)
(-490.021738303428 -0 -0)
(-479.017599133853 -0 -0)
(-468.396983603157 -0 -0)
(-457.435757552673 -0 -0)
(-446.848128031469 -0 -0)
(-435.907390841959 -0 -0)
(-425.34786353205 -0 -0)
(-414.437079545155 -0 -0)
(-403.894923845583 -0 -0)
(-393.001118347473 -0 -0)
(-382.491057280582 -0 -0)
(-371.599159313545 -0 -0)
(-361.111594627215 -0 -0)
(-350.236621535167 -0 -0)
(-339.75056836832 -0 -0)
(-328.893211648611 -0 -0)
(-318.412902536074 -0 -0)
(-307.559278424285 -0 -0)
(-297.084075307656 -0 -0)
(-286.235096060271 -0 -0)
(-275.756328397264 -0 -0)
(-264.906188499922 -0 -0)
(-254.429257531638 -0 -0)
(-243.565009025952 -0 -0)
(-233.08827083355 -0 -0)
(-222.212572601338 -0 -0)
(-211.722716064096 -0 -0)
(-200.837681495246 -0 -0)
(-190.33153202989 -0 -0)
(-179.429422973606 -0 -0)
(-168.905613909427 -0 -0)
(-157.984260488875 -0 -0)
(-147.436232730014 -0 -0)
(-136.492291679726 -0 -0)
(-125.920303999501 -0 -0)
(-114.944612318979 -0 -0)
(-104.348880218833 -0 -0)
(-93.3392453998969 -0 -0)
(-82.7127391365532 -0 -0)
(-71.6705456748732 -0 -0)
(-61.0104651810337 -0 -0)
(-49.9342026887988 -0 -0)
(-39.2429949985973 -0 -0)
(-28.1402218259112 -0 -0)
(-17.4418431486811 -0 -0)
(-6.32546073625529 -0 -0)
(4.43153867754937 -0 -0)
(15.63101630688 -0 -0)
(26.468792931642 -0 -0)
(37.748830892191 -0 -0)
(48.6330690115435 -0 -0)
(60.3317340063088 -0 -0)
(71.6692930778084 -0 -0)
(83.3039373505301 -0 -0)
(94.5418924760559 -0 -0)
(106.225637253795 -0 -0)
(117.506547990321 -0 -0)
(129.217417211294 -0 -0)
(140.49228416445 -0 -0)
(152.221674727114 -0 -0)
(163.57407144822 -0 -0)
(175.397174026839 -0 -0)
(186.841649292711 -0 -0)
(198.763445767135 -0 -0)
(210.306120094875 -0 -0)
(222.332458628578 -0 -0)
(233.979153933805 -0 -0)
(246.115743635922 -0 -0)
(257.873284116143 -0 -0)
(270.125823806037 -0 -0)
(282.000602000642 -0 -0)
(294.37632368761 -0 -0)
(306.374144089048 -0 -0)
(318.88047961312 -0 -0)
(331.008157958072 -0 -0)
(343.652172858095 -0 -0)
(355.916954266585 -0 -0)
(368.706208307564 -0 -0)
(381.11550736451 -0 -0)
(394.057508370668 -0 -0)
(406.619526942844 -0 -0)
(419.721854076246 -0 -0)
(432.44481287998 -0 -0)
(445.715995010221 -0 -0)
(458.608011555247 -0 -0)
(472.057039739912 -0 -0)
(485.126840967402 -0 -0)
(498.762995523702 -0 -0)
(512.019722529846 -0 -0)
(525.852966141463 -0 -0)
(539.306257903037 -0 -0)
(553.346696889328 -0 -0)
(567.00703320969 -0 -0)
(581.26500444158 -0 -0)
(595.143232783107 -0 -0)
(609.629616532297 -0 -0)
(623.736786555626 -0 -0)
(638.462846629022 -0 -0)
(652.810358130498 -0 -0)
(667.787915826236 -0 -0)
(682.387300201959 -0 -0)
(697.628879083108 -0 -0)
(712.49208395571 -0 -0)
(728.010473597765 -0 -0)
(743.150172440199 -0 -0)
(758.958274121833 -0 -0)
(774.387692974175 -0 -0)
(790.49852383949 -0 -0)
(806.231438327866 -0 -0)
(822.65845371138 -0 -0)
(838.709006633021 -0 -0)
(855.46675463673 -0 -0)
(871.849506767893 -0 -0)
(888.954140158166 -0 -0)
(905.684600795531 -0 -0)
(923.153508464284 -0 -0)
(940.248714893514 -0 -0)
(958.099873620845 -0 -0)
(975.578185436304 -0 -0)
(993.829205152439 -0 -0)
(1011.70943525606 -0 -0)
(1030.37742301982 -0 -0)
(1048.67769267653 -0 -0)
(1067.78048181468 -0 -0)
(1086.51865025069 -0 -0)
(1106.07660414539 -0 -0)
(1125.27244202795 -0 -0)
(1145.30963587759 -0 -0)
(1164.98750803486 -0 -0)
(1185.53140459447 -0 -0)
(1205.72115720947 -0 -0)
(1226.80148657048 -0 -0)
(1247.53682059119 -0 -0)
(1269.18513548782 -0 -0)
(1290.50054012394 -0 -0)
(1312.75074502373 -0 -0)
(1334.67940783872 -0 -0)
(1357.56773087148 -0 -0)
(1380.14207797966 -0 -0)
(1403.70539852573 -0 -0)
(1426.95962723791 -0 -0)
(1451.23351044469 -0 -0)
(1475.2057580642 -0 -0)
(1500.22482621365 -0 -0)
(1524.95686601236 -0 -0)
(1550.7586254846 -0 -0)
(1576.29346683422 -0 -0)
(1602.92237064088 -0 -0)
(1629.30286371298 -0 -0)
(1656.81048251799 -0 -0)
(1684.08140026193 -0 -0)
(1712.52165263999 -0 -0)
(1740.73455703985 -0 -0)
(1770.15935936965 -0 -0)
(1799.37522972795 -0 -0)
(1829.83670481276 -0 -0)
(1860.12244881365 -0 -0)
(1891.6805897656 -0 -0)
(1923.10232477411 -0 -0)
(1955.83020683609 -0 -0)
(1988.45171355558 -0 -0)
(2022.43132959692 -0 -0)
(2056.32266588232 -0 -0)
(2091.63526362786 -0 -0)
(2126.88361306887 -0 -0)
(2163.60645684935 -0 -0)
(2200.31534973402 -0 -0)
(2238.53171409751 -0 -0)
(2276.80625924632 -0 -0)
(2316.62043527273 -0 -0)
(2356.55668029185 -0 -0)
(2398.0961544665 -0 -0)
(2439.79272501888 -0 -0)
(2483.1911141123 -0 -0)
(2526.77409572594 -0 -0)
(2572.15319425198 -0 -0)
(2617.78396736658 -0 -0)
(2665.26295301811 -0 -0)
(2713.1148483884 -0 -0)
(2762.84597567468 -0 -0)
(2813.0778423506 -0 -0)
(2865.26695069729 -0 -0)
(2918.0339995057 -0 -0)
(2972.91258258587 -0 -0)
(3028.41676469999 -0 -0)
(3086.19805588469 -0 -0)
(3144.72132464586 -0 -0)
(3205.61058755472 -0 -0)
(3267.47505475808 -0 -0)
(3331.73981812271 -0 -0)
(3397.2324711272 -0 -0)
(3465.24810590006 -0 -0)
(3534.62306971516 -0 -0)
(3606.80067310748 -0 -0)
(3680.36962706464 -0 -0)
(3757.01647587508 -0 -0)
(3835.17604848095 -0 -0)
(3916.45475487966 -0 -0)
(3999.5355978203 -0 -0)
(4085.58630266167 -0 -0)
(4173.67138888004 -0 -0)
(4264.7462954567 -0 -0)
(4357.87817853893 -0 -0)
(4454.51118511895 -0 -0)
(4553.38007145617 -0 -0)
(4656.47150847622 -0 -0)
(4762.51300783492 -0 -0)
(4873.07019517709 -0 -0)
(4987.57774154011 -0 -0)
(5106.60703264682 -0 -0)
(5230.14754013864 -0 -0)
(5358.69284371113 -0 -0)
(5491.50749941998 -0 -0)
(5630.17519318233 -0 -0)
(5772.77960047016 -0 -0)
(5921.19029190631 -0 -0)
(6073.84914557707 -0 -0)
(6230.7366166418 -0 -0)
(6391.59748952826 -0 -0)
(6554.4282176306 -0 -0)
(6717.73131403082 -0 -0)
(6879.71687260782 -0 -0)
(7034.37042379498 -0 -0)
(7179.51249730279 -0 -0)
(7306.26615607436 -0 -0)
(7407.94643268025 -0 -0)
(7479.83602847968 -0 -0)
(7521.37703992774 -0 -0)
(7552.40520224784 -0 -0)
(7611.65475492472 -0 -0)
(7787.60494950161 -0 -0)
(8263.68210986551 -0 -0)
(9333.71479360413 -0 -0)
(11438.5545253584 -0 -0)
(15166.5874607933 -0 -0)
(21216.6044927918 -0 -0)
(30273.0704244673 -0 -0)
(43029.252877151 -0 -0)
(60253.3242221512 -0 -0)
(82818.8361446042 -0 -0)
(111702.132099362 -0 -0)
(147793.095273869 -0 -0)
(191432.871124901 -0 -0)
(241547.670501678 -0 -0)
(295517.828520745 -0 -0)
(350337.224102166 -0 -0)
(403892.442655274 -0 -0)
(454856.292589775 -0 -0)
)
;

boundaryField
{
    electrode
    {
        type            calculated;
        value           uniform (-468990.107072464 -0 -0);
    }
    ground
    {
        type            calculated;
        value           uniform (479597.397475357 -0 -0);
    }
    otherfaces
    {
        type            empty;
    }
}


// ************************************************************************* //
