/*--------------------------------*- C++ -*----------------------------------*\
| =========                 |                                                 |
| \\      /  F ield         | foam-extend: Open Source CFD                    |
|  \\    /   O peration     | Version:     4.1                                |
|   \\  /    A nd           | Web:         http://www.foam-extend.org         |
|    \\/     M anipulation  |                                                 |
\*---------------------------------------------------------------------------*/
FoamFile
{
    version     2.0;
    format      ascii;
    class       volVectorField;
    location    "2.50010000204314e-05";
    object      Flux_Arm;
}
// * * * * * * * * * * * * * * * * * * * * * * * * * * * * * * * * * * * * * //

dimensions      [0 -2 -1 0 0 0 0];

internalField   nonuniform List<vector> 
500
(
(-1.66706805830574e+17 -0 -0)
(-4.98773626891567e+17 -0 -0)
(-8.26633009024926e+17 -0 -0)
(-1.14666135940894e+18 -0 -0)
(-1.45387375207873e+18 -0 -0)
(-1.74177583775228e+18 -0 -0)
(-2.00356842142946e+18 -0 -0)
(-2.23489643419675e+18 -0 -0)
(-2.43567563992493e+18 -0 -0)
(-2.60949941523981e+18 -0 -0)
(-2.76129656120029e+18 -0 -0)
(-2.89510082280607e+18 -0 -0)
(-3.01294822218788e+18 -0 -0)
(-3.11368336772562e+18 -0 -0)
(-3.19530398223423e+18 -0 -0)
(-3.25791392321198e+18 -0 -0)
(-3.30256084247735e+18 -0 -0)
(-3.33030176415134e+18 -0 -0)
(-3.34220670940552e+18 -0 -0)
(-3.33935368614761e+18 -0 -0)
(-3.32281943291056e+18 -0 -0)
(-3.29367265363333e+18 -0 -0)
(-3.25296715775529e+18 -0 -0)
(-3.20173604464961e+18 -0 -0)
(-3.14098653530496e+18 -0 -0)
(-3.07169515827803e+18 -0 -0)
(-2.9948040111159e+18 -0 -0)
(-2.91121748862792e+18 -0 -0)
(-2.82179964652464e+18 -0 -0)
(-2.7273720883818e+18 -0 -0)
(-2.62871275032415e+18 -0 -0)
(-2.52655458278783e+18 -0 -0)
(-2.42158549704565e+18 -0 -0)
(-2.31444790218807e+18 -0 -0)
(-2.20573939760508e+18 -0 -0)
(-2.09601314142092e+18 -0 -0)
(-1.98577899596329e+18 -0 -0)
(-1.87550454235045e+18 -0 -0)
(-1.76561658351436e+18 -0 -0)
(-1.65650253502424e+18 -0 -0)
(-1.54851218239585e+18 -0 -0)
(-1.44195932548224e+18 -0 -0)
(-1.33712360365448e+18 -0 -0)
(-1.23425236667756e+18 -0 -0)
(-1.13356239704294e+18 -0 -0)
(-1.03524195666691e+18 -0 -0)
(-9.39452338139347e+17 -0 -0)
(-8.46330018796768e+17 -0 -0)
(-7.5598800213548e+17 -0 -0)
(-6.68518001857074e+17 -0 -0)
(-5.83991577683746e+17 -0 -0)
(-5.02462318744899e+17 -0 -0)
(-4.23966723625438e+17 -0 -0)
(-3.48526388550861e+17 -0 -0)
(-2.76148612935322e+17 -0 -0)
(-2.06828580231277e+17 -0 -0)
(-1.40549704910461e+17 -0 -0)
(-7.72857809136053e+16 -0 -0)
(-1.70010776544855e+16 -0 -0)
(4.03475626450485e+16 -0 -0)
(9.48108210714679e+16 -0 -0)
(1.46444894665196e+17 -0 -0)
(1.95311780533379e+17 -0 -0)
(2.41477324190175e+17 -0 -0)
(2.85011698909199e+17 -0 -0)
(3.25987504755201e+17 -0 -0)
(3.6448041070736e+17 -0 -0)
(4.00567339098335e+17 -0 -0)
(4.34327207419792e+17 -0 -0)
(4.65839213679978e+17 -0 -0)
(4.9518367238807e+17 -0 -0)
(5.22440389701849e+17 -0 -0)
(5.47689573513971e+17 -0 -0)
(5.71010286965152e+17 -0 -0)
(5.92481422743496e+17 -0 -0)
(6.12180257028746e+17 -0 -0)
(6.30183433624879e+17 -0 -0)
(6.4656561764463e+17 -0 -0)
(6.61400498412807e+17 -0 -0)
(6.74759541930094e+17 -0 -0)
(6.86712976021766e+17 -0 -0)
(6.97328640075451e+17 -0 -0)
(7.06672950690735e+17 -0 -0)
(7.14809853419846e+17 -0 -0)
(7.21801751272289e+17 -0 -0)
(7.27708547138847e+17 -0 -0)
(7.32588530768152e+17 -0 -0)
(7.36497508745829e+17 -0 -0)
(7.3948964750981e+17 -0 -0)
(7.41616690967716e+17 -0 -0)
(7.42928735891273e+17 -0 -0)
(7.43473555546874e+17 -0 -0)
(7.43297290510362e+17 -0 -0)
(7.42443867781184e+17 -0 -0)
(7.40955632637663e+17 -0 -0)
(7.38872831468717e+17 -0 -0)
(7.36234179365849e+17 -0 -0)
(7.33076439434695e+17 -0 -0)
(7.29434897742051e+17 -0 -0)
(7.25343022488245e+17 -0 -0)
(7.20832881067782e+17 -0 -0)
(7.15934853387538e+17 -0 -0)
(7.1067799328809e+17 -0 -0)
(7.05089816819761e+17 -0 -0)
(6.99196567431731e+17 -0 -0)
(6.93023088536006e+17 -0 -0)
(6.86593028645011e+17 -0 -0)
(6.7992876986722e+17 -0 -0)
(6.73051552684971e+17 -0 -0)
(6.65981483618451e+17 -0 -0)
(6.58737604037794e+17 -0 -0)
(6.51337922418927e+17 -0 -0)
(6.43799453018771e+17 -0 -0)
(6.3613828489096e+17 -0 -0)
(6.2836957102498e+17 -0 -0)
(6.20507663031719e+17 -0 -0)
(6.12566004997284e+17 -0 -0)
(6.04557342153705e+17 -0 -0)
(5.96493577180619e+17 -0 -0)
(5.88385999051398e+17 -0 -0)
(5.80245100138554e+17 -0 -0)
(5.72080836509904e+17 -0 -0)
(5.63902426189951e+17 -0 -0)
(5.55718628512736e+17 -0 -0)
(5.47537484915982e+17 -0 -0)
(5.39366664966716e+17 -0 -0)
(5.31213166089907e+17 -0 -0)
(5.23083667496538e+17 -0 -0)
(5.14984217479816e+17 -0 -0)
(5.06920604168979e+17 -0 -0)
(4.9889801275613e+17 -0 -0)
(4.90921425700811e+17 -0 -0)
(4.82995257127858e+17 -0 -0)
(4.75123775766241e+17 -0 -0)
(4.67310692260481e+17 -0 -0)
(4.5955961601803e+17 -0 -0)
(4.51873651996524e+17 -0 -0)
(4.44255818924773e+17 -0 -0)
(4.36708649269873e+17 -0 -0)
(4.29234655521419e+17 -0 -0)
(4.21835871846277e+17 -0 -0)
(4.14514335791971e+17 -0 -0)
(4.07271640235619e+17 -0 -0)
(4.00109401215073e+17 -0 -0)
(3.93028821959946e+17 -0 -0)
(3.86031152498171e+17 -0 -0)
(3.79117235681948e+17 -0 -0)
(3.72287996895296e+17 -0 -0)
(3.65543973415022e+17 -0 -0)
(3.58885794920298e+17 -0 -0)
(3.52313724294385e+17 -0 -0)
(3.45828137579881e+17 -0 -0)
(3.39429055873458e+17 -0 -0)
(3.3311663820144e+17 -0 -0)
(3.26890692722776e+17 -0 -0)
(3.20751170950007e+17 -0 -0)
(3.14697705163529e+17 -0 -0)
(3.08730080707092e+17 -0 -0)
(3.02847765923996e+17 -0 -0)
(2.9705039349742e+17 -0 -0)
(2.91337304562576e+17 -0 -0)
(2.85708003012416e+17 -0 -0)
(2.80161706088243e+17 -0 -0)
(2.74697808862378e+17 -0 -0)
(2.6931542622569e+17 -0 -0)
(2.64013869553114e+17 -0 -0)
(2.58792174911346e+17 -0 -0)
(2.5364955967363e+17 -0 -0)
(2.48584989265944e+17 -0 -0)
(2.43597624024217e+17 -0 -0)
(2.38686371472895e+17 -0 -0)
(2.33850337928077e+17 -0 -0)
(2.29088378548671e+17 -0 -0)
(2.24399549986758e+17 -0 -0)
(2.19782676230923e+17 -0 -0)
(2.15236782869361e+17 -0 -0)
(2.10760663843539e+17 -0 -0)
(2.06353303877074e+17 -0 -0)
(2.0201347554925e+17 -0 -0)
(1.97740142366311e+17 -0 -0)
(1.93532062224623e+17 -0 -0)
(1.89388179757983e+17 -0 -0)
(1.85307231946046e+17 -0 -0)
(1.81288150692834e+17 -0 -0)
(1.77329670155277e+17 -0 -0)
(1.73430711262941e+17 -0 -0)
(1.69590001832848e+17 -0 -0)
(1.65806452811544e+17 -0 -0)
(1.62078788972659e+17 -0 -0)
(1.58405933380375e+17 -0 -0)
(1.54786613107818e+17 -0 -0)
(1.51219765052599e+17 -0 -0)
(1.47704248102717e+17 -0 -0)
(1.44239148221571e+17 -0 -0)
(1.40823432428501e+17 -0 -0)
(1.37456266430574e+17 -0 -0)
(1.34136681221028e+17 -0 -0)
(1.3086413605455e+17 -0 -0)
(1.27637898367461e+17 -0 -0)
(1.24456869644854e+17 -0 -0)
(1.21319819731054e+17 -0 -0)
(1.18225697234884e+17 -0 -0)
(1.15173287038508e+17 -0 -0)
(1.12161530661937e+17 -0 -0)
(1.09189190069983e+17 -0 -0)
(1.06255230654218e+17 -0 -0)
(1.03358505184594e+17 -0 -0)
(1.00498056883152e+17 -0 -0)
(9.76727859471224e+16 -0 -0)
(9.48817743313453e+16 -0 -0)
(9.21239623699373e+16 -0 -0)
(8.93984603664648e+16 -0 -0)
(8.67042325985909e+16 -0 -0)
(8.40404084237517e+16 -0 -0)
(8.14059710222425e+16 -0 -0)
(7.88000744576534e+16 -0 -0)
(7.62217287034153e+16 -0 -0)
(7.36700924197236e+16 -0 -0)
(7.11441914678353e+16 -0 -0)
(6.86432181487507e+16 -0 -0)
(6.61662117424138e+16 -0 -0)
(6.37123705278729e+16 -0 -0)
(6.1280758177638e+16 -0 -0)
(5.88705856121517e+16 -0 -0)
(5.64809309831187e+16 -0 -0)
(5.41110247341268e+16 -0 -0)
(5.17599602123629e+16 -0 -0)
(4.9426982205503e+16 -0 -0)
(4.71111950543464e+16 -0 -0)
(4.48118543644206e+16 -0 -0)
(4.2528081869417e+16 -0 -0)
(4.02591444311387e+16 -0 -0)
(3.80041811079886e+16 -0 -0)
(3.57624720142896e+16 -0 -0)
(3.35331535163953e+16 -0 -0)
(3.13155221163173e+16 -0 -0)
(2.91087326642725e+16 -0 -0)
(2.69120849346578e+16 -0 -0)
(2.47247438676555e+16 -0 -0)
(2.25460120981939e+16 -0 -0)
(2.03750666335254e+16 -0 -0)
(1.82112229166293e+16 -0 -0)
(1.605365354199e+16 -0 -0)
(1.39016824920309e+16 -0 -0)
(1.17544985623021e+16 -0 -0)
(9.61141703300183e+15 -0 -0)
(7.47162755236007e+15 -0 -0)
(5.33446076262764e+15 -0 -0)
(3.1991042193971e+15 -0 -0)
(1.06492554017417e+15 -0 -0)
(-1.06887838321401e+15 -0 -0)
(-3.20305897183482e+15 -0 -0)
(-5.33841749599942e+15 -0 -0)
(-7.47558493070165e+15 -0 -0)
(-9.61537651681437e+15 -0 -0)
(-1.17584627759279e+16 -0 -0)
(-1.39056541951784e+16 -0 -0)
(-1.60576274527324e+16 -0 -0)
(-1.82151984915728e+16 -0 -0)
(-2.03790503888293e+16 -0 -0)
(-2.25500025750205e+16 -0 -0)
(-2.47287402437075e+16 -0 -0)
(-2.69160939297141e+16 -0 -0)
(-2.91127533487814e+16 -0 -0)
(-3.13195517128674e+16 -0 -0)
(-3.35371919183603e+16 -0 -0)
(-3.57665213651759e+16 -0 -0)
(-3.80082494916749e+16 -0 -0)
(-4.02632259723557e+16 -0 -0)
(-4.25321732144561e+16 -0 -0)
(-4.48159593366589e+16 -0 -0)
(-4.71153140422851e+16 -0 -0)
(-4.94311185998165e+16 -0 -0)
(-5.17641135250784e+16 -0 -0)
(-5.41151949565795e+16 -0 -0)
(-5.64851216254378e+16 -0 -0)
(-5.8874794823512e+16 -0 -0)
(-6.12849869506194e+16 -0 -0)
(-6.37166225430655e+16 -0 -0)
(-6.61704844036406e+16 -0 -0)
(-6.86475111694249e+16 -0 -0)
(-7.11485067641772e+16 -0 -0)
(-7.3674427989452e+16 -0 -0)
(-7.62260876034485e+16 -0 -0)
(-7.88044632955668e+16 -0 -0)
(-8.14103859444445e+16 -0 -0)
(-8.40448485543341e+16 -0 -0)
(-8.67086999345022e+16 -0 -0)
(-8.94029531643902e+16 -0 -0)
(-9.21284825242049e+16 -0 -0)
(-9.48863236034075e+16 -0 -0)
(-9.76773625715687e+16 -0 -0)
(-1.0050266368625e+17 -0 -0)
(-1.03363145016385e+17 -0 -0)
(-1.06259904191695e+17 -0 -0)
(-1.0919389392872e+17 -0 -0)
(-1.12166262948545e+17 -0 -0)
(-1.15178057583723e+17 -0 -0)
(-1.18230503187027e+17 -0 -0)
(-1.21324656192383e+17 -0 -0)
(-1.24461739011151e+17 -0 -0)
(-1.27642802793308e+17 -0 -0)
(-1.30869077620284e+17 -0 -0)
(-1.34141659203731e+17 -0 -0)
(-1.37461280452218e+17 -0 -0)
(-1.40828483656771e+17 -0 -0)
(-1.44244237580709e+17 -0 -0)
(-1.47709375382279e+17 -0 -0)
(-1.51224931937127e+17 -0 -0)
(-1.5479181847967e+17 -0 -0)
(-1.58411174825002e+17 -0 -0)
(-1.62084070039979e+17 -0 -0)
(-1.65811769342591e+17 -0 -0)
(-1.69595356032224e+17 -0 -0)
(-1.73436109762416e+17 -0 -0)
(-1.77335107017285e+17 -0 -0)
(-1.81293624732572e+17 -0 -0)
(-1.85312745436171e+17 -0 -0)
(-1.89393732994079e+17 -0 -0)
(-1.93537655413859e+17 -0 -0)
(-1.97745775352676e+17 -0 -0)
(-2.02019146423395e+17 -0 -0)
(-2.06359013987186e+17 -0 -0)
(-2.10766414949329e+17 -0 -0)
(-2.15242574635613e+17 -0 -0)
(-2.19788507675001e+17 -0 -0)
(-2.24405417667901e+17 -0 -0)
(-2.29094279886633e+17 -0 -0)
(-2.33856280567948e+17 -0 -0)
(-2.38692353302387e+17 -0 -0)
(-2.43603637063751e+17 -0 -0)
(-2.48591039522802e+17 -0 -0)
(-2.53655644070754e+17 -0 -0)
(-2.58798293192655e+17 -0 -0)
(-2.64020022281873e+17 -0 -0)
(-2.69321608340159e+17 -0 -0)
(-2.74704018252956e+17 -0 -0)
(-2.80167942984121e+17 -0 -0)
(-2.8571426709915e+17 -0 -0)
(-2.91343596993015e+17 -0 -0)
(-2.97056713274272e+17 -0 -0)
(-3.02854102436725e+17 -0 -0)
(-3.08736436253217e+17 -0 -0)
(-3.1470408146185e+17 -0 -0)
(-3.20757562445257e+17 -0 -0)
(-3.26897097882633e+17 -0 -0)
(-3.33123053938282e+17 -0 -0)
(-3.39435478827064e+17 -0 -0)
(-3.45834566533403e+17 -0 -0)
(-3.52320157734307e+17 -0 -0)
(-3.58892225423314e+17 -0 -0)
(-3.65550398727997e+17 -0 -0)
(-3.72294416845578e+17 -0 -0)
(-3.79123644591199e+17 -0 -0)
(-3.86037543901166e+17 -0 -0)
(-3.93035194535304e+17 -0 -0)
(-4.00115750970975e+17 -0 -0)
(-4.07277960368225e+17 -0 -0)
(-4.14520625274485e+17 -0 -0)
(-4.21842125404995e+17 -0 -0)
(-4.29240865439209e+17 -0 -0)
(-4.36714808765522e+17 -0 -0)
(-4.44261921803302e+17 -0 -0)
(-4.51879695617915e+17 -0 -0)
(-4.59565595314259e+17 -0 -0)
(-4.67316593351728e+17 -0 -0)
(-4.75129597380199e+17 -0 -0)
(-4.83000992826374e+17 -0 -0)
(-4.90927060418823e+17 -0 -0)
(-4.98903544988534e+17 -0 -0)
(-5.0692602620962e+17 -0 -0)
(-5.14989517959037e+17 -0 -0)
(-5.23088839144294e+17 -0 -0)
(-5.31218199286639e+17 -0 -0)
(-5.39371551326072e+17 -0 -0)
(-5.47542213973709e+17 -0 -0)
(-5.55723189515057e+17 -0 -0)
(-5.639068132232e+17 -0 -0)
(-5.7208503431201e+17 -0 -0)
(-5.80249093993061e+17 -0 -0)
(-5.88389780826434e+17 -0 -0)
(-5.96497133039631e+17 -0 -0)
(-6.04560661615532e+17 -0 -0)
(-6.1256907826501e+17 -0 -0)
(-6.20510477144661e+17 -0 -0)
(-6.28372111911995e+17 -0 -0)
(-6.36140528116141e+17 -0 -0)
(-6.43801389802173e+17 -0 -0)
(-6.5133954889748e+17 -0 -0)
(-6.58738896400944e+17 -0 -0)
(-6.65982426112059e+17 -0 -0)
(-6.7305212817633e+17 -0 -0)
(-6.79928963856296e+17 -0 -0)
(-6.86592829761907e+17 -0 -0)
(-6.93022475047432e+17 -0 -0)
(-6.99195521736892e+17 -0 -0)
(-7.05088323658743e+17 -0 -0)
(-7.10676032433823e+17 -0 -0)
(-7.15932406775827e+17 -0 -0)
(-7.20829931588374e+17 -0 -0)
(-7.25339550923961e+17 -0 -0)
(-7.29430883520641e+17 -0 -0)
(-7.33071864113645e+17 -0 -0)
(-7.36229021472654e+17 -0 -0)
(-7.38867072676188e+17 -0 -0)
(-7.40949258108031e+17 -0 -0)
(-7.42436857008406e+17 -0 -0)
(-7.43289620323287e+17 -0 -0)
(-7.43465205406525e+17 -0 -0)
(-7.42919688031854e+17 -0 -0)
(-7.41606925287661e+17 -0 -0)
(-7.39479144652116e+17 -0 -0)
(-7.36486250642518e+17 -0 -0)
(-7.32576500428784e+17 -0 -0)
(-7.27695723791779e+17 -0 -0)
(-7.2178811500719e+17 -0 -0)
(-7.1479538831078e+17 -0 -0)
(-7.06657637313318e+17 -0 -0)
(-6.97312463162323e+17 -0 -0)
(-6.86695922564639e+17 -0 -0)
(-6.74741593580764e+17 -0 -0)
(-6.6138164150956e+17 -0 -0)
(-6.46545842378545e+17 -0 -0)
(-6.30162728896799e+17 -0 -0)
(-6.12158613285541e+17 -0 -0)
(-5.92458832995414e+17 -0 -0)
(-5.70986743572599e+17 -0 -0)
(-5.47665071023216e+17 -0 -0)
(-5.2241492677339e+17 -0 -0)
(-4.95157245639093e+17 -0 -0)
(-4.65811825025521e+17 -0 -0)
(-4.34298858835948e+17 -0 -0)
(-4.00538037982135e+17 -0 -0)
(-3.64450167388094e+17 -0 -0)
(-3.25956325225289e+17 -0 -0)
(-2.84979599003133e+17 -0 -0)
(-2.41444323946351e+17 -0 -0)
(-1.95277899017752e+17 -0 -0)
(-1.46410156278176e+17 -0 -0)
(-9.47752522373856e+16 -0 -0)
(-4.03111933514832e+16 -0 -0)
(1.70382086708812e+16 -0 -0)
(7.73236426671893e+16 -0 -0)
(1.40588257854432e+17 -0 -0)
(2.06867768922609e+17 -0 -0)
(2.76188388405504e+17 -0 -0)
(3.48566700649009e+17 -0 -0)
(4.24007511894229e+17 -0 -0)
(5.0250352365931e+17 -0 -0)
(5.840331340299e+17 -0 -0)
(6.68559837972426e+17 -0 -0)
(7.56030049192704e+17 -0 -0)
(8.46372202373223e+17 -0 -0)
(9.39494576655369e+17 -0 -0)
(1.03528416903273e+18 -0 -0)
(1.13360449937263e+18 -0 -0)
(1.23429427633112e+18 -0 -0)
(1.33716523431493e+18 -0 -0)
(1.44200058766312e+18 -0 -0)
(1.54855299356025e+18 -0 -0)
(1.6565428098867e+18 -0 -0)
(1.76565623739678e+18 -0 -0)
(1.87554349128017e+18 -0 -0)
(1.9858171606789e+18 -0 -0)
(2.09605045096518e+18 -0 -0)
(2.20577578340002e+18 -0 -0)
(2.31448330088767e+18 -0 -0)
(2.42161985682035e+18 -0 -0)
(2.52658786181342e+18 -0 -0)
(2.62874491700544e+18 -0 -0)
(2.72740312307869e+18 -0 -0)
(2.82182954551011e+18 -0 -0)
(2.91124626204448e+18 -0 -0)
(2.99483168506044e+18 -0 -0)
(3.07172178082366e+18 -0 -0)
(3.14101217483093e+18 -0 -0)
(3.20176079424672e+18 -0 -0)
(3.2529911303744e+18 -0 -0)
(3.29369598699635e+18 -0 -0)
(3.32284228920828e+18 -0 -0)
(3.33937623962393e+18 -0 -0)
(3.34222913650786e+18 -0 -0)
(3.3303242183147e+18 -0 -0)
(3.30258339912422e+18 -0 -0)
(3.25793652323559e+18 -0 -0)
(3.19532635219163e+18 -0 -0)
(3.11370476259142e+18 -0 -0)
(3.01296821715179e+18 -0 -0)
(2.89511876448548e+18 -0 -0)
(2.76131099335164e+18 -0 -0)
(2.60950910777975e+18 -0 -0)
(2.43568056466516e+18 -0 -0)
(2.23489842349114e+18 -0 -0)
(2.00357016144478e+18 -0 -0)
(1.74177908261894e+18 -0 -0)
(1.45387839571822e+18 -0 -0)
(1.14666622183195e+18 -0 -0)
(8.26636961323195e+17 -0 -0)
(4.98776109283716e+17 -0 -0)
(1.66707649819009e+17 -0 -0)
)
;

boundaryField
{
    electrode
    {
        type            calculated;
        value           uniform (-0 -0 -0);
    }
    ground
    {
        type            calculated;
        value           uniform (0 -0 -0);
    }
    otherfaces
    {
        type            empty;
    }
}


// ************************************************************************* //
