/*--------------------------------*- C++ -*----------------------------------*\
| =========                 |                                                 |
| \\      /  F ield         | foam-extend: Open Source CFD                    |
|  \\    /   O peration     | Version:     4.1                                |
|   \\  /    A nd           | Web:         http://www.foam-extend.org         |
|    \\/     M anipulation  |                                                 |
\*---------------------------------------------------------------------------*/
FoamFile
{
    version     2.0;
    format      ascii;
    class       volVectorField;
    location    "2.50010000204314e-05";
    object      velocityArp1;
}
// * * * * * * * * * * * * * * * * * * * * * * * * * * * * * * * * * * * * * //

dimensions      [0 1 -1 0 0 0 0];

internalField   nonuniform List<vector> 
500
(
(-2748.64556643894 0 0)
(-2527.92563931211 0 0)
(-2332.86102118952 0 0)
(-2109.45637074938 0 0)
(-1871.38585028159 0 0)
(-1633.91452089526 0 0)
(-1410.23106443035 0 0)
(-1212.79787620611 0 0)
(-1049.3928145565 0 0)
(-917.053305498347 0 0)
(-810.727432882857 0 0)
(-724.711132461321 0 0)
(-654.558430843588 0 0)
(-597.446445396903 0 0)
(-550.027352255554 0 0)
(-510.125550018093 0 0)
(-476.090181294932 0 0)
(-446.619793516184 0 0)
(-420.808934529854 0 0)
(-397.977344445488 0 0)
(-377.619980924886 0 0)
(-359.323932103208 0 0)
(-342.768674039 0 0)
(-327.710470347346 0 0)
(-313.94933012775 0 0)
(-301.314703803842 0 0)
(-289.670861951941 0 0)
(-278.897020516151 0 0)
(-268.899169344822 0 0)
(-259.587633131953 0 0)
(-250.896664607132 0 0)
(-242.756901975365 0 0)
(-235.122254270361 0 0)
(-227.937023318862 0 0)
(-221.169381573142 0 0)
(-214.772777884444 0 0)
(-208.726247981716 0 0)
(-202.989321816595 0 0)
(-197.549513311346 0 0)
(-192.370462644774 0 0)
(-187.446372475649 0 0)
(-182.743678550826 0 0)
(-178.261991651315 0 0)
(-173.969561284542 0 0)
(-169.870516118072 0 0)
(-165.934183348653 0 0)
(-162.16852777968 0 0)
(-158.543465998295 0 0)
(-155.070222164478 0 0)
(-151.718996974454 0 0)
(-148.503798283576 0 0)
(-145.394889062944 0 0)
(-142.408694942048 0 0)
(-139.515362289225 0 0)
(-136.733444976532 0 0)
(-134.032852346809 0 0)
(-131.434007391623 0 0)
(-128.906526021181 0 0)
(-126.472458797387 0 0)
(-124.101111402932 0 0)
(-121.815951847249 0 0)
(-119.585969785399 0 0)
(-117.435877737091 0 0)
(-115.334348590113 0 0)
(-113.307190376639 0 0)
(-111.322772689944 0 0)
(-109.407858599278 0 0)
(-107.530545440645 0 0)
(-105.718417427268 0 0)
(-103.939339118349 0 0)
(-102.221596165333 0 0)
(-100.532857769863 0 0)
(-98.9020087865914 0 0)
(-97.2965570421856 0 0)
(-95.7458962311004 0 0)
(-94.2174085596956 0 0)
(-92.7409112982554 0 0)
(-91.2837011944778 0 0)
(-89.8759377130236 0 0)
(-88.4848734766709 0 0)
(-87.1409360058132 0 0)
(-85.8113718383645 0 0)
(-84.5268119302273 0 0)
(-83.2545300258064 0 0)
(-82.0253039435838 0 0)
(-80.8064655247853 0 0)
(-79.6288873530098 0 0)
(-78.4599898983881 0 0)
(-77.3306917331458 0 0)
(-76.2085315445448 0 0)
(-75.1244293369251 0 0)
(-74.0460688983331 0 0)
(-73.0043326400272 0 0)
(-71.9670725739412 0 0)
(-70.9650999271654 0 0)
(-69.9664548807946 0 0)
(-69.0018477870308 0 0)
(-68.0395252503227 0 0)
(-67.1100696157982 0 0)
(-66.1819511127485 0 0)
(-65.2855992479274 0 0)
(-64.3897233681075 0 0)
(-63.5245784839993 0 0)
(-62.6591260925346 0 0)
(-61.8234284827418 0 0)
(-60.9867097829618 0 0)
(-60.1788242252351 0 0)
(-59.3692672679384 0 0)
(-58.5876719300338 0 0)
(-57.8038124272319 0 0)
(-57.0470889428582 0 0)
(-56.2875609234995 0 0)
(-55.5543857628883 0 0)
(-54.8179131393161 0 0)
(-54.1070497886237 0 0)
(-53.3924390260406 0 0)
(-52.7027308354764 0 0)
(-52.0088641838489 0 0)
(-51.3392279097712 0 0)
(-50.6650575573051 0 0)
(-50.0144774934719 0 0)
(-49.3590201350472 0 0)
(-48.7265429148484 0 0)
(-48.0888746597822 0 0)
(-47.4736045303249 0 0)
(-46.8528564632915 0 0)
(-46.2539509720197 0 0)
(-45.6493049359553 0 0)
(-45.0659709562545 0 0)
(-44.4766559029132 0 0)
(-43.908145993519 0 0)
(-43.3334346647267 0 0)
(-42.7790438565943 0 0)
(-42.218249618798 0 0)
(-41.6773123379446 0 0)
(-41.1297864407099 0 0)
(-40.6016738502518 0 0)
(-40.0668027353294 0 0)
(-39.5509202372027 0 0)
(-39.0281231211783 0 0)
(-38.5239079862894 0 0)
(-38.0126347160952 0 0)
(-37.5195539453929 0 0)
(-37.0192829461126 0 0)
(-36.5368312857689 0 0)
(-36.0470677315231 0 0)
(-35.574765871827 0 0)
(-35.095039943373 0 0)
(-34.6324328303887 0 0)
(-34.1622980828728 0 0)
(-33.7089534375131 0 0)
(-33.2479853357749 0 0)
(-32.8034921372423 0 0)
(-32.3512866890973 0 0)
(-31.9152538892594 0 0)
(-31.4714263966176 0 0)
(-31.0434816377849 0 0)
(-30.6076654944512 0 0)
(-30.1874539920531 0 0)
(-29.7592995798368 0 0)
(-29.346483030011 0 0)
(-28.925656713559 0 0)
(-28.5199123278309 0 0)
(-28.1060954578134 0 0)
(-27.7071150265826 0 0)
(-27.3000030677502 0 0)
(-26.9074920789639 0 0)
(-26.5067937990937 0 0)
(-26.1204706091254 0 0)
(-25.7259072891826 0 0)
(-25.3455023848239 0 0)
(-24.9568070946831 0 0)
(-24.5820623762373 0 0)
(-24.1989792879354 0 0)
(-23.8296474245667 0 0)
(-23.4519311318167 0 0)
(-23.0877749393641 0 0)
(-22.7151898930083 0 0)
(-22.3559817341847 0 0)
(-21.988301719208 0 0)
(-21.633822910937 0 0)
(-21.2708304860768 0 0)
(-20.9208708331429 0 0)
(-20.5623568241056 0 0)
(-20.2167140823855 0 0)
(-19.8624771375759 0 0)
(-19.5209566108071 0 0)
(-19.1708026622226 0 0)
(-18.833216782618 0 0)
(-18.4869586938773 0 0)
(-18.1531191417988 0 0)
(-17.8105666643023 0 0)
(-17.4803137503889 0 0)
(-17.1413172202611 0 0)
(-16.8144891378758 0 0)
(-16.4788784335381 0 0)
(-16.1552621354964 0 0)
(-15.8229552754929 0 0)
(-15.5025323854801 0 0)
(-15.1732138594942 0 0)
(-14.8556821899121 0 0)
(-14.5292623837369 0 0)
(-14.2145055829932 0 0)
(-13.8908344761289 0 0)
(-13.5786969733614 0 0)
(-13.2576243334463 0 0)
(-12.9479797588196 0 0)
(-12.6293775643942 0 0)
(-12.3220919290208 0 0)
(-12.0058245427701 0 0)
(-11.70076475086 0 0)
(-11.3866993621066 0 0)
(-11.0837363684914 0 0)
(-10.7717443166603 0 0)
(-10.47075562324 0 0)
(-10.1607112369355 0 0)
(-9.8615722734543 0 0)
(-9.55335290643952 0 0)
(-9.25594535983439 0 0)
(-8.94942937033121 0 0)
(-8.65363640635096 0 0)
(-8.3487065936473 0 0)
(-8.05441359138122 0 0)
(-7.75095394746369 0 0)
(-7.45804834380859 0 0)
(-7.15594570413774 0 0)
(-6.86431704426757 0 0)
(-6.56345968036018 0 0)
(-6.27299915002174 0 0)
(-5.97327736405104 0 0)
(-5.68387869058811 0 0)
(-5.38518357491842 0 0)
(-5.0967412079173 0 0)
(-4.79896656643707 0 0)
(-4.51137583695048 0 0)
(-4.21441677454328 0 0)
(-3.92757458933773 0 0)
(-3.63132638869578 0 0)
(-3.3451314797711 0 0)
(-3.04949080555819 0 0)
(-2.76384176050835 0 0)
(-2.46870635040862 0 0)
(-2.18350355374085 0 0)
(-1.88877090525684 0 0)
(-1.60391501579486 0 0)
(-1.30948424790314 0 0)
(-1.02487561495681 0 0)
(-0.730646579403434 0 0)
(-0.44618576775309 0 0)
(-0.15204828497061 0 0)
(0.132342461177092 0 0)
(0.426478963215602 0 0)
(0.710938902314469 0 0)
(1.00516506605198 0 0)
(1.28977184102677 0 0)
(1.58419839230013 0 0)
(1.86905069537777 0 0)
(2.16377822960355 0 0)
(2.44897547233635 0 0)
(2.74410508622699 0 0)
(3.02974663568072 0 0)
(3.32538016098493 0 0)
(3.61156640415613 0 0)
(3.90780609156445 0 0)
(4.19463813315873 0 0)
(4.49158693008965 0 0)
(4.77916706594378 0 0)
(5.07692893939711 0 0)
(5.36535960951004 0 0)
(5.66404088105075 0 0)
(5.95342556245653 0 0)
(6.25313309295572 0 0)
(6.5435777572739 0 0)
(6.84441926982017 0 0)
(7.13603102139459 0 0)
(7.43811618313261 0 0)
(7.73100377642038 0 0)
(8.034444189879 0 0)
(8.32871772317538 0 0)
(8.63362687022265 0 0)
(8.92939835828398 0 0)
(9.2358918740317 0 0)
(9.53327645546462 0 0)
(9.8414731413553 0 0)
(10.1405873166136 0 0)
(10.4506060773904 0 0)
(10.7515707246324 0 0)
(11.0635346488685 0 0)
(11.366468664238 0 0)
(11.6805056197983 0 0)
(11.9855373224665 0 0)
(12.3017742996374 0 0)
(12.6090311310717 0 0)
(12.9276035677046 0 0)
(13.237221003795 0 0)
(13.5582678520276 0 0)
(13.8703852143349 0 0)
(14.1940381817355 0 0)
(14.5087840069316 0 0)
(14.8351895402988 0 0)
(15.152695981141 0 0)
(15.4819950458472 0 0)
(15.8024032501604 0 0)
(16.1346390746689 0 0)
(16.4581718208477 0 0)
(16.7937201532195 0 0)
(17.1204872732209 0 0)
(17.4594223693577 0 0)
(17.7896152487209 0 0)
(18.1321096162906 0 0)
(18.4658995036756 0 0)
(18.8121079126444 0 0)
(19.1496435193181 0 0)
(19.499745720555 0 0)
(19.8412138525654 0 0)
(20.1953968928774 0 0)
(20.5409851171933 0 0)
(20.899442956357 0 0)
(21.2493458991706 0 0)
(21.6122798763743 0 0)
(21.9666996714774 0 0)
(22.3343189291027 0 0)
(22.6934657029893 0 0)
(23.0659876541308 0 0)
(23.4300799943034 0 0)
(23.8077307999747 0 0)
(24.1769963220444 0 0)
(24.5600114213764 0 0)
(24.9346872696658 0 0)
(25.3233119565197 0 0)
(25.7036453963177 0 0)
(26.0981354380435 0 0)
(26.4843844622232 0 0)
(26.8850067479628 0 0)
(27.2774407697062 0 0)
(27.6844739269128 0 0)
(28.0833744848054 0 0)
(28.4971096653494 0 0)
(28.9027712081371 0 0)
(29.3235128141225 0 0)
(29.7362434766136 0 0)
(30.1643100414759 0 0)
(30.5844325001305 0 0)
(31.0201575657061 0 0)
(31.4480099868029 0 0)
(31.8917430584772 0 0)
(32.3276800872179 0 0)
(32.7797876584325 0 0)
(33.224181499334 0 0)
(33.6850481079488 0 0)
(34.1382896776707 0 0)
(34.6083191556377 0 0)
(35.0708193372142 0 0)
(35.5504360239767 0 0)
(36.0226269417683 0 0)
(36.5122771083093 0 0)
(36.9946136065435 0 0)
(37.4947669459686 0 0)
(37.9877280966302 0 0)
(38.49887924037 0 0)
(39.0029701194013 0 0)
(39.5256404267802 0 0)
(40.0413938474453 0 0)
(40.5761332314641 0 0)
(41.1041117819243 0 0)
(41.6515007571921 0 0)
(42.1922988276974 0 0)
(42.752950782812 0 0)
(43.3071969230628 0 0)
(43.8817604213031 0 0)
(44.4501198584347 0 0)
(45.0392812533948 0 0)
(45.6224587012446 0 0)
(46.2269449554618 0 0)
(46.8256875881791 0 0)
(47.4462693901566 0 0)
(48.0613701379147 0 0)
(48.6988653662079 0 0)
(49.3311665053187 0 0)
(49.9864439113955 0 0)
(50.6368409093997 0 0)
(51.3108242513767 0 0)
(51.9802700931672 0 0)
(52.6739424461729 0 0)
(53.3634524761572 0 0)
(54.0778612315032 0 0)
(54.7885183631813 0 0)
(55.5247805767727 0 0)
(56.2577411002721 0 0)
(57.0170497197027 0 0)
(57.7735495782122 0 0)
(58.5571801743432 0 0)
(59.3385421267331 0 0)
(60.1478602267166 0 0)
(60.9555017835843 0 0)
(61.7919711670295 0 0)
(62.6274135760917 0 0)
(63.4926053211406 0 0)
(64.3574833775693 0 0)
(65.2530863033798 0 0)
(66.1491592105058 0 0)
(67.0769915975743 0 0)
(68.0061551766596 0 0)
(68.9681779204901 0 0)
(69.9324785602565 0 0)
(70.9308096278846 0 0)
(71.9324602098593 0 0)
(72.9693911119437 0 0)
(74.0107889082017 0 0)
(75.0888034288515 0 0)
(76.1725502795794 0 0)
(77.2943460370642 0 0)
(78.4232708838268 0 0)
(79.5917842414272 0 0)
(80.7689692457579 0 0)
(81.9874032084314 0 0)
(83.2162140685753 0 0)
(84.4880700847154 0 0)
(85.7721909780128 0 0)
(87.101305575395 0 0)
(88.4447794031343 0 0)
(89.8353672894745 0 0)
(91.2426414038302 0 0)
(92.6993459454147 0 0)
(94.1753254317801 0 0)
(95.7032773402319 0 0)
(97.2533877773286 0 0)
(98.8582725817984 0 0)
(100.488535039543 0 0)
(102.176672220559 0 0)
(103.893790966927 0 0)
(105.672228368855 0 0)
(107.483693645778 0 0)
(109.360321091178 0 0)
(111.274530221868 0 0)
(113.258215155768 0 0)
(115.284618802899 0 0)
(117.385366688001 0 0)
(119.534647076385 0 0)
(121.763793692453 0 0)
(124.048080587155 0 0)
(126.418526681426 0 0)
(128.851657149619 0 0)
(131.3781591581 0 0)
(133.975993497558 0 0)
(136.6755217114 0 0)
(139.456335854404 0 0)
(142.348513685844 0 0)
(145.333493571839 0 0)
(148.441143330417 0 0)
(151.655007217879 0 0)
(155.00484205637 0 0)
(158.476623088355 0 0)
(162.100137805873 0 0)
(165.8641796497 0 0)
(169.798795311437 0 0)
(173.896036482728 0 0)
(178.186567725544 0 0)
(182.666227444278 0 0)
(187.366804695984 0 0)
(192.288632386651 0 0)
(197.465293686018 0 0)
(202.902589393659 0 0)
(208.636819941563 0 0)
(214.680540814057 0 0)
(221.074153428466 0 0)
(227.83864480574 0 0)
(235.020611587525 0 0)
(242.651806450897 0 0)
(250.788055864321 0 0)
(259.475439726817 0 0)
(268.783376221545 0 0)
(278.777845153152 0 0)
(289.548587567111 0 0)
(301.190045940923 0 0)
(313.823552045676 0 0)
(327.585544561789 0 0)
(342.648157940635 0 0)
(359.213286433387 0 0)
(377.528044370925 0 0)
(397.917362434608 0 0)
(420.799601069382 0 0)
(446.687028673499 0 0)
(476.266445268607 0 0)
(510.446679956594 0 0)
(550.527810024379 0 0)
(598.14449995637 0 0)
(655.436564982366 0 0)
(725.711937788146 0 0)
(811.756693137294 0 0)
(918.036947229622 0 0)
(1050.24392759352 0 0)
(1213.46925203188 0 0)
(1410.70522318851 0 0)
(1634.24133738712 0 0)
(1871.61668812528 0 0)
(2109.65713973354 0 0)
(2333.05508603625 0 0)
(2528.07364740031 0 0)
(2748.81642572718 0 0)
)
;

boundaryField
{
    electrode
    {
        type            zeroGradient;
    }
    ground
    {
        type            zeroGradient;
    }
    otherfaces
    {
        type            empty;
    }
}


// ************************************************************************* //
