/*--------------------------------*- C++ -*----------------------------------*\
| =========                 |                                                 |
| \\      /  F ield         | foam-extend: Open Source CFD                    |
|  \\    /   O peration     | Version:     4.1                                |
|   \\  /    A nd           | Web:         http://www.foam-extend.org         |
|    \\/     M anipulation  |                                                 |
\*---------------------------------------------------------------------------*/
FoamFile
{
    version     2.0;
    format      ascii;
    class       volVectorField;
    location    "1.50100000171593e-05";
    object      Flux_Arp1;
}
// * * * * * * * * * * * * * * * * * * * * * * * * * * * * * * * * * * * * * //

dimensions      [0 -2 -1 0 0 0 0];

internalField   nonuniform List<vector> 
500
(
(-1.91409688022339e+21 -0 -0)
(-1.91072406761415e+21 -0 -0)
(-1.87110523204265e+21 -0 -0)
(-1.8435431152264e+21 -0 -0)
(-1.81605360129133e+21 -0 -0)
(-1.79187864860693e+21 -0 -0)
(-1.7546755876281e+21 -0 -0)
(-1.71892811677855e+21 -0 -0)
(-1.68858485112816e+21 -0 -0)
(-1.6610673410799e+21 -0 -0)
(-1.62399012753425e+21 -0 -0)
(-1.58496477296231e+21 -0 -0)
(-1.5578574484613e+21 -0 -0)
(-1.52776135619854e+21 -0 -0)
(-1.4909492684648e+21 -0 -0)
(-1.45937595726779e+21 -0 -0)
(-1.43353952131268e+21 -0 -0)
(-1.40375291735087e+21 -0 -0)
(-1.37009223765288e+21 -0 -0)
(-1.35013500524881e+21 -0 -0)
(-1.32791770399293e+21 -0 -0)
(-1.30438238231255e+21 -0 -0)
(-1.28354971178824e+21 -0 -0)
(-1.27315089395001e+21 -0 -0)
(-1.26213232272619e+21 -0 -0)
(-1.25207421705716e+21 -0 -0)
(-1.24375541145383e+21 -0 -0)
(-1.24439617474946e+21 -0 -0)
(-1.24905884245962e+21 -0 -0)
(-1.25576551202889e+21 -0 -0)
(-1.26605620135678e+21 -0 -0)
(-1.28067740155748e+21 -0 -0)
(-1.29961224159494e+21 -0 -0)
(-1.32305992418476e+21 -0 -0)
(-1.35066300048523e+21 -0 -0)
(-1.38204068409321e+21 -0 -0)
(-1.41805720353319e+21 -0 -0)
(-1.45962245642142e+21 -0 -0)
(-1.50590295833927e+21 -0 -0)
(-1.55563802548263e+21 -0 -0)
(-1.60840327264089e+21 -0 -0)
(-1.66599499529236e+21 -0 -0)
(-1.72731446828974e+21 -0 -0)
(-1.78967635119038e+21 -0 -0)
(-1.85506007469996e+21 -0 -0)
(-1.92259398510696e+21 -0 -0)
(-1.98933838179073e+21 -0 -0)
(-2.05695069614359e+21 -0 -0)
(-2.12483178239298e+21 -0 -0)
(-2.19212872509071e+21 -0 -0)
(-2.25831373411986e+21 -0 -0)
(-2.32168357838437e+21 -0 -0)
(-2.38257042279296e+21 -0 -0)
(-2.43933881678094e+21 -0 -0)
(-2.49235852963748e+21 -0 -0)
(-2.54061866476123e+21 -0 -0)
(-2.58425153031862e+21 -0 -0)
(-2.6232350147376e+21 -0 -0)
(-2.65707440650754e+21 -0 -0)
(-2.68608308987791e+21 -0 -0)
(-2.70824658295179e+21 -0 -0)
(-2.72731472520414e+21 -0 -0)
(-2.74973412836832e+21 -0 -0)
(-2.76670327278243e+21 -0 -0)
(-2.77975594013264e+21 -0 -0)
(-2.79062510297911e+21 -0 -0)
(-2.79885965224553e+21 -0 -0)
(-2.80336359455512e+21 -0 -0)
(-2.8037544749013e+21 -0 -0)
(-2.80106172099484e+21 -0 -0)
(-2.80054951872985e+21 -0 -0)
(-2.80037334706791e+21 -0 -0)
(-2.79882890822173e+21 -0 -0)
(-2.79604710743654e+21 -0 -0)
(-2.79218526949733e+21 -0 -0)
(-2.78741080105625e+21 -0 -0)
(-2.7817955495744e+21 -0 -0)
(-2.77530879087701e+21 -0 -0)
(-2.76802682068048e+21 -0 -0)
(-2.76019470765365e+21 -0 -0)
(-2.75164903373072e+21 -0 -0)
(-2.74286877372347e+21 -0 -0)
(-2.73386632884482e+21 -0 -0)
(-2.72468784515659e+21 -0 -0)
(-2.71548588565161e+21 -0 -0)
(-2.70640058453161e+21 -0 -0)
(-2.69737033272249e+21 -0 -0)
(-2.68830001730203e+21 -0 -0)
(-2.67917903329269e+21 -0 -0)
(-2.67000545662122e+21 -0 -0)
(-2.66078107635468e+21 -0 -0)
(-2.65149232108061e+21 -0 -0)
(-2.64042271797117e+21 -0 -0)
(-2.62913090242898e+21 -0 -0)
(-2.61779979321682e+21 -0 -0)
(-2.60643453472563e+21 -0 -0)
(-2.5950339348687e+21 -0 -0)
(-2.5835964230119e+21 -0 -0)
(-2.57212078574414e+21 -0 -0)
(-2.56060558493532e+21 -0 -0)
(-2.54905055792214e+21 -0 -0)
(-2.53745490578104e+21 -0 -0)
(-2.52581939654179e+21 -0 -0)
(-2.51414433223508e+21 -0 -0)
(-2.50243205424813e+21 -0 -0)
(-2.49069809676196e+21 -0 -0)
(-2.47895518203998e+21 -0 -0)
(-2.46716736505029e+21 -0 -0)
(-2.45528410967835e+21 -0 -0)
(-2.44329514960149e+21 -0 -0)
(-2.43120260960736e+21 -0 -0)
(-2.41900338642161e+21 -0 -0)
(-2.40669542225557e+21 -0 -0)
(-2.39427726908233e+21 -0 -0)
(-2.38174816848029e+21 -0 -0)
(-2.36910734942754e+21 -0 -0)
(-2.35635486343301e+21 -0 -0)
(-2.3434903853335e+21 -0 -0)
(-2.33051426066395e+21 -0 -0)
(-2.31742653750063e+21 -0 -0)
(-2.30422783419953e+21 -0 -0)
(-2.29091822187787e+21 -0 -0)
(-2.27749847157375e+21 -0 -0)
(-2.26396877455704e+21 -0 -0)
(-2.25033014513347e+21 -0 -0)
(-2.2365828244017e+21 -0 -0)
(-2.22272767073094e+21 -0 -0)
(-2.2087651135975e+21 -0 -0)
(-2.1946958424669e+21 -0 -0)
(-2.18052078655806e+21 -0 -0)
(-2.16624043710287e+21 -0 -0)
(-2.15185552759106e+21 -0 -0)
(-2.13736681834975e+21 -0 -0)
(-2.12277502431702e+21 -0 -0)
(-2.1080808790748e+21 -0 -0)
(-2.09328522170304e+21 -0 -0)
(-2.07838864749632e+21 -0 -0)
(-2.06339180748989e+21 -0 -0)
(-2.04829555881192e+21 -0 -0)
(-2.03310063510903e+21 -0 -0)
(-2.01780781388201e+21 -0 -0)
(-2.00241775350839e+21 -0 -0)
(-1.98693129329063e+21 -0 -0)
(-1.97134915692726e+21 -0 -0)
(-1.9556722452123e+21 -0 -0)
(-1.93990118378242e+21 -0 -0)
(-1.92403692215621e+21 -0 -0)
(-1.90808028553229e+21 -0 -0)
(-1.89203183225941e+21 -0 -0)
(-1.87589257355969e+21 -0 -0)
(-1.85966325275517e+21 -0 -0)
(-1.8433446340388e+21 -0 -0)
(-1.82693763858424e+21 -0 -0)
(-1.81044306423242e+21 -0 -0)
(-1.793861590202e+21 -0 -0)
(-1.77719418235241e+21 -0 -0)
(-1.76044155090484e+21 -0 -0)
(-1.74360455651725e+21 -0 -0)
(-1.72668420695602e+21 -0 -0)
(-1.70968100620951e+21 -0 -0)
(-1.69259611735163e+21 -0 -0)
(-1.67543019618011e+21 -0 -0)
(-1.65818404011061e+21 -0 -0)
(-1.64085870422328e+21 -0 -0)
(-1.62345487784023e+21 -0 -0)
(-1.60597338088122e+21 -0 -0)
(-1.58841516014978e+21 -0 -0)
(-1.57078093662088e+21 -0 -0)
(-1.55307167377059e+21 -0 -0)
(-1.53528821612652e+21 -0 -0)
(-1.51743119137768e+21 -0 -0)
(-1.49950169314555e+21 -0 -0)
(-1.48150047635046e+21 -0 -0)
(-1.4634284127108e+21 -0 -0)
(-1.44528627079668e+21 -0 -0)
(-1.42707493662552e+21 -0 -0)
(-1.40879540234216e+21 -0 -0)
(-1.39044824295739e+21 -0 -0)
(-1.3720344609504e+21 -0 -0)
(-1.3535549542243e+21 -0 -0)
(-1.33501042255579e+21 -0 -0)
(-1.31640186883545e+21 -0 -0)
(-1.29773000390034e+21 -0 -0)
(-1.27899574350521e+21 -0 -0)
(-1.26019999920953e+21 -0 -0)
(-1.2413434940236e+21 -0 -0)
(-1.222427235017e+21 -0 -0)
(-1.20345187046764e+21 -0 -0)
(-1.18441840948999e+21 -0 -0)
(-1.16532759588325e+21 -0 -0)
(-1.1461804377246e+21 -0 -0)
(-1.12697760126467e+21 -0 -0)
(-1.10772001102312e+21 -0 -0)
(-1.08840850973214e+21 -0 -0)
(-1.06904402020918e+21 -0 -0)
(-1.04962723023081e+21 -0 -0)
(-1.03015914328512e+21 -0 -0)
(-1.01064060612491e+21 -0 -0)
(-9.91072393958111e+20 -0 -0)
(-9.71455286329714e+20 -0 -0)
(-9.51790344797938e+20 -0 -0)
(-9.3207820654809e+20 -0 -0)
(-9.12319792850431e+20 -0 -0)
(-8.92516016006156e+20 -0 -0)
(-8.72667595490861e+20 -0 -0)
(-8.52775510828991e+20 -0 -0)
(-8.32840426806315e+20 -0 -0)
(-8.12863384080296e+20 -0 -0)
(-7.9284506093841e+20 -0 -0)
(-7.72786437687305e+20 -0 -0)
(-7.52688265489331e+20 -0 -0)
(-7.32551523858117e+20 -0 -0)
(-7.12376979908275e+20 -0 -0)
(-6.92165524242479e+20 -0 -0)
(-6.71918059601453e+20 -0 -0)
(-6.51635502063849e+20 -0 -0)
(-6.31318743308176e+20 -0 -0)
(-6.10968744210474e+20 -0 -0)
(-5.90586513985596e+20 -0 -0)
(-5.70173535090004e+20 -0 -0)
(-5.49728764619272e+20 -0 -0)
(-5.2924993810914e+20 -0 -0)
(-5.08745152234388e+20 -0 -0)
(-4.88218796699785e+20 -0 -0)
(-4.67660932379523e+20 -0 -0)
(-4.47067877550002e+20 -0 -0)
(-4.2644157194968e+20 -0 -0)
(-4.05781790520396e+20 -0 -0)
(-3.8508855720873e+20 -0 -0)
(-3.64361948769511e+20 -0 -0)
(-3.43602207326578e+20 -0 -0)
(-3.2280953516859e+20 -0 -0)
(-3.01984194859976e+20 -0 -0)
(-2.81126464524604e+20 -0 -0)
(-2.60236654715377e+20 -0 -0)
(-2.39315096299725e+20 -0 -0)
(-2.18362058712455e+20 -0 -0)
(-1.97377910896302e+20 -0 -0)
(-1.76362993895691e+20 -0 -0)
(-1.55317667486239e+20 -0 -0)
(-1.34242281434689e+20 -0 -0)
(-1.13137169946085e+20 -0 -0)
(-9.20026593524833e+19 -0 -0)
(-7.08390427203669e+19 -0 -0)
(-4.96465705370028e+19 -0 -0)
(-2.84256018202689e+19 -0 -0)
(-7.24767648855344e+18 -0 -0)
(1.41134166411616e+19 -0 -0)
(3.53455821074044e+19 -0 -0)
(5.65886278368894e+19 -0 -0)
(7.78112743138127e+19 -0 -0)
(9.90255996651215e+19 -0 -0)
(1.20228478310073e+20 -0 -0)
(1.41410296769317e+20 -0 -0)
(1.62577015182274e+20 -0 -0)
(1.83727259392824e+20 -0 -0)
(2.04860577113671e+20 -0 -0)
(2.25976538696665e+20 -0 -0)
(2.47074644031335e+20 -0 -0)
(2.68154445680606e+20 -0 -0)
(2.89215498723862e+20 -0 -0)
(3.10257301181629e+20 -0 -0)
(3.31279487791511e+20 -0 -0)
(3.52281633538549e+20 -0 -0)
(3.73263398959709e+20 -0 -0)
(3.94224422803282e+20 -0 -0)
(4.15164468406282e+20 -0 -0)
(4.3608322657117e+20 -0 -0)
(4.56980381278544e+20 -0 -0)
(4.77855697600722e+20 -0 -0)
(4.98708938347501e+20 -0 -0)
(5.19539943348912e+20 -0 -0)
(5.40348524089392e+20 -0 -0)
(5.6113462146722e+20 -0 -0)
(5.81898229733184e+20 -0 -0)
(6.02639552184731e+20 -0 -0)
(6.23357770604594e+20 -0 -0)
(6.44053405541275e+20 -0 -0)
(6.64729431595064e+20 -0 -0)
(6.8538425612169e+20 -0 -0)
(7.06015438195954e+20 -0 -0)
(7.26623610901284e+20 -0 -0)
(7.47208615930659e+20 -0 -0)
(7.67769410219545e+20 -0 -0)
(7.88305280437987e+20 -0 -0)
(8.08815351317197e+20 -0 -0)
(8.29298811119424e+20 -0 -0)
(8.49754760840732e+20 -0 -0)
(8.70182281747706e+20 -0 -0)
(8.90580505020567e+20 -0 -0)
(9.1094842031549e+20 -0 -0)
(9.31285141706295e+20 -0 -0)
(9.51589710391388e+20 -0 -0)
(9.71861160701374e+20 -0 -0)
(9.92098526148402e+20 -0 -0)
(1.01230083791113e+21 -0 -0)
(1.03246720247989e+21 -0 -0)
(1.05259665337866e+21 -0 -0)
(1.07268806921255e+21 -0 -0)
(1.09274072377082e+21 -0 -0)
(1.11275349545166e+21 -0 -0)
(1.13272540623846e+21 -0 -0)
(1.15265555439161e+21 -0 -0)
(1.17254295072945e+21 -0 -0)
(1.19238652177934e+21 -0 -0)
(1.21218536597946e+21 -0 -0)
(1.23193840382371e+21 -0 -0)
(1.25164464553211e+21 -0 -0)
(1.271303100672e+21 -0 -0)
(1.29091277826632e+21 -0 -0)
(1.31047268883911e+21 -0 -0)
(1.32998184051426e+21 -0 -0)
(1.34943914317961e+21 -0 -0)
(1.36884351471188e+21 -0 -0)
(1.38819414883234e+21 -0 -0)
(1.40748983748173e+21 -0 -0)
(1.42672962246215e+21 -0 -0)
(1.44591254596684e+21 -0 -0)
(1.4650375283322e+21 -0 -0)
(1.48410359273004e+21 -0 -0)
(1.50310965324502e+21 -0 -0)
(1.52205473485611e+21 -0 -0)
(1.54093775493363e+21 -0 -0)
(1.55975774141071e+21 -0 -0)
(1.57851360638155e+21 -0 -0)
(1.59720426858974e+21 -0 -0)
(1.61582876628159e+21 -0 -0)
(1.63438601893071e+21 -0 -0)
(1.65287482695589e+21 -0 -0)
(1.67129436360956e+21 -0 -0)
(1.68964356043792e+21 -0 -0)
(1.70792109425771e+21 -0 -0)
(1.72612615607391e+21 -0 -0)
(1.74425769171489e+21 -0 -0)
(1.76231438390303e+21 -0 -0)
(1.78029544516633e+21 -0 -0)
(1.79819956586221e+21 -0 -0)
(1.81602584253803e+21 -0 -0)
(1.83377296819324e+21 -0 -0)
(1.85144018349902e+21 -0 -0)
(1.86902604516543e+21 -0 -0)
(1.88652966949402e+21 -0 -0)
(1.90394989367371e+21 -0 -0)
(1.92128556941595e+21 -0 -0)
(1.93853571814467e+21 -0 -0)
(1.95569909013526e+21 -0 -0)
(1.97277459710426e+21 -0 -0)
(1.98976130952178e+21 -0 -0)
(2.0066580099188e+21 -0 -0)
(2.02346349174291e+21 -0 -0)
(2.04017686534741e+21 -0 -0)
(2.05679695272065e+21 -0 -0)
(2.07332258720383e+21 -0 -0)
(2.08975261658604e+21 -0 -0)
(2.10608607124552e+21 -0 -0)
(2.12232184050514e+21 -0 -0)
(2.13845850920553e+21 -0 -0)
(2.15449533321547e+21 -0 -0)
(2.17043110636848e+21 -0 -0)
(2.18626447983682e+21 -0 -0)
(2.20199445851812e+21 -0 -0)
(2.21761991539818e+21 -0 -0)
(2.23313992792028e+21 -0 -0)
(2.24855291102771e+21 -0 -0)
(2.26385817362679e+21 -0 -0)
(2.27905437792977e+21 -0 -0)
(2.29414039276192e+21 -0 -0)
(2.30911512648596e+21 -0 -0)
(2.32397735356418e+21 -0 -0)
(2.33872589532517e+21 -0 -0)
(2.35335980928423e+21 -0 -0)
(2.36787784213886e+21 -0 -0)
(2.38227897148823e+21 -0 -0)
(2.3965618666961e+21 -0 -0)
(2.41072544297697e+21 -0 -0)
(2.42476848241118e+21 -0 -0)
(2.438690021178e+21 -0 -0)
(2.45248858726032e+21 -0 -0)
(2.46616314655732e+21 -0 -0)
(2.47971234221814e+21 -0 -0)
(2.49313506513965e+21 -0 -0)
(2.50642985395505e+21 -0 -0)
(2.51959547245519e+21 -0 -0)
(2.53263010699185e+21 -0 -0)
(2.54553252478797e+21 -0 -0)
(2.5583006340037e+21 -0 -0)
(2.57093243665072e+21 -0 -0)
(2.58342597720618e+21 -0 -0)
(2.5957782153228e+21 -0 -0)
(2.60798612892216e+21 -0 -0)
(2.6200462781225e+21 -0 -0)
(2.63195429247852e+21 -0 -0)
(2.64369645285906e+21 -0 -0)
(2.6552983192379e+21 -0 -0)
(2.66687511154563e+21 -0 -0)
(2.67849372079649e+21 -0 -0)
(2.69010614351706e+21 -0 -0)
(2.70166839636096e+21 -0 -0)
(2.71317114570672e+21 -0 -0)
(2.72461099147592e+21 -0 -0)
(2.73598850379969e+21 -0 -0)
(2.74730616573872e+21 -0 -0)
(2.75856991202739e+21 -0 -0)
(2.7697781070463e+21 -0 -0)
(2.78012773611995e+21 -0 -0)
(2.78928062988984e+21 -0 -0)
(2.79828641831433e+21 -0 -0)
(2.80715267951917e+21 -0 -0)
(2.8158854704301e+21 -0 -0)
(2.82450352990943e+21 -0 -0)
(2.83305457169675e+21 -0 -0)
(2.84157611346889e+21 -0 -0)
(2.85007810012575e+21 -0 -0)
(2.85857862597888e+21 -0 -0)
(2.86711110773393e+21 -0 -0)
(2.87576191287742e+21 -0 -0)
(2.88462108710536e+21 -0 -0)
(2.89357265643792e+21 -0 -0)
(2.90224498305285e+21 -0 -0)
(2.9110972633881e+21 -0 -0)
(2.92021897373629e+21 -0 -0)
(2.92973646758291e+21 -0 -0)
(2.93939087677267e+21 -0 -0)
(2.94885933568331e+21 -0 -0)
(2.95832356461262e+21 -0 -0)
(2.96803764410235e+21 -0 -0)
(2.97812032759148e+21 -0 -0)
(2.99444998787736e+21 -0 -0)
(3.01351752331488e+21 -0 -0)
(3.03424485069612e+21 -0 -0)
(3.05690829008311e+21 -0 -0)
(3.08050557174881e+21 -0 -0)
(3.10273585918442e+21 -0 -0)
(3.1359966347601e+21 -0 -0)
(3.17650203579764e+21 -0 -0)
(3.21874847335979e+21 -0 -0)
(3.26097195531762e+21 -0 -0)
(3.31397050283259e+21 -0 -0)
(3.38249413549323e+21 -0 -0)
(3.44742303157323e+21 -0 -0)
(3.51394604934474e+21 -0 -0)
(3.60740053270948e+21 -0 -0)
(3.68811426445864e+21 -0 -0)
(3.78554386063376e+21 -0 -0)
(3.89260094561394e+21 -0 -0)
(3.98505982387665e+21 -0 -0)
(4.11284827270493e+21 -0 -0)
(4.20388298962856e+21 -0 -0)
(4.34080742547106e+21 -0 -0)
(4.44030480245515e+21 -0 -0)
(4.5632033950881e+21 -0 -0)
(4.66583181037596e+21 -0 -0)
(4.76318939891235e+21 -0 -0)
(4.86452755169196e+21 -0 -0)
(4.92198680522892e+21 -0 -0)
(5.01832482249704e+21 -0 -0)
(5.07252692955655e+21 -0 -0)
(5.11121130762852e+21 -0 -0)
(5.16526941387362e+21 -0 -0)
(5.18665069944692e+21 -0 -0)
(5.17796124770871e+21 -0 -0)
(5.20614337898979e+21 -0 -0)
(5.20906651661989e+21 -0 -0)
(5.191890445114e+21 -0 -0)
(5.15790474987829e+21 -0 -0)
(5.13854720552872e+21 -0 -0)
(5.1217403747603e+21 -0 -0)
(5.09321232918551e+21 -0 -0)
(5.05571969551978e+21 -0 -0)
(5.0107374685038e+21 -0 -0)
(4.96045048746542e+21 -0 -0)
(4.91123002159574e+21 -0 -0)
(4.88036191586621e+21 -0 -0)
(4.84383156442521e+21 -0 -0)
(4.80380086667966e+21 -0 -0)
(4.7610897631722e+21 -0 -0)
(4.71710020771568e+21 -0 -0)
(4.67102154999273e+21 -0 -0)
(4.62401709802682e+21 -0 -0)
(4.57602310211155e+21 -0 -0)
(4.52912418365364e+21 -0 -0)
(4.48137472665079e+21 -0 -0)
(4.45041220870019e+21 -0 -0)
(4.41729858195735e+21 -0 -0)
(4.38621398883128e+21 -0 -0)
(4.35142665060184e+21 -0 -0)
(4.32074979156358e+21 -0 -0)
(4.28662676062638e+21 -0 -0)
(4.25795140139559e+21 -0 -0)
(4.22282483858784e+21 -0 -0)
(4.19673512051366e+21 -0 -0)
(4.16260868105487e+21 -0 -0)
(4.13933015283073e+21 -0 -0)
(4.10387372452455e+21 -0 -0)
(4.08453652630054e+21 -0 -0)
(4.04926428637346e+21 -0 -0)
(4.0343119850996e+21 -0 -0)
(3.99634367359031e+21 -0 -0)
(3.98810134392033e+21 -0 -0)
(3.92672537815589e+21 -0 -0)
)
;

boundaryField
{
    electrode
    {
        type            calculated;
        value           uniform (-1.95789016274598e+21 -0 -0);
    }
    ground
    {
        type            calculated;
        value           uniform (3.94905973005236e+21 -0 -0);
    }
    otherfaces
    {
        type            empty;
    }
}


// ************************************************************************* //
