/*--------------------------------*- C++ -*----------------------------------*\
| =========                 |                                                 |
| \\      /  F ield         | foam-extend: Open Source CFD                    |
|  \\    /   O peration     | Version:     4.1                                |
|   \\  /    A nd           | Web:         http://www.foam-extend.org         |
|    \\/     M anipulation  |                                                 |
\*---------------------------------------------------------------------------*/
FoamFile
{
    version     2.0;
    format      ascii;
    class       volScalarField;
    location    "1.50009999935002e-05";
    object      diffusionelectron;
}
// * * * * * * * * * * * * * * * * * * * * * * * * * * * * * * * * * * * * * //

dimensions      [0 2 -1 0 0 0 0];

internalField   nonuniform List<scalar> 
500
(
45.3325199741649
46.1587959697216
46.6993037335225
47.0645830335609
47.3601820731221
47.5582517248598
47.674574124603
47.7371437254571
47.7461824137504
47.7129343801052
47.6478004570966
47.5721277614351
47.4855990217117
47.3822836828836
47.2735263606785
47.1779341998578
47.0922149973971
47.0128091032653
46.9400353162382
46.8737229187917
46.8204366180096
46.7784521560345
46.7397861610543
46.7038995765122
46.6678283333878
46.6268157335266
46.5882678564386
46.5518781491479
46.5176924641758
46.4854348274551
46.4562001456544
46.4315209117948
46.4083548511362
46.3864847367314
46.3657077111734
46.3460138019086
46.3274791873228
46.3100675164688
46.2936520549953
46.278135467044
46.2655261477616
46.2539914625589
46.243125481217
46.2329021937767
46.223299012594
46.2142624067289
46.2057596626482
46.197758043025
46.1902398081557
46.183176319649
46.1765561737004
46.1703469911201
46.164544233347
46.1591190051205
46.1540739664657
46.1493568747264
46.1449768566901
46.1409102032259
46.1371320522848
46.1336265748342
46.1304004389883
46.1274174462443
46.124682192817
46.122175248839
46.1198802408878
46.1177879825207
46.1158956729324
46.1141875307311
46.1124830011967
46.1108451028822
46.1093895862648
46.1081017779275
46.1069891868718
46.1060281181033
46.1052095058516
46.1045275222663
46.1039757447272
46.1035395102133
46.1032188235156
46.1030054377523
46.1028826471149
46.1028565732067
46.1029075665449
46.10303787819
46.1032399996103
46.1035059737607
46.1038319990739
46.104221671827
46.1046553081841
46.1051395714235
46.1056578910687
46.1062238826536
46.106816514216
46.1074411480408
46.1080952258221
46.1087720937972
46.1094648269154
46.1101776842787
46.1109070477503
46.1116490606993
46.1123996386153
46.1131582840619
46.1138480151512
46.1144908155517
46.1151275405218
46.1157721616691
46.11640796842
46.1170485884604
46.1176846101646
46.1183102815244
46.1189349558899
46.1195449697077
46.1201494038477
46.120745773989
46.1213352877718
46.1219152265084
46.1224827620699
46.1230425882723
46.1235878639661
46.1241230917864
46.1246450623983
46.1251542951747
46.1256512310665
46.1261324249137
46.1266096093349
46.1270639566396
46.1275108823302
46.1279390621706
46.1283599879906
46.1287660409915
46.1291571784879
46.1295333133448
46.1298981278289
46.1302514540717
46.1305892769185
46.1309189821225
46.1312288680163
46.1315300715939
46.1318222707185
46.1321013084201
46.1323668169364
46.1326222192528
46.1328632996125
46.1330896362632
46.1333160370613
46.1335268104462
46.1337253068613
46.1339110581953
46.1340912082285
46.1342614610836
46.1344213269978
46.1345741217497
46.1347155361627
46.134852691082
46.1349774629099
46.1350931589349
46.135203087763
46.1353067482287
46.1354074502783
46.1354932656904
46.1355789426412
46.1356563706219
46.1357250630331
46.1357921602827
46.1358533763673
46.1359120513458
46.1359601017163
46.1360046903346
46.1360491774126
46.136085499553
46.1361246515898
46.1361547745334
46.1361792586783
46.1362053125735
46.1362211012597
46.1362452809341
46.1362584126513
46.1362753590591
46.1362843195072
46.1362963634446
46.1363073282401
46.1363092515849
46.1363170371553
46.1363265471291
46.1363298447529
46.1363342423226
46.1363356289481
46.1363413332819
46.1363434517457
46.1363493298122
46.1363510804844
46.1363560659571
46.136360225924
46.1363633179121
46.1363651075902
46.1363729908336
46.136379125391
46.1363871101158
46.1364005519278
46.1364116335891
46.136420164542
46.1364412030714
46.136455521613
46.1364743808343
46.1364899967136
46.1365136407974
46.1365337423782
46.1365616054543
46.1365856124095
46.1366170235888
46.1366481703266
46.1366865883701
46.1367168656719
46.136757926721
46.1367982445303
46.1368491448887
46.1368952856848
46.1369480035948
46.136999588539
46.137053761601
46.1371104389227
46.1371733542803
46.137234810803
46.1373061643822
46.137375916548
46.1374554314717
46.1375255940372
46.1376092045935
46.1376909638458
46.1377822447038
46.1378677530607
46.1379588687213
46.1380593530474
46.1381577251471
46.1382615550919
46.1383669894433
46.1384777961798
46.1385939315334
46.1387077317368
46.1388305851701
46.13895483199
46.1390842400213
46.1392111476582
46.1393469476896
46.1394877912187
46.1396260164439
46.1397730046315
46.1399249279788
46.1400779147823
46.1402318676399
46.1403944176517
46.140565528629
46.1407298987265
46.1409027782334
46.1410764860448
46.1412585581677
46.1414413279044
46.1416323596269
46.1418239767814
46.1420161217808
46.142220164333
46.1424208038354
46.1426294029283
46.1428420833511
46.1430587707996
46.1432793883428
46.1435038635536
46.1437359258911
46.1439640531475
46.1442033855976
46.1444500173941
46.1446962308128
46.1449495398778
46.1452060260605
46.145465573246
46.1457280600756
46.1460009799079
46.1462765858722
46.1465585507523
46.1468429197523
46.147133351597
46.1474296952547
46.1477317928041
46.1480394736784
46.1483563706951
46.1486708790299
46.1489904281648
46.1493262497171
46.1496590854451
46.1500039762179
46.1503531496943
46.1507025237195
46.1510670021547
46.1514311510929
46.1518100082736
46.1521918709713
46.1525802635278
46.1529749094771
46.1533717127946
46.1537817994939
46.154204862043
46.1546291597955
46.1550657884629
46.1555029874883
46.1559518307785
46.1564157667009
46.1568830033163
46.1573569661998
46.1578448782655
46.1583425287123
46.1588418878119
46.1593577571547
46.1598858911538
46.1604220328022
46.1609657191209
46.1615278956302
46.1620966557174
46.1626791136175
46.163270950568
46.1638716432252
46.1644844614245
46.1651164679329
46.1657594891211
46.1664129503537
46.1670800708656
46.1677678621897
46.1684642950526
46.1691763567006
46.1699034094686
46.1706486099464
46.1714074909539
46.1721793786866
46.1729711980256
46.1737746418275
46.1746004158583
46.1754401904495
46.1763008440255
46.1771778295743
46.1780741992026
46.1789929950138
46.17993344466
46.1808871588831
46.1818609556252
46.1828578398588
46.1838770053613
46.1849214418472
46.1859827224539
46.1870638247469
46.188175325453
46.1893087826551
46.1904633570139
46.1916420075708
46.1928476919291
46.194079563125
46.195332972108
46.1966146777935
46.1979238351379
46.1992634037364
46.2006249446554
46.2020114272862
46.2034372291363
46.2048863298524
46.20635792276
46.2078664109128
46.2094072084564
46.2109719452881
46.2125712644557
46.2142006294056
46.2158631194494
46.2175504388826
46.2192733088878
46.2210310784062
46.2228193258154
46.2246412547602
46.2265000990899
46.2283915310335
46.2303112616572
46.2322702251758
46.2342604135235
46.2362814568136
46.2383406211777
46.240430039016
46.2425570763077
46.2447215619914
46.2469157942724
46.2491435154514
46.2514085309005
46.2537071245559
46.2560432371087
46.258405712296
46.2608062252945
46.2632375704778
46.2657040028996
46.2681984896248
46.2707254646538
46.2732894586367
46.27589886845
46.2790548424471
46.2822354421662
46.2854645577716
46.2887207082233
46.292009065176
46.2953311348266
46.2986809789959
46.3020679387311
46.3054749852582
46.3089155244976
46.3123766034337
46.3158605635794
46.3193699017827
46.3228997023309
46.326441434776
46.3300094393056
46.3335803980048
46.3371727884069
46.3407712014217
46.3443794441487
46.3479908342694
46.3515989108667
46.3552110001969
46.3588153085478
46.3624165954194
46.3660051155752
46.3695786322919
46.3731350914464
46.3766764604757
46.3801936274997
46.3836739691094
46.3871277922781
46.3905505769026
46.3939229969036
46.39725623754
46.4005353636192
46.4037571230752
46.4069188829691
46.4100146902808
46.4130421317649
46.4159838387353
46.4188497723582
46.4216166013473
46.4242953363857
46.4268636607761
46.4293228056724
46.4316605391384
46.4338679353408
46.4359406459908
46.4378710513014
46.4396441435644
46.4412648365128
46.4427186013858
46.4439736692798
46.4450374631613
46.4458706762819
46.4464783495763
46.4468411805698
46.4469345661423
46.4467523103922
46.4462975772233
46.4455546353471
46.4444617557207
46.4429887436859
46.4410793600675
46.4386886011939
46.435852345675
46.4325917964788
46.4288428765173
46.4244227816699
46.4192362589515
46.413345124618
46.4068551705902
46.3995367617702
46.3911579930071
46.3818055400988
46.3715099226969
46.3599980582197
46.3472507665082
46.3333370117566
46.3180784224124
46.301477880409
46.2836926873839
46.2666344866105
46.2501805134726
46.2333254892978
46.2164386407433
46.2000791921411
46.1848661580831
46.1714534952233
46.160540497203
46.1526304655202
46.1481272426132
46.1470909973597
46.1489991022968
46.1529625222098
46.1574765618844
46.1599268501404
46.1565056128537
46.1408502635283
46.0989945534331
45.9956968638784
45.7901500390085
)
;

boundaryField
{
    electrode
    {
        type            zeroGradient;
    }
    ground
    {
        type            zeroGradient;
    }
    otherfaces
    {
        type            empty;
    }
}


// ************************************************************************* //
