/*--------------------------------*- C++ -*----------------------------------*\
| =========                 |                                                 |
| \\      /  F ield         | foam-extend: Open Source CFD                    |
|  \\    /   O peration     | Version:     4.1                                |
|   \\  /    A nd           | Web:         http://www.foam-extend.org         |
|    \\/     M anipulation  |                                                 |
\*---------------------------------------------------------------------------*/
FoamFile
{
    version     2.0;
    format      ascii;
    class       volScalarField;
    location    "1.50009999935002e-05";
    object      eTempMean;
}
// * * * * * * * * * * * * * * * * * * * * * * * * * * * * * * * * * * * * * //

dimensions      [0 0 0 1 0 0 0];

internalField   nonuniform List<scalar> 
500
(
47787.8245263223
47054.9930986922
46630.8893111974
46359.7542028225
46184.8992650762
46078.4272033716
46023.9469324588
46009.7251172068
46025.7183150381
46063.4191401291
46115.2895796837
46174.7185599636
46236.5586609503
46297.0361553578
46353.4623532435
46404.4338450526
46449.3872880392
46488.4603771187
46522.2478305739
46551.4333340894
46576.8756334115
46599.3345732829
46619.3818232586
46637.636903663
46654.4878537817
46670.0781032538
46684.7797250231
46698.7870947621
46711.9734017217
46724.5632079334
46736.8085658828
46748.5264485858
46759.6066265955
46770.2595033342
46780.6630677488
46790.7725366905
46800.457513772
46809.7008379519
46818.6078667148
46827.2645723985
46835.6852952013
46843.8560893226
46851.7610532068
46859.3875638706
46866.7478279793
46873.8770620297
46880.799403069
46887.5239654708
46894.0582786449
46900.4098606217
46906.5860648775
46912.5914934801
46918.4255686704
46924.0898767283
46929.5932252393
46934.9453219944
46940.1541448989
46945.2270577805
46950.1691452012
46954.9839705876
46959.6753380441
46964.2472098616
46968.7034298979
46973.0476814313
46977.2836638527
46981.4152458756
46985.4460180244
46989.3789856383
46993.216996699
46996.9629901352
47000.6198487205
47004.1903316763
47007.6770888443
47011.0826670998
47014.4095133888
47017.6599827023
47020.8363340106
47023.9407314124
47026.9752331341
47029.9417770439
47032.8421261021
47035.6781975284
47038.4525701187
47041.167680156
47043.8248535073
47046.4250610526
47048.9696793013
47051.4602361039
47053.8981955962
47056.2849714436
47058.6219293535
47060.9103873307
47063.1516181874
47065.3468514155
47067.4972764059
47069.6040449875
47071.6682720353
47073.6910353217
47075.6733766515
47077.6163038346
47079.5207927623
47081.387789344
47083.2182100309
47085.0129421973
47086.7728452304
47088.4987518274
47090.1914688964
47091.8517781804
47093.4804375892
47095.0781826449
47096.6457269195
47098.1837621117
47099.6929585889
47101.1739666205
47102.6274175146
47104.0539241564
47105.4540816419
47106.8284677327
47108.177643504
47109.502153752
47110.8025276567
47112.0792791553
47113.3329077599
47114.5638987559
47115.7727238645
47116.9598416032
47118.1256978032
47119.2707259688
47120.3953477078
47121.4999729988
47122.5850005525
47123.6508183081
47124.6978035151
47125.7263234539
47126.7367353404
47127.7293870131
47128.7046169579
47129.6627546807
47130.6041210591
47131.5290284276
47132.4377810171
47133.3306750937
47134.2079992642
47135.0700345932
47135.9170549939
47136.7493272962
47137.5671114782
47138.3706609758
47139.1602227076
47139.936037443
47140.6983398031
47141.447358628
47142.1833168804
47142.9064321309
47143.6169164134
47144.3149765414
47145.0008142208
47145.6746262087
47146.3366044215
47146.9869360055
47147.6258036548
47148.2533855428
47148.8698554805
47149.4753831662
47150.070134111
47150.6542698808
47151.2279480509
47151.7913225346
47152.3445434208
47152.8877572665
47153.4211070806
47153.944732507
47154.4587697763
47154.9633519155
47155.4586087147
47155.9446669195
47156.4216501511
47156.8896792049
47157.3488719074
47157.7993432544
47158.2412055526
47158.6745683262
47159.0995385396
47159.5162205237
47159.9247161553
47160.3251248205
47160.7175435098
47161.1020668081
47161.4787870497
47161.8477942834
47162.209176365
47162.563018995
47162.9094056656
47163.2484178979
47163.5801351012
47163.9046347243
47164.2219921979
47164.5322810785
47164.835573043
47165.1319378624
47165.4214435548
47165.7041562363
47165.9801403891
47166.2494587091
47166.5121722454
47166.7683394204
47167.0180191896
47167.2612897239
47167.4981909855
47167.7287140955
47167.9529499377
47168.1710199995
47168.3829420993
47168.5887330718
47168.7884456216
47168.9821250513
47169.169813544
47169.3515523996
47169.5273805079
47169.6973350186
47169.8614551925
47170.0197780685
47170.172335644
47170.3191600764
47170.4602833116
47170.5957356589
47170.7255461422
47170.8497426175
47170.968351649
47171.0813986327
47171.1889077352
47171.2909019355
47171.3874029637
47171.4784313685
47171.5640065736
47171.6441467978
47171.7188690526
47171.7881891906
47171.8521220071
47171.9106810157
47171.9638786242
47172.0117261283
47172.0542336659
47172.0914102094
47172.1232638519
47172.1498009381
47172.171022422
47172.186965743
47172.1976433975
47172.2029931573
47172.2030100903
47172.1976942174
47172.1870505951
47172.1711413723
47172.1499538958
47172.1234507656
47172.0916310397
47172.054488401
47172.012014739
47171.9642010461
47171.9110372172
47171.8525119521
47171.788612852
47171.7193263006
47171.6446376179
47171.5645309229
47171.478989154
47171.3879940751
47171.2915263501
47171.1895653528
47171.0820893458
47170.9690753722
47170.8504992259
47170.7263355797
47170.5965577932
47170.4611380279
47170.3200472582
47170.1732551766
47170.0207297735
47169.8624390092
47169.6983507531
47169.5284279993
47169.3526315469
47169.1709241522
47168.9832670229
47168.7896187124
47168.5899371512
47168.3841769619
47168.1722854721
47167.9542458407
47167.7300402438
47167.4995471149
47167.2626756692
47167.0194346925
47166.7697843031
47166.513646259
47166.250961579
47165.9816719242
47165.7057161468
47165.423031567
47165.1335537319
47164.8372164751
47164.5339517969
47164.2236898696
47163.9063590721
47163.5818858323
47163.2501946992
47162.9112081941
47162.5648469228
47162.211029361
47161.8496720074
47161.480689101
47161.1039928631
47160.7194931822
47160.3270977584
47159.9267119691
47159.518238782
47159.1015788849
47158.6766303454
47158.243288873
47157.8014474282
47157.3509964911
47156.8918237909
47156.4238142597
47155.9468500809
47155.4608105054
47154.9655718486
47154.4610073577
47153.9469871957
47153.4233783757
47152.8900446158
47152.3468463169
47151.7936404309
47151.2302804272
47150.6566161319
47150.072493688
47149.4777554792
47148.8722399459
47148.2557815529
47147.6282106579
47146.9893533462
47146.3390315241
47145.6770624997
47145.0032590582
47144.3174293106
47143.6193765206
47142.9088989217
47142.1857896805
47141.4498367806
47140.7008226701
47139.9385243383
47139.1627129838
47138.3731539349
47137.5696065401
47136.7518236957
47135.9195520911
47135.0725316831
47134.2104956048
47133.3331699896
47132.4402737542
47131.5315182606
47130.6066072604
47129.6652365748
47128.7070937629
47127.7318580588
47126.739199923
47125.7287808382
47124.7002531103
47123.6532594001
47122.5874325417
47121.5023951866
47120.3977594726
47119.2731267323
47118.1280869154
47116.9622184706
47115.7750879239
47114.566249483
47113.3352446575
47112.0816016845
47110.804835244
47109.504445908
47108.1799197173
47106.8307275192
47105.4563245639
47104.0561498172
47102.6296255117
47101.1761566128
47099.695130271
47098.1859152022
47096.6478611831
47095.0802979957
47093.4825338905
47091.8538554017
47090.1935269676
47088.5007907377
47086.7748649999
47085.0149429987
47083.2201921277
47081.3897530315
47079.5227384793
47077.6182320356
47075.6752877946
47073.6929298743
47071.6701506368
47069.605908288
47067.4991251875
47065.3486864516
47063.153440325
47060.9121976762
47058.6237290072
47056.2867616846
47053.8999777796
47051.4620116548
47048.9714497189
47046.4268278568
47043.8266184099
47041.1694449276
47038.4543366893
47035.6799678868
47032.8439024123
47029.9435614812
47026.9770279877
47023.9425391129
47020.8381571705
47017.6618239271
47014.4113754165
47011.0845526411
47007.6790007635
47004.1922728633
47000.6218222679
46996.9649990457
46993.2190440182
46989.3810743375
46985.4481510594
46981.4174261923
46977.2858942556
46973.0499645329
46968.7057678594
46964.2496046104
46959.6777911071
46954.9864831318
46950.1717179097
46945.2296908863
46940.1568382705
46934.9480750041
46929.5960370185
46924.0927460641
46918.4284940413
46912.5944730944
46906.5890969138
46900.4129432788
46894.0614101208
46887.5271442684
46880.8026284754
46873.8803342548
46866.7511478116
46859.3909324516
46851.7644720688
46843.8595606941
46835.6888220722
46827.2681579506
46818.6115144194
46809.7045520294
46800.4612989188
46790.7763992375
46780.6670166731
46770.263549458
46759.6107806095
46748.5307197871
46736.8129643954
46724.5677464483
46711.9780930033
46698.79194879
46684.7847523094
46670.083316831
46654.4932665289
46637.6425281374
46619.3876727003
46599.3406602607
46576.8819698274
46551.4399322503
46522.2547029605
46488.4675376521
46449.3947535858
46404.4416363377
46353.4704946087
46297.0446734343
46236.5675824611
46174.7279087669
46115.2993718744
46063.4293756851
46025.7289706353
46009.736141082
46023.9582367533
46078.4386578941
46184.9106914993
46359.765355692
46630.8998435632
47055.0024758922
47787.8316661481
)
;

boundaryField
{
    electrode
    {
        type            calculated;
        value           uniform 47787.8245263223;
    }
    ground
    {
        type            calculated;
        value           uniform 47787.8316661481;
    }
    otherfaces
    {
        type            empty;
    }
}


// ************************************************************************* //
