/*--------------------------------*- C++ -*----------------------------------*\
| =========                 |                                                 |
| \\      /  F ield         | foam-extend: Open Source CFD                    |
|  \\    /   O peration     | Version:     4.1                                |
|   \\  /    A nd           | Web:         http://www.foam-extend.org         |
|    \\/     M anipulation  |                                                 |
\*---------------------------------------------------------------------------*/
FoamFile
{
    version     2.0;
    format      ascii;
    class       volScalarField;
    location    "1.50009999935002e-05";
    object      powerDissipatedIonMean;
}
// * * * * * * * * * * * * * * * * * * * * * * * * * * * * * * * * * * * * * //

dimensions      [1 -1 -3 0 0 0 0];

internalField   nonuniform List<scalar> 
500
(
1090577855.1142
1069198221.91988
1008598863.68329
963420376.125328
904839665.271794
855407776.277219
797303887.790305
744914220.809775
688238916.253047
635049825.751371
580300314.665349
528723192.460025
477963029.744718
430290821.289586
385495007.528895
343947640.320946
306327523.876339
272210678.209794
242113330.616752
215492770.647024
192339440.234198
172241912.960905
154916494.22492
139988738.414691
127084577.389731
116057192.975758
106399022.029135
98090919.0331175
90833602.3503719
84463244.1630867
78867423.6810722
73894327.4981713
69456753.1974636
65532091.8521833
62026163.5632546
58835375.3670271
55926048.6749601
53282156.0248209
50894513.2775369
48727746.0829602
46737371.9161861
44894606.0515924
43178556.451262
41587771.5381643
40110659.9176877
38743619.7620266
37474133.4364457
36290244.2728544
35182239.7236208
34141338.3598048
33159767.4399485
32230465.2876096
31349505.4752015
30513711.4769585
29720897.6263007
28969227.6401052
28255402.6171398
27576423.7888086
26928710.9066391
26309354.4483445
25716048.5794661
25146771.8646992
24599751.0983499
24073421.1766749
23566429.06244
23077418.3408887
22605194.0290763
22148609.3228728
21706688.5655774
21278592.7096997
20863540.0368537
20460814.0293115
20069756.2895235
19689759.9274298
19320265.5919529
18960757.0628519
18610756.7778403
18269823.7522435
17937552.0503718
17613579.5745132
17297572.519761
16989339.8742985
16688448.9163517
16394490.9962031
16106988.4616096
15825566.3417415
15550025.4542296
15280149.7580493
15015735.6289946
14756592.0269292
14502537.7797288
14253401.2257296
14009019.6127519
13769238.5339319
13533911.4197739
13302899.031746
13076069.0477386
12853295.2943312
12634457.5733399
12419441.3467705
12208137.375002
12000441.4670667
11796254.1327675
11595480.1879123
11398028.6351732
11203812.3422405
11012747.9613379
10824755.6643193
10639758.9574345
10457684.5448985
10278462.0873922
10102024.0906477
9928305.71617313
9757244.76300581
9588781.51967144
9422858.60815903
9259420.88277294
9098415.30563731
8939790.86203445
8783498.45068572
8629490.81402443
8477722.44608409
8328149.51213647
8180729.7713274
8035422.50270468
7892188.4264931
7750989.65282964
7611789.5957638
7474552.95267929
7339245.62733175
7205834.68306365
7074288.29306937
6944575.69495547
6816667.14769221
6690533.88993467
6566148.09842908
6443482.8538978
6322512.10414162
6203210.63092653
6085554.01521002
5969518.60921286
5855081.5059446
5742220.51261662
5630914.121123
5521141.48505077
5412882.39451975
5306117.25330709
5200827.05625376
5096993.36775286
4994598.30187069
4893624.50319333
4794055.12790323
4695873.82609807
4599064.7235906
4503612.40754371
4409501.90990191
4316718.69093143
4225248.62755082
4135077.99583001
4046193.46211165
3958582.06607455
3872231.21036957
3787128.64796178
3703262.47398996
3620621.11147021
3539193.30205985
3458968.09570834
3379934.84095677
3302083.17591189
3225403.01854541
3149884.55841452
3075518.24927955
3002294.7999522
2930205.16626473
2859240.54443356
2789392.36454641
2720652.28175519
2653012.17118781
2586464.12086826
2521000.42576344
2456613.58150232
2393296.27904364
2331041.39810297
2269842.00365867
2209691.33845618
2150582.81994075
2092510.03414301
2035466.73178654
1979446.8228634
1924444.37301022
1870453.59911947
1817468.86491554
1765484.6776697
1714495.68320173
1664496.66390865
1615482.53295552
1567448.33349679
1520389.23273772
1474300.52038076
1429177.6044454
1385016.00816393
1341811.36774504
1299559.42964516
1258256.04911423
1217897.18134452
1178478.8344415
1139997.43749571
1102449.23724747
1065823.8825197
1030121.62876856
995351.592752612
961502.02925761
928560.804647383
896526.777575052
865396.594928816
835166.68679189
805833.749793486
777394.599455547
749846.089978812
723185.471350052
697410.106132078
672516.959493108
648503.347078064
625366.970515028
603105.539475892
581716.891572892
561198.975100401
541549.843998009
522767.65390182
504850.658919419
487797.208167331
471605.743233587
456274.795748792
441802.985074125
428189.016518863
415431.679459612
403529.845452772
392482.467106036
382288.576326451
372947.282350597
364457.769915071
356819.295645737
350031.18296365
344092.815836755
339003.634817321
334763.139700627
331370.988678622
328827.439764337
327133.648036501
326286.20724511
326286.491319462
327134.4972376
328828.853151241
331372.967921039
334765.683753426
339006.742653938
344096.486565409
350035.415661546
356824.08913283
364463.122794264
372953.193236337
382295.043464959
392489.488818033
403537.419628862
415439.803978617
428197.689168204
441812.203284304
456284.55695882
471616.044822935
487808.047027679
504862.032158457
522779.558443698
541562.276326396
561211.931825926
581730.369087528
603119.534090189
625381.478207041
648518.364032111
672532.481461839
697426.129160579
723201.991780878
749863.103502199
777412.10105762
805851.734771769
835185.150262437
865415.531794431
896546.182709066
928580.672413078
961522.353927515
995372.368625562
1030142.85023198
1065845.54300903
1102471.32894164
1140019.95403743
1178501.7692047
1217920.52706999
1258279.79813617
1299583.57427239
1341835.90041452
1385040.92073384
1429202.88905177
1474326.16909769
1520415.23680567
1567474.68408815
1615509.22177083
1664523.68161631
1714523.02125392
1765512.32639821
1817496.81532176
1870481.84123
1924472.8970321
1979475.61907693
2035495.79007996
2092539.34431765
2150612.37145977
2209721.1206006
2269872.00578425
2331071.60953761
2393326.68812311
2456644.17739363
2521031.19672144
2586495.05528882
2653043.25761806
2720683.50802745
2789423.71899347
2859272.01497859
2930236.74033261
3002326.46528227
3075549.99359132
3149916.36856799
3225434.88142947
3302115.07886973
3379966.77139721
3459000.04022306
3539225.24693618
3620653.04372593
3703294.3799376
3787160.51413072
3872263.02240752
3958613.81017297
4046225.12370037
4135109.56137485
4225280.08179059
4316750.02039861
4409533.09916305
4503643.44285455
4599095.58905781
4695904.50719514
4794085.61015234
4893654.77014908
4994628.33832294
5097023.15836626
5200856.58534561
5306146.50544612
5412911.35392663
5521170.13599397
5630942.44765627
5742248.49888708
5855109.13582512
5969545.86623259
6085580.88332097
6203237.09396824
6322538.1459843
6443508.45757874
6566173.24667911
6690558.5665604
6816691.33557581
6944599.37567027
7074311.4494294
7205857.29801242
7339267.68441033
7474574.43450197
7611810.48596663
7751009.93312054
7892208.07986512
8035441.5106555
8180748.11842504
8328167.17524303
8477739.40859603
8629507.05772553
8783513.95720363
8939805.61412317
9098429.28853673
9259434.07419694
9422870.99291567
9588793.076335
9757255.4732874
9928315.56084923
10102033.0486236
10278470.1408697
10457691.676385
10639765.1458097
10824760.8886124
11012752.2015183
11203815.5767802
11398030.843414
11595481.3525227
11796254.228164
12000440.4708773
12208135.2738831
12419438.1144565
12634453.1871854
12853289.7314306
13076062.2854947
13302891.0535843
13533902.1962279
13769228.0426388
14009007.8309634
14253388.1278747
14502523.3379353
14756576.2257548
15015718.4394734
15280131.153542
15550005.4084494
15825544.8281585
16106965.4476451
16394466.4658304
16688422.8402269
16989312.2329043
17297543.2908356
17613548.7271167
17937519.5530927
18269789.5621483
18610720.8604374
18960719.3882649
19320226.1189933
19689718.6249756
20069713.1034094
20460768.9349809
20863492.9706165
21278543.6254729
21706637.4172385
22148556.058688
22605138.5958403
23077360.6811324
23566369.1181414
24073358.8755517
24599686.3776441
25146704.648808
25715978.7803349
26309281.9850549
26928635.6760372
27576345.7075256
28255321.5656367
28969143.5115156
29720810.2778299
30513620.7642313
31349411.1975143
32230367.2562494
33159665.3878765
34141232.0720367
35182128.9659552
36290128.8195898
37474013.0224665
38743494.0905651
40110528.6881053
41587634.3005225
43178412.735277
44894455.1091772
46737213.1605967
48727578.9183544
50894337.2295104
53281970.5491605
55925852.8687171
58835168.0233992
62025943.315749
65531857.5730229
69456504.1504978
73894062.2859348
78867140.455676
84462940.9196988
90833277.4776978
98090570.4840662
106398647.127868
116056789.593752
127084140.505578
139988266.31045
154915979.487217
172241352.766393
192338823.582626
215492092.57337
242112575.65473
272209838.274916
306326579.013644
343946579.057775
385493807.952536
430289468.040077
477961506.915511
528721480.544724
580298409.53688
635047707.183933
688236586.5984
744911665.212731
797301117.763283
855404774.174625
904836462.589299
963416934.612863
1008595231.80615
1069194352.86878
1090573895.27884
)
;

boundaryField
{
    electrode
    {
        type            calculated;
        value           uniform 1138443927.47134;
    }
    ground
    {
        type            calculated;
        value           uniform 1138439777.98132;
    }
    otherfaces
    {
        type            empty;
    }
}


// ************************************************************************* //
