/*--------------------------------*- C++ -*----------------------------------*\
| =========                 |                                                 |
| \\      /  F ield         | foam-extend: Open Source CFD                    |
|  \\    /   O peration     | Version:     4.1                                |
|   \\  /    A nd           | Web:         http://www.foam-extend.org         |
|    \\/     M anipulation  |                                                 |
\*---------------------------------------------------------------------------*/
FoamFile
{
    version     2.0;
    format      ascii;
    class       volScalarField;
    location    "1.50009999935002e-05";
    object      powerDissipatedElectronMean;
}
// * * * * * * * * * * * * * * * * * * * * * * * * * * * * * * * * * * * * * //

dimensions      [1 -1 -3 0 0 0 0];

internalField   nonuniform List<scalar> 
500
(
-2025130823.08025
-2295083244.40594
-2677680257.90526
-3085310625.62862
-3488127398.22359
-3833421670.19621
-4067449629.29687
-4130848624.38572
-3996026964.6129
-3632823368.98442
-3084134512.9503
-2420510750.95003
-1722151028.95911
-1081615866.26507
-578282545.113953
-211544571.436547
1270173.72568166
124071442.966063
180076760.377691
202554741.473662
229905739.246766
251797339.152584
277327182.901463
320480861.244574
349158041.524798
369294398.356009
408893360.401064
425695877.980052
426682287.968889
449169472.368181
463521309.466962
453904724.48814
446509558.464842
451027543.364831
455422874.3421
450432573.294957
438405627.053677
428889949.26134
424304661.947575
420637063.238619
415666909.15035
409431564.76572
402044799.248182
393947361.761969
386923119.69998
381147332.558631
375575678.241833
370086960.354508
364731205.016224
359509748.669095
354442634.3493
349330021.310649
344020131.827056
338857149.933166
334047324.480632
329459917.200566
325104046.19094
320931885.938632
316836735.365231
312826486.555478
308919381.464531
305115724.995587
301413083.858179
297808349.924056
294310152.154253
290924257.610434
287628851.918086
284409706.620972
281273590.249111
278222312.631183
275252489.316587
272361276.563974
269545992.363495
266804030.476282
264132851.428204
261529955.621551
258992879.935271
256519030.559225
254105015.896057
251747487.741165
249440488.140273
247200083.04655
245049477.905205
242956417.780614
240887057.093795
238854964.141381
236871602.368568
234934838.446874
233043060.268348
231194935.192801
229389141.889087
227624402.473569
225899493.525871
224213241.75724
222564516.405748
220952232.152814
219375336.670294
217832812.96492
216323684.334519
214847008.733027
213401881.540731
211987430.334753
210602808.468772
209247200.409139
207919819.388695
206619906.807563
205346730.111755
204099578.49528
202877771.217646
201680652.520029
200507573.178645
199357918.797755
198231092.393068
197126517.425202
196043636.371332
194981910.323903
193940817.696251
192919853.789853
191918529.86404
190936370.947896
189972919.720809
189027733.437841
188100383.542249
187190454.98033
186297545.782447
185421266.562233
184561240.033098
183717100.591238
182888493.991558
182075076.734543
181276515.980369
180492489.040746
179722683.076036
178966794.741979
178224529.84228
177495603.062164
176779737.619321
176076664.924642
175386124.462846
174707863.309241
174041636.100928
173387204.564807
172744337.446231
172112810.189876
171492404.77698
170882909.412333
170284118.443208
169695832.040127
169117856.105752
168550002.009837
167992086.498917
167443931.435263
166905363.662016
166376214.892003
165856321.461588
165345524.298676
164843668.66062
164350604.112217
163866184.27784
163390266.800802
162922713.174324
162463388.67233
162012162.158822
161568906.075558
161133496.216604
160705811.733307
160285734.954509
159873151.380542
159467949.49335
159070020.750074
158679259.435977
158295562.607485
157918830.023702
157548964.046346
157185869.578997
156829454.011757
156479627.11501
156136300.995449
155799390.040734
155468810.838395
155144482.117872
154826324.712306
154514261.451952
154208217.202814
153908118.714824
153613894.670874
153325475.519254
153042793.53815
152765782.732361
152494378.804186
152228519.1165
151968142.625995
151713189.887906
151463603.006004
151219325.551665
150980302.593726
150746480.620669
150517807.578552
150294232.733988
150075706.711362
149862181.467694
149653610.232096
149449947.3861
149251149.327855
149057173.52457
148867959.105775
148683525.369474
148504120.761372
148328812.596483
148157699.238754
147992217.53609
147831344.179383
147674459.358614
147522150.506656
147374329.631394
147230933.29304
147091938.667962
146957321.265038
146827039.113878
146701079.861398
146579440.226249
146462065.097255
146348929.323651
146240026.637101
146135331.797054
146034824.808226
145938486.500301
145846298.431379
145758242.976191
145674303.325907
145594463.468253
145518708.186062
145447023.06612
145379394.480951
145315809.576752
145256256.287841
145200723.298945
145149200.038012
145101676.608544
145058143.67529
145018592.220162
144983013.041553
144951395.77912
144923727.431223
144899990.988684
144880162.337052
144864220.348687
144852243.67154
144844392.088491
144840324.749152
144840318.17737
144844372.63222
144852211.280978
144864174.837841
144880103.797912
144899919.398896
144923642.78828
144951298.090208
144982902.298555
145018468.425379
145058006.813688
145101526.675024
145149037.023761
145200547.188999
145256067.073251
145315607.243729
145379179.016673
145446794.459133
145518466.420297
145594208.52068
145674035.176814
145757961.620283
145846003.841615
145938178.653189
146034503.683385
146134997.38295
146239678.897859
146348568.241612
146461690.622462
146579052.336723
146700678.574062
146826624.389582
146956893.038695
147091496.925966
147230478.001834
147373860.76212
147521668.036177
147673963.23108
147830834.350551
147991693.960473
148157161.956696
148328261.541094
148503555.781769
148682946.483203
148867366.297142
149056566.732762
149250528.498527
149449312.46398
149652961.174877
149861518.226193
150075029.227054
150293540.959085
150517101.450478
150745760.095938
150979567.602491
151218576.041334
151462838.912767
151712411.163387
151967349.192943
152227710.919469
152493555.783693
152764944.811011
153041940.661036
153324607.597731
153613011.64946
153907220.525305
154207303.754677
154513332.684907
154825380.54508
155143522.473528
155467835.630004
155798399.194025
156135294.418867
156478604.724752
156828415.730267
157184815.306808
157547893.688631
157917743.496235
158294459.823139
158678140.285208
159068885.142405
159466797.320051
159871982.528326
160284549.337204
160704609.215373
161132276.711305
161567669.465958
162010908.320131
162462117.489144
162921424.53517
163388960.577955
163864860.353839
164349262.332915
164842308.913392
165344146.43857
165854925.354733
166374800.398233
166903930.647222
167442479.72894
167990615.993616
168548512.525923
169116347.461873
169694304.094892
170282571.035638
170881342.37043
171490817.925694
172111203.341096
172742710.435475
173385557.192338
174039968.201139
174706174.680695
175384414.910233
176074934.242443
176777985.571475
177493829.451663
178222734.411394
178964977.277347
179720843.363723
180490626.854424
181274631.054018
182073168.847116
182886562.848604
183715145.98709
184559261.630176
185419264.13235
186295518.98943
187188403.51247
188098307.115689
189025631.777725
189970792.502351
190934217.860966
191916350.5514
192917647.845879
193938584.817155
194979650.125157
196041348.446605
197124201.41935
198228747.885792
199355545.396313
200505170.453378
201678219.967238
202875308.371778
204097084.899549
205344205.363013
206617350.352238
207917230.632442
209244578.793497
210600153.476475
211984741.461553
213399158.114202
214844250.044939
216320889.805671
217829981.976238
219372468.486901
220949325.953478
222561571.521879
224210257.437596
225896468.898775
227621336.702703
229386034.144207
231191784.411867
233039865.585303
234931598.841645
236868316.813265
238851631.622101
240883676.236716
242952986.883212
245045996.244601
247196549.471844
249436901.372476
251743846.810534
254101318.293783
256515273.808843
258989062.364343
261526075.414829
264128906.747644
266800019.187781
269541912.104787
272357124.923741
275248263.932994
278218010.769406
281269208.930637
284405242.866158
287624302.263874
290919618.443077
294305420.022123
297803520.859979
301408153.553909
305110688.549469
308914233.472017
312821221.505093
316831347.269996
320926367.904452
325098391.501604
329454118.463814
334041372.222806
338851036.343608
344013847.427969
349323551.033405
354435963.415769
359502865.250578
364724100.138087
370079620.971765
375568085.478798
381139464.963013
386914961.561638
393938893.252974
402035983.598993
409422357.476286
415657271.728777
420626974.265884
424294095.444257
428878877.996105
438394016.678682
450420307.133684
455409817.805064
451013657.280981
446494860.923085
453889169.057564
463504659.120319
449151481.473067
426662989.895582
425675305.092858
408871156.227367
369270403.02612
349132259.153456
320453099.328321
277297396.675749
251765536.173762
229871864.257789
202518849.590465
180039043.469832
124032140.455968
1229882.13927787
-211584973.991373
-578321623.7105
-1081651837.84075
-1722181870.28624
-2420534773.49087
-3084150692.36
-3632831602.39438
-3996028185.35843
-4130844434.75543
-4067441861.26316
-3833412182.81021
-3488117644.1353
-3085301622.85816
-2677672571.62398
-2295076993.11206
-2025125622.85166
)
;

boundaryField
{
    electrode
    {
        type            calculated;
        value           uniform -997696245.177008;
    }
    ground
    {
        type            calculated;
        value           uniform -997695338.205169;
    }
    otherfaces
    {
        type            empty;
    }
}


// ************************************************************************* //
