/*--------------------------------*- C++ -*----------------------------------*\
| =========                 |                                                 |
| \\      /  F ield         | foam-extend: Open Source CFD                    |
|  \\    /   O peration     | Version:     4.1                                |
|   \\  /    A nd           | Web:         http://www.foam-extend.org         |
|    \\/     M anipulation  |                                                 |
\*---------------------------------------------------------------------------*/
FoamFile
{
    version     2.0;
    format      ascii;
    class       volVectorField;
    location    "3.00624993849204e-06";
    object      EFieldMean;
}
// * * * * * * * * * * * * * * * * * * * * * * * * * * * * * * * * * * * * * //

dimensions      [1 1 -3 0 0 -1 0];

internalField   nonuniform List<vector> 
500
(
(-9464044.65249779 0 0)
(-9409692.6016346 0 0)
(-9355131.05004312 0 0)
(-9300446.5817313 0 0)
(-9245630.12183182 0 0)
(-9190686.44841159 0 0)
(-9135611.81156222 0 0)
(-9080413.31573116 0 0)
(-9025091.01245014 0 0)
(-8969653.14096126 0 0)
(-8914101.38135619 0 0)
(-8858443.99830718 0 0)
(-8802682.76318214 0 0)
(-8746822.42457831 0 0)
(-8690862.57251787 0 0)
(-8634804.37105323 0 0)
(-8578646.86390863 0 0)
(-8522392.85351899 0 0)
(-8466047.18360513 0 0)
(-8409616.74055186 0 0)
(-8353107.56705229 0 0)
(-8296526.57734619 0 0)
(-8239878.6584898 0 0)
(-8183167.72803744 0 0)
(-8126395.43427735 0 0)
(-8069562.59846689 0 0)
(-8012669.75882986 0 0)
(-7955720.28294815 0 0)
(-7898720.85500113 0 0)
(-7841679.13086312 0 0)
(-7784602.45043465 0 0)
(-7727497.6099148 0 0)
(-7670369.37841096 0 0)
(-7613220.75053432 0 0)
(-7556052.82221955 0 0)
(-7498865.31464045 0 0)
(-7441659.33685671 0 0)
(-7384438.73205257 0 0)
(-7327208.12535933 0 0)
(-7269972.22747963 0 0)
(-7212735.76480396 0 0)
(-7155502.63494165 0 0)
(-7098275.24762009 0 0)
(-7041054.45125173 0 0)
(-6983839.98856075 0 0)
(-6926632.77695809 0 0)
(-6869435.72855692 0 0)
(-6812251.89627989 0 0)
(-6755084.20321667 0 0)
(-6697935.75577145 0 0)
(-6640809.18622422 0 0)
(-6583706.17400418 0 0)
(-6526627.24162352 0 0)
(-6469572.27868639 0 0)
(-6412542.28308658 0 0)
(-6355539.43263812 0 0)
(-6298565.49046648 0 0)
(-6241621.83475928 0 0)
(-6184710.01694116 0 0)
(-6127831.59022216 0 0)
(-6070987.84431056 0 0)
(-6014179.5525242 0 0)
(-5957406.93012821 0 0)
(-5900670.76628817 0 0)
(-5843972.8565196 0 0)
(-5787314.51764103 0 0)
(-5730696.13876325 0 0)
(-5674118.09048827 0 0)
(-5617581.38344109 0 0)
(-5561087.84628503 0 0)
(-5504639.77405919 0 0)
(-5448238.99650147 0 0)
(-5391885.99330728 0 0)
(-5335580.29672162 0 0)
(-5279321.95567398 0 0)
(-5223112.34443894 0 0)
(-5166954.42454566 0 0)
(-5110852.99153695 0 0)
(-5054814.01887721 0 0)
(-4998842.45574036 0 0)
(-4942940.31256087 0 0)
(-4887107.94341267 0 0)
(-4831345.87947565 0 0)
(-4775654.71986867 0 0)
(-4720035.0874706 0 0)
(-4664487.55870324 0 0)
(-4609012.44296548 0 0)
(-4553610.22560398 0 0)
(-4498281.96436121 0 0)
(-4443029.00755223 0 0)
(-4387852.63870201 0 0)
(-4332754.07446669 0 0)
(-4277734.53513932 0 0)
(-4222795.2897937 0 0)
(-4167937.70458463 0 0)
(-4113163.26673744 0 0)
(-4058473.54311809 0 0)
(-4003870.12629527 0 0)
(-3949354.637693 0 0)
(-3894928.85044456 0 0)
(-3840594.90351926 0 0)
(-3786355.46078669 0 0)
(-3732213.61475789 0 0)
(-3678172.47895398 0 0)
(-3624234.76642082 0 0)
(-3570402.98469546 0 0)
(-3516680.7485549 0 0)
(-3463074.77269748 0 0)
(-3409596.06501461 0 0)
(-3356256.60539534 0 0)
(-3303063.89063529 0 0)
(-3250021.72991949 0 0)
(-3197133.40788195 0 0)
(-3144401.61727302 0 0)
(-3091828.72926253 0 0)
(-3039417.4922041 0 0)
(-2987170.89238054 0 0)
(-2935092.12254942 0 0)
(-2883184.63638978 0 0)
(-2831452.18479546 0 0)
(-2779898.95224288 0 0)
(-2728529.73072555 0 0)
(-2677349.99796118 0 0)
(-2626365.76365128 0 0)
(-2575583.27227498 0 0)
(-2525009.11438731 0 0)
(-2474651.62510261 0 0)
(-2424523.81676865 0 0)
(-2374646.09587575 0 0)
(-2325039.99844437 0 0)
(-2275719.07865823 0 0)
(-2226691.88310061 0 0)
(-2177966.60577946 0 0)
(-2129550.86117861 0 0)
(-2081451.94672701 0 0)
(-2033677.59253513 0 0)
(-1986236.55710053 0 0)
(-1939138.57595184 0 0)
(-1892394.21159397 0 0)
(-1846015.28516431 0 0)
(-1800016.89048768 0 0)
(-1754421.95980138 0 0)
(-1709263.07406167 0 0)
(-1664571.11280228 0 0)
(-1620364.951122 0 0)
(-1576657.39730912 0 0)
(-1533460.84183248 0 0)
(-1490787.25430751 0 0)
(-1448648.40563605 0 0)
(-1407056.33653941 0 0)
(-1366025.94684432 0 0)
(-1325580.62854798 0 0)
(-1285756.20245582 0 0)
(-1246588.32694343 0 0)
(-1208097.02614385 0 0)
(-1170291.71885112 0 0)
(-1133179.41132141 0 0)
(-1096766.28760476 0 0)
(-1061060.52344115 0 0)
(-1026078.37277905 0 0)
(-991848.955451514 0 0)
(-958400.861121218 0 0)
(-925744.672088191 0 0)
(-893877.567507487 0 0)
(-862793.564274053 0 0)
(-832488.535126148 0 0)
(-802969.72949769 0 0)
(-774257.141960288 0 0)
(-746364.108889236 0 0)
(-719284.221168413 0 0)
(-692999.851630149 0 0)
(-667493.329987032 0 0)
(-642758.127529207 0 0)
(-618801.29131805 0 0)
(-595624.54798711 0 0)
(-573211.062601156 0 0)
(-551533.217205824 0 0)
(-530565.636782159 0 0)
(-510297.262936149 0 0)
(-490726.692295986 0 0)
(-471842.271743109 0 0)
(-453619.235556488 0 0)
(-436031.597018515 0 0)
(-419065.154016516 0 0)
(-402716.502644878 0 0)
(-386973.811367156 0 0)
(-371810.605497001 0 0)
(-357196.380355286 0 0)
(-343109.869353347 0 0)
(-329540.039563681 0 0)
(-316471.88537752 0 0)
(-303882.431161891 0 0)
(-291749.364617449 0 0)
(-280060.479709429 0 0)
(-268810.897577774 0 0)
(-257988.075312925 0 0)
(-247568.209245974 0 0)
(-237527.60132003 0 0)
(-227854.345982352 0 0)
(-218544.778741951 0 0)
(-209590.090509409 0 0)
(-200973.361840308 0 0)
(-192677.847416745 0 0)
(-184694.350918111 0 0)
(-177017.45342262 0 0)
(-169637.493138419 0 0)
(-162540.456496203 0 0)
(-155714.941524082 0 0)
(-149155.824838551 0 0)
(-142858.047474932 0 0)
(-136811.114350551 0 0)
(-131001.068723707 0 0)
(-125415.994289692 0 0)
(-120048.122964575 0 0)
(-114888.875977924 0 0)
(-109925.400846846 0 0)
(-105142.570326998 0 0)
(-100527.694210362 0 0)
(-96073.0127927352 0 0)
(-91771.9448201122 0 0)
(-87615.703086786 0 0)
(-83594.2181549336 0 0)
(-79698.8497553598 0 0)
(-75924.8495870082 0 0)
(-72269.7682630903 0 0)
(-68729.1792656759 0 0)
(-65295.2010320479 0 0)
(-61957.2789044124 0 0)
(-58703.3150099845 0 0)
(-55522.2629655976 0 0)
(-52407.5625585166 0 0)
(-49356.9376114679 0 0)
(-46368.441560872 0 0)
(-43438.4485648321 0 0)
(-40562.2814330231 0 0)
(-37734.9533795534 0 0)
(-34951.5667091521 0 0)
(-32207.4585898117 0 0)
(-29498.3043752826 0 0)
(-26820.6495626796 0 0)
(-24172.3671306865 0 0)
(-21551.9062024119 0 0)
(-18957.2653055786 0 0)
(-16385.8864914666 0 0)
(-13834.9108557212 0 0)
(-11301.2492149895 0 0)
(-8781.46621669166 0 0)
(-6271.76655706087 0 0)
(-3768.55559606053 0 0)
(-1268.94808977918 0 0)
(1229.48588659979 0 0)
(3729.09286636451 0 0)
(6232.3032544327 0 0)
(8742.00252597188 0 0)
(11261.7850071146 0 0)
(13795.4456584454 0 0)
(16346.419707011 0 0)
(18917.7958660099 0 0)
(21512.4323937673 0 0)
(24132.886811625 0 0)
(26781.1604666154 0 0)
(29458.8047999356 0 0)
(32167.947710335 0 0)
(34912.0441702651 0 0)
(37695.4186272264 0 0)
(40522.7336277926 0 0)
(43398.8874643513 0 0)
(46328.8678109362 0 0)
(49317.3521722296 0 0)
(52367.965978214 0 0)
(55482.6546953202 0 0)
(58663.6936471806 0 0)
(61917.6427471101 0 0)
(65255.5481239426 0 0)
(68689.5073450581 0 0)
(72230.0742551527 0 0)
(75885.1299078724 0 0)
(79659.1013391229 0 0)
(83554.4383949487 0 0)
(87575.8895731443 0 0)
(91732.0951568231 0 0)
(96033.1246497853 0 0)
(100487.765493589 0 0)
(105102.599021363 0 0)
(109885.385425574 0 0)
(114848.815087827 0 0)
(120008.014468349 0 0)
(125375.835404399 0 0)
(130960.856076204 0 0)
(136770.844021323 0 0)
(142817.716647223 0 0)
(149115.432958994 0 0)
(155674.489699337 0 0)
(162499.945591494 0 0)
(169596.921340284 0 0)
(176976.817489475 0 0)
(184653.649342877 0 0)
(192637.080139739 0 0)
(200932.528778878 0 0)
(209549.191893959 0 0)
(218503.815118664 0 0)
(227813.31679797 0 0)
(237486.504311873 0 0)
(247527.039724132 0 0)
(257946.826223848 0 0)
(268769.563497911 0 0)
(280019.059563193 0 0)
(291707.859296844 0 0)
(303840.839780436 0 0)
(316430.204956831 0 0)
(329498.267220926 0 0)
(343068.002414553 0 0)
(357154.4147125 0 0)
(371768.535158576 0 0)
(386931.631109466 0 0)
(402674.209365586 0 0)
(419022.74560131 0 0)
(435989.071762709 0 0)
(453576.590713112 0 0)
(471799.503617563 0 0)
(490683.798017678 0 0)
(510254.240333642 0 0)
(530522.482203626 0 0)
(551489.924067481 0 0)
(573167.622702251 0 0)
(595580.953558525 0 0)
(618757.536394404 0 0)
(642714.208130553 0 0)
(667449.24176613 0 0)
(692955.587443612 0 0)
(719239.772249917 0 0)
(746319.46749203 0 0)
(774212.304110663 0 0)
(802924.69598895 0 0)
(832443.307874586 0 0)
(862748.143296183 0 0)
(893831.952131775 0 0)
(925698.863146737 0 0)
(958354.86206163 0 0)
(991802.772780545 0 0)
(1026032.01534058 0 0)
(1061013.99995607 0 0)
(1096719.60562722 0 0)
(1133132.57923395 0 0)
(1170244.74737111 0 0)
(1208049.92737334 0 0)
(1246541.11350989 0 0)
(1285708.88893498 0 0)
(1325533.23119559 0 0)
(1365978.48090337 0 0)
(1407008.81594996 0 0)
(1448600.8436349 0 0)
(1490739.66390114 0 0)
(1533413.23681673 0 0)
(1576609.79280143 0 0)
(1620317.36290199 0 0)
(1664523.55688314 0 0)
(1709215.56793264 0 0)
(1754374.52154493 0 0)
(1799969.53724649 0 0)
(1845968.03387982 0 0)
(1892347.07887777 0 0)
(1939091.57705101 0 0)
(1986189.70659667 0 0)
(2033630.90583022 0 0)
(2081405.44034522 0 0)
(2129504.55159315 0 0)
(2177920.50837704 0 0)
(2226646.01290943 0 0)
(2275673.45124701 0 0)
(2324994.62969273 0 0)
(2374601.00234474 0 0)
(2424479.016195 0 0)
(2474607.13429124 0 0)
(2524964.94833574 0 0)
(2575539.44605871 0 0)
(2626322.2928191 0 0)
(2677306.89731278 0 0)
(2728487.01394574 0 0)
(2779856.63284752 0 0)
(2831410.27675618 0 0)
(2883143.15423734 0 0)
(2935051.08114906 0 0)
(2987130.30618422 0 0)
(3039377.37485353 0 0)
(3091789.09380252 0 0)
(3144362.47657636 0 0)
(3197094.77497222 0 0)
(3249983.61819359 0 0)
(3303026.31411162 0 0)
(3356219.57859902 0 0)
(3409559.60269943 0 0)
(3463038.88927464 0 0)
(3516645.4574636 0 0)
(3570368.29822013 0 0)
(3624200.69619238 0 0)
(3678139.03681168 0 0)
(3732180.81284842 0 0)
(3786323.31105942 0 0)
(3840563.41755006 0 0)
(3894898.03957974 0 0)
(3949324.51341455 0 0)
(4003840.70057427 0 0)
(4058444.8282156 0 0)
(4113135.27465005 0 0)
(4167910.44667518 0 0)
(4222768.77697102 0 0)
(4277708.77814663 0 0)
(4332729.08387768 0 0)
(4387828.42511539 0 0)
(4443005.58186832 0 0)
(4498259.3379299 0 0)
(4553588.4099905 0 0)
(4608991.44944015 0 0)
(4664467.39834107 0 0)
(4720015.77143944 0 0)
(4775636.25907898 0 0)
(4831328.28445362 0 0)
(4887091.22460607 0 0)
(4942924.48053978 0 0)
(4998827.52095916 0 0)
(5054799.99092243 0 0)
(5110839.87910957 0 0)
(5166942.23649447 0 0)
(5223101.09013359 0 0)
(5279311.64460261 0 0)
(5335570.93838765 0 0)
(5391877.59743218 0 0)
(5448231.57303088 0 0)
(5504633.33296827 0 0)
(5561082.39759151 0 0)
(5617576.93731586 0 0)
(5674114.65709107 0 0)
(5730693.72765756 0 0)
(5787313.13770975 0 0)
(5843972.51673907 0 0)
(5900671.47586983 0 0)
(5957408.69828555 0 0)
(6014182.38875397 0 0)
(6070991.75810999 0 0)
(6127836.59020837 0 0)
(6184716.11083509 0 0)
(6241629.03044986 0 0)
(6298573.79631134 0 0)
(6355548.8570811 0 0)
(6412552.83485089 0 0)
(6469583.96705162 0 0)
(6526640.07579531 0 0)
(6583720.16282955 0 0)
(6640824.33810609 0 0)
(6697952.07899422 0 0)
(6755101.70650781 0 0)
(6812270.58820249 0 0)
(6869455.61680843 0 0)
(6926653.8691173 0 0)
(6983862.29264948 0 0)
(7041077.97574713 0 0)
(7098300.00160431 0 0)
(7155528.62758489 0 0)
(7212763.00483773 0 0)
(7270000.72286663 0 0)
(7327237.88324935 0 0)
(7384469.75940086 0 0)
(7441691.64064049 0 0)
(7498898.90215629 0 0)
(7556087.70194911 0 0)
(7613256.93128404 0 0)
(7670406.86807516 0 0)
(7727536.41526086 0 0)
(7784642.57738321 0 0)
(7841720.58497398 0 0)
(7898763.64168067 0 0)
(7955764.40744583 0 0)
(8012715.22665368 0 0)
(8069609.41627987 0 0)
(8126443.6098815 0 0)
(8183217.26942578 0 0)
(8239929.57331817 0 0)
(8296578.87251099 0 0)
(8353161.24846898 0 0)
(8409671.81348579 0 0)
(8466103.65319269 0 0)
(8522450.72487777 0 0)
(8578706.14239391 0 0)
(8634865.06319672 0 0)
(8690924.68591959 0 0)
(8746885.96689863 0 0)
(8802747.741524 0 0)
(8858510.41884048 0 0)
(8914169.24924798 0 0)
(8969722.46075241 0 0)
(9025161.78839437 0 0)
(9080485.55212265 0 0)
(9135685.512884 0 0)
(9190761.61961198 0 0)
(9245706.76834088 0 0)
(9300524.70980117 0 0)
(9355210.6664659 0 0)
(9409773.71151388 0 0)
(9464127.26079423 0 0)
)
;

boundaryField
{
    electrode
    {
        type            calculated;
        value           uniform (-9491134.30191875 0 0);
    }
    ground
    {
        type            calculated;
        value           uniform (9491217.66098692 0 0);
    }
    otherfaces
    {
        type            empty;
    }
}


// ************************************************************************* //
