/*--------------------------------*- C++ -*----------------------------------*\
| =========                 |                                                 |
| \\      /  F ield         | foam-extend: Open Source CFD                    |
|  \\    /   O peration     | Version:     4.1                                |
|   \\  /    A nd           | Web:         http://www.foam-extend.org         |
|    \\/     M anipulation  |                                                 |
\*---------------------------------------------------------------------------*/
FoamFile
{
    version     2.0;
    format      ascii;
    class       volScalarField;
    location    "1.50099999934947e-05";
    object      Arm;
}
// * * * * * * * * * * * * * * * * * * * * * * * * * * * * * * * * * * * * * //

dimensions      [0 -3 0 0 0 0 0];

internalField   nonuniform List<scalar> 
500
(
1.10357414982744e+19
1.10379139814374e+19
1.10422580315219e+19
1.10487721207861e+19
1.10574540337755e+19
1.1068300832301e+19
1.10813088164851e+19
1.10964734820958e+19
1.11137894733649e+19
1.11332505284216e+19
1.11548494252234e+19
1.11785779384273e+19
1.12044267884365e+19
1.12323855884501e+19
1.12624427913735e+19
1.12945856360318e+19
1.13288000875192e+19
1.13650707739771e+19
1.1403380902642e+19
1.14437122441933e+19
1.14860451043215e+19
1.1530358284524e+19
1.15766290423017e+19
1.16248330506868e+19
1.16749443550945e+19
1.17269353124594e+19
1.17807765424798e+19
1.18364368975376e+19
1.18938833603006e+19
1.19530809672876e+19
1.20139927314973e+19
1.20765795721967e+19
1.21408003813909e+19
1.22066120090272e+19
1.22739692437263e+19
1.2342824805623e+19
1.24131293544958e+19
1.24848315142072e+19
1.25578779108305e+19
1.26322131962928e+19
1.27077800568973e+19
1.2784519444855e+19
1.28623707783699e+19
1.2941272214877e+19
1.30211609332105e+19
1.31019734319305e+19
1.31836458352883e+19
1.32661141952848e+19
1.33493147868541e+19
1.34331843926734e+19
1.35176605619295e+19
1.3602681837927e+19
1.36881879631488e+19
1.37741200554479e+19
1.3860420744714e+19
1.39470342820788e+19
1.40339066314488e+19
1.41209855299231e+19
1.42082205178059e+19
1.42955629572389e+19
1.43829660325843e+19
1.4470384720749e+19
1.45577757504623e+19
1.4645097569389e+19
1.47323103042054e+19
1.48193756971742e+19
1.49062570345058e+19
1.49929191044965e+19
1.50793280263716e+19
1.51654511550521e+19
1.52512570734102e+19
1.53367157211826e+19
1.54217983387686e+19
1.55064774299485e+19
1.55907267310742e+19
1.56745211845931e+19
1.5757836915206e+19
1.58406512019332e+19
1.59229424394077e+19
1.60046900940949e+19
1.60858746666351e+19
1.61664776607428e+19
1.62464815550859e+19
1.63258697767673e+19
1.64046266733236e+19
1.64827374814305e+19
1.6560188295193e+19
1.66369660387185e+19
1.67130584415395e+19
1.67884540143845e+19
1.68631420259455e+19
1.69371124816327e+19
1.70103561020869e+19
1.70828643023551e+19
1.71546291710883e+19
1.7225643450606e+19
1.72959005172314e+19
1.73653943622295e+19
1.74341195731664e+19
1.7502071315284e+19
1.75692453131076e+19
1.76356378329307e+19
1.77012456663481e+19
1.7766066114215e+19
1.78300969684604e+19
1.78933364926084e+19
1.79557834056008e+19
1.80174368678596e+19
1.80782964670055e+19
1.81383622031962e+19
1.81976344746391e+19
1.82561140632486e+19
1.83138021206582e+19
1.83707001544058e+19
1.84268100145127e+19
1.84821338801016e+19
1.85366742465874e+19
1.85904339128307e+19
1.86434159686544e+19
1.86956237827413e+19
1.87470609905918e+19
1.879773148293e+19
1.88476393940381e+19
1.88967890907436e+19
1.89451851614217e+19
1.89928324053217e+19
1.90397358220496e+19
1.90859006013909e+19
1.91313321133708e+19
1.91760358986027e+19
1.92200176586252e+19
1.9263283246863e+19
1.9305838659463e+19
1.93476900266959e+19
1.9388843604168e+19
1.94293057647778e+19
1.94690829904393e+19
1.95081818643478e+19
1.95466090632275e+19
1.95843713498783e+19
1.9621475566163e+19
1.96579286258329e+19
1.96937375077773e+19
1.97289092495115e+19
1.97634509406125e+19
1.97973697167194e+19
1.98306727535131e+19
1.9863367260755e+19
1.98954604770179e+19
1.99269596638423e+19
1.99578721008575e+19
1.99882050805179e+19
2.00179659032178e+19
2.00471618726828e+19
2.00758002913699e+19
2.01038884560394e+19
2.01314336535625e+19
2.01584431569631e+19
2.0184924221314e+19
2.02108840801224e+19
2.02363299415816e+19
2.02612689852173e+19
2.02857083584768e+19
2.03096551735904e+19
2.03331165043988e+19
2.03560993835262e+19
2.03786107994777e+19
2.04006576939667e+19
2.04222469591926e+19
2.04433854357156e+19
2.04640799096369e+19
2.0484337110758e+19
2.05041637100491e+19
2.05235663178294e+19
2.0542551481629e+19
2.05611256844991e+19
2.05792953429495e+19
2.05970668054396e+19
2.06144463505744e+19
2.06314401856087e+19
2.06480544449822e+19
2.06642951887051e+19
2.06801684010475e+19
2.06956799892769e+19
2.0710835782227e+19
2.07256415291026e+19
2.07401028981541e+19
2.07542254756697e+19
2.07680147646239e+19
2.07814761834823e+19
2.07946150651795e+19
2.08074366557783e+19
2.08199461133293e+19
2.0832148506585e+19
2.08440488135482e+19
2.08556519202759e+19
2.08669626190324e+19
2.08779856066444e+19
2.08887254821722e+19
2.08991867441977e+19
2.09093737874632e+19
2.09192908986661e+19
2.09289422511526e+19
2.09383319005213e+19
2.09474637809639e+19
2.09563417058717e+19
2.09649693682423e+19
2.09733503569702e+19
2.09814881950494e+19
2.09893863260981e+19
2.09970481097749e+19
2.10044768207652e+19
2.1011675648545e+19
2.10186476976178e+19
2.10253959875383e+19
2.10319234531183e+19
2.10382329444362e+19
2.10443272272864e+19
2.10502089831951e+19
2.10558808096357e+19
2.10613452201828e+19
2.10666046447149e+19
2.10716614296584e+19
2.10765178369121e+19
2.10811760415947e+19
2.10856381437968e+19
2.10899061655507e+19
2.10939820393671e+19
2.10978676141458e+19
2.11015646575642e+19
2.11050748555426e+19
2.11083998123764e+19
2.11115410508046e+19
2.11145000123692e+19
2.11172780575511e+19
2.11198764657009e+19
2.11222964356233e+19
2.1124539085375e+19
2.11266054524565e+19
2.11284964941192e+19
2.11302130874083e+19
2.1131756029233e+19
2.11331260365583e+19
2.11343237465163e+19
2.11353497163938e+19
2.11362044237447e+19
2.11368882665308e+19
2.11374015632088e+19
2.11377445524893e+19
2.11379173929719e+19
2.11379201654411e+19
2.11377528702976e+19
2.11374154275579e+19
2.11369076793395e+19
2.11362293877576e+19
2.11353802351232e+19
2.11343598243171e+19
2.11331676784629e+19
2.11318032410197e+19
2.11302658756893e+19
2.11285548663969e+19
2.11266694168827e+19
2.11246086508518e+19
2.11223716119742e+19
2.11199572633598e+19
2.11173644877234e+19
2.11145920871615e+19
2.11116387829665e+19
2.11085032155317e+19
2.11051839441086e+19
2.11016794466125e+19
2.10979881195336e+19
2.10941082778267e+19
2.10900381545363e+19
2.10857759014859e+19
2.10813195870077e+19
2.10766671898823e+19
2.10718166105703e+19
2.1066765674704e+19
2.10615121212729e+19
2.10560536046691e+19
2.10503876956621e+19
2.10445118814425e+19
2.10384235652985e+19
2.10321200665016e+19
2.10255986200142e+19
2.10188563763857e+19
2.10118904015316e+19
2.10046976767409e+19
2.0997275098247e+19
2.09896194772345e+19
2.09817275398311e+19
2.0973595927047e+19
2.09652211960788e+19
2.09565998259333e+19
2.09477282385662e+19
2.0938602736273e+19
2.09292195047997e+19
2.09195746099891e+19
2.09096639966608e+19
2.0899483491715e+19
2.08890288090173e+19
2.08782955541929e+19
2.08672792292671e+19
2.08559752357539e+19
2.08443788773047e+19
2.08324853612356e+19
2.08202898021719e+19
2.08077872227476e+19
2.07949725549272e+19
2.07818406413585e+19
2.07683862366407e+19
2.07546040085842e+19
2.07404885393345e+19
2.07260343265833e+19
2.07112357847446e+19
2.06960872462073e+19
2.06805829623329e+19
2.06647171051103e+19
2.06484837678262e+19
2.06318769667741e+19
2.06148906425262e+19
2.05975186613557e+19
2.05797548165997e+19
2.05615928302221e+19
2.05430263544023e+19
2.05240489731239e+19
2.0504654203966e+19
2.04848354999845e+19
2.04645862513314e+19
2.04438997876077e+19
2.04227693797311e+19
2.04011882419133e+19
2.03791495343107e+19
2.03566463651273e+19
2.03336717931648e+19
2.03102188304501e+19
2.02862804448733e+19
2.02618495630813e+19
2.02369190732959e+19
2.02114818285552e+19
2.01855306497778e+19
2.01590583291892e+19
2.0132057633734e+19
2.01045213087608e+19
2.00764420817309e+19
2.00478126660969e+19
2.00186257655039e+19
1.99888740778753e+19
1.99585502998866e+19
1.99276471314217e+19
1.98961572803663e+19
1.98640734675706e+19
1.98313884317127e+19
1.97980949346083e+19
1.97641857667189e+19
1.97296537526696e+19
1.96944917570652e+19
1.96586926905054e+19
1.96222495157627e+19
1.95851552541177e+19
1.95474029920326e+19
1.95089858879105e+19
1.94698971789978e+19
1.94301301887299e+19
1.93896783340339e+19
1.93485351331004e+19
1.93066942131821e+19
1.92641493186629e+19
1.92208943192698e+19
1.91769232189398e+19
1.91322301642309e+19
1.90868094535316e+19
1.90406555462008e+19
1.89937630721672e+19
1.89461268414388e+19
1.88977418543332e+19
1.88486033113941e+19
1.87987066240968e+19
1.87480474253649e+19
1.86966215806182e+19
1.86444251989336e+19
1.85914546445092e+19
1.85377065482821e+19
1.8483177819967e+19
1.84278656603886e+19
1.83717675736278e+19
1.83148813799968e+19
1.82572052290021e+19
1.81987376125022e+19
1.81394773782538e+19
1.80794237437024e+19
1.80185763098827e+19
1.79569350759335e+19
1.78945004533578e+19
1.78312732809414e+19
1.77672548388724e+19
1.77024468625894e+19
1.76368515591966e+19
1.75704716267413e+19
1.75033102724223e+19
1.74353712288375e+19
1.73666587701382e+19
1.7297177729796e+19
1.72269335188571e+19
1.71559321446138e+19
1.70841802292247e+19
1.70116850288198e+19
1.69384544530337e+19
1.68644970851817e+19
1.67898222027668e+19
1.67144397985874e+19
1.66383606018944e+19
1.6561596100088e+19
1.64841585615388e+19
1.64060610600015e+19
1.63273174992044e+19
1.62479426401631e+19
1.61679521329655e+19
1.60873625482144e+19
1.60061914048675e+19
1.59244571967419e+19
1.58421794208232e+19
1.57593786081736e+19
1.56760763615585e+19
1.55922953994597e+19
1.55080595946759e+19
1.54233940037046e+19
1.53383248905117e+19
1.52528797505349e+19
1.51670873430585e+19
1.50809777274004e+19
1.49945823006216e+19
1.4907933723398e+19
1.48210658892656e+19
1.47340139836531e+19
1.46468147244425e+19
1.45595063674388e+19
1.44721287857346e+19
1.43847235321343e+19
1.4297333878648e+19
1.42100048495197e+19
1.41227832616694e+19
1.40357177542139e+19
1.39488587879416e+19
1.38622586267155e+19
1.37759713070391e+19
1.36900525776573e+19
1.3604559807772e+19
1.35195518777517e+19
1.34350890419533e+19
1.33512327525847e+19
1.32680454547149e+19
1.31855903583292e+19
1.31039311795698e+19
1.30231318562134e+19
1.29432562523264e+19
1.28643678566127e+19
1.27865294767811e+19
1.27098029422137e+19
1.26342488245365e+19
1.25599261572131e+19
1.24868921984888e+19
1.24152022821205e+19
1.23449097721362e+19
1.22760660318345e+19
1.22087203882577e+19
1.21429201082905e+19
1.20787103908005e+19
1.20161343738859e+19
1.19552331550351e+19
1.18960458207007e+19
1.18386093427022e+19
1.17829586695989e+19
1.17291268054366e+19
1.16771448806975e+19
1.16270422616602e+19
1.15788465856301e+19
1.15325838044899e+19
1.14882782413586e+19
1.1445952635143e+19
1.1405628181324e+19
1.13673245718512e+19
1.13310600360304e+19
1.12968513707642e+19
1.12647139408438e+19
1.12346617791496e+19
1.12067076478652e+19
1.11808630955949e+19
1.11571385111404e+19
1.1135543176476e+19
1.11160853194462e+19
1.10987721660795e+19
1.10836099808751e+19
1.10706041218532e+19
1.10597590962155e+19
1.10510786069284e+19
1.10445655952364e+19
1.10402222796017e+19
1.10380501913747e+19
)
;

boundaryField
{
    electrode
    {
        type            zeroGradient;
    }
    ground
    {
        type            zeroGradient;
    }
    otherfaces
    {
        type            empty;
    }
}


// ************************************************************************* //
