/*--------------------------------*- C++ -*----------------------------------*\
| =========                 |                                                 |
| \\      /  F ield         | foam-extend: Open Source CFD                    |
|  \\    /   O peration     | Version:     4.1                                |
|   \\  /    A nd           | Web:         http://www.foam-extend.org         |
|    \\/     M anipulation  |                                                 |
\*---------------------------------------------------------------------------*/
FoamFile
{
    version     2.0;
    format      ascii;
    class       volVectorField;
    location    "1.50099999934947e-05";
    object      Flux_electronMean;
}
// * * * * * * * * * * * * * * * * * * * * * * * * * * * * * * * * * * * * * //

dimensions      [0 -2 -1 0 0 0 0];

internalField   nonuniform List<vector> 
500
(
(-1.27725041241012e+21 0 0)
(-1.29000938870687e+21 0 0)
(-1.30715511985116e+21 0 0)
(-1.32454863361826e+21 0 0)
(-1.34231916685099e+21 0 0)
(-1.36024073232037e+21 0 0)
(-1.37814914873841e+21 0 0)
(-1.39587862222186e+21 0 0)
(-1.41328640315382e+21 0 0)
(-1.43024115159674e+21 0 0)
(-1.4466828705339e+21 0 0)
(-1.46264893395629e+21 0 0)
(-1.47825380654549e+21 0 0)
(-1.49371206046186e+21 0 0)
(-1.50930546497723e+21 0 0)
(-1.52534343593415e+21 0 0)
(-1.54221062396938e+21 0 0)
(-1.56043387384317e+21 0 0)
(-1.58053487280128e+21 0 0)
(-1.60299725263484e+21 0 0)
(-1.62809751260288e+21 0 0)
(-1.65596426089215e+21 0 0)
(-1.68662945053891e+21 0 0)
(-1.72001195842617e+21 0 0)
(-1.75592947937212e+21 0 0)
(-1.79370658612739e+21 0 0)
(-1.83223181522707e+21 0 0)
(-1.87031445422114e+21 0 0)
(-1.90646742604935e+21 0 0)
(-1.93891204685574e+21 0 0)
(-1.96516842873021e+21 0 0)
(-1.98200695341906e+21 0 0)
(-1.98749373811148e+21 0 0)
(-1.98101592128451e+21 0 0)
(-1.96168659314139e+21 0 0)
(-1.92928692111363e+21 0 0)
(-1.8836723979578e+21 0 0)
(-1.82397627612598e+21 0 0)
(-1.75278155119264e+21 0 0)
(-1.67606273489544e+21 0 0)
(-1.59764912462732e+21 0 0)
(-1.51945939662356e+21 0 0)
(-1.44204280272225e+21 0 0)
(-1.37197786256882e+21 0 0)
(-1.31647462991416e+21 0 0)
(-1.27399183298479e+21 0 0)
(-1.24081619169255e+21 0 0)
(-1.22084389881713e+21 0 0)
(-1.21721202164561e+21 0 0)
(-1.21979654138002e+21 0 0)
(-1.22584141746135e+21 0 0)
(-1.24237231766919e+21 0 0)
(-1.26442531011353e+21 0 0)
(-1.28014080630509e+21 0 0)
(-1.29664574863619e+21 0 0)
(-1.32198431358569e+21 0 0)
(-1.34141875760682e+21 0 0)
(-1.355591557683e+21 0 0)
(-1.37553162830418e+21 0 0)
(-1.39348279156433e+21 0 0)
(-1.39402221238961e+21 0 0)
(-1.38689310130884e+21 0 0)
(-1.3884167212396e+21 0 0)
(-1.38854481528239e+21 0 0)
(-1.37168164794177e+21 0 0)
(-1.34984463150501e+21 0 0)
(-1.34546654366575e+21 0 0)
(-1.35588629113968e+21 0 0)
(-1.36947948682718e+21 0 0)
(-1.36593483661821e+21 0 0)
(-1.34512783757911e+21 0 0)
(-1.32269175282665e+21 0 0)
(-1.30120159782873e+21 0 0)
(-1.28278038813704e+21 0 0)
(-1.27010969054725e+21 0 0)
(-1.26517221535154e+21 0 0)
(-1.2648130880392e+21 0 0)
(-1.25927562410747e+21 0 0)
(-1.24678512947741e+21 0 0)
(-1.23359742779179e+21 0 0)
(-1.22152067854091e+21 0 0)
(-1.21185833200208e+21 0 0)
(-1.20516875707171e+21 0 0)
(-1.20018015640705e+21 0 0)
(-1.1934552330958e+21 0 0)
(-1.18378514826913e+21 0 0)
(-1.17381158735828e+21 0 0)
(-1.1648391187224e+21 0 0)
(-1.15594798364621e+21 0 0)
(-1.14774006081051e+21 0 0)
(-1.14046280594589e+21 0 0)
(-1.1337443331751e+21 0 0)
(-1.12728407445871e+21 0 0)
(-1.12107811087512e+21 0 0)
(-1.11498020090711e+21 0 0)
(-1.10906545994133e+21 0 0)
(-1.10332114211396e+21 0 0)
(-1.09786788399573e+21 0 0)
(-1.09245600597863e+21 0 0)
(-1.08688271705797e+21 0 0)
(-1.08119449184054e+21 0 0)
(-1.07632550314019e+21 0 0)
(-1.07262558343232e+21 0 0)
(-1.06847514764812e+21 0 0)
(-1.06162617985629e+21 0 0)
(-1.05414438215278e+21 0 0)
(-1.04819862118739e+21 0 0)
(-1.0429888186561e+21 0 0)
(-1.03786057104187e+21 0 0)
(-1.03280756670882e+21 0 0)
(-1.02772036722455e+21 0 0)
(-1.02267821230529e+21 0 0)
(-1.01758461295014e+21 0 0)
(-1.01252382883921e+21 0 0)
(-1.00740183785876e+21 0 0)
(-1.00230507862719e+21 0 0)
(-9.97140513336225e+20 0 0)
(-9.91996485588997e+20 0 0)
(-9.86779855689959e+20 0 0)
(-9.81580074962871e+20 0 0)
(-9.76303747220048e+20 0 0)
(-9.71041331557694e+20 0 0)
(-9.65699157234069e+20 0 0)
(-9.60368651553692e+20 0 0)
(-9.54956024971046e+20 0 0)
(-9.49553353879367e+20 0 0)
(-9.44066548102338e+20 0 0)
(-9.38588431596764e+20 0 0)
(-9.33024665903243e+20 0 0)
(-9.27468860195584e+20 0 0)
(-9.21826360313433e+20 0 0)
(-9.16191124240619e+20 0 0)
(-9.10467829673442e+20 0 0)
(-9.04750816177341e+20 0 0)
(-8.98944550934268e+20 0 0)
(-8.93143949991457e+20 0 0)
(-8.87253148689152e+20 0 0)
(-8.81367643575609e+20 0 0)
(-8.75391382259268e+20 0 0)
(-8.69420392047074e+20 0 0)
(-8.6335818408892e+20 0 0)
(-8.57301146425123e+20 0 0)
(-8.51152568717578e+20 0 0)
(-8.45009287744667e+20 0 0)
(-8.38774227870613e+20 0 0)
(-8.32544673339539e+20 0 0)
(-8.26223169026246e+20 0 0)
(-8.19907437647968e+20 0 0)
(-8.13499842557412e+20 0 0)
(-8.07098551888304e+20 0 0)
(-8.00605454470742e+20 0 0)
(-7.9411914326845e+20 0 0)
(-7.8754111226378e+20 0 0)
(-7.80970392961804e+20 0 0)
(-7.74308075145526e+20 0 0)
(-7.67653677294541e+20 0 0)
(-7.60907865108061e+20 0 0)
(-7.54170687659877e+20 0 0)
(-7.47342310672984e+20 0 0)
(-7.40523321141495e+20 0 0)
(-7.33613363559729e+20 0 0)
(-7.26713655253897e+20 0 0)
(-7.19723238899558e+20 0 0)
(-7.12743962417194e+20 0 0)
(-7.05674271677125e+20 0 0)
(-6.98616737408497e+20 0 0)
(-6.9146895790292e+20 0 0)
(-6.84334377583014e+20 0 0)
(-6.77109775575121e+20 0 0)
(-6.6989961600409e+20 0 0)
(-6.62599754862086e+20 0 0)
(-6.55315296085248e+20 0 0)
(-6.4794127064371e+20 0 0)
(-6.40584157258642e+20 0 0)
(-6.33137575294732e+20 0 0)
(-6.25709265159124e+20 0 0)
(-6.18191728534624e+20 0 0)
(-6.10693842582632e+20 0 0)
(-6.03106711856658e+20 0 0)
(-5.95540890044085e+20 0 0)
(-5.8788581960045e+20 0 0)
(-5.80253558082114e+20 0 0)
(-5.72532254620594e+20 0 0)
(-5.64835211398169e+20 0 0)
(-5.57049331442562e+20 0 0)
(-5.49289235416735e+20 0 0)
(-5.4144051306832e+20 0 0)
(-5.33618867166463e+20 0 0)
(-5.25709245429458e+20 0 0)
(-5.17827607707255e+20 0 0)
(-5.09859091000989e+20 0 0)
(-5.01919033719487e+20 0 0)
(-4.93893513135192e+20 0 0)
(-4.85896421231044e+20 0 0)
(-4.77816492825652e+20 0 0)
(-4.6976352527945e+20 0 0)
(-4.61631253230142e+20 0 0)
(-4.53523807641486e+20 0 0)
(-4.4534189435735e+20 0 0)
(-4.37180821602798e+20 0 0)
(-4.28952197632238e+20 0 0)
(-4.20738229389189e+20 0 0)
(-4.12465834341122e+20 0 0)
(-4.04199881932736e+20 0 0)
(-3.95886346634486e+20 0 0)
(-3.87569543623124e+20 0 0)
(-3.79218008177292e+20 0 0)
(-3.70850629671081e+20 0 0)
(-3.62463969453269e+20 0 0)
(-3.54046558042177e+20 0 0)
(-3.45626756877742e+20 0 0)
(-3.37157975082309e+20 0 0)
(-3.28706240339009e+20 0 0)
(-3.20204069180526e+20 0 0)
(-3.11753488238899e+20 0 0)
(-3.03193471753231e+20 0 0)
(-2.94693643733502e+20 0 0)
(-2.86091824033752e+20 0 0)
(-2.77575926888837e+20 0 0)
(-2.6892074647103e+20 0 0)
(-2.60377638768402e+20 0 0)
(-2.51634660395516e+20 0 0)
(-2.42628233038223e+20 0 0)
(-2.31769500054574e+20 0 0)
(-2.23983359127753e+20 0 0)
(-2.22275401759811e+20 0 0)
(-2.12732390222579e+20 0 0)
(-2.0005913517626e+20 0 0)
(-1.90302364873106e+20 0 0)
(-1.81915628472151e+20 0 0)
(-1.7330834793145e+20 0 0)
(-1.64594071080742e+20 0 0)
(-1.55816879492052e+20 0 0)
(-1.47026563618785e+20 0 0)
(-1.38224226956389e+20 0 0)
(-1.29407667137088e+20 0 0)
(-1.20596994020937e+20 0 0)
(-1.11762656323728e+20 0 0)
(-1.02946524321726e+20 0 0)
(-9.40977793150181e+19 0 0)
(-8.52774732797813e+19 0 0)
(-7.64177633536377e+19 0 0)
(-6.75949652155692e+19 0 0)
(-5.87292162700038e+19 0 0)
(-4.99124604492519e+19 0 0)
(-4.10616420537616e+19 0 0)
(-3.22495392592233e+19 0 0)
(-2.29493044789151e+19 0 0)
(-1.27191534987797e+19 0 0)
(-1.0023337114513e+19 0 0)
(7.65907432539011e+18 0 0)
(1.04093743687632e+19 0 0)
(2.0589273335113e+19 0 0)
(2.9900399520307e+19 0 0)
(3.87190151414561e+19 0 0)
(4.75651023942223e+19 0 0)
(5.63866966309536e+19 0 0)
(6.52476374730746e+19 0 0)
(7.40755108051826e+19 0 0)
(8.29303246897118e+19 0 0)
(9.17558975034352e+19 0 0)
(1.00599735776515e+20 0 0)
(1.09421210072102e+20 0 0)
(1.1825060967212e+20 0 0)
(1.2706669249436e+20 0 0)
(1.35878481583579e+20 0 0)
(1.44686064974012e+20 0 0)
(1.5347184899396e+20 0 0)
(1.62254429412063e+20 0 0)
(1.70965039730499e+20 0 0)
(1.79579162182018e+20 0 0)
(1.87961512347651e+20 0 0)
(1.97659521180429e+20 0 0)
(2.1043042584468e+20 0 0)
(2.19943812895087e+20 0 0)
(2.21671087872218e+20 0 0)
(2.29420077277854e+20 0 0)
(2.40276863600646e+20 0 0)
(2.49304833879654e+20 0 0)
(2.58032345313051e+20 0 0)
(2.66591606405205e+20 0 0)
(2.7523322049888e+20 0 0)
(2.83762195563916e+20 0 0)
(2.92352749510975e+20 0 0)
(3.00863968341195e+20 0 0)
(3.09414493003332e+20 0 0)
(3.17878306112185e+20 0 0)
(3.26370807576195e+20 0 0)
(3.34829941493931e+20 0 0)
(3.43293238019697e+20 0 0)
(3.51719243211026e+20 0 0)
(3.60132366317509e+20 0 0)
(3.6852452914638e+20 0 0)
(3.76888267581317e+20 0 0)
(3.8524442307023e+20 0 0)
(3.93558766021657e+20 0 0)
(4.0187624239737e+20 0 0)
(4.10140304530458e+20 0 0)
(4.18415728648296e+20 0 0)
(4.26628783491596e+20 0 0)
(4.3485980897755e+20 0 0)
(4.43020536866621e+20 0 0)
(4.51204424908266e+20 0 0)
(4.59311974605875e+20 0 0)
(4.6744577877407e+20 0 0)
(4.75499236957541e+20 0 0)
(4.8358060873852e+20 0 0)
(4.9157837229287e+20 0 0)
(4.99605119265973e+20 0 0)
(5.07546077540136e+20 0 0)
(5.15515831795929e+20 0 0)
(5.23398284598494e+20 0 0)
(5.31309157017649e+20 0 0)
(5.39131778267949e+20 0 0)
(5.46981689136707e+20 0 0)
(5.54742860206803e+20 0 0)
(5.62529913697637e+20 0 0)
(5.7022806562128e+20 0 0)
(5.77950524520664e+20 0 0)
(5.85584017823068e+20 0 0)
(5.93240241581717e+20 0 0)
(6.0080726346836e+20 0 0)
(6.08395623999206e+20 0 0)
(6.15894703406382e+20 0 0)
(6.23413473230907e+20 0 0)
(6.30843119219811e+20 0 0)
(6.38290856309213e+20 0 0)
(6.45649267238388e+20 0 0)
(6.53024653308391e+20 0 0)
(6.60310330846128e+20 0 0)
(6.67611475989419e+20 0 0)
(6.74823057222219e+20 0 0)
(6.82048975466462e+20 0 0)
(6.89184898894931e+20 0 0)
(6.96333961521227e+20 0 0)
(7.03392868384148e+20 0 0)
(7.10463966954924e+20 0 0)
(7.17444623363773e+20 0 0)
(7.24436428344461e+20 0 0)
(7.31337557720155e+20 0 0)
(7.38248909331689e+20 0 0)
(7.45069314064194e+20 0 0)
(7.51899094284024e+20 0 0)
(7.58637722025483e+20 0 0)
(7.65384958852542e+20 0 0)
(7.72040799226291e+20 0 0)
(7.78704549787231e+20 0 0)
(7.85276742935559e+20 0 0)
(7.91856226087727e+20 0 0)
(7.98344035566769e+20 0 0)
(8.04838589226082e+20 0 0)
(8.11241357149174e+20 0 0)
(8.17650407606549e+20 0 0)
(8.23967611650207e+20 0 0)
(8.30290647599961e+20 0 0)
(8.36521836369989e+20 0 0)
(8.42758451975617e+20 0 0)
(8.48903215024862e+20 0 0)
(8.55053276432494e+20 0 0)
(8.61111860174523e+20 0 0)
(8.67175620810956e+20 0 0)
(8.73148186160721e+20 0 0)
(8.79125970755049e+20 0 0)
(8.85013009477352e+20 0 0)
(8.90905397002761e+20 0 0)
(8.96707611209524e+20 0 0)
(9.02515409251414e+20 0 0)
(9.08233944473407e+20 0 0)
(9.13958778601105e+20 0 0)
(9.19595584001433e+20 0 0)
(9.2523962963837e+20 0 0)
(9.30796969058443e+20 0 0)
(9.36362265066469e+20 0 0)
(9.41841944028795e+20 0 0)
(9.47330304716532e+20 0 0)
(9.52734582647786e+20 0 0)
(9.58148788265649e+20 0 0)
(9.63480868315011e+20 0 0)
(9.68824606040414e+20 0 0)
(9.74088609426064e+20 0 0)
(9.79366516211024e+20 0 0)
(9.84567850374014e+20 0 0)
(9.89786007168901e+20 0 0)
(9.9493159206662e+20 0 0)
(1.00009771513778e+21 0 0)
(1.00519603093679e+21 0 0)
(1.0103195831897e+21 0 0)
(1.01538192304625e+21 0 0)
(1.0204770525283e+21 0 0)
(1.02552072091401e+21 0 0)
(1.03060939160406e+21 0 0)
(1.035663924798e+21 0 0)
(1.04079372132933e+21 0 0)
(1.04600470646027e+21 0 0)
(1.0519493017272e+21 0 0)
(1.05943235835014e+21 0 0)
(1.06628785809071e+21 0 0)
(1.07044246326215e+21 0 0)
(1.0741421235036e+21 0 0)
(1.07901068397529e+21 0 0)
(1.08470030974701e+21 0 0)
(1.09027575893533e+21 0 0)
(1.09568940603956e+21 0 0)
(1.10114402682474e+21 0 0)
(1.10688969496295e+21 0 0)
(1.11280598809399e+21 0 0)
(1.11890550099144e+21 0 0)
(1.12511303011165e+21 0 0)
(1.1315747885227e+21 0 0)
(1.13829469515332e+21 0 0)
(1.14557282924085e+21 0 0)
(1.15378185554167e+21 0 0)
(1.16267519793549e+21 0 0)
(1.17164980427204e+21 0 0)
(1.18162477237862e+21 0 0)
(1.19129849486777e+21 0 0)
(1.19802783665311e+21 0 0)
(1.20301782304663e+21 0 0)
(1.20970715112481e+21 0 0)
(1.21936979467576e+21 0 0)
(1.23144823838338e+21 0 0)
(1.24463880752136e+21 0 0)
(1.25713773175525e+21 0 0)
(1.26268497826128e+21 0 0)
(1.26304502341736e+21 0 0)
(1.26797804871996e+21 0 0)
(1.2806460180192e+21 0 0)
(1.29906850090377e+21 0 0)
(1.32056346828712e+21 0 0)
(1.34300636825629e+21 0 0)
(1.36383099478491e+21 0 0)
(1.36739828994371e+21 0 0)
(1.35381299923554e+21 0 0)
(1.34338921593185e+21 0 0)
(1.34776176050615e+21 0 0)
(1.36960745449276e+21 0 0)
(1.38649572686299e+21 0 0)
(1.38638751224861e+21 0 0)
(1.3848728718836e+21 0 0)
(1.39201605048093e+21 0 0)
(1.39150444988852e+21 0 0)
(1.37357838836736e+21 0 0)
(1.35365221491304e+21 0 0)
(1.33950376122688e+21 0 0)
(1.3201014004653e+21 0 0)
(1.29478731719714e+21 0 0)
(1.2783067780996e+21 0 0)
(1.2626268334299e+21 0 0)
(1.24061072692789e+21 0 0)
(1.22410963886496e+21 0 0)
(1.21810250801055e+21 0 0)
(1.21556071255079e+21 0 0)
(1.21923193505769e+21 0 0)
(1.23924623878245e+21 0 0)
(1.27247325799893e+21 0 0)
(1.31501230077996e+21 0 0)
(1.37057290096827e+21 0 0)
(1.44070080841555e+21 0 0)
(1.51818785645327e+21 0 0)
(1.59645208570336e+21 0 0)
(1.67494202590954e+21 0 0)
(1.75173973148307e+21 0 0)
(1.82301581056462e+21 0 0)
(1.88279412069941e+21 0 0)
(1.92848920206892e+21 0 0)
(1.96096662403891e+21 0 0)
(1.98037025941249e+21 0 0)
(1.98691844790937e+21 0 0)
(1.98149740848672e+21 0 0)
(1.96471981890881e+21 0 0)
(1.9385194731555e+21 0 0)
(1.90612619098347e+21 0 0)
(1.8700202119142e+21 0 0)
(1.83198055598783e+21 0 0)
(1.7934945053946e+21 0 0)
(1.75575325393294e+21 0 0)
(1.71986864953094e+21 0 0)
(1.68651622478568e+21 0 0)
(1.65587842272186e+21 0 0)
(1.628036610144e+21 0 0)
(1.60295895412113e+21 0 0)
(1.580517071162e+21 0 0)
(1.56043440589185e+21 0 0)
(1.54222739756695e+21 0 0)
(1.52537444960463e+21 0 0)
(1.5093487718233e+21 0 0)
(1.49376584380264e+21 0 0)
(1.47831635917393e+21 0 0)
(1.46271863529143e+21 0 0)
(1.44675823818108e+21 0 0)
(1.43032086681565e+21 0 0)
(1.41336930401544e+21 0 0)
(1.39596373585708e+21 0 0)
(1.37823566531607e+21 0 0)
(1.36032798087479e+21 0 0)
(1.34240661800157e+21 0 0)
(1.32463589585715e+21 0 0)
(1.30724192371957e+21 0 0)
(1.29009547564279e+21 0 0)
(1.27733605244732e+21 0 0)
)
;

boundaryField
{
    electrode
    {
        type            calculated;
        value           uniform (-1.16503726314433e+21 0 0);
    }
    ground
    {
        type            calculated;
        value           uniform (1.16511599036336e+21 0 0);
    }
    otherfaces
    {
        type            empty;
    }
}


// ************************************************************************* //
