/*--------------------------------*- C++ -*----------------------------------*\
| =========                 |                                                 |
| \\      /  F ield         | foam-extend: Open Source CFD                    |
|  \\    /   O peration     | Version:     4.1                                |
|   \\  /    A nd           | Web:         http://www.foam-extend.org         |
|    \\/     M anipulation  |                                                 |
\*---------------------------------------------------------------------------*/
FoamFile
{
    version     2.0;
    format      ascii;
    class       volScalarField;
    location    "1.50099999934947e-05";
    object      powerDissipatedIonMean;
}
// * * * * * * * * * * * * * * * * * * * * * * * * * * * * * * * * * * * * * //

dimensions      [1 -1 -3 0 0 0 0];

internalField   nonuniform List<scalar> 
500
(
130031049.84248
127721519.186161
125413728.587723
123054717.190459
120708884.977632
118314078.072082
115930645.722651
113501282.486994
111083540.040872
108623207.604952
106173268.096079
103683849.622335
101204819.124154
98691089.110372
96189497.1958371
93657388.286337
91137660.7079198
88592848.0324896
86063086.2003637
83515029.0346562
80984551.5092448
78440823.0713217
75918293.1291765
73390123.7468596
70886723.2458322
68383873.0913525
65908980.2138934
63441728.0567109
61007363.5132662
58588602.9383424
56208376.7176811
53852844.0761101
51541992.7278769
49263755.6144521
47036088.3920854
44849864.6363562
42721317.5491351
40644216.2355131
38632183.0302426
36679167.213054
34796565.7546015
32980086.3697471
31239538.567878
29570281.5667921
27979002.402719
26461499.8234983
25023299.9101001
23659528.6823639
22373109.3844351
21159409.523875
20019850.4196123
18948838.9285903
17946357.2794905
17007352.4775138
16130491.2541355
15310350.5186941
14545718.0302841
13831894.8917065
13167028.931047
12547050.6342858
11970614.9366127
11433302.2201569
10932857.4021126
10465656.8643242
10030294.4481743
9622910.85677128
9241490.02165877
8883372.83786229
8548380.49647168
8235041.20915213
7942655.55660014
7668573.26037295
7411488.61450331
7169105.89965507
6940517.58988285
6724076.56044326
6519550.74342897
6325947.48364132
6143068.29571877
5969600.54795869
5805134.75861156
5648519.18471921
5499543.36274074
5357356.61149228
5221950.73560065
5092553.32505617
4969031.13495243
4850583.47776086
4737135.30304421
4627992.84403622
4523133.24019196
4421972.06944965
4324551.06802066
4230358.33327681
4139462.78658415
4051403.57811637
3966266.14758266
3883634.94375241
3803613.85160461
3725827.59258684
3650380.54758878
3576918.48083939
3505567.2176156
3436048.78829442
3368506.24923957
3302602.87758503
3238400.57053701
3175609.62586069
3114350.23646238
3054372.15273689
2995798.21162566
2938396.41336728
2882288.33643448
2827257.82872453
2773424.20159352
2720585.43700623
2668857.9603064
2618052.54675109
2568282.37405785
2519369.91733681
2471424.87257548
2424280.46474243
2378042.75450422
2332554.87775744
2287919.16951632
2243987.94830234
2200859.79154214
2158395.55228597
2116690.05409044
2075612.10999534
2035252.83245739
1995488.49008764
1956406.54236394
1917890.23294481
1880023.40552174
1842695.82420293
1805987.77367125
1769795.12996225
1734194.68733457
1699088.06900492
1664548.66710464
1630483.52177516
1596962.71022949
1563898.37779486
1531357.37932934
1499256.68111711
1467660.01137086
1436488.893431
1405804.02224697
1375531.23608019
1345728.30219204
1316325.15156498
1287376.72080118
1258816.82173166
1230697.65423379
1202956.71213625
1175643.55198123
1148699.1637698
1122170.55355559
1096002.03426501
1070238.15170515
1044826.37777639
1019808.88804943
995136.160471462
970848.087210229
946898.00744142
923323.616570919
900080.976587414
877205.66659866
854656.340971003
832466.546813294
810597.412452848
789080.528515573
767879.374258242
747023.665543383
726479.124445293
706273.661900223
686375.137897843
666809.734065596
647547.344426459
628612.492712043
609977.011546186
591663.833241011
573646.637932326
555946.83360245
538539.859183046
521445.664686577
504641.362959794
488145.506919505
471936.804156844
456032.470972833
440412.733843377
425093.531801944
410056.534134142
395316.458354485
380856.352047105
366689.763288559
352801.047205757
339202.637197492
325880.134941202
312844.906291167
300083.742222608
287606.986166777
275402.561819833
263479.837535989
251827.810497001
240454.923553132
229351.19465877
218524.180928885
207964.866920166
197679.966959186
187661.372116561
177914.982180738
168433.534230208
159222.298171572
150275.028865608
141596.17717843
133180.049258032
125030.459600434
117142.462040866
109519.195073851
102156.343124634
95056.3550559315
88214.0578229949
81624.9987474778
75289.2598112685
69229.943996532
63440.3675394084
57909.1618201811
52630.9178777328
47607.8524570146
42838.38079592
38323.4363660217
34061.3838710975
30052.7482914277
26296.2291162914
22792.1218967093
19539.4536334653
16538.3461456404
13788.1083279851
11288.7303405435
9039.75416102132
7041.0788299116
5292.43124618324
3793.66062559501
2544.63371733452
1545.19216366194
795.276549857961
294.666096183907
43.3833311641653
41.5911863932507
289.298958981985
786.331292924854
1532.67499420271
2528.54156443615
3774.00224657362
5269.20408763128
7014.29509327395
9009.41082292105
11254.8428451437
13750.6731700266
16497.3819280375
19494.9564585135
22744.1134960077
26244.7050611084
29997.7334011583
34002.8734523611
38261.4582063627
42772.9298547725
47538.9603196655
52558.581798177
57833.4243408052
63361.2321316872
69147.26008115
75203.1289439368
81535.4777757043
88121.2370748459
94960.2382644512
102056.892434854
109416.472687955
117036.446728262
124921.213513668
133067.558917386
141480.498110671
150156.150042488
159100.270467932
168308.3488675
177786.714587211
187530.032012025
197545.606761324
207827.500002403
218383.858188108
229207.93248126
240308.774849909
251678.79386866
263328.004435118
275247.935829457
287449.621572524
299923.666324964
312682.1712141
325714.772097748
339034.699302326
352630.568848745
366516.798336282
380680.938097923
395138.649190804
409876.369081565
424911.067358838
440228.0116687
455845.548674171
471747.725342402
487954.332806046
504448.137142882
521250.4498518
538342.700709108
555747.796301878
573445.768800499
591461.19976159
609772.661809863
628406.495966218
647339.750564955
666600.615248476
686164.544278948
706061.668478045
726265.781967844
746809.050859288
767663.540560968
788863.554832414
810379.351145932
832247.481286998
854436.324023305
876984.782058915
899859.279334811
923101.19496366
946674.916688478
970624.41695394
994911.964984772
1019584.26075214
1044601.37425964
1070012.86834927
1095776.52738648
1121944.92247383
1148473.46427361
1175417.88527736
1202731.13380199
1230472.26790216
1258591.6818893
1287151.93261927
1316100.76841328
1345504.43115639
1375307.92993616
1405581.39038196
1436266.9863196
1467438.93871033
1499036.48921757
1531138.17910986
1563680.21874118
1596745.71076557
1630267.72966078
1664334.20067828
1698874.97326619
1733983.0841313
1769585.06428508
1805779.37010094
1842489.12482051
1879818.53814313
1917687.24076775
1956205.55856373
1995289.55421837
2035056.07821568
2075417.57431711
2116497.8730707
2158205.75667904
2200672.51748108
2243803.220188
2287737.12540472
2332375.53965678
2377866.26526385
2424106.84458817
2471254.27021984
2519202.35210971
2568118.00348197
2617891.38921327
2668700.17672261
2720431.03969555
2773273.3554666
2827110.54031677
2882144.77828343
2938256.58832573
2995662.30029985
3054240.15180002
3114222.33078296
3175485.80731184
3238281.04348819
3302487.6353015
3368395.44268976
3435942.3379753
3505465.41136122
3576821.43943215
3650288.61260729
3725740.7906275
3803532.48929624
3883559.0651377
3966196.11768828
4051339.45525385
4139404.96340808
4230306.88198624
4324506.4281771
4421934.33275468
4523102.88562776
4627969.97074888
4737120.41628782
4850576.66077197
4969032.94612536
5092563.8994703
5221970.69779132
5357386.17460175
5499583.38069826
5648569.97833428
5805197.17317818
5969674.80396048
6143155.24681977
6326047.38047527
6519664.78304821
6724205.56253739
6940663.10582822
7169268.46193808
7411669.33986304
7668772.34454501
7942874.10328049
8235279.52764901
8548640.43896997
8883656.06661804
9241799.43159895
9623247.83019315
10030660.8696383
10466053.4641243
10933286.8418742
11433766.4244808
11971116.9857214
12547592.3448418
13167614.2278278
13832526.8252163
14546401.0005425
15311087.8519481
16131288.5470509
17008214.0906727
17947289.2731231
18949846.6938102
20020941.702138
21160590.7925169
22374389.4368551
23660915.5777501
25024803.8284325
26463129.3088245
27980768.7311837
29572194.5407815
31241610.3616989
32982326.7583937
34798987.5382965
36681780.5197015
38635000.6159219
40647247.1104772
42724573.8786082
44853354.6970938
47039823.6023918
49267742.6142694
51546241.8119364
53857360.2823989
56213169.1436813
58593675.0109357
61012723.3746681
63447377.288838
65914925.7624591
68390115.0032817
70893267.5844772
73396969.5653869
75925445.5906823
78448279.4843413
80992316.0572867
83523097.6771501
86071463.5943518
88601528.7926646
91146648.2043466
93666676.1764626
96199088.8202612
98700977.7766901
101215008.779922
103694331.665736
106184045.615881
108634272.317815
111094895.741611
113512920.163453
115942569.539641
118326277.393984
120721363.826395
123067465.430261
125426751.221674
127734804.784345
130044602.193438
)
;

boundaryField
{
    electrode
    {
        type            calculated;
        value           uniform 131176314.539601;
    }
    ground
    {
        type            calculated;
        value           uniform 131189997.527918;
    }
    otherfaces
    {
        type            empty;
    }
}


// ************************************************************************* //
