/*--------------------------------*- C++ -*----------------------------------*\
| =========                 |                                                 |
| \\      /  F ield         | foam-extend: Open Source CFD                    |
|  \\    /   O peration     | Version:     4.1                                |
|   \\  /    A nd           | Web:         http://www.foam-extend.org         |
|    \\/     M anipulation  |                                                 |
\*---------------------------------------------------------------------------*/
FoamFile
{
    version     2.0;
    format      ascii;
    class       volScalarField;
    location    "1.50099999934947e-05";
    object      Arp1;
}
// * * * * * * * * * * * * * * * * * * * * * * * * * * * * * * * * * * * * * //

dimensions      [0 -3 0 0 0 0 0];

internalField   nonuniform List<scalar> 
500
(
1.99662037790267e+17
2.02053195651609e+17
2.03686287117671e+17
2.05456613187615e+17
2.07293261675249e+17
2.09132997040432e+17
2.1107090402183e+17
2.13025371543242e+17
2.15091912654816e+17
2.17183380187538e+17
2.19397926771527e+17
2.21650682895571e+17
2.24047414863025e+17
2.26496118317796e+17
2.29085624817223e+17
2.31720875758495e+17
2.34507808454669e+17
2.37367264022521e+17
2.40396728055126e+17
2.43506789599807e+17
2.46791203328505e+17
2.50155104157269e+17
2.53685293228524e+17
2.57284801241946e+17
2.61061472812013e+17
2.64950530576132e+17
2.69071585225106e+17
2.7334613162856e+17
2.7786462738073e+17
2.82527704398893e+17
2.87418594043066e+17
2.92446872404693e+17
2.97725447746578e+17
3.03164232266321e+17
3.08861928644308e+17
3.14739372184689e+17
3.20920440395887e+17
3.2730248603692e+17
3.33975014207038e+17
3.4085629518373e+17
3.4803012839042e+17
3.55398626612463e+17
3.63058207618106e+17
3.70949380408459e+17
3.79164588032654e+17
3.87582759716846e+17
3.96293932868575e+17
4.05191332376643e+17
4.14368331366639e+17
4.23777332045495e+17
4.33516756853183e+17
4.43432789944512e+17
4.53562708416861e+17
4.63794419918213e+17
4.74261728169733e+17
4.84945456797414e+17
4.95879377564151e+17
5.06917730806475e+17
5.18119867363768e+17
5.29397302003662e+17
5.40911481222834e+17
5.52490032452267e+17
5.64160298503599e+17
5.75813466757574e+17
5.87561418517637e+17
5.99409449753255e+17
6.11413953769814e+17
6.23417426605234e+17
6.35465347700312e+17
6.4744748373381e+17
6.59516918707787e+17
6.71607423829068e+17
6.83756160452673e+17
6.95822692881383e+17
7.07858424287196e+17
7.19750079655779e+17
7.31643928115857e+17
7.43541389986458e+17
7.55520035141041e+17
7.67464127139689e+17
7.79452019081476e+17
7.91358263499036e+17
8.03250836820986e+17
8.15005876597949e+17
8.26730715844351e+17
8.38379877000421e+17
8.50054268912287e+17
8.61645279662245e+17
8.73243153591073e+17
8.84738065156141e+17
8.96224412643805e+17
9.07605340970134e+17
9.18995628944568e+17
9.30307064928931e+17
9.41630662902469e+17
9.52864227407051e+17
9.6410727631794e+17
9.7525420238561e+17
9.86401986099684e+17
9.97448831092068e+17
1.00849461315062e+18
1.01943783063422e+18
1.03037841466126e+18
1.04121483925733e+18
1.05204731274453e+18
1.0627750702111e+18
1.07349938165988e+18
1.08411953126938e+18
1.09473434840243e+18
1.10523861412112e+18
1.11572988561216e+18
1.12611203789386e+18
1.13649950472694e+18
1.14679764429626e+18
1.15709164848029e+18
1.16727814866892e+18
1.17745773531284e+18
1.187528926206e+18
1.1975925487596e+18
1.20754715236167e+18
1.21749357236903e+18
1.22733035059449e+18
1.23715833537496e+18
1.24687605297606e+18
1.25658436441253e+18
1.26618178162339e+18
1.27576917526536e+18
1.28524504376115e+18
1.29471026582098e+18
1.30406332696905e+18
1.31340511351079e+18
1.32263409837227e+18
1.3318511740515e+18
1.34095480285257e+18
1.350045882211e+18
1.35902286441601e+18
1.36798665206823e+18
1.37683568882604e+18
1.385670880978e+18
1.39439066502635e+18
1.40309595085222e+18
1.41168516878405e+18
1.42025923217072e+18
1.42871656641431e+18
1.43715808769558e+18
1.44548221801892e+18
1.4537898759328e+18
1.46197948142675e+18
1.47015195506891e+18
1.4782057161112e+18
1.48624168712591e+18
1.49415828776843e+18
1.50205644207176e+18
1.50983457149324e+18
1.51759360136196e+18
1.52523195631197e+18
1.53285056231369e+18
1.54034784851339e+18
1.54782474150497e+18
1.55517967616772e+18
1.56251357916999e+18
1.56972489208237e+18
1.57691454165358e+18
1.58398097797767e+18
1.59102512637214e+18
1.59794544732164e+18
1.60484286413978e+18
1.6116158490744e+18
1.61836532301192e+18
1.62498977107296e+18
1.63159011061481e+18
1.63806484217281e+18
1.64451487843118e+18
1.65083873650638e+18
1.65713732347084e+18
1.66330917472189e+18
1.66945519116084e+18
1.67547392819037e+18
1.6814662786351e+18
1.68733081970123e+18
1.69316843570062e+18
1.69887772729575e+18
1.70455956917608e+18
1.71011258700396e+18
1.71563764468798e+18
1.72103339399251e+18
1.72640068868401e+18
1.7316382052572e+18
1.73684679073389e+18
1.74192514088318e+18
1.74697410585185e+18
1.75189238550373e+18
1.75678085623271e+18
1.76153818967048e+18
1.76626533472746e+18
1.77086087027462e+18
1.7754259063467e+18
1.7798588118515e+18
1.78426101156104e+18
1.78853046590562e+18
1.7927691687705e+18
1.7968743521471e+18
1.80094897669273e+18
1.8048890579568e+18
1.80879911616796e+18
1.81257324000743e+18
1.81631835175462e+18
1.81992562523185e+18
1.8235055317553e+18
1.82694501299016e+18
1.83035958782021e+18
1.83363027863597e+18
1.83687953281803e+18
1.83998037726584e+18
1.84306445895361e+18
1.84599434831708e+18
1.84891353392506e+18
1.85167132143642e+18
1.8544259972904e+18
1.85701052033355e+18
1.85960116554195e+18
1.86201128572395e+18
1.86443849426555e+18
1.86667336542883e+18
1.8689383542902e+18
1.87100161198309e+18
1.87311440872155e+18
1.87498733433688e+18
1.87687254364821e+18
1.87863612627546e+18
1.88035114956507e+18
1.8819445283535e+18
1.88349026712453e+18
1.88491329565408e+18
1.88629068983906e+18
1.88754328996546e+18
1.88875237349361e+18
1.88983441436938e+18
1.8908752215258e+18
1.89178654010177e+18
1.89265896218674e+18
1.89339941264989e+18
1.8941034148696e+18
1.89467286821917e+18
1.89520838609035e+18
1.89560674677028e+18
1.89597362955818e+18
1.89620095733698e+18
1.89640088005238e+18
1.89646307365591e+18
1.89646322390833e+18
1.89640165943833e+18
1.89620214839747e+18
1.89597536820437e+18
1.89560889629705e+18
1.89521111181476e+18
1.89467598159702e+18
1.89410713170591e+18
1.89340348476646e+18
1.89266365675616e+18
1.8917915782399e+18
1.89088088472106e+18
1.88984044127348e+18
1.88875902060797e+18
1.88755025189062e+18
1.88629830673728e+18
1.88492121848551e+18
1.88349882588157e+18
1.88195343827334e+18
1.88036065873866e+18
1.87864598782085e+18
1.87688310532914e+18
1.87499803092446e+18
1.87312537998329e+18
1.87101382155449e+18
1.86895041686583e+18
1.86668644294577e+18
1.86445146959601e+18
1.86202523151508e+18
1.85961512782951e+18
1.85702532495988e+18
1.85444092029399e+18
1.85168698775738e+18
1.84892939952076e+18
1.84601087641444e+18
1.84308125134392e+18
1.83999776535424e+18
1.83689723432282e+18
1.83364852337799e+18
1.83037818066994e+18
1.82696410835905e+18
1.8235249985404e+18
1.81994556290958e+18
1.81633867469877e+18
1.81259400950343e+18
1.8088202779931e+18
1.80491064722851e+18
1.80097095988451e+18
1.79689674754751e+18
1.79279195607158e+18
1.78855365259088e+18
1.78428458539615e+18
1.77988277377416e+18
1.77545024878553e+18
1.7708855906055e+18
1.76629042773781e+18
1.76156365045901e+18
1.75680668100555e+18
1.75191856824094e+18
1.74700064303985e+18
1.74195202614722e+18
1.73687402072964e+18
1.73166577301172e+18
1.72642859074928e+18
1.72106162339714e+18
1.7156661977082e+18
1.71014145664612e+18
1.70458875143514e+18
1.69890721514763e+18
1.69319822478852e+18
1.68736090271242e+18
1.68149665145097e+18
1.6755045832418e+18
1.66948612423804e+18
1.66334037781213e+18
1.65716879208809e+18
1.65087046298516e+18
1.64454685815593e+18
1.63809706730224e+18
1.63162257588005e+18
1.62502246865306e+18
1.61839824778375e+18
1.61164899323343e+18
1.60487622197756e+18
1.59797901093688e+18
1.59105889018083e+18
1.58401493389531e+18
1.57694868387819e+18
1.56975921247043e+18
1.56254807176171e+18
1.55521433273717e+18
1.54785955609412e+18
1.54038281248446e+18
1.53288566963755e+18
1.5252671983854e+18
1.51762897222741e+18
1.50987006225092e+18
1.50209204653085e+18
1.49419399719914e+18
1.48627749515656e+18
1.47824161380692e+18
1.4701879359855e+18
1.46201553674922e+18
1.45382599899614e+18
1.44551840013841e+18
1.43719432192536e+18
1.4287528442236e+18
1.42029554625322e+18
1.41172151084289e+18
1.40313231362949e+18
1.39442703991811e+18
1.38570726089167e+18
1.37687206509747e+18
1.3680230178791e+18
1.35905921099318e+18
1.35008220228429e+18
1.34099108819744e+18
1.33188741781688e+18
1.32267029216182e+18
1.31344125033045e+18
1.30409939878797e+18
1.29474626571396e+18
1.28528096391339e+18
1.27580500927188e+18
1.26621752177578e+18
1.25662000442515e+18
1.2469115858921e+18
1.23719375510124e+18
1.22736565065497e+18
1.21752874723855e+18
1.20758219581087e+18
1.1976274564461e+18
1.18756369255257e+18
1.17749235648782e+18
1.16731261975684e+18
1.15712596711154e+18
1.14683180931735e+18
1.13653349247455e+18
1.12614581180485e+18
1.11576346702893e+18
1.10527202334059e+18
1.09476758972356e+18
1.08415259543957e+18
1.07353226230882e+18
1.06280776751885e+18
1.05207983190394e+18
1.04124718837301e+18
1.0304106011067e+18
1.01946986287487e+18
1.00852650505144e+18
9.97480593480765e+17
9.86433634154608e+17
9.75285746993335e+17
9.64138731703613e+17
9.52895592573155e+17
9.41661946879121e+17
9.30338292886215e+17
9.1902683522059e+17
9.07636542213446e+17
8.96255600382266e+17
8.84769237601789e+17
8.73274320839494e+17
8.61676444334855e+17
8.50085439974051e+17
8.38411038647258e+17
8.26761882951918e+17
8.15037428359129e+17
8.03283072304697e+17
7.91391051487247e+17
7.79485185517644e+17
7.67497518756607e+17
7.55553527332897e+17
7.43574855398129e+17
7.31677198474415e+17
7.19784264302515e+17
7.07894437165593e+17
6.95859716130793e+17
6.83793412270103e+17
6.71644345333239e+17
6.59552985931812e+17
6.47484058671618e+17
6.35504349835664e+17
6.23458043216743e+17
6.1145477982495e+17
5.99449684770852e+17
5.87601080326825e+17
5.75855140096518e+17
5.64204289708797e+17
5.52533410156587e+17
5.40953024554173e+17
5.29437288226001e+17
5.18161685921146e+17
5.06962426591694e+17
4.95924030899201e+17
4.84988487790337e+17
4.74302345370635e+17
4.63835767466306e+17
4.53605664264127e+17
4.43474186502292e+17
4.33555855453511e+17
4.2381361610324e+17
4.14403633238915e+17
4.05228766864173e+17
3.96332377737066e+17
3.87619125478114e+17
3.79196475119662e+17
3.70976180357871e+17
3.63083202217677e+17
3.55425752857677e+17
3.48058595885425e+17
3.40883376967623e+17
3.3399949989196e+17
3.27322413161309e+17
3.20935084764738e+17
3.14751232957787e+17
3.08875549118688e+17
3.03180408558726e+17
2.97741309842847e+17
2.92460969793294e+17
2.87428706249788e+17
2.82533606332586e+17
2.77868818188657e+17
2.73349386978556e+17
2.69073392493271e+17
2.64951946488292e+17
2.61064823511697e+17
2.57288010928858e+17
2.53685687828297e+17
2.50154662282671e+17
2.467915277782e+17
2.43507399388201e+17
2.40397132416762e+17
2.37367307081609e+17
2.34507165715293e+17
2.31717789249054e+17
2.29078876426535e+17
2.26488024179281e+17
2.2403994894379e+17
2.21643769779618e+17
2.1939321995681e+17
2.17181791357941e+17
2.15091719985907e+17
2.13025508974711e+17
2.11071131817979e+17
2.09131744286588e+17
2.07289133319204e+17
2.05451727482955e+17
2.03683285411166e+17
2.0204757193774e+17
1.99659609590767e+17
)
;

boundaryField
{
    electrode
    {
        type            zeroGradient;
    }
    ground
    {
        type            zeroGradient;
    }
    otherfaces
    {
        type            empty;
    }
}


// ************************************************************************* //
