/*--------------------------------*- C++ -*----------------------------------*\
| =========                 |                                                 |
| \\      /  F ield         | foam-extend: Open Source CFD                    |
|  \\    /   O peration     | Version:     4.1                                |
|   \\  /    A nd           | Web:         http://www.foam-extend.org         |
|    \\/     M anipulation  |                                                 |
\*---------------------------------------------------------------------------*/
FoamFile
{
    version     2.0;
    format      ascii;
    class       volScalarField;
    location    "1.50099999934947e-05";
    object      powerDissipatedMean;
}
// * * * * * * * * * * * * * * * * * * * * * * * * * * * * * * * * * * * * * //

dimensions      [1 2 -3 0 0 0 0];

internalField   nonuniform List<scalar> 
500
(
1.05823987383911e-05
1.02972293171292e-05
9.92407394880339e-06
9.52604436232804e-06
9.11758677020459e-06
8.68087906109103e-06
8.23440682045467e-06
7.76134585218798e-06
7.28020789965007e-06
6.77578269967181e-06
6.26636285715975e-06
5.73847583250515e-06
5.20992125685997e-06
4.66842534235938e-06
4.13155772382679e-06
3.58905272074104e-06
3.05877182225251e-06
2.53248398872168e-06
2.02803002857871e-06
1.53893281503696e-06
1.08314432681997e-06
6.55843770255327e-07
2.75336041642984e-07
-6.02433660419749e-08
-3.30208167955952e-07
-5.32624259845833e-07
-6.48496880501437e-07
-6.79128090266429e-07
-6.08082528870003e-07
-4.36584256539206e-07
-1.51320816311355e-07
2.46970031059273e-07
7.6861018020173e-07
1.40739037113887e-06
2.16949351468024e-06
3.04995445875259e-06
4.04543912805957e-06
5.13240798012755e-06
6.30283192564156e-06
7.53732947071576e-06
8.82250973208944e-06
1.01381879677767e-05
1.14779835199351e-05
1.28281148495306e-05
1.41681520872387e-05
1.54736950837844e-05
1.67371047346921e-05
1.79471183794196e-05
1.91091524212794e-05
2.02265554951751e-05
2.12880522692948e-05
2.22731779412828e-05
2.31827604333483e-05
2.40290290833388e-05
2.48390797236767e-05
2.56126330355839e-05
2.63339721920648e-05
2.69984413373609e-05
2.76158998372282e-05
2.82053221249826e-05
2.87698692923595e-05
2.92888878284922e-05
2.97603690444176e-05
3.01947248073756e-05
3.06125273149498e-05
3.10198310575083e-05
3.13994474404722e-05
3.17376713909113e-05
3.20357729797081e-05
3.23041568733156e-05
3.25585935202364e-05
3.27918430710488e-05
3.29898363501263e-05
3.31489855195957e-05
3.32695686915092e-05
3.33599153306337e-05
3.34381875822966e-05
3.35079829029945e-05
3.35598946769983e-05
3.35894892286887e-05
3.35952775489115e-05
3.35753350913948e-05
3.35292157067226e-05
3.34592053146629e-05
3.33738376124959e-05
3.3278601702821e-05
3.31721564806492e-05
3.30520103705912e-05
3.29181314279678e-05
3.27706865391666e-05
3.26114093241527e-05
3.24427645859191e-05
3.22680234416566e-05
3.20873919294643e-05
3.19002725130339e-05
3.17069834520142e-05
3.15083121122421e-05
3.1304238686446e-05
3.10955150578913e-05
3.0882758645753e-05
3.0666849274941e-05
3.04481960811708e-05
3.02275530860868e-05
3.00052727117701e-05
2.97820680683922e-05
2.95582438323063e-05
2.93343957007651e-05
2.91106308004593e-05
2.88871295529734e-05
2.86636507372036e-05
2.84407395210923e-05
2.8219459981141e-05
2.8001182535419e-05
2.77851166413981e-05
2.75702917298301e-05
2.73567509772403e-05
2.7145051833955e-05
2.69352938575333e-05
2.67277695841032e-05
2.65224672082809e-05
2.63196178771072e-05
2.61191748159793e-05
2.59213315208498e-05
2.5726017052882e-05
2.55333978837352e-05
2.5343390520235e-05
2.51561402678423e-05
2.49715526409606e-05
2.47897562024453e-05
2.46106467627687e-05
2.44343350417222e-05
2.42607096635726e-05
2.4089865959198e-05
2.3921691405877e-05
2.37562760636519e-05
2.35935032852523e-05
2.34334524255095e-05
2.32760063871368e-05
2.31212365674016e-05
2.29690239571406e-05
2.28194308927062e-05
2.2672334947344e-05
2.25277914380959e-05
2.23856812854231e-05
2.22460590573075e-05
2.21088108474857e-05
2.19739898890953e-05
2.1841487780784e-05
2.17113578950414e-05
2.15834890912757e-05
2.1457912571668e-05
2.13345148072935e-05
2.1213344838014e-05
2.10943003555478e-05
2.09774218128826e-05
2.08626063658812e-05
2.07498914738844e-05
2.06391772794961e-05
2.05304998992925e-05
2.04237623859074e-05
2.0318999413349e-05
2.02161170994977e-05
2.01151489200111e-05
2.0016004184465e-05
1.99187152635138e-05
1.98231941386556e-05
1.9729472434894e-05
1.96374651758944e-05
1.95472029914821e-05
1.94586039118628e-05
1.93716977599027e-05
1.928640537719e-05
1.92027558674551e-05
1.91206727371584e-05
1.90401846977381e-05
1.89612178079912e-05
1.888380014971e-05
1.88078600992903e-05
1.87334253731626e-05
1.86604273114502e-05
1.8588892619483e-05
1.85187547930588e-05
1.84500407356891e-05
1.83826858560754e-05
1.83167165114388e-05
1.82520706820373e-05
1.81887740183359e-05
1.81267668583177e-05
1.80660740809425e-05
1.80066385247129e-05
1.79484844055444e-05
1.78915567208316e-05
1.78358787399977e-05
1.77813988064267e-05
1.77281374496473e-05
1.76760484543726e-05
1.76251465838731e-05
1.75753948789766e-05
1.75267980080892e-05
1.7479333329e-05
1.74329889139215e-05
1.73877644504187e-05
1.73436221167283e-05
1.73005939611342e-05
1.72586050821321e-05
1.72177328320913e-05
1.71778503825176e-05
1.71390969582453e-05
1.71012755739257e-05
1.70646065638132e-05
1.70288036204112e-05
1.69941880910347e-05
1.69603644584602e-05
1.69277771859954e-05
1.68958931091022e-05
1.68652313497903e-05
1.68352401748113e-05
1.68065884793778e-05
1.67784831015056e-05
1.67517639915111e-05
1.67255152795761e-05
1.67006992299191e-05
1.66762798355178e-05
1.66533655431641e-05
1.6630823724543e-05
1.66099287330252e-05
1.6589077759048e-05
1.65675095983541e-05
1.65505375967394e-05
1.65328930129371e-05
1.65158430137651e-05
1.64998064570611e-05
1.64845319357981e-05
1.64702508704526e-05
1.64567150994102e-05
1.64441542729685e-05
1.64323373543803e-05
1.64214792478825e-05
1.64113698637152e-05
1.64022017359012e-05
1.6393791022938e-05
1.63863025456717e-05
1.63795830432258e-05
1.63737658925954e-05
1.63687312493367e-05
1.63645794380308e-05
1.63612267663923e-05
1.63587422123574e-05
1.63570102880075e-05
1.63561351338685e-05
1.63561392941386e-05
1.6357015659469e-05
1.6358750932057e-05
1.6361241331407e-05
1.63645980795613e-05
1.63687543473042e-05
1.63737928552581e-05
1.63796145784975e-05
1.63863378606874e-05
1.63938310138116e-05
1.64022454320434e-05
1.64114183380367e-05
1.64215313634551e-05
1.64323943361191e-05
1.6444214858496e-05
1.64567806201528e-05
1.64703199560602e-05
1.64846060082925e-05
1.64998840331627e-05
1.65159254669981e-05
1.6532978931958e-05
1.65506305605737e-05
1.65676158183427e-05
1.65891651027369e-05
1.66100322265946e-05
1.66309357475935e-05
1.66534775039148e-05
1.66764001996816e-05
1.67008205334039e-05
1.6725644688251e-05
1.67518946426918e-05
1.67786217549087e-05
1.68067292633933e-05
1.68353892357582e-05
1.68653830110917e-05
1.68960470789254e-05
1.69279357389487e-05
1.6960531485871e-05
1.69943576527787e-05
1.70289800966767e-05
1.70647863378504e-05
1.7101461580162e-05
1.71392870228221e-05
1.71780464355647e-05
1.72179335433001e-05
1.72588113367558e-05
1.73008051722474e-05
1.73438389441855e-05
1.73879863987088e-05
1.74332165839044e-05
1.74795662845429e-05
1.75270367041117e-05
1.75756391390357e-05
1.7625396611037e-05
1.76763042166656e-05
1.77283992760936e-05
1.77816666643155e-05
1.78361526537825e-05
1.78918368286964e-05
1.79487708131611e-05
1.80069314450288e-05
1.80663735525251e-05
1.8127072951587e-05
1.81890870017998e-05
1.82523905900916e-05
1.83170435588681e-05
1.8383020190749e-05
1.84503824543434e-05
1.85191041233853e-05
1.85892497737462e-05
1.8660792443391e-05
1.87337986789197e-05
1.88082417530801e-05
1.88841904697591e-05
1.89616170312765e-05
1.90405930147621e-05
1.91210904654505e-05
1.92031831798213e-05
1.928684260763e-05
1.93721453538116e-05
1.94590620885702e-05
1.95476721207782e-05
1.96379455823012e-05
1.97299645923828e-05
1.98236984361659e-05
1.99192321106825e-05
2.00165341283929e-05
2.01156923725699e-05
2.0216674390668e-05
2.03195710942734e-05
2.04243490862961e-05
2.05311023475551e-05
2.06397959989296e-05
2.07505270851499e-05
2.08632596219238e-05
2.09780935266855e-05
2.10949909504265e-05
2.12140551510288e-05
2.13352460207718e-05
2.14586666773072e-05
2.1584267284672e-05
2.17121587793305e-05
2.18423106454911e-05
2.19748368898754e-05
2.21096841087499e-05
2.2246960362226e-05
2.23866115970941e-05
2.2528751812295e-05
2.26733266865179e-05
2.28204555122984e-05
2.29700827141688e-05
2.31223311353039e-05
2.32771385524214e-05
2.34346238891164e-05
2.35947154487113e-05
2.37575308841336e-05
2.3922990612621e-05
2.40912118178611e-05
2.42621046142334e-05
2.44357812241291e-05
2.46121457142968e-05
2.479131044094e-05
2.49731643655754e-05
2.51578122792525e-05
2.53451256246153e-05
2.55351988891147e-05
2.57278866809041e-05
2.59232727681909e-05
2.61211908203493e-05
2.63217121967589e-05
2.65246429727705e-05
2.67300305020703e-05
2.69376435531053e-05
2.71474924985741e-05
2.73592851804461e-05
2.75729250479562e-05
2.77878545963612e-05
2.80040283529337e-05
2.82224160533869e-05
2.84438125009273e-05
2.86668480767766e-05
2.88904577575365e-05
2.91140944258337e-05
2.93379993481704e-05
2.95619923172693e-05
2.97859639918965e-05
3.00093180108327e-05
3.02317560259355e-05
3.0452566294459e-05
3.06713963066588e-05
3.08874907050922e-05
3.11004400473722e-05
3.13093634088219e-05
3.15136439700674e-05
3.17125279725247e-05
3.19060319044777e-05
3.20933725886037e-05
3.2274238665237e-05
3.24492263952396e-05
3.26181306114208e-05
3.2777678852851e-05
3.29254058623509e-05
3.30595758410616e-05
3.31800198615967e-05
3.32867679904806e-05
3.3382315994254e-05
3.34680128991355e-05
3.35383765928295e-05
3.35848648022974e-05
3.36051874563357e-05
3.35997866629785e-05
3.35705874291736e-05
3.35190769335856e-05
3.34496888535839e-05
3.33718385512438e-05
3.32819425803086e-05
3.31618339019543e-05
3.30031729996612e-05
3.28056747626948e-05
3.25729231065199e-05
3.23189794283353e-05
3.20511029826206e-05
3.17535301676206e-05
3.14158468120074e-05
3.10367713399514e-05
3.06299986805608e-05
3.02127269842125e-05
2.9778917757176e-05
2.93079850252561e-05
2.87895071139403e-05
2.8225475017924e-05
2.76365520980627e-05
2.70195878896586e-05
2.63555992677541e-05
2.56347140235705e-05
2.48615759731203e-05
2.40519016377187e-05
2.32059815222195e-05
2.22967058292812e-05
2.1311839103973e-05
2.02505393419188e-05
1.91332716025135e-05
1.79713109458021e-05
1.67613169634482e-05
1.54978590005372e-05
1.41922011784275e-05
1.28519765402274e-05
1.15015903690625e-05
1.01614765445266e-05
8.84542850044503e-06
7.55982358259662e-06
6.32485792162489e-06
5.15392402476962e-06
4.06641627914656e-06
3.07036741100892e-06
2.18933472560056e-06
1.42665406646319e-06
7.8730336198359e-07
2.65102143352775e-07
-1.33728677047915e-07
-4.19511394780136e-07
-5.91493855935398e-07
-6.62992123374523e-07
-6.32769448186659e-07
-5.17266521302047e-07
-3.15170175090314e-07
-4.54829746218674e-08
2.89870452447692e-07
6.70194756888094e-07
1.09736431351872e-06
1.55306401084197e-06
2.04212356992434e-06
2.54657946119246e-06
3.07291763847089e-06
3.60328471192366e-06
4.14592016416249e-06
4.68294925519696e-06
5.22464665561221e-06
5.75342885316719e-06
6.28157887966659e-06
6.79128226024571e-06
7.29602103311575e-06
7.77748780775415e-06
8.25090305729403e-06
8.69773966314146e-06
9.1348329871352e-06
9.54368188531533e-06
9.94212021223256e-06
1.03156880924772e-05
1.06012695086111e-05
)
;

boundaryField
{
    electrode
    {
        type            calculated;
        value           uniform 1.05823987383911e-05;
    }
    ground
    {
        type            calculated;
        value           uniform 1.06012695086111e-05;
    }
    otherfaces
    {
        type            empty;
    }
}


// ************************************************************************* //
