/*--------------------------------*- C++ -*----------------------------------*\
| =========                 |                                                 |
| \\      /  F ield         | foam-extend: Open Source CFD                    |
|  \\    /   O peration     | Version:     4.1                                |
|   \\  /    A nd           | Web:         http://www.foam-extend.org         |
|    \\/     M anipulation  |                                                 |
\*---------------------------------------------------------------------------*/
FoamFile
{
    version     2.0;
    format      ascii;
    class       volVectorField;
    location    "1.50099999934947e-05";
    object      velocityArp1;
}
// * * * * * * * * * * * * * * * * * * * * * * * * * * * * * * * * * * * * * //

dimensions      [0 1 -1 0 0 0 0];

internalField   nonuniform List<vector> 
500
(
(-2872.73574808329 0 0)
(-2838.64052247552 0 0)
(-2816.20839689676 0 0)
(-2791.73643323399 0 0)
(-2767.34050005224 0 0)
(-2742.63142160742 0 0)
(-2717.72337317786 0 0)
(-2692.51187785458 0 0)
(-2666.9612417603 0 0)
(-2641.05184911268 0 0)
(-2614.75851695259 0 0)
(-2587.97388018762 0 0)
(-2560.60213740689 0 0)
(-2532.70892429917 0 0)
(-2504.33547038096 0 0)
(-2475.50623553711 0 0)
(-2446.2577094975 0 0)
(-2416.51008071671 0 0)
(-2386.25918037445 0 0)
(-2355.52419365365 0 0)
(-2324.3698878921 0 0)
(-2292.8731751532 0 0)
(-2261.1080525343 0 0)
(-2229.11729108597 0 0)
(-2196.93639048897 0 0)
(-2164.38206171644 0 0)
(-2131.27068287114 0 0)
(-2097.59490375523 0 0)
(-2063.48549332846 0 0)
(-2029.05206340132 0 0)
(-1994.40208770222 0 0)
(-1959.64055066861 0 0)
(-1924.746844326 0 0)
(-1889.7629903032 0 0)
(-1854.7386651195 0 0)
(-1819.62312738806 0 0)
(-1784.29629877076 0 0)
(-1748.90063592509 0 0)
(-1713.57920700925 0 0)
(-1678.35993958989 0 0)
(-1643.34684836417 0 0)
(-1608.62868786154 0 0)
(-1574.22130288721 0 0)
(-1540.00207837937 0 0)
(-1506.03879967396 0 0)
(-1472.52379425908 0 0)
(-1439.50832991656 0 0)
(-1407.07214168693 0 0)
(-1375.21213919384 0 0)
(-1343.77932911612 0 0)
(-1312.79963760332 0 0)
(-1282.48578455236 0 0)
(-1252.99211072254 0 0)
(-1224.36355145024 0 0)
(-1196.43868902078 0 0)
(-1169.02485207197 0 0)
(-1142.28422072888 0 0)
(-1116.31681610152 0 0)
(-1091.17688835382 0 0)
(-1066.79648795476 0 0)
(-1043.01408267728 0 0)
(-1019.97648975796 0 0)
(-997.775826775214 0 0)
(-976.386445699733 0 0)
(-955.721624622266 0 0)
(-935.58559952256 0 0)
(-916.027686899043 0 0)
(-897.114565277992 0 0)
(-878.884864007417 0 0)
(-861.315943730905 0 0)
(-844.2907530066 0 0)
(-827.754349149179 0 0)
(-811.763797181862 0 0)
(-796.332644060097 0 0)
(-781.480733306666 0 0)
(-767.189448042211 0 0)
(-753.370905313578 0 0)
(-739.903800431541 0 0)
(-726.797519373254 0 0)
(-714.050962214269 0 0)
(-701.667672016565 0 0)
(-689.652743931228 0 0)
(-678.014687977355 0 0)
(-666.753947478957 0 0)
(-655.842550739634 0 0)
(-645.22291306563 0 0)
(-634.882629702621 0 0)
(-624.815280034481 0 0)
(-615.015860020918 0 0)
(-605.478551983785 0 0)
(-596.195568879334 0 0)
(-587.152786886633 0 0)
(-578.330199176661 0 0)
(-569.709418994386 0 0)
(-561.289040933995 0 0)
(-553.061731640563 0 0)
(-545.020702988871 0 0)
(-537.160876743057 0 0)
(-529.477092139558 0 0)
(-521.962699093156 0 0)
(-514.611987849651 0 0)
(-507.41861317124 0 0)
(-500.376969911945 0 0)
(-493.481273166833 0 0)
(-486.726308313191 0 0)
(-480.106465400673 0 0)
(-473.616566380792 0 0)
(-467.251522436476 0 0)
(-461.007721987226 0 0)
(-454.882360950036 0 0)
(-448.872546010504 0 0)
(-442.971971111371 0 0)
(-437.171620531644 0 0)
(-431.465712236395 0 0)
(-425.856706325856 0 0)
(-420.341834289482 0 0)
(-414.918186051407 0 0)
(-409.582609593813 0 0)
(-404.332346116725 0 0)
(-399.164491048097 0 0)
(-394.076506735807 0 0)
(-389.065721165455 0 0)
(-384.12979989486 0 0)
(-379.266278416943 0 0)
(-374.473008088102 0 0)
(-369.747712021979 0 0)
(-365.088409354963 0 0)
(-360.492993708969 0 0)
(-355.959636403693 0 0)
(-351.486385872146 0 0)
(-347.071551509747 0 0)
(-342.713322849536 0 0)
(-338.410134732369 0 0)
(-334.160304792101 0 0)
(-329.962382370266 0 0)
(-325.814802124364 0 0)
(-321.716217590205 0 0)
(-317.665170205904 0 0)
(-313.660408680628 0 0)
(-309.700572111475 0 0)
(-305.784496191069 0 0)
(-301.910909360937 0 0)
(-298.078726900227 0 0)
(-294.286759245103 0 0)
(-290.533994769381 0 0)
(-286.819318820917 0 0)
(-283.141786764833 0 0)
(-279.500353212905 0 0)
(-275.89413494986 0 0)
(-272.322150124309 0 0)
(-268.783572039281 0 0)
(-265.277477478741 0 0)
(-261.803091679941 0 0)
(-258.359545428796 0 0)
(-254.94611201324 0 0)
(-251.561972047325 0 0)
(-248.206442949269 0 0)
(-244.87875144677 0 0)
(-241.578255831565 0 0)
(-238.304225438101 0 0)
(-235.056056350902 0 0)
(-231.833057224612 0 0)
(-228.634659077512 0 0)
(-225.460207195653 0 0)
(-222.309164999845 0 0)
(-219.180911531193 0 0)
(-216.074940161002 0 0)
(-212.990661527791 0 0)
(-209.927596740681 0 0)
(-206.885185619079 0 0)
(-203.862975169333 0 0)
(-200.860432267386 0 0)
(-197.877127976709 0 0)
(-194.912554476197 0 0)
(-191.966304980082 0 0)
(-189.037895197847 0 0)
(-186.126939136365 0 0)
(-183.232974224525 0 0)
(-180.355633762752 0 0)
(-177.494475593142 0 0)
(-174.649150963645 0 0)
(-171.819236701091 0 0)
(-169.004400964538 0 0)
(-166.20423844007 0 0)
(-163.418432874748 0 0)
(-160.646595575251 0 0)
(-157.888424554438 0 0)
(-155.143547059717 0 0)
(-152.411673980441 0 0)
(-149.692448102529 0 0)
(-146.985591278969 0 0)
(-144.290762366426 0 0)
(-141.6076913177 0 0)
(-138.936054870669 0 0)
(-136.275586537209 0 0)
(-133.625985305868 0 0)
(-130.986980769692 0 0)
(-128.358301912582 0 0)
(-125.739662939021 0 0)
(-123.130835686231 0 0)
(-120.531501538331 0 0)
(-117.941495033963 0 0)
(-115.360439308897 0 0)
(-112.788260530045 0 0)
(-110.224488518349 0 0)
(-107.66918033942 0 0)
(-105.121726233262 0 0)
(-102.582365358231 0 0)
(-100.050290313558 0 0)
(-97.5259851838324 0 0)
(-95.0083752915093 0 0)
(-92.4982637033399 0 0)
(-89.9942290710424 0 0)
(-87.4974754828873 0 0)
(-85.0061492250992 0 0)
(-82.5219420667569 0 0)
(-80.042480098725 0 0)
(-77.570028533998 0 0)
(-75.1016099743369 0 0)
(-72.6401409230875 0 0)
(-70.1819672010732 0 0)
(-67.7307224444613 0 0)
(-65.2820186858889 0 0)
(-62.8402495908722 0 0)
(-60.4002837772468 0 0)
(-57.9669407534648 0 0)
(-55.5356870235029 0 0)
(-53.1105083037989 0 0)
(-50.6872455561024 0 0)
(-48.2672229685458 0 0)
(-45.850561302482 0 0)
(-43.4372893408939 0 0)
(-41.0266070890727 0 0)
(-38.6191495918339 0 0)
(-36.2138398648186 0 0)
(-33.8114914498885 0 0)
(-31.4109256254853 0 0)
(-29.0130422983508 0 0)
(-26.6165718004214 0 0)
(-24.2225196830217 0 0)
(-21.8294962512519 0 0)
(-19.4386398130713 0 0)
(-17.0484521101946 0 0)
(-14.6601530213123 0 0)
(-12.2721809392226 0 0)
(-9.88579494744452 0 0)
(-7.49937880308573 0 0)
(-5.11433517253814 0 0)
(-2.72875949026341 0 0)
(-0.344696021173676 0 0)
(2.04054965517746 0 0)
(4.42459920390937 0 0)
(6.81010206827698 0 0)
(9.19506887093263 0 0)
(11.5813060911145 0 0)
(13.9675282941825 0 0)
(16.3553213081327 0 0)
(18.74344674157 0 0)
(21.1334374833641 0 0)
(23.5241115698132 0 0)
(25.9169474569777 0 0)
(28.3108302652638 0 0)
(30.7071492717968 0 0)
(33.1048989522602 0 0)
(35.5053649320804 0 0)
(37.9076450297965 0 0)
(40.3129226234843 0 0)
(42.7204114287134 0 0)
(45.1311656635441 0 0)
(47.5445533260211 0 0)
(49.9614131339844 0 0)
(52.3816265211662 0 0)
(54.8044463780944 0 0)
(57.2319024013943 0 0)
(59.664923887632 0 0)
(62.0994102050978 0 0)
(64.5405789754567 0 0)
(66.9836676128245 0 0)
(69.4337198249432 0 0)
(71.8864412213635 0 0)
(74.3461345210467 0 0)
(76.8092428042098 0 0)
(79.2793533048625 0 0)
(81.7536102645226 0 0)
(84.2349379957275 0 0)
(86.7211190072241 0 0)
(89.2144866596173 0 0)
(91.7133848066962 0 0)
(94.2196375504908 0 0)
(96.7320668314222 0 0)
(99.2520728230268 0 0)
(101.778870993726 0 0)
(104.31352162977 0 0)
(106.855553343506 0 0)
(109.405764111282 0 0)
(111.963923443353 0 0)
(114.5306352588 0 0)
(117.105848161431 0 0)
(119.690028969351 0 0)
(122.283255352124 0 0)
(124.885902420903 0 0)
(127.498138161121 0 0)
(130.120280514771 0 0)
(132.752559490089 0 0)
(135.395260858604 0 0)
(138.048656993281 0 0)
(140.713018678567 0 0)
(143.388648016649 0 0)
(146.075812277741 0 0)
(148.77483560718 0 0)
(151.485988970687 0 0)
(154.209614378434 0 0)
(156.945990976266 0 0)
(159.695476897355 0 0)
(162.45836234225 0 0)
(165.235020989874 0 0)
(168.025755921129 0 0)
(170.830956805917 0 0)
(173.650941085704 0 0)
(176.486115204752 0 0)
(179.336812145406 0 0)
(182.203456223197 0 0)
(185.086397381295 0 0)
(187.986079036613 0 0)
(190.902869145871 0 0)
(193.83723160121 0 0)
(196.789553674145 0 0)
(199.760321035081 0 0)
(202.74994182806 0 0)
(205.758925306005 0 0)
(208.787701902566 0 0)
(211.836806265971 0 0)
(214.906692829042 0 0)
(217.997923421187 0 0)
(221.110978394693 0 0)
(224.246448823489 0 0)
(227.404843036602 0 0)
(230.586783571273 0 0)
(233.792808853927 0 0)
(237.023575289622 0 0)
(240.279653739429 0 0)
(243.561737270777 0 0)
(246.870431730338 0 0)
(250.206469685057 0 0)
(253.570494833693 0 0)
(256.963282464158 0 0)
(260.385517085259 0 0)
(263.838020091949 0 0)
(267.321520358913 0 0)
(270.836889156985 0 0)
(274.38490344886 0 0)
(277.966488522535 0 0)
(281.582473370259 0 0)
(285.233841892522 0 0)
(288.921479663424 0 0)
(292.646434125984 0 0)
(296.409652488047 0 0)
(300.212251342193 0 0)
(304.055244542194 0 0)
(307.939823939389 0 0)
(311.867076361183 0 0)
(315.838275558723 0 0)
(319.85458774793 0 0)
(323.91737597439 0 0)
(328.027893340597 0 0)
(332.187600243172 0 0)
(336.397844682039 0 0)
(340.660193552891 0 0)
(344.976098857031 0 0)
(349.347243842471 0 0)
(353.775194390453 0 0)
(358.261761551468 0 0)
(362.808635934778 0 0)
(367.417768618452 0 0)
(372.090987493043 0 0)
(376.830397355103 0 0)
(381.637976972676 0 0)
(386.516000353001 0 0)
(391.466612455408 0 0)
(396.492273043321 0 0)
(401.595310674967 0 0)
(406.778390352868 0 0)
(412.044040934132 0 0)
(417.395157146921 0 0)
(422.834485897659 0 0)
(428.365165175603 0 0)
(433.990086486541 0 0)
(439.71196620994 0 0)
(445.526978737159 0 0)
(451.441128778548 0 0)
(457.463614162474 0 0)
(463.600744528222 0 0)
(469.855371373276 0 0)
(476.23022035691 0 0)
(482.728799492519 0 0)
(489.356079918443 0 0)
(496.117497421216 0 0)
(503.018782062343 0 0)
(510.065043546109 0 0)
(517.261959641355 0 0)
(524.61501025693 0 0)
(532.130437408343 0 0)
(539.814276673878 0 0)
(547.673269330671 0 0)
(555.712239273368 0 0)
(563.935943293632 0 0)
(572.351422222269 0 0)
(580.966341095866 0 0)
(589.783324036937 0 0)
(598.818602602444 0 0)
(608.091252594348 0 0)
(617.615149988603 0 0)
(627.397781648757 0 0)
(637.444647101429 0 0)
(647.76039998349 0 0)
(658.351098360503 0 0)
(669.231488556543 0 0)
(680.470514407545 0 0)
(692.08684335396 0 0)
(704.075464696088 0 0)
(716.427190598564 0 0)
(729.136196501014 0 0)
(742.198593257803 0 0)
(755.615027928487 0 0)
(769.378285338285 0 0)
(783.63294475825 0 0)
(798.440404037698 0 0)
(813.818726014357 0 0)
(829.746717690496 0 0)
(846.203462717055 0 0)
(863.138656892384 0 0)
(880.627995201038 0 0)
(898.772228107596 0 0)
(917.588666583318 0 0)
(937.042156663758 0 0)
(957.068182276269 0 0)
(977.624115787213 0 0)
(998.904520967193 0 0)
(1020.97881254858 0 0)
(1043.87030814632 0 0)
(1067.49974306037 0 0)
(1091.73179562499 0 0)
(1116.72016457065 0 0)
(1142.51940275939 0 0)
(1169.08720719591 0 0)
(1196.32805254233 0 0)
(1224.09003368336 0 0)
(1252.54206575924 0 0)
(1281.83462817992 0 0)
(1311.94843766981 0 0)
(1342.73676715341 0 0)
(1373.99716143963 0 0)
(1405.67855027716 0 0)
(1437.92978302438 0 0)
(1470.74525282971 0 0)
(1504.05614001482 0 0)
(1537.82028554438 0 0)
(1571.88770266222 0 0)
(1606.14977032136 0 0)
(1640.71756878959 0 0)
(1675.56227454079 0 0)
(1710.61692337876 0 0)
(1745.76793405491 0 0)
(1780.99675981071 0 0)
(1816.21767480176 0 0)
(1851.26480712932 0 0)
(1886.21573746891 0 0)
(1921.09193335982 0 0)
(1955.86938875141 0 0)
(1990.49493740232 0 0)
(2025.02072868223 0 0)
(2059.40720619277 0 0)
(2093.4939915009 0 0)
(2127.14340485794 0 0)
(2160.24348470152 0 0)
(2192.78286589049 0 0)
(2224.90585404876 0 0)
(2256.78891317007 0 0)
(2288.53182833227 0 0)
(2320.05302168118 0 0)
(2351.22398854657 0 0)
(2381.96665589965 0 0)
(2412.22098661822 0 0)
(2441.96119441472 0 0)
(2471.1633106155 0 0)
(2499.91518693055 0 0)
(2528.30892644899 0 0)
(2556.28309641342 0 0)
(2583.72739290312 0 0)
(2610.59093746418 0 0)
(2636.96473538119 0 0)
(2662.90491170201 0 0)
(2688.45472383151 0 0)
(2713.65596623157 0 0)
(2738.51552673312 0 0)
(2763.13450289617 0 0)
(2787.53879981283 0 0)
(2812.10658426799 0 0)
(2834.55837169834 0 0)
(2868.69300484463 0 0)
)
;

boundaryField
{
    electrode
    {
        type            zeroGradient;
    }
    ground
    {
        type            zeroGradient;
    }
    otherfaces
    {
        type            empty;
    }
}


// ************************************************************************* //
