/*--------------------------------*- C++ -*----------------------------------*\
| =========                 |                                                 |
| \\      /  F ield         | foam-extend: Open Source CFD                    |
|  \\    /   O peration     | Version:     4.1                                |
|   \\  /    A nd           | Web:         http://www.foam-extend.org         |
|    \\/     M anipulation  |                                                 |
\*---------------------------------------------------------------------------*/
FoamFile
{
    version     2.0;
    format      ascii;
    class       volScalarField;
    location    "1.50099999934947e-05";
    object      electron;
}
// * * * * * * * * * * * * * * * * * * * * * * * * * * * * * * * * * * * * * //

dimensions      [0 -3 0 0 0 0 0];

internalField   nonuniform List<scalar> 
500
(
8.59715593895433e+15
1.08935449596493e+16
1.3642077176772e+16
1.69023203834244e+16
2.07360824652584e+16
2.52061979715552e+16
3.03752010353727e+16
3.63039240783515e+16
4.30499791457406e+16
5.06661687552484e+16
5.91987815828427e+16
6.86861150247144e+16
7.91571211767715e+16
9.0630387337702e+16
1.03113320734533e+17
1.16601751390712e+17
1.31079997554372e+17
1.46521381476163e+17
1.62888946863312e+17
1.80136582146207e+17
1.98210605476491e+17
2.17051745539196e+17
2.36597061335194e+17
2.56781388806921e+17
2.77538852895141e+17
2.98804381229834e+17
3.20515266253441e+17
3.42612679310681e+17
3.65042774966349e+17
3.87757673987881e+17
4.10716529883495e+17
4.33885807606487e+17
4.57238666774285e+17
4.80754172078146e+17
5.04416586159458e+17
5.28215055011097e+17
5.52144223967483e+17
5.76204556098937e+17
6.0040029056657e+17
6.24736842305583e+17
6.49220361068472e+17
6.73859321423039e+17
6.98664987692365e+17
7.23647692693424e+17
7.48813435678462e+17
7.74166218286623e+17
7.99711344921741e+17
8.25452781740867e+17
8.5138977246316e+17
8.77519844576782e+17
9.03841121938706e+17
9.30348183166432e+17
9.57030696895434e+17
9.83878105035933e+17
1.01087916020904e+18
1.03801670728753e+18
1.06526979947857e+18
1.09261997246661e+18
1.1200496844522e+18
1.14753826496395e+18
1.17506559409687e+18
1.2026156741124e+18
1.2301725858809e+18
1.25771665508978e+18
1.28522776588522e+18
1.31269000065481e+18
1.34008975448261e+18
1.36741137737301e+18
1.39463695324746e+18
1.42174976323983e+18
1.44873842582465e+18
1.47559712682759e+18
1.5023219712348e+18
1.52890859748822e+18
1.55535201163598e+18
1.58164688613432e+18
1.60778778864976e+18
1.63376971704233e+18
1.65958921664081e+18
1.68524498697279e+18
1.71073714657903e+18
1.73606622068746e+18
1.76123279248672e+18
1.78623754281243e+18
1.81108137662465e+18
1.83576571993671e+18
1.86029276050362e+18
1.8846650819287e+18
1.90888505002216e+18
1.9329546781972e+18
1.95687575334659e+18
1.98064986458258e+18
2.00427841879025e+18
2.02776268761074e+18
2.05110383151872e+18
2.07430292740835e+18
2.09736101305346e+18
2.12027910762331e+18
2.14305821128868e+18
2.16569930320264e+18
2.18820334071509e+18
2.21057126127443e+18
2.23280398837137e+18
2.2549024443789e+18
2.2768675774372e+18
2.29870039731447e+18
2.32040193058759e+18
2.34197301099342e+18
2.36341409858547e+18
2.38472535324172e+18
2.40590681416418e+18
2.42695848059748e+18
2.44788032176895e+18
2.46867227806079e+18
2.48933426226318e+18
2.50986616087643e+18
2.53026783562916e+18
2.55053912459059e+18
2.57067984357221e+18
2.59068978730427e+18
2.6105687306698e+18
2.63031642987927e+18
2.64993262357121e+18
2.66941703387873e+18
2.68876936748455e+18
2.70798931658819e+18
2.72707655985188e+18
2.74603076336832e+18
2.76485158154222e+18
2.7835386578265e+18
2.80209162560566e+18
2.82051010891764e+18
2.83879372323454e+18
2.85694207607596e+18
2.87495476771196e+18
2.89283139184865e+18
2.91057153614419e+18
2.9281747828551e+18
2.94564070942901e+18
2.96296888894014e+18
2.98015889063514e+18
2.99721028047096e+18
3.01412262150401e+18
3.03089547435685e+18
3.0475283976215e+18
3.06402094831079e+18
3.08037268228165e+18
3.09658315447543e+18
3.11265191927552e+18
3.12857853098438e+18
3.144362544056e+18
3.16000351340907e+18
3.17550099469393e+18
3.190854544652e+18
3.20606372131998e+18
3.22112808437623e+18
3.23604719530145e+18
3.25082061762466e+18
3.26544791722061e+18
3.27992866246932e+18
3.29426242449598e+18
3.30844877740978e+18
3.32248729842103e+18
3.33637756802012e+18
3.35011917025653e+18
3.36371169287264e+18
3.3771547274005e+18
3.39044786940208e+18
3.40359071860805e+18
3.41658287902836e+18
3.42942395904668e+18
3.44211357169344e+18
3.45465133473295e+18
3.46703687069393e+18
3.47926980704753e+18
3.49134977636372e+18
3.50327641637431e+18
3.51504937003443e+18
3.52666828571939e+18
3.53813281726515e+18
3.54944262408849e+18
3.56059737126592e+18
3.57159672961139e+18
3.58244037573917e+18
3.59312799216538e+18
3.60365926737068e+18
3.61403389590964e+18
3.62425157849681e+18
3.63431202198511e+18
3.64421493949553e+18
3.65396005044737e+18
3.66354708065853e+18
3.6729757623278e+18
3.68224583418381e+18
3.69135704149652e+18
3.70030913608748e+18
3.70910187643501e+18
3.7177350276933e+18
3.72620836171387e+18
3.73452165714769e+18
3.74267469950007e+18
3.75066728105165e+18
3.75849920099194e+18
3.76617026544289e+18
3.7736802874492e+18
3.78102908710545e+18
3.78821649149512e+18
3.79524233482489e+18
3.8021064583709e+18
3.80880871053709e+18
3.81534894688402e+18
3.82172703017867e+18
3.82794283049349e+18
3.83399622505512e+18
3.83988709855339e+18
3.84561534304341e+18
3.85118085798514e+18
3.85658355050543e+18
3.8618233353842e+18
3.86690013517422e+18
3.87181388038988e+18
3.87656450980883e+18
3.88115197024013e+18
3.8855762117511e+18
3.88983718396148e+18
3.89393485193889e+18
3.89786920441246e+18
3.90164021883536e+18
3.90524784250979e+18
3.90869201276964e+18
3.91197266838975e+18
3.91508974867389e+18
3.91804319379346e+18
3.92083294544943e+18
3.92345894721421e+18
3.92592114490352e+18
3.92821948683701e+18
3.93035392386305e+18
3.93232440944915e+18
3.93413089974206e+18
3.93577335371705e+18
3.9372517333079e+18
3.93856600342101e+18
3.93971613185446e+18
3.94070208921318e+18
3.94152384925037e+18
3.94218138884873e+18
3.94267468664268e+18
3.94300372029625e+18
3.94316846819154e+18
3.94316895646524e+18
3.94300517275116e+18
3.9426770970873e+18
3.94218473435585e+18
3.94152810285164e+18
3.94070721637368e+18
3.93972209184298e+18
3.93857274995947e+18
3.93725921500516e+18
3.93578151477213e+18
3.93413968043324e+18
3.93233374627606e+18
3.93036374968625e+18
3.9282297309901e+18
3.92593173319485e+18
3.92346980182947e+18
3.92084398479694e+18
3.9180543321811e+18
3.9151008960388e+18
3.91198373003391e+18
3.90870288901429e+18
3.90525842867144e+18
3.9016504052743e+18
3.89787887599294e+18
3.8939438941125e+18
3.88984550047115e+18
3.88558373103944e+18
3.88115863254735e+18
3.8765702608539e+18
3.87181867406774e+18
3.8669039339913e+18
3.86182610867252e+18
3.85658527279139e+18
3.85118150774041e+18
3.84561490173166e+18
3.83988554984964e+18
3.83399355421083e+18
3.82793902394673e+18
3.8217220752471e+18
3.8153428313619e+18
3.80880142256016e+18
3.80209798622038e+18
3.7952326668455e+18
3.78820561601315e+18
3.78101699232936e+18
3.77366696149643e+18
3.76615569627014e+18
3.75848337644226e+18
3.75065018879577e+18
3.74265632597442e+18
3.73450198757204e+18
3.72618738096352e+18
3.71771272048745e+18
3.70907822726855e+18
3.70028412913769e+18
3.69133066065049e+18
3.68221806294392e+18
3.67294658375707e+18
3.66351647743555e+18
3.65392800488507e+18
3.64418143341546e+18
3.63427703675852e+18
3.62421509499124e+18
3.6139958944885e+18
3.60361972789233e+18
3.59308689401738e+18
3.58239769776492e+18
3.57155245006601e+18
3.5605514678496e+18
3.54939507390857e+18
3.53808359687399e+18
3.52661737105136e+18
3.51499673639449e+18
3.50322203846655e+18
3.49129362822032e+18
3.47921186193222e+18
3.46697710120429e+18
3.45458971279199e+18
3.44205006848018e+18
3.42935854491844e+18
3.41651552359677e+18
3.40352139071966e+18
3.39037653697375e+18
3.37708135748872e+18
3.36363625169527e+18
3.35004162309103e+18
3.33629787913853e+18
3.32240543119238e+18
3.30836469413638e+18
3.29417608638737e+18
3.27984002963467e+18
3.26535694864861e+18
3.25072727112508e+18
3.23595142744837e+18
3.22102985046826e+18
3.205962975312e+18
3.1907512391109e+18
3.17539508075705e+18
3.15989494071204e+18
3.14425126065335e+18
3.12846448326201e+18
3.11253505192814e+18
3.09646341043328e+18
3.08025000263269e+18
3.06389527213259e+18
3.04739966190701e+18
3.03076361397304e+18
3.01398756908628e+18
2.99707196620505e+18
2.98001724219973e+18
2.9628238313205e+18
2.94549216483807e+18
2.92802267049902e+18
2.9104157720073e+18
2.8926718885266e+18
2.87479143415953e+18
2.85677481724047e+18
2.83862243977929e+18
2.82033469680818e+18
2.8019119756488e+18
2.78335465526667e+18
2.76466310541219e+18
2.74583768585191e+18
2.72687874541831e+18
2.70778662108099e+18
2.68856163702563e+18
2.66920410348931e+18
2.64971431564025e+18
2.63009255227407e+18
2.61033907447143e+18
2.59045412422767e+18
2.57043792270985e+18
2.55029066859102e+18
2.53001253609653e+18
2.50960367296853e+18
2.48906419804564e+18
2.46839419879515e+18
2.44759372843256e+18
2.42666280266997e+18
2.4056013962809e+18
2.38440943917168e+18
2.36308681177449e+18
2.34163332880276e+18
2.32004860025817e+18
2.29833171908453e+18
2.27648114930554e+18
2.25449504890911e+18
2.23237158187507e+18
2.21010892087332e+18
2.18770514422208e+18
2.16515816507689e+18
2.14246567889579e+18
2.11962512586263e+18
2.09663367782681e+18
2.07348822333181e+18
2.05018530234343e+18
2.02672101063446e+18
2.00309091916982e+18
1.97928999937027e+18
1.95531252041035e+18
1.931151871872e+18
1.90680036199228e+18
1.88224912034417e+18
1.85748801651177e+18
1.83250544599123e+18
1.80728822638147e+18
1.7818218121498e+18
1.75609041087616e+18
1.73007668216686e+18
1.70376129548825e+18
1.67712256814784e+18
1.65013619800043e+18
1.62277555358934e+18
1.59501290495455e+18
1.56682005755172e+18
1.53816681418115e+18
1.50901889111622e+18
1.47933727498184e+18
1.4490784223342e+18
1.41819429048661e+18
1.38663289101071e+18
1.35434162437919e+18
1.32127135953853e+18
1.28737524183841e+18
1.25260467508154e+18
1.21690824125057e+18
1.18023494615725e+18
1.1425408040827e+18
1.10379184363765e+18
1.06396168001402e+18
1.02303233775259e+18
9.81001954072377e+17
9.37891908401466e+17
8.93747162234502e+17
8.48637110091231e+17
8.02662987330146e+17
7.55962409159137e+17
7.08706659861282e+17
6.61100293080423e+17
6.13384669586344e+17
5.65835751290916e+17
5.18756317963822e+17
4.72470269933461e+17
4.27316209758892e+17
3.83635124625452e+17
3.41756481486307e+17
3.01987249960266e+17
2.64600458316722e+17
2.29822326015737e+17
1.97822367769247e+17
1.68708545158931e+17
1.42525462562648e+17
1.19254625027097e+17
9.88180147982254e+16
8.10852886477009e+16
6.58835091023236e+16
5.30079306228163e+16
4.22328814591529e+16
3.33223542123513e+16
2.60397261068552e+16
2.01559657274101e+16
1.54559957271775e+16
1.17431503939688e+16
8.84182630401979e+15
6.59857853250408e+15
4.88197935472109e+15
3.58152939510538e+15
2.60591664272193e+15
1.88090010670747e+15
1.34703470166361e+15
957404483179205
675480513993281
473182623791375
329185777553984
227481479089043
156184448484342
106563052839519
72266676662138
48720281891434.3
32657896172430.5
21768276399661.5
14429274226360.5
9511409471994.93
6234129509561.07
4061840081949.97
2629537246571.3
1690083847847.48
1077170626611.78
679533110934.082
423167594075.168
)
;

boundaryField
{
    electrode
    {
        type            electronDensity_wilsonBC3_2;
        seec            0;
        value           uniform 7.64626719535616e+15;
    }
    ground
    {
        type            electronDensity_wilsonBC3_2;
        seec            0;
        value           uniform 340660795629.629;
    }
    otherfaces
    {
        type            empty;
    }
}


// ************************************************************************* //
