/*--------------------------------*- C++ -*----------------------------------*\
| =========                 |                                                 |
| \\      /  F ield         | foam-extend: Open Source CFD                    |
|  \\    /   O peration     | Version:     4.1                                |
|   \\  /    A nd           | Web:         http://www.foam-extend.org         |
|    \\/     M anipulation  |                                                 |
\*---------------------------------------------------------------------------*/
FoamFile
{
    version     2.0;
    format      ascii;
    class       volScalarField;
    location    "1.50099999934947e-05";
    object      EPotentialMean;
}
// * * * * * * * * * * * * * * * * * * * * * * * * * * * * * * * * * * * * * //

dimensions      [1 2 -3 0 0 -1 0];

internalField   nonuniform List<scalar> 
500
(
0.678299215335157
2.01159523970603
3.32116250485192
4.60688162190972
5.86851292612901
7.10591542149731
8.31887336864712
9.50723688276987
10.6708096798446
11.809435698116
12.9229395834956
14.011178493907
15.074000821554
16.1112779049855
17.1228802339728
18.1086966772142
19.0686290198128
20.0026036175437
20.9105615633549
21.7924659181743
22.6482986322604
23.4780723154226
24.2818297491281
25.0596377286191
25.8115846650281
26.5377820746444
27.238367057242
27.9135115312194
28.563422723252
29.1883432916796
29.7885602546422
30.3644027178646
30.9162361156833
31.444461629181
31.9495154649939
32.431871205136
32.8920466759368
33.3306196000941
33.748210044536
34.1454608443379
34.523042187156
34.8816561584131
35.2220536631403
35.5450059943578
35.8512765855325
36.1416321394121
36.4168645813969
36.6777719624432
36.9251237019165
37.1596755618211
37.3821876645976
37.5933960701446
37.7939878274342
37.9846331358603
38.165984320104
38.3386435213685
38.503164256797
38.6600861383915
38.8099260993994
38.9531498089455
39.0901894619255
39.2214654712373
39.3473723033601
39.468259801043
39.5844438630628
39.6962290341971
39.80390526177
39.907731252311
40.0079377147702
40.1047323371897
40.1983142138161
40.2888799689487
40.3766138824853
40.4616834946718
40.5442408558879
40.6244242696257
40.7023597979297
40.7781624052274
40.8519384458411
40.9237900357253
40.9938149642118
41.0621040554794
41.1287413039324
41.1938044993437
41.2573658888482
41.3194928974481
41.3802490584169
41.439694493359
41.4978853217424
41.5548734616302
41.6107072167144
41.665431603768
41.7190885118746
41.7717170425851
41.8233538889113
41.8740335608742
41.9237885659537
41.9726495661186
42.0206455157703
42.0678037862071
42.1141502798564
42.1597095370342
42.2045048388191
42.2485583097635
42.29189102491
42.3345231318686
42.3764739955168
42.4177622309348
42.4584052486674
42.4984190757613
42.5378187790921
42.5766187024581
42.6148325396327
42.6524733822719
42.6895537602245
42.7260856770836
42.7620806414522
42.7975496957727
42.8325034424627
42.8669520680847
42.9009053657319
42.9343727558335
42.9673633055688
42.9998857468567
43.0319484931649
43.0635596549184
43.0947270540814
43.1254582376358
43.1557604904139
43.1856408470478
43.2151061034243
43.244162827525
43.2728173698126
43.3010758732553
43.3289442828565
43.3564283546104
43.3835336639469
43.4102656135846
43.4366294408549
43.4626302247147
43.4882728921727
43.5135622246893
43.5385028638396
43.5630993169165
43.5873559622285
43.611277053866
43.6348667264793
43.6581289996581
43.6810677820593
43.7036868752452
43.7259899778526
43.7479806888281
43.7696625112208
43.7910388555548
43.8121130430021
43.8328883083028
43.8533678028841
43.873554597569
43.8934516850857
43.9130619827277
43.9323883346731
43.9514335142569
43.9702002262705
43.9886911089578
44.0069087360294
44.0248556185866
44.0425342070615
44.0599468928385
44.0770960100478
44.0939838372581
44.1106125988717
44.1269844667637
44.1431015617606
44.1589659548642
44.1745796687043
44.1899446789559
44.2050629152772
44.2199362627349
44.2345665629451
44.2489556150379
44.2631051768861
44.2770169660059
44.2906926606664
44.3041339007262
44.3173422886541
44.3303193904257
44.343066736326
44.3555858218452
44.3678781084283
44.3799450243248
44.3917879652423
44.4034082951551
44.4148073469269
44.4259864231336
44.4369467964853
44.4476897105986
44.458216380637
44.4685279938168
44.4786257100127
44.488510662332
44.4981839575701
44.5076466769189
44.5168998762018
44.5259445865622
44.5347818148221
44.5434125439443
44.5518377334855
44.560058320018
44.5680752175052
44.5758893177061
44.583501490477
44.5909125843127
44.5981234263645
44.605134822986
44.6119475598452
44.6185624023166
44.6249800955712
44.6312013645437
44.6372269141213
44.6430574292275
44.6486935749008
44.6541359965921
44.6593853200723
44.6644421515978
44.6693070758131
44.673980645586
44.6784634078519
44.6827559025858
44.6868586226669
44.6907720192397
44.6944965171155
44.6980325173576
44.7013803974919
44.70454051217
44.7075131938209
44.7102987533605
44.7128974804702
44.715309644077
44.7175354927023
44.7195752547885
44.7214291388648
44.7230973339256
44.7245800094682
44.7258773158235
44.7269893841382
44.7279163266787
44.7286582367945
44.729215189566
44.7295872386459
44.7297743911911
44.7297767305779
44.7295942573026
44.7292268882744
44.7286746152684
44.7279373851196
44.7270151228904
44.7259077352915
44.7246151101462
44.7231371163493
44.7214736036849
44.71962440267
44.7175893244781
44.7153681605883
44.712960682664
44.7103666422427
44.7075857704445
44.7046177776573
44.7014623530685
44.6981191643103
44.6945878567312
44.6908680529573
44.6869593519778
44.6828613290223
44.678573533232
44.6740954719542
44.6694266051387
44.6645663859469
44.659514261543
44.6542696474729
44.6488319374362
44.643200505746
44.6373747070641
44.6313538763429
44.6251373287347
44.6187243594001
44.6121142434895
44.6053062358124
44.5982995710905
44.5910934635943
44.5836871070822
44.576079674259
44.5682703167264
44.5602581645547
44.5520423259446
44.543621886935
44.5349959108596
44.5261634381039
44.5171234856376
44.5078750465634
44.4984170897193
44.4887485590779
44.4788683734978
44.4687754259654
44.4584685832726
44.4479466854294
44.4372085450816
44.4262529469815
44.4150786473842
44.4036843734769
44.3920688226594
44.3802306619896
44.3681685274494
44.3558810232569
44.3433667211255
44.3306241595534
44.3176518429475
44.3044482409476
44.2910117875177
44.2773408800443
44.2634338785884
44.2492891048082
44.2349048411403
44.2202793296234
44.2054107711353
44.1902973241415
44.1749371034643
44.159328179412
44.1434685764587
44.1273562718879
44.1109891946754
44.0943652241305
44.0774821882698
44.0603378626968
44.0429299688887
44.0252561726786
44.0073140825828
43.9891012481628
43.9706151582601
43.9518532390845
43.9328128523578
43.9134912933783
43.8938857887335
43.8739934942908
43.85381149279
43.8333367915047
43.8125663198161
43.7914969263744
43.7701253765988
43.7484483495377
43.7264624349788
43.7041641301878
43.6815498365258
43.6586158558304
43.6353583868669
43.6117735213897
43.5878572402987
43.5636054093142
43.5390137747512
43.5140779587748
43.4887934545479
43.4631556209265
43.4371596770626
43.4108006964026
43.3840736006674
43.3569731530745
43.3294939516229
43.3016304215155
43.2733768075689
43.2447271655606
43.2156753533896
43.1862150215612
43.1563396031745
43.1260423034439
43.0953160889133
43.0641536759823
43.0325475188538
43.0004897968676
42.9679724007745
42.9349869185465
42.9015246195536
42.867576438212
42.8331329555892
42.7981843802642
42.7627205275385
42.7267307969199
42.6902041480042
42.6531290742495
42.6154935742106
42.5772851202297
42.5384906229973
42.4990963914537
42.4590880846138
42.4184506382334
42.3771680282966
42.3352228471832
42.2925964817751
42.2492695691905
42.2052219638537
42.1604325929628
42.1148793342364
42.0685389090833
42.0213867798759
41.9733970464295
41.9245423397529
41.8747937078279
41.8241204911253
41.7724901845541
41.7198682805819
41.6662180887936
41.6115005103844
41.5556736590035
41.4986925203401
41.4405087925577
41.3810705594885
41.3203217036415
41.2582021050685
41.1946482318928
41.1295926608016
41.0629631463401
40.9946819005286
40.9246649302726
40.8528214117567
40.77905355442
40.7032592382245
40.6253321062051
40.5451571945628
40.4626084416203
40.3775475443159
40.2898224529535
40.1992656277419
40.1056927873042
40.0089072940954
39.9087100392093
39.8048933318559
39.6972264641881
39.5854507311131
39.4692761760803
39.3483982346046
39.2225009961577
39.0912346160005
38.9542046253709
38.8109905846222
38.6611602696045
38.5042480047066
38.3397368395333
38.1670871266476
37.9857453191407
37.7951092590896
37.5945265814021
37.383327032423
37.1608235250428
36.9262799620899
36.678936157581
36.4180362769026
36.1428108456438
35.852461746185
35.546196969338
35.2232497317002
34.8828565261131
34.5242459799943
34.1466670952153
33.7494176958387
33.3318275124778
32.8932536346878
32.4330759195371
31.950716561862
31.4456576585224
30.9174255598103
30.3655839974118
29.7897317345283
29.1895032872855
28.5645695027161
27.9146433183038
27.2394820385723
26.5388784057793
25.8126604778585
25.0606911365882
24.2828588483366
23.4790751899671
22.649273357881
21.7934105694521
20.9114742189606
20.0034823583514
19.0694719316891
18.1095018538313
17.1236457801679
16.1120019414125
15.0746814826261
14.0118139292666
12.9235279594725
11.8099752033336
10.6712985226575
9.5076732941239
8.31925559746261
7.10624173478085
5.86878160692069
4.60709097603941
3.32131085435477
2.01168093061582
0.678320610686985
)
;

boundaryField
{
    electrode
    {
        type            calculated;
        value           uniform 1.00000000043353e-10;
    }
    ground
    {
        type            calculated;
        value           uniform -1.15487485681563e-05;
    }
    otherfaces
    {
        type            empty;
    }
}


// ************************************************************************* //
