/*--------------------------------*- C++ -*----------------------------------*\
| =========                 |                                                 |
| \\      /  F ield         | foam-extend: Open Source CFD                    |
|  \\    /   O peration     | Version:     4.1                                |
|   \\  /    A nd           | Web:         http://www.foam-extend.org         |
|    \\/     M anipulation  |                                                 |
\*---------------------------------------------------------------------------*/
FoamFile
{
    version     2.0;
    format      ascii;
    class       volScalarField;
    location    "1.50099999934947e-05";
    object      powerDissipatedElectronMean;
}
// * * * * * * * * * * * * * * * * * * * * * * * * * * * * * * * * * * * * * //

dimensions      [1 -1 -3 0 0 0 0];

internalField   nonuniform List<scalar> 
500
(
-88762179.3288969
-87406485.4329778
-86318990.3913761
-85209182.9195791
-84104220.5576741
-82986247.8373746
-81864712.8570829
-80723425.0236092
-79579163.3610412
-78425521.303286
-77277694.1538703
-76135198.2821544
-75020608.7635307
-73940440.9599964
-72927025.8521724
-71997046.521671
-71165671.5598852
-70440437.1360057
-69836096.6010361
-69364107.8227699
-69028205.7297649
-68782210.1698307
-68578967.7590103
-68375735.9072526
-68109975.3437314
-67721093.1795728
-67120024.3425135
-66183279.351923
-64831882.0284623
-62962308.2831725
-60429700.4276418
-57166820.6112609
-53155707.631008
-48413543.6973697
-43042338.1912841
-37238685.194453
-31051221.8722064
-24463740.9393566
-17769273.4898614
-11309013.9158947
-5375131.87692737
84917.6303481364
5301091.81098089
9956421.96263667
13646053.6645665
16591730.4836448
19296400.8432503
21595950.8703322
23157734.7562901
24404985.861186
25774127.1959349
26864096.7270093
27540570.296705
28358745.9853981
29334553.5842301
29967397.0036494
30348541.6782236
30966515.9104326
31625636.5172115
31960344.7108316
32210287.7874347
32663291.1165208
33138949.8333768
33353493.643589
33410709.0948137
33575690.9531666
33798436.8889576
33937833.8423486
33928107.6861954
33768618.078529
33617448.7972254
33539546.9945487
33465333.1403038
33359582.854586
33224043.2225193
33065324.2687375
32879742.1589586
32648973.0161476
32389022.6387582
32142317.1251181
31908424.3482486
31669239.5310868
31422704.8559495
31169104.1241045
30907602.7188088
30640157.7438171
30375838.4500487
30118892.7272137
29863174.4744869
29606112.3467026
29350361.1631276
29096104.3197823
28842324.6354855
28589782.1635111
28339657.646693
28092391.5081671
27848252.2880458
27607437.5110767
27370086.6281118
27136292.0899106
26906108.0196148
26679549.3805809
26456576.2291313
26237048.930507
26020717.8517429
25807954.5601506
25601717.7381181
25403063.8212921
25207578.823659
25013092.2534406
24821244.2845364
24632914.3874321
24448199.3890534
24267079.9823302
24089517.4787543
23915463.6483702
23744865.0728137
23577665.5718975
23413806.3201087
23253227.1332647
23095867.0263242
22941665.2165101
22790560.8902688
22642493.1203325
22497401.6114309
22355226.2791688
22215907.8024196
22079387.7194698
21945608.1459275
21814512.1496089
21686043.5456581
21560147.1376206
21436769.1152223
21315857.2177403
21197360.6353388
21081229.6565539
20967415.5304282
20855870.5879182
20746547.9858266
20639401.9017628
20534387.6001624
20431461.4072213
20330580.718095
20231703.9430614
20134790.4873678
20039800.6846013
19946695.8916349
19855438.2528763
19765990.8447138
19678317.5443729
19592383.218731
19508153.5865701
19425595.3274666
19344675.9290984
19265363.6390976
19187627.5164783
19111437.3227157
19036763.5777859
18963577.4974163
18891850.9940935
18821556.6796755
18752667.8162461
18685158.3541535
18619002.5879895
18554176.0319812
18490654.4581265
18428414.0868756
18367431.8627956
18307685.2825059
18249152.387152
18191811.7690868
18135642.5306069
18080624.32175
18026737.2146928
17973961.8113433
17922279.1523117
17871670.7780408
17822118.6433183
17773605.1573365
17726113.1455999
17679625.846992
17634126.9268286
17589600.4075317
17546030.7544501
17503402.7638496
17461701.6267832
17420912.8952154
17381022.4630798
17342016.591522
17303881.8522971
17266605.1818004
17230173.8093923
17194575.3032267
17159797.5418298
17125828.6866813
17092657.2265128
17060271.9351676
17028661.8595234
16997816.3363775
16967724.9708094
16938377.6517974
16909764.5189177
16881875.9723329
16854702.6666983
16828235.5194121
16802465.829153
16777384.6065396
16752983.6865181
16729255.0792721
16706190.9175273
16683783.5925398
16662025.7525382
16640910.2710466
16620430.1830392
16600578.8158431
16581349.8219189
16562736.8870755
16544733.7823904
16527334.5498513
16510533.3177554
16494324.2547134
16478701.634741
16463662.0699895
16449209.2183643
16435315.0003743
16421966.232965
16409205.7509212
16397023.4569782
16385380.1309706
16374279.7060626
16363731.2161438
16353732.2621396
16344278.94749
16335367.9786512
16326996.3315306
16319161.1786242
16311859.8957058
16305090.0559881
16298849.4322082
16293135.9824942
16287947.8489101
16283283.3530869
16279140.9813313
16275519.3627965
16272417.2647268
16269833.5335892
16267767.2548219
16266216.827553
16265128.18866
16264608.988486
16264617.1721724
16265149.2990476
16266251.3287874
16267817.447109
16269898.1252291
16272496.2336624
16275612.7097272
16279248.7028976
16283405.4511979
16288084.3192356
16293286.8236855
16299014.6405599
16305269.6345738
16312053.8491501
16319369.5033291
16327219.0309499
16335605.0546102
16344530.4030153
16353998.1070318
16364011.4505962
16374574.3189653
16385689.2716641
16397347.1560422
16409543.7458727
16422318.6198402
16435682.0119347
16449590.8007321
16464058.1814313
16479112.2959581
16494749.5134062
16510973.191889
16527789.051827
16545202.942271
16563220.7287452
16581848.356663
16601092.0557522
16620958.1497437
16641452.9919006
16662583.2545769
16684355.8921508
16706778.0415145
16729857.0543887
16753600.5276471
16778016.346991
16803112.4952647
16828897.1356077
16855379.2585724
16882567.5721888
16910471.1473716
16939099.3458459
16968461.7634537
16998568.2567731
17029428.9506568
17061054.2306315
17093454.7754789
17126641.517438
17160625.7029231
17195418.8585714
17231032.7976743
17267479.6553029
17304771.8807909
17342922.2252807
17381943.7700479
17421849.9371195
17462654.481546
17504371.4947099
17547015.4477206
17590601.1454845
17635143.7801842
17680658.9263013
17727162.5323985
17774670.9606189
17823200.9661018
17872769.7235957
17923394.8279174
17975094.3298284
18027886.7304184
18081790.9431372
18136826.401555
18193013.0084939
18250371.1500178
18308921.728961
18368686.1681018
18429686.4240204
18491945.0022284
18555484.9720544
18620330.1368812
18686504.7320617
18754033.2466789
18822941.4059032
18893255.2499534
18965001.5444051
19038207.7141796
19112901.8444763
19189112.7219161
19266869.89155
19346203.5678478
19427144.7061756
19509725.0821282
19593977.2125912
19679934.4453196
19767631.0718021
19857102.252902
19948384.1115283
20041513.6348208
20136528.6233135
20233467.9121739
20332371.1500773
20433278.8767224
20536232.7633243
20641275.3945673
20748450.5309779
20857802.9751806
20969378.5439669
21083224.1102048
21199387.472958
21317917.3240145
21438863.4833247
21562276.8630845
21688209.6565091
21816715.8212393
21947850.5350732
22081669.9774561
22218231.2604918
22357592.263868
22499811.5185314
22644948.5870659
22793063.5088779
22944216.6608139
23098469.0347886
23255881.5041059
23416515.1077274
23580430.7844519
23747688.7164034
23918347.9210634
24092464.700566
24270092.6505136
24451280.1121004
24636066.189967
24824470.1882257
25016395.121413
25210964.3263218
25406534.2300319
25605268.3136467
25811588.1304066
26024444.4257485
26240874.7334123
26460505.0024437
26683585.4400034
26910255.6107541
27140555.6112815
27374470.8651362
27611948.0480454
27852894.8580471
28097171.9354396
28344582.2257349
28594857.7761326
28847557.6186033
29101503.0887123
29355932.323395
29611860.4720575
29869109.4888853
30125025.3827047
30382174.111422
30646704.4277982
30914377.8958025
31176121.9918035
31429974.8693506
31676772.3294995
31916230.9050352
32150401.0696648
32397386.0301604
32657653.8423494
32888791.1326951
33074746.1761324
33233833.2935174
33369760.189463
33475917.813875
33550550.6731657
33628826.3446028
33780398.3956851
33940463.4109704
33950818.6110439
33811996.4869359
33589755.5200415
33425234.0914566
33368636.3728736
33154873.6489348
32679953.7245606
32227471.2548933
31978067.8887122
31644268.1513863
30986010.8335749
30368617.926394
29988206.4943466
29356342.2395546
28381291.0351066
27563690.9567817
26888130.7203324
25799180.5164771
24430719.0982048
23184091.1521557
21623250.6943361
19324539.4702812
16620358.7291066
13675193.7892742
9986092.50083182
5331007.72818808
114711.201985147
-5345631.39396207
-11279931.0462811
-17740885.7061212
-24436382.8725322
-31025174.1600545
-37214067.9586439
-43019204.1535736
-48391983.6759275
-53135763.6463279
-57148462.2265934
-60412868.8231276
-62946908.7193258
-64817767.4898933
-66170324.1802343
-67108114.6456417
-67710123.5364308
-68099863.4491699
-68366385.9497647
-68570292.2864021
-68774140.884599
-69020683.0282051
-69357095.6175683
-69829555.0459563
-70434314.2524422
-71159922.9850367
-71991626.7777408
-72921894.6896504
-73935551.9756437
-75015907.8695309
-76130633.1393685
-77273216.0779778
-78421080.9373147
-79574715.1742557
-80718925.7942204
-81860120.9180289
-82981526.340227
-84099341.4088926
-85204120.6152585
-86313724.5770258
-87400995.4631688
-88756490.1819428
)
;

boundaryField
{
    electrode
    {
        type            calculated;
        value           uniform -81961534.2438807;
    }
    ground
    {
        type            calculated;
        value           uniform -81955001.4611769;
    }
    otherfaces
    {
        type            empty;
    }
}


// ************************************************************************* //
