/*--------------------------------*- C++ -*----------------------------------*\
| =========                 |                                                 |
| \\      /  F ield         | foam-extend: Open Source CFD                    |
|  \\    /   O peration     | Version:     4.1                                |
|   \\  /    A nd           | Web:         http://www.foam-extend.org         |
|    \\/     M anipulation  |                                                 |
\*---------------------------------------------------------------------------*/
FoamFile
{
    version     2.0;
    format      ascii;
    class       volScalarField;
    location    "1.50009999935002e-05";
    object      Arp1;
}
// * * * * * * * * * * * * * * * * * * * * * * * * * * * * * * * * * * * * * //

dimensions      [0 -3 0 0 0 0 0];

internalField   nonuniform List<scalar> 
500
(
8.30956259433677e+17
8.55479257645849e+17
8.7402447704815e+17
8.94674385516837e+17
9.18014067990413e+17
9.41925039019417e+17
9.68784258586894e+17
9.96784005120674e+17
1.02874588079481e+18
1.06275102399459e+18
1.1008267330979e+18
1.14046006605051e+18
1.18494241010528e+18
1.23252467752033e+18
1.285105125765e+18
1.33975368846499e+18
1.40025232870654e+18
1.46429396042573e+18
1.53257362246725e+18
1.6039962295488e+18
1.68127109423218e+18
1.75984490685458e+18
1.84317160981488e+18
1.92829698771676e+18
2.01722971658417e+18
2.10653318049735e+18
2.19881834822323e+18
2.2914860093848e+18
2.38563218554373e+18
2.47880150385409e+18
2.57352603985907e+18
2.6672544075178e+18
2.76120415376609e+18
2.8532207783302e+18
2.94571698214068e+18
3.03681542309402e+18
3.12805497053997e+18
3.21654806352146e+18
3.30452894494668e+18
3.39032556618037e+18
3.47664747630088e+18
3.56114306487026e+18
3.64594087969991e+18
3.72858792437743e+18
3.81108512258664e+18
3.89105284551249e+18
3.97106230475969e+18
4.04915060869083e+18
4.12753228101478e+18
4.20398424316404e+18
4.28085890038033e+18
4.35597869382082e+18
4.43159216979043e+18
4.50526695834683e+18
4.57913284058196e+18
4.65112938693217e+18
4.72362193354706e+18
4.79435028346071e+18
4.8656129871012e+18
4.93515336429336e+18
5.00526171504514e+18
5.07366147957143e+18
5.14264791159122e+18
5.20998688402978e+18
5.27799727676387e+18
5.34434975920829e+18
5.41125747730775e+18
5.47652922610235e+18
5.54247054150424e+18
5.60680477397113e+18
5.67182965279922e+18
5.73526610665919e+18
5.79941180492478e+18
5.86198537127859e+18
5.92528429800656e+18
5.98702459080119e+18
6.04950318653216e+18
6.11043515950559e+18
6.17211895639867e+18
6.2322649033556e+18
6.29316968784355e+18
6.35255281834174e+18
6.41270970003489e+18
6.47134810557966e+18
6.53076647737271e+18
6.58867240540504e+18
6.64736475130575e+18
6.7045499161616e+18
6.76252740143916e+18
6.81900240885856e+18
6.87627487347511e+18
6.93204870418268e+18
6.98862439896586e+18
7.04370489288639e+18
7.09959125822388e+18
7.15398551807315e+18
7.20918945873331e+18
7.26290263528603e+18
7.31742928598449e+18
7.37046850357817e+18
7.42431324856214e+18
7.47668957792084e+18
7.5298875947595e+18
7.58160210232188e+18
7.6341376669718e+18
7.68518957452597e+18
7.73706325197059e+18
7.78745307382122e+18
7.83866523436982e+18
7.88839316626528e+18
7.93894384407567e+18
7.98800976267952e+18
8.03789869231751e+18
8.08630219193165e+18
8.13552884446921e+18
8.18326927031609e+18
8.23183288192659e+18
8.27890935769696e+18
8.32680895696762e+18
8.37322040606424e+18
8.42045483972532e+18
8.46620001506071e+18
8.51276796825854e+18
8.55784547052939e+18
8.60374548462546e+18
8.64815378321896e+18
8.69338427469003e+18
8.73712172053162e+18
8.78168099555536e+18
8.82474584345867e+18
8.86863211307945e+18
8.91102253482366e+18
8.95423392563431e+18
8.99594802627651e+18
9.03848258595924e+18
9.07951842325124e+18
9.12137412444389e+18
9.16172973052335e+18
9.20290446470012e+18
9.24257787764943e+18
9.28306944357383e+18
9.32205874058312e+18
9.36186481951711e+18
9.40016817078143e+18
9.43928627990778e+18
9.4769020111754e+18
9.51532944373136e+18
9.55225611971299e+18
9.58998985858196e+18
9.62622640064903e+18
9.66326300808917e+18
9.69880883048363e+18
9.73514431780883e+18
9.76999950082819e+18
9.80562914035851e+18
9.83979462223245e+18
9.87471275431391e+18
9.90819055949621e+18
9.94239027226078e+18
9.9751837938239e+18
1.00086568884751e+19
1.00407710183137e+19
1.00735074979933e+19
1.01049498212904e+19
1.01369378215743e+19
1.01677596932858e+19
1.01990081146573e+19
1.02288830957519e+19
1.02596090059251e+19
1.02887781384583e+19
1.03187909072913e+19
1.03472458269097e+19
1.03765474672155e+19
1.04042927746672e+19
1.04328807168863e+19
1.0459913505445e+19
1.04877865170449e+19
1.05141076057284e+19
1.05412618903947e+19
1.05668688956461e+19
1.05933048571238e+19
1.06181975835514e+19
1.06439137840049e+19
1.0668089831777e+19
1.06930801172847e+19
1.07165416131812e+19
1.07408072434384e+19
1.07635500770571e+19
1.07870870164619e+19
1.08091126658713e+19
1.08319185209646e+19
1.08532281487542e+19
1.08753018651341e+19
1.08958900689858e+19
1.09172260578841e+19
1.09370965875318e+19
1.09576959309159e+19
1.09768464233475e+19
1.099670527197e+19
1.10151360586442e+19
1.10342519914617e+19
1.10519624493704e+19
1.1070332936611e+19
1.10873231554387e+19
1.11049462413977e+19
1.11212153594978e+19
1.11380884869938e+19
1.11536366675005e+19
1.11697579367565e+19
1.11845853257325e+19
1.11999527433347e+19
1.12140583996487e+19
1.12286695931162e+19
1.12420534158046e+19
1.12559066469157e+19
1.12685690192894e+19
1.12816627575457e+19
1.12936024551998e+19
1.13059346343975e+19
1.13171518785061e+19
1.1328721686944e+19
1.13392161462701e+19
1.1350021764792e+19
1.13597927005635e+19
1.13698332303866e+19
1.13788804794053e+19
1.13881549466717e+19
1.13964776338814e+19
1.14049847838822e+19
1.14125827967051e+19
1.14203221288095e+19
1.14271946250309e+19
1.14341655626628e+19
1.14403121235189e+19
1.14465142237701e+19
1.14519341104927e+19
1.14573671296861e+19
1.14620596450583e+19
1.14667232980186e+19
1.147068793036e+19
1.14745821863859e+19
1.14778182213949e+19
1.14809431858999e+19
1.14834499687519e+19
1.14858058970071e+19
1.14875827098791e+19
1.14891698211296e+19
1.14902157239664e+19
1.14910340436974e+19
1.14913644279047e+19
1.14913644221241e+19
1.14910340439309e+19
1.1490215724319e+19
1.14891698143443e+19
1.14875827052555e+19
1.14858059068255e+19
1.14834499700832e+19
1.1480943180247e+19
1.1477818197322e+19
1.14745821545549e+19
1.14706879259412e+19
1.14667232943218e+19
1.14620596162762e+19
1.1457367081962e+19
1.14519340581657e+19
1.14465141809634e+19
1.14403120727163e+19
1.14341655269925e+19
1.14271946054483e+19
1.1420322149425e+19
1.14125827364958e+19
1.14049846757308e+19
1.1396477593542e+19
1.13881548407539e+19
1.13788804407614e+19
1.13698332542192e+19
1.13597926933282e+19
1.13500217075581e+19
1.13392160084512e+19
1.13287215737846e+19
1.13171518485565e+19
1.13059346296365e+19
1.12936023824261e+19
1.12816625461426e+19
1.12685690110061e+19
1.12559067438076e+19
1.1242053407291e+19
1.12286694363822e+19
1.12140583693971e+19
1.11999525681648e+19
1.11845851725795e+19
1.11697578321389e+19
1.11536365744454e+19
1.11380882830607e+19
1.11212153110026e+19
1.11049460200226e+19
1.1087323071638e+19
1.10703328430407e+19
1.10519622923827e+19
1.10342520195881e+19
1.10151357244757e+19
1.0996705254372e+19
1.09768462637607e+19
1.09576956802991e+19
1.09370962977422e+19
1.0917226248546e+19
1.08958895511066e+19
1.08753016726597e+19
1.08532279066051e+19
1.08319186921299e+19
1.08091128504893e+19
1.07870870792441e+19
1.0763549665209e+19
1.07408062567045e+19
1.07165415324368e+19
1.06930810026561e+19
1.06680894197884e+19
1.06439129882853e+19
1.06181978305162e+19
1.05933047228395e+19
1.05668683175771e+19
1.05412617975058e+19
1.05141073719526e+19
1.04877863688692e+19
1.04599133223114e+19
1.04328803384982e+19
1.04042933166039e+19
1.03765467636007e+19
1.03472456029557e+19
1.03187905238134e+19
1.028877733833e+19
1.02596093913925e+19
1.02288824183168e+19
1.01990072169388e+19
1.01677599939567e+19
1.01369376190202e+19
1.01049493971489e+19
1.00735071271819e+19
1.00407707916616e+19
1.00086564979851e+19
9.97518348556596e+18
9.9423899806251e+18
9.90819022952462e+18
9.87471240321723e+18
9.8397943098986e+18
9.80562879435988e+18
9.7699991438826e+18
9.73514395187261e+18
9.69880844855513e+18
9.66326261580671e+18
9.62622599631404e+18
9.58998945224191e+18
9.55225570834634e+18
9.51532902981737e+18
9.47690159558878e+18
9.43928586330609e+18
9.40016774959174e+18
9.36186439471557e+18
9.3220583105304e+18
9.28306900790529e+18
9.24257743516002e+18
9.20290401673764e+18
9.16172927675103e+18
9.12137366431698e+18
9.07951795838564e+18
9.03848211678874e+18
8.99594755213456e+18
8.95423344732964e+18
8.91102205263323e+18
8.86863162716046e+18
8.82474535413585e+18
8.78168050345768e+18
8.73712122594943e+18
8.69338377791627e+18
8.64815328454722e+18
8.60374498489624e+18
8.55784496929672e+18
8.51276746496016e+18
8.46619951147574e+18
8.42045433521377e+18
8.37321990102118e+18
8.32680845108284e+18
8.27890885226477e+18
8.23183237673067e+18
8.18326876631821e+18
8.13552834054748e+18
8.08630169040636e+18
8.03789819310042e+18
7.98800926689406e+18
7.93894335251777e+18
7.88839267923084e+18
7.83866475322111e+18
7.78745259781384e+18
7.73706278334265e+18
7.68518911285832e+18
7.63413721173638e+18
7.58160165698092e+18
7.52988715708425e+18
7.47668914768619e+18
7.42431281238689e+18
7.37046807426122e+18
7.3174288840116e+18
7.26290225466577e+18
7.20918909512914e+18
7.15398517225331e+18
7.09959092941241e+18
7.04370458222164e+18
6.98862411076461e+18
6.93204843711253e+18
6.87627463043822e+18
6.81900218713176e+18
6.76252720123143e+18
6.70454973937861e+18
6.64736460038914e+18
6.58867227868164e+18
6.53076637502617e+18
6.47134803019903e+18
6.4127096530329e+18
6.35255279493487e+18
6.29316968901724e+18
6.23226493738399e+18
6.17211902315512e+18
6.11043525616661e+18
6.04950331584987e+18
5.98702475547681e+18
5.9252845023042e+18
5.86198561453434e+18
5.79941208663256e+18
5.73526642973696e+18
5.671830019231e+18
5.60680518038567e+18
5.54247099207062e+18
5.47652971771353e+18
5.41125803101588e+18
5.34435041415653e+18
5.27799797542906e+18
5.20998757443299e+18
5.14264861250799e+18
5.07366220462917e+18
5.00526246223871e+18
4.93515413471969e+18
4.86561378440488e+18
4.79435110739744e+18
4.72362278340405e+18
4.65113024717849e+18
4.57913382635733e+18
4.50526806539773e+18
4.43159321610647e+18
4.35597964561354e+18
4.28085981498838e+18
4.20398515369869e+18
4.12753317266794e+18
4.04915148415766e+18
3.97106311169463e+18
3.89105373996763e+18
3.8110861218531e+18
3.72858880781244e+18
3.64594165473176e+18
3.56114378547265e+18
3.47664817104667e+18
3.39032626506918e+18
3.30452974179661e+18
3.21654886702022e+18
3.12805570261609e+18
3.0368161445284e+18
2.94571772115606e+18
2.85322169286767e+18
2.76120507482433e+18
2.66725529851945e+18
2.57352703021972e+18
2.47880268881794e+18
2.38563340629196e+18
2.29148723783083e+18
2.19881974421761e+18
2.1065347351634e+18
2.01723124272466e+18
1.92829846109645e+18
1.84317370954394e+18
1.75984631935062e+18
1.68127243099723e+18
1.60399785287127e+18
1.53257453136445e+18
1.46429534680868e+18
1.40025320381579e+18
1.33975421389906e+18
1.28510609609377e+18
1.23252484409499e+18
1.18494189126156e+18
1.14046029661925e+18
1.1008270969473e+18
1.06275040735264e+18
1.0287444992828e+18
9.96783111022887e+17
9.68784463637932e+17
9.41925072737686e+17
9.18013343253718e+17
8.94673275061859e+17
8.74023184281121e+17
8.55477963977484e+17
8.30955623878687e+17
)
;

boundaryField
{
    electrode
    {
        type            zeroGradient;
    }
    ground
    {
        type            zeroGradient;
    }
    otherfaces
    {
        type            empty;
    }
}


// ************************************************************************* //
