/*--------------------------------*- C++ -*----------------------------------*\
| =========                 |                                                 |
| \\      /  F ield         | foam-extend: Open Source CFD                    |
|  \\    /   O peration     | Version:     4.1                                |
|   \\  /    A nd           | Web:         http://www.foam-extend.org         |
|    \\/     M anipulation  |                                                 |
\*---------------------------------------------------------------------------*/
FoamFile
{
    version     2.0;
    format      ascii;
    class       volVectorField;
    location    "1.50009999935002e-05";
    object      currentDensity;
}
// * * * * * * * * * * * * * * * * * * * * * * * * * * * * * * * * * * * * * //

dimensions      [0 -2 0 0 0 1 0];

internalField   nonuniform List<vector> 
500
(
(-114.170534739924 0 0)
(-285.307065634157 0 0)
(-345.303557671457 0 0)
(-1150.4153006757 0 0)
(-1600.03247259699 0 0)
(-2441.62347753551 0 0)
(-2923.04054659592 0 0)
(-3323.07463337567 0 0)
(-3742.54115239695 0 0)
(-3970.79774206274 0 0)
(-4431.64270802051 0 0)
(-4707.51951660563 0 0)
(-5131.82570897524 0 0)
(-5408.97108388566 0 0)
(-5734.26427230051 0 0)
(-6012.55556312273 0 0)
(-6294.05186055801 0 0)
(-6602.7823336677 0 0)
(-6895.2381512609 0 0)
(-7197.62889561762 0 0)
(-7461.37112563283 0 0)
(-7744.50134990154 0 0)
(-8055.53842038457 0 0)
(-8425.38819451276 0 0)
(-8823.17548598693 0 0)
(-9217.59952259514 0 0)
(-9585.70942714173 0 0)
(-9932.83736419583 0 0)
(-10286.5675308175 0 0)
(-10672.7836658642 0 0)
(-11106.4072371712 0 0)
(-11567.3215130948 0 0)
(-12014.1955515478 0 0)
(-12399.253500519 0 0)
(-12713.1912527259 0 0)
(-12992.0709241422 0 0)
(-13302.6521314674 0 0)
(-13688.905104513 0 0)
(-14146.7279370266 0 0)
(-14622.8466872906 0 0)
(-15045.0967882416 0 0)
(-15361.288859628 0 0)
(-15544.984881993 0 0)
(-15602.0111756437 0 0)
(-15558.0988043417 0 0)
(-15445.6787944136 0 0)
(-15304.2968231249 0 0)
(-15165.9127354142 0 0)
(-15063.8089941275 0 0)
(-15008.8908081855 0 0)
(-15002.5693785695 0 0)
(-15021.565545041 0 0)
(-15045.7073265119 0 0)
(-15058.4401587849 0 0)
(-15064.9383160971 0 0)
(-15077.6062238887 0 0)
(-15107.1118808607 0 0)
(-15148.9279795588 0 0)
(-15185.5758266251 0 0)
(-15199.4297522081 0 0)
(-15183.5152817861 0 0)
(-15147.8028691782 0 0)
(-15111.1110681948 0 0)
(-15088.8869863648 0 0)
(-15083.4469415409 0 0)
(-15082.7844726974 0 0)
(-15069.7415218105 0 0)
(-15030.371950077 0 0)
(-14964.4446586169 0 0)
(-14880.9096091378 0 0)
(-14797.2683015881 0 0)
(-14727.6876939974 0 0)
(-14683.5581331209 0 0)
(-14668.128401846 0 0)
(-14681.4806012306 0 0)
(-14715.9415819404 0 0)
(-14762.3983172322 0 0)
(-14805.6336018179 0 0)
(-14834.8241936086 0 0)
(-14841.54951485 0 0)
(-14827.9435108337 0 0)
(-14800.4412635651 0 0)
(-14769.9593701453 0 0)
(-14742.3682340639 0 0)
(-14719.9542622674 0 0)
(-14698.1492864367 0 0)
(-14673.8471329535 0 0)
(-14644.2285742042 0 0)
(-14613.3273662068 0 0)
(-14584.3980790558 0 0)
(-14562.850557085 0 0)
(-14547.2260681373 0 0)
(-14535.996658901 0 0)
(-14522.740377357 0 0)
(-14505.8023285052 0 0)
(-14483.0751930016 0 0)
(-14458.5181758505 0 0)
(-14434.5336690846 0 0)
(-14416.1459448257 0 0)
(-14404.4304158022 0 0)
(-14401.395627428 0 0)
(-14404.9537365621 0 0)
(-14413.9400598953 0 0)
(-14423.7840885059 0 0)
(-14431.6056993099 0 0)
(-14432.81016292 0 0)
(-14426.850287505 0 0)
(-14413.0968451248 0 0)
(-14395.7328481318 0 0)
(-14377.0592501934 0 0)
(-14361.590645066 0 0)
(-14349.1170129515 0 0)
(-14340.433521004 0 0)
(-14332.3340781443 0 0)
(-14324.6911116174 0 0)
(-14315.4188775239 0 0)
(-14306.5216018468 0 0)
(-14297.4209278061 0 0)
(-14290.357012416 0 0)
(-14283.6535834285 0 0)
(-14278.0772580817 0 0)
(-14271.0893925265 0 0)
(-14263.526371186 0 0)
(-14253.8571761795 0 0)
(-14244.0857311065 0 0)
(-14233.6307508527 0 0)
(-14224.8383037424 0 0)
(-14217.0422342572 0 0)
(-14212.1143228755 0 0)
(-14208.6890573299 0 0)
(-14207.8198599701 0 0)
(-14207.1331146277 0 0)
(-14207.0236912033 0 0)
(-14204.7973610709 0 0)
(-14201.4111274678 0 0)
(-14195.2246280873 0 0)
(-14188.5734427203 0 0)
(-14180.7817925439 0 0)
(-14174.4777923062 0 0)
(-14168.4397898407 0 0)
(-14164.3648263284 0 0)
(-14160.1092393154 0 0)
(-14156.9218341417 0 0)
(-14152.7468113259 0 0)
(-14149.2851105839 0 0)
(-14144.9432690452 0 0)
(-14141.6785831281 0 0)
(-14137.7999899718 0 0)
(-14135.0307683604 0 0)
(-14131.3753134402 0 0)
(-14128.4418589537 0 0)
(-14124.2548160283 0 0)
(-14120.5831924701 0 0)
(-14115.6664547265 0 0)
(-14111.4593149671 0 0)
(-14106.3946391102 0 0)
(-14102.5129312631 0 0)
(-14098.2979461484 0 0)
(-14095.6356814597 0 0)
(-14092.796043559 0 0)
(-14091.279272313 0 0)
(-14089.1063623117 0 0)
(-14087.5837818063 0 0)
(-14084.8655474162 0 0)
(-14082.4848352646 0 0)
(-14078.9914049517 0 0)
(-14076.1364310055 0 0)
(-14072.6482646018 0 0)
(-14070.0995531934 0 0)
(-14067.1065378736 0 0)
(-14064.9978971759 0 0)
(-14062.3067813969 0 0)
(-14060.3462925891 0 0)
(-14057.708177275 0 0)
(-14055.8277619753 0 0)
(-14053.3111883176 0 0)
(-14051.6572284692 0 0)
(-14049.3723893862 0 0)
(-14047.9852914527 0 0)
(-14045.8562303894 0 0)
(-14044.5863396411 0 0)
(-14042.3890292197 0 0)
(-14041.0188415532 0 0)
(-14038.5522951791 0 0)
(-14037.0039247387 0 0)
(-14034.3281564369 0 0)
(-14032.8118099685 0 0)
(-14030.2609838993 0 0)
(-14029.0883857095 0 0)
(-14026.8969811202 0 0)
(-14026.1023418105 0 0)
(-14024.1395823307 0 0)
(-14023.451747885 0 0)
(-14021.4549436968 0 0)
(-14020.6668898118 0 0)
(-14018.580880049 0 0)
(-14017.7354122587 0 0)
(-14015.6909600396 0 0)
(-14014.8825791266 0 0)
(-14012.9772108194 0 0)
(-14012.1942499135 0 0)
(-14010.409575691 0 0)
(-14009.6110560472 0 0)
(-14007.8977507876 0 0)
(-14007.0829425298 0 0)
(-14005.4589380384 0 0)
(-14004.6564541403 0 0)
(-14003.1912962609 0 0)
(-14002.447055767 0 0)
(-14001.1827720841 0 0)
(-14000.4980773109 0 0)
(-13999.3977508823 0 0)
(-13998.6941475858 0 0)
(-13997.6457531313 0 0)
(-13996.8710600275 0 0)
(-13995.7912319717 0 0)
(-13995.0036040339 0 0)
(-13993.935925973 0 0)
(-13993.2272058271 0 0)
(-13992.25132829 0 0)
(-13991.6673591427 0 0)
(-13990.7468350042 0 0)
(-13990.313768101 0 0)
(-13989.3439500705 0 0)
(-13989.0705341651 0 0)
(-13987.9992014385 0 0)
(-13987.9146454839 0 0)
(-13986.7120722617 0 0)
(-13986.8722053881 0 0)
(-13985.5427153677 0 0)
(-13985.9093617156 0 0)
(-13984.5275839859 0 0)
(-13985.02307072 0 0)
(-13983.616814557 0 0)
(-13984.2191963461 0 0)
(-13982.7531473324 0 0)
(-13983.4405882858 0 0)
(-13981.9737575565 0 0)
(-13982.6983577133 0 0)
(-13981.3766764288 0 0)
(-13982.0912333985 0 0)
(-13980.9564678988 0 0)
(-13981.6044555688 0 0)
(-13980.680882904 0 0)
(-13981.1524087021 0 0)
(-13980.4631278395 0 0)
(-13980.7835428902 0 0)
(-13980.2369784546 0 0)
(-13980.5075362247 0 0)
(-13980.184161792 0 0)
(-13980.2734287318 0 0)
(-13979.802289399 0 0)
(-13980.5655933014 0 0)
(-13980.1086551303 0 0)
(-13980.5106260926 0 0)
(-13980.3949568892 0 0)
(-13980.5737279504 0 0)
(-13980.6832741309 0 0)
(-13980.8007922356 0 0)
(-13981.0494663463 0 0)
(-13981.1442089284 0 0)
(-13981.4949994155 0 0)
(-13981.6156206174 0 0)
(-13982.0061261256 0 0)
(-13982.2051465999 0 0)
(-13982.5972340488 0 0)
(-13982.8402337664 0 0)
(-13983.2284149963 0 0)
(-13983.5781405485 0 0)
(-13983.90084293 0 0)
(-13984.4731131348 0 0)
(-13984.7369185999 0 0)
(-13985.5261348566 0 0)
(-13985.7709332506 0 0)
(-13986.7018494883 0 0)
(-13986.8807424936 0 0)
(-13987.901141514 0 0)
(-13987.9827375477 0 0)
(-13989.0973807997 0 0)
(-13989.1230028655 0 0)
(-13990.3737861054 0 0)
(-13990.3795136728 0 0)
(-13991.7936033245 0 0)
(-13991.8010136307 0 0)
(-13993.3317265998 0 0)
(-13993.3818376215 0 0)
(-13994.9497091286 0 0)
(-13995.0580720078 0 0)
(-13996.6497841123 0 0)
(-13996.8282771743 0 0)
(-13998.4693662757 0 0)
(-13998.7830951745 0 0)
(-14000.4707415798 0 0)
(-14000.9467642344 0 0)
(-14002.6080210188 0 0)
(-14003.1624444208 0 0)
(-14004.6755462735 0 0)
(-14005.2364100563 0 0)
(-14006.5912720714 0 0)
(-14007.233534213 0 0)
(-14008.6095072087 0 0)
(-14009.4773712592 0 0)
(-14011.0451290285 0 0)
(-14012.1682914128 0 0)
(-14013.8964057178 0 0)
(-14015.1532746029 0 0)
(-14016.9011075322 0 0)
(-14018.1467927741 0 0)
(-14019.846364744 0 0)
(-14021.0376053452 0 0)
(-14022.7311010761 0 0)
(-14023.9210818291 0 0)
(-14025.7069126834 0 0)
(-14026.9553642116 0 0)
(-14028.8759135789 0 0)
(-14030.1508290243 0 0)
(-14032.1144350581 0 0)
(-14033.3287170985 0 0)
(-14035.2882108912 0 0)
(-14036.5385817738 0 0)
(-14038.7375189845 0 0)
(-14040.345626995 0 0)
(-14043.072455049 0 0)
(-14045.1283787263 0 0)
(-14048.1798373568 0 0)
(-14050.2255465012 0 0)
(-14053.0051744509 0 0)
(-14054.549459619 0 0)
(-14056.8251491143 0 0)
(-14058.0083712055 0 0)
(-14060.2052834322 0 0)
(-14061.6170511471 0 0)
(-14064.2783471499 0 0)
(-14066.3127087701 0 0)
(-14069.592889707 0 0)
(-14072.1735795818 0 0)
(-14075.8281137648 0 0)
(-14078.6284111046 0 0)
(-14082.2911058017 0 0)
(-14085.0372144522 0 0)
(-14088.6199848421 0 0)
(-14091.4494455454 0 0)
(-14095.2296913398 0 0)
(-14098.3641266894 0 0)
(-14102.2848655895 0 0)
(-14105.2719372886 0 0)
(-14108.6305459842 0 0)
(-14110.8757151408 0 0)
(-14113.6438554088 0 0)
(-14115.9578299981 0 0)
(-14119.6710332868 0 0)
(-14123.7884468825 0 0)
(-14129.6684815908 0 0)
(-14135.6797160545 0 0)
(-14142.5737476337 0 0)
(-14148.4020749629 0 0)
(-14154.0547592759 0 0)
(-14157.9637512005 0 0)
(-14161.626094245 0 0)
(-14163.9266024166 0 0)
(-14166.738757014 0 0)
(-14169.0594096665 0 0)
(-14172.7586555662 0 0)
(-14176.6033081261 0 0)
(-14182.0951668308 0 0)
(-14187.5121448907 0 0)
(-14193.9082917788 0 0)
(-14199.420576644 0 0)
(-14205.35930453 0 0)
(-14210.4513427025 0 0)
(-14216.5945724912 0 0)
(-14222.6468837716 0 0)
(-14229.9791488064 0 0)
(-14236.4758288666 0 0)
(-14242.5979559764 0 0)
(-14246.2263473564 0 0)
(-14248.7980848015 0 0)
(-14250.1058589863 0 0)
(-14253.3098235569 0 0)
(-14258.9587189453 0 0)
(-14269.4558840345 0 0)
(-14283.237587991 0 0)
(-14300.3406457263 0 0)
(-14317.3024825854 0 0)
(-14333.5564599313 0 0)
(-14346.1187270749 0 0)
(-14355.7404072982 0 0)
(-14360.9302862473 0 0)
(-14364.061233627 0 0)
(-14365.0616672178 0 0)
(-14367.3513514351 0 0)
(-14371.1070946961 0 0)
(-14378.4989800711 0 0)
(-14387.5229141013 0 0)
(-14397.6130073496 0 0)
(-14405.4299031811 0 0)
(-14411.0312708449 0 0)
(-14413.8010726283 0 0)
(-14416.7966357503 0 0)
(-14420.7000134242 0 0)
(-14427.0327173829 0 0)
(-14432.7678723289 0 0)
(-14436.3967144587 0 0)
(-14434.7947101795 0 0)
(-14430.6576182938 0 0)
(-14427.109679348 0 0)
(-14431.845647111 0 0)
(-14448.5644820184 0 0)
(-14479.9805731729 0 0)
(-14521.955345486 0 0)
(-14569.4605385955 0 0)
(-14614.0518223699 0 0)
(-14650.5548236785 0 0)
(-14673.4268794073 0 0)
(-14682.1710876549 0 0)
(-14676.9271821134 0 0)
(-14663.1115755539 0 0)
(-14647.160473556 0 0)
(-14637.4413315474 0 0)
(-14638.3872815944 0 0)
(-14649.8823094147 0 0)
(-14664.9644177123 0 0)
(-14675.3829895641 0 0)
(-14675.0521530326 0 0)
(-14666.2861821378 0 0)
(-14656.7318746217 0 0)
(-14657.4587591226 0 0)
(-14672.3830365166 0 0)
(-14700.6484963457 0 0)
(-14732.6802625766 0 0)
(-14764.7440011684 0 0)
(-14796.0268276948 0 0)
(-14838.258819452 0 0)
(-14899.8513471686 0 0)
(-14986.4235249774 0 0)
(-15086.6022633535 0 0)
(-15182.3228246801 0 0)
(-15250.0275413432 0 0)
(-15274.5228020193 0 0)
(-15249.4495621836 0 0)
(-15179.3346078128 0 0)
(-15076.9622691808 0 0)
(-14962.8708462921 0 0)
(-14862.788789429 0 0)
(-14805.4050982909 0 0)
(-14806.3351174665 0 0)
(-14865.8169684836 0 0)
(-14956.3410137282 0 0)
(-15042.6835322278 0 0)
(-15094.3341454866 0 0)
(-15107.3622286577 0 0)
(-15105.321982116 0 0)
(-15124.2512526128 0 0)
(-15181.0988971818 0 0)
(-15264.2484605762 0 0)
(-15336.9530731542 0 0)
(-15369.70171397 0 0)
(-15361.1141873347 0 0)
(-15337.3631011243 0 0)
(-15327.6126047186 0 0)
(-15338.7383744189 0 0)
(-15359.9595874794 0 0)
(-15367.578714309 0 0)
(-15359.1816296774 0 0)
(-15343.1775399197 0 0)
(-15355.851625659 0 0)
(-15412.3839915485 0 0)
(-15510.1490805951 0 0)
(-15604.0901821958 0 0)
(-15640.0299138369 0 0)
(-15558.020658173 0 0)
(-15279.4710073379 0 0)
(-14727.8987799231 0 0)
(-13829.8650477312 0 0)
(-12631.8774343434 0 0)
(-11253.7221746993 0 0)
(-9874.83791657894 0 0)
(-8569.00153010982 0 0)
(-7370.3719992993 0 0)
(-6218.05082254267 0 0)
(-5090.14356097965 0 0)
(-4003.67651224333 0 0)
(-2995.73804286832 0 0)
(-2168.88690034145 0 0)
(-1499.14665555469 0 0)
(-976.425942889916 0 0)
(-542.472150010439 0 0)
(-216.48879584194 0 0)
(21.7320315442241 0 0)
(181.581707237161 0 0)
(276.546236890157 0 0)
(331.344857263916 0 0)
(368.40723007066 0 0)
(391.033143746521 0 0)
(394.121506089158 0 0)
(399.71502961431 0 0)
(398.159569254982 0 0)
(401.405221089872 0 0)
(392.246994040828 0 0)
(423.058323844372 0 0)
)
;

boundaryField
{
    electrode
    {
        type            calculated;
        value           uniform (96.962443830623 0 0);
    }
    ground
    {
        type            calculated;
        value           uniform (396.231394237283 0 0);
    }
    otherfaces
    {
        type            empty;
    }
}


// ************************************************************************* //
