/*--------------------------------*- C++ -*----------------------------------*\
| =========                 |                                                 |
| \\      /  F ield         | foam-extend: Open Source CFD                    |
|  \\    /   O peration     | Version:     4.1                                |
|   \\  /    A nd           | Web:         http://www.foam-extend.org         |
|    \\/     M anipulation  |                                                 |
\*---------------------------------------------------------------------------*/
FoamFile
{
    version     2.0;
    format      ascii;
    class       volScalarField;
    location    "1.50009999935002e-05";
    object      diffusionArp1;
}
// * * * * * * * * * * * * * * * * * * * * * * * * * * * * * * * * * * * * * //

dimensions      [0 2 -1 0 0 0 0];

internalField   nonuniform List<scalar> 
500
(
0.000318267514804611
0.000324425582149997
0.000330678254475351
0.000337002193956869
0.000343388753384352
0.000350648809624836
0.000360219471150776
0.000369825846619206
0.000379432800711365
0.000389014102484798
0.000399396573104896
0.000413255832993891
0.000426838671468431
0.000440081889958819
0.000453383935195161
0.00047160482862033
0.000489011019832687
0.000505541174716782
0.0005242018864688
0.000545733214840293
0.000565825795305427
0.000584482167379465
0.000609199430157896
0.000632494242931716
0.000653858316899277
0.000676757608207408
0.000702839072868228
0.000726642238735221
0.0007483462219988
0.000773314157435671
0.000799364376415033
0.000823021536227316
0.000844494005707093
0.000866765683142003
0.000892248915156815
0.000915528040798381
0.000936839588589501
0.000956255114998203
0.000975592462911736
0.000997818814821076
0.00101777876186883
0.00103586846843595
0.00105247567671351
0.00106792711623479
0.00108245018612593
0.00109809257147834
0.0011159634296922
0.00113291067584883
0.00114898484308738
0.00116418207391631
0.00117850172542036
0.00119198918741662
0.00120473343937658
0.00121681870319881
0.00123089931881055
0.00124513281967025
0.00125855830463581
0.00127120084740222
0.00128311496718321
0.00129439710126724
0.00130516065990552
0.00131549140799325
0.00132542329145595
0.00133495000972413
0.00134406269056723
0.00135327605193947
0.00136328508523293
0.00137290926945396
0.00138225404270459
0.00139139848356135
0.00140037345195655
0.00140916171776131
0.00141771313358564
0.00142596327932086
0.00143385146376677
0.00144133345435373
0.00144839510694612
0.00145505930932704
0.00146138379528653
0.00146744584323838
0.00147324506743345
0.00147881194205489
0.0014842643777607
0.00148959748839494
0.00149479995864909
0.00149986895969603
0.00150481619259343
0.0015096595303854
0.00151441260287538
0.00151907515289728
0.00152363547939342
0.00152807918106206
0.00153240008591674
0.00153660590894055
0.00154071490892675
0.00154474830207881
0.00154872100403067
0.00155263661510777
0.00155648819182534
0.00156026120429859
0.0015633140231017
0.0015661661237618
0.0015689226872148
0.00157158461354207
0.00157416116072331
0.00157666775872465
0.00157912330925465
0.00158154504244216
0.00158394440217875
0.00158632357437629
0.00158867767287884
0.00159099885412026
0.0015932804317819
0.00159552009136882
0.00159771963304374
0.00159988304288127
0.00160201289254241
0.00160411008210853
0.00160617332574911
0.00160820082330145
0.00161019296051469
0.00161215205188375
0.00161408195490018
0.00161598691280466
0.00161787039733958
0.00161973356575239
0.00162157564654481
0.00162339445380494
0.00162518664437346
0.00162694848934188
0.00162867728846613
0.0016303720130818
0.00163203394901939
0.00163366656802129
0.00163527514199261
0.00163686455708928
0.00163843828505371
0.00163999761171639
0.00164154150841292
0.00164306830356363
0.00164457555409055
0.00164606235991232
0.00164752884961199
0.00164897618043702
0.00165040512388572
0.0016518169657886
0.00165321144897956
0.00165458883062471
0.00165594872497488
0.00165729203211144
0.00165861875203438
0.00165993094207253
0.00166122885939199
0.00166251468990464
0.00166378804786131
0.00166505099059083
0.00166630133218132
0.00166754074421246
0.00166876549777575
0.00166997816453222
0.00167117385832593
0.00167235746531282
0.00167352435650304
0.00167468211829662
0.00167582496445626
0.00167697038227692
0.00167811541434843
0.00167921955700964
0.00168031624185387
0.00168140508313198
0.00168248466643039
0.00168355434883386
0.00168461413034238
0.00168566452528816
0.00168670566225424
0.00168773754124064
0.00168876016224734
0.00168977391102351
0.00169077827323694
0.00169177376321983
0.00169275999522302
0.00169373812649399
0.00169470815703273
0.0016956709869206
0.00169662597324234
0.00169757453041151
0.00169851614409592
0.00169945145721082
0.00170037918392569
0.00170130035290495
0.00170221354973502
0.00170312031741254
0.00170401988443919
0.00170491340806242
0.00170579921670258
0.00170667975343764
0.00170755360385403
0.00170842256811447
0.00170928484605625
0.00171014249500819
0.00171099345764145
0.00171183991986793
0.00171267995294183
0.0017135158713581
0.00171434548920486
0.00171517137814313
0.00171599109509494
0.00171680708313826
0.00171761689919513
0.00171842324350961
0.00171922341583762
0.00172002037358936
0.00172081115935463
0.00172159898770973
0.00172238077266142
0.00172316024311818
0.00172393405592069
0.00172470568281133
0.00172547165204771
0.00172623556395527
0.00172699368962552
0.00172775001513306
0.00172850068298634
0.00172924967925996
0.00172999314646237
0.00173073507066816
0.00173147172296885
0.00173220696085598
0.00173293692683801
0.00173366586415563
0.00173438952956814
0.0017351120377332
0.0017358296597423
0.001736546253087
0.0017372580888588
0.00173796902454924
0.00173867545983288
0.00173938112361822
0.00174008228699677
0.00174078280746006
0.0017414789560996
0.00174217446182389
0.00174286585289054
0.00174355647245888
0.00174424323453568
0.00174492935369723
0.00174561161536723
0.00174629349128809
0.00174697138113435
0.00174765171405859
0.00174832227467094
0.00174899875010364
0.00174966879638378
0.00175033909983002
0.00175100593153387
0.00175167302040383
0.00175233663753141
0.00175300064040814
0.00175366117154248
0.00175432221700903
0.0017549797907332
0.00175563787878957
0.00175629288085271
0.00175694839724805
0.00175760082765017
0.00175825402955059
0.00175890401687473
0.00175955490428023
0.0017602027056925
0.00176085153576918
0.00176149740843568
0.00176214430976659
0.00176278838227037
0.00176343386918772
0.00176407665586099
0.00176472072836477
0.00176536235779058
0.00176600514446385
0.0017666456166422
0.00176728724606801
0.00176792656099889
0.00176856703317724
0.00176920544802677
0.00176984540587291
0.00177048317780718
0.00177112262132112
0.00177176000750624
0.00177239906527102
0.00177303645145614
0.00177367538063787
0.00177431263823993
0.00177495156742167
0.00177558908218984
0.00177622852570377
0.0017768669405533
0.00177750715556555
0.00177814647049643
0.00177878745700698
0.00177942728627007
0.00178006852994673
0.00178070874495897
0.00178135037438478
0.00178199161806144
0.00178263440473471
0.00178327731999103
0.00178392216399312
0.00178456739374436
0.00178521493799053
0.00178586286798585
0.00178651234097779
0.00178716207113583
0.00178781347287353
0.00178846551752649
0.00178911923375912
0.00178977385007311
0.00179043052371591
0.00179108809744008
0.00179174747132696
0.0017924077452952
0.00179306930509396
0.00179373189355712
0.00179439628218301
0.00179506285672076
0.00179573238866869
0.00179640474944375
0.0017970805819612
0.00179775962905493
0.00179844124780968
0.0017991245381441
0.00179980962864123
0.0018179345669644
0.00180850055707619
0.00179948701376561
0.00179880153751932
0.00179808198676445
0.00179736822224688
0.00179666384429205
0.0017959518799372
0.00179523965841625
0.00179452075057663
0.0017938010712387
0.00179307560566347
0.00179234846850857
0.00179161567369942
0.00179087992148008
0.00179013864018954
0.00178939453007188
0.00178864681962878
0.00178789808052126
0.00178714779841714
0.0017863964876486
0.00178564170513768
0.00178488177930471
0.00178411400990561
0.00178333698252682
0.00178255005425308
0.00178175412516575
0.00178095099542756
0.00178014297953341
0.00177933187764604
0.00177851910417899
0.00177770504488144
0.00177688892825507
0.00177606946846936
0.00177524473677855
0.00177441280443687
0.00177357251419686
0.00177272348030936
0.00177186634568963
0.00177100201041903
0.00177013034591451
0.00176925045209471
0.00176836040021386
0.00176745890444145
0.00176654635052662
0.00176562582446262
0.00176470208382234
0.00176377937184647
0.00176285974586383
0.00176194024846423
0.00176101393616293
0.00176007155098021
0.0017591040921025
0.00175810564470943
0.00175707505155355
0.00175601488429587
0.00175493105775677
0.00175383115833625
0.00175272225810215
0.00175160975754261
0.00175049519965425
0.001749375884193
0.00174824525342323
0.00174709546377882
0.00174592098618858
0.00174472066340502
0.00174349861008581
0.00174226061246824
0.0017410106566269
0.00173974758531433
0.00173846316921525
0.00173715213642456
0.00173581795868464
0.00173446937964298
0.0017331192576047
0.00173177710771561
0.00173043984398246
0.00172908933619503
0.00172769511017017
0.0017262236057315
0.00172464769185521
0.00172295451023616
0.00172114676111843
0.00171924128888175
0.00171726419588551
0.00171524544198066
0.00171321125810966
0.00171117630274035
0.00170913761846256
0.00170707334615756
0.0017049514686456
0.00170274511206895
0.00170044746152591
0.00169807240398601
0.00169564539889339
0.00169318496220745
0.00169068775076885
0.00168812676213682
0.0016854657358909
0.00168267766959034
0.001679754719669
0.00167669971495401
0.00167350481187925
0.00167013349285815
0.00166652133778203
0.00166261344168801
0.00165838061622344
0.00165381887531374
0.00164897168003023
0.00164393212450203
0.00163881194740068
0.00163371208642144
0.00162869811892044
0.0016237818745384
0.00161890600523446
0.00161394167079125
0.00160872749947943
0.00160316036769189
0.00159720851541497
0.00159086564207915
0.00158413894833531
0.00157702071920037
0.00156943406200968
0.00156119497441687
0.00154986925067846
0.00153707176533528
0.00152283093524165
0.00150713698808569
0.00148980052103288
0.00147034333371557
0.00144739987412933
0.00142061049547978
0.00138903255541809
0.00135187192501966
0.00131536179627758
0.00127277136079036
0.0012223049562471
0.00117599679899868
0.00112154560569674
0.00106637621176196
0.00101127065931214
0.000953438438968733
0.000900640373665374
0.000845463971954305
0.000797743908511475
0.000747947100207675
0.000706673355165403
0.000662537994317245
0.000628035047005396
0.000590327552889939
0.000561115540971514
0.000531431886421051
0.000504714675009018
0.000482385938845109
0.000459244847109076
0.00044078244256787
0.000424403758518165
0.000407886076190043
0.000393070126253879
0.000381931362272007
0.000370900125866756
0.000360022706936579
0.000349328936749371
0.000341836080894573
0.000334884398956783
0.000328077212222852
0.000321415420774138
0.000314896035054699
0.000308508800566196
0.000303289903827244
)
;

boundaryField
{
    electrode
    {
        type            zeroGradient;
    }
    ground
    {
        type            zeroGradient;
    }
    otherfaces
    {
        type            empty;
    }
}


// ************************************************************************* //
