/*--------------------------------*- C++ -*----------------------------------*\
| =========                 |                                                 |
| \\      /  F ield         | foam-extend: Open Source CFD                    |
|  \\    /   O peration     | Version:     4.1                                |
|   \\  /    A nd           | Web:         http://www.foam-extend.org         |
|    \\/     M anipulation  |                                                 |
\*---------------------------------------------------------------------------*/
FoamFile
{
    version     2.0;
    format      ascii;
    class       volScalarField;
    location    "1.50009999935002e-05";
    object      electronMean;
}
// * * * * * * * * * * * * * * * * * * * * * * * * * * * * * * * * * * * * * //

dimensions      [0 -3 0 0 0 0 0];

internalField   nonuniform List<scalar> 
500
(
4.67660136146813e+15
1.02454135197518e+16
1.27455789343172e+16
1.96130044324574e+16
2.63514045298872e+16
3.73061846073177e+16
5.01341130521159e+16
6.83409319238987e+16
9.05115930665273e+16
1.19710056454621e+17
1.55255318787023e+17
1.99546879471426e+17
2.52410718449784e+17
3.15386713692289e+17
3.88361466709982e+17
4.71869109228662e+17
5.65461680355046e+17
6.68679902365478e+17
7.80578353183464e+17
8.99938973680703e+17
1.02546510275574e+18
1.15557365998053e+18
1.28888990458647e+18
1.42392284226373e+18
1.5594888740671e+18
1.69442734629641e+18
1.82792022056583e+18
1.95922179458355e+18
2.08786895339269e+18
2.21347759265775e+18
2.33589437780192e+18
2.4549957190286e+18
2.57079718055488e+18
2.68333234630529e+18
2.79275176300929e+18
2.89917358482396e+18
3.00276613989636e+18
3.10364291557423e+18
3.20200345341749e+18
3.29801485069908e+18
3.39190216233442e+18
3.48380099023574e+18
3.57387598646312e+18
3.66220770886655e+18
3.74892024872539e+18
3.83408297326284e+18
3.91783232317682e+18
4.00025464088556e+18
4.08147418042956e+18
4.16155225502544e+18
4.24059219446179e+18
4.31863379258978e+18
4.39575242514655e+18
4.47195837173361e+18
4.54731087514179e+18
4.6218256949292e+18
4.69557456089188e+18
4.76856994149044e+18
4.84087491636007e+18
4.912492886241e+18
4.98348003627643e+18
5.05383257526186e+18
5.123602307807e+18
5.1927815886341e+18
5.26141778312729e+18
5.32949457876958e+18
5.39705222527819e+18
5.46407619475804e+18
5.53061210391107e+18
5.59664462065089e+18
5.66221700650016e+18
5.72731120625201e+18
5.79196868114945e+18
5.85616904748181e+18
5.9199524244946e+18
5.98329635157636e+18
6.04623998850802e+18
6.10875912183401e+18
6.17089239827416e+18
6.23261394639315e+18
6.29396209936746e+18
6.35490989881596e+18
6.4154954784764e+18
6.47569005534746e+18
6.53553120051771e+18
6.59498883928025e+18
6.65410043814153e+18
6.71283484852236e+18
6.77122955436368e+18
6.82925242612682e+18
6.88694103775316e+18
6.94426231954856e+18
7.00125405223319e+18
7.05788227553632e+18
7.11418508465169e+18
7.17012762856099e+18
7.22574839988751e+18
7.2810116340436e+18
7.33595637582738e+18
7.39054609210655e+18
7.4448203789288e+18
7.49874272030123e+18
7.55235329293413e+18
7.6056131106855e+18
7.65856211334046e+18
7.7111603068847e+18
7.76344820469848e+18
7.81538499725224e+18
7.86701179674506e+18
7.91828699570998e+18
7.9692523176655e+18
8.01986536535799e+18
8.07016849258552e+18
8.12011851218075e+18
8.16975843222403e+18
8.21904426858555e+18
8.26801970926783e+18
8.31663996319564e+18
8.36494942469037e+18
8.41290248520946e+18
8.460544270617e+18
8.50782834637419e+18
8.55480058728042e+18
8.60141372997739e+18
8.64771440980756e+18
8.69365453477416e+18
8.73928150949492e+18
8.78454641524529e+18
8.82949743324697e+18
8.87408481915186e+18
8.91835753914834e+18
8.96226502113664e+18
9.00585702705876e+18
9.04908215156912e+18
9.09199096599321e+18
9.13453122373449e+18
9.17675432075452e+18
9.21860715893813e+18
9.26014197461961e+18
9.30130480722609e+18
9.34214874934936e+18
9.3826189677599e+18
9.42276942476006e+18
9.46254440760473e+18
9.50199875627327e+18
9.54107587753152e+18
9.57983149036582e+18
9.61820812696278e+18
9.65626237903204e+18
9.69393591854516e+18
9.73128619342797e+18
9.76825404091549e+18
9.80489773556021e+18
9.8411573202845e+18
9.87709184878482e+18
9.91264063125008e+18
9.94786342802208e+18
9.98269890712698e+18
1.00172074291575e+19
1.0051327149163e+19
1.00851188771645e+19
1.01185204349043e+19
1.0151592873722e+19
1.01842739246196e+19
1.02166245854522e+19
1.02485827083802e+19
1.02802073724347e+19
1.03114294321413e+19
1.03423252276579e+19
1.03728208324181e+19
1.04029888960116e+19
1.0432761069221e+19
1.04622047527147e+19
1.04912504288064e+19
1.05199667735923e+19
1.05482838019887e+19
1.05762708688688e+19
1.06038574373937e+19
1.06311134131137e+19
1.06579677714261e+19
1.06844908781331e+19
1.07106112989676e+19
1.07363997605198e+19
1.07617845205892e+19
1.07868365661609e+19
1.08114839588777e+19
1.08357978269062e+19
1.08597061588276e+19
1.08832801030796e+19
1.0906447704027e+19
1.09292799958457e+19
1.09517052221105e+19
1.09737941576136e+19
1.09954753903676e+19
1.10168192812986e+19
1.10377549850966e+19
1.10583522544281e+19
1.10785408883711e+19
1.1098389913885e+19
1.11178299650383e+19
1.11369291725204e+19
1.11556191729471e+19
1.11739670309227e+19
1.11919055587562e+19
1.12095005814294e+19
1.12266862632043e+19
1.12435270120606e+19
1.12599585235988e+19
1.12760436084827e+19
1.12917196751562e+19
1.13070477572467e+19
1.13219671546211e+19
1.1336536949901e+19
1.13506985042678e+19
1.13645087866926e+19
1.13779113754836e+19
1.1390960979222e+19
1.14036035313337e+19
1.14158913523538e+19
1.1427772848802e+19
1.14392978461646e+19
1.14504173212794e+19
1.14611785193206e+19
1.14715350613554e+19
1.14815315503209e+19
1.14911243026364e+19
1.15003552384447e+19
1.15091834010321e+19
1.15176480054548e+19
1.15257108359566e+19
1.15334083973327e+19
1.15407052117033e+19
1.15476350859219e+19
1.15541652582361e+19
1.15603268702508e+19
1.15660898323695e+19
1.15714826770926e+19
1.15764779196919e+19
1.15811015615704e+19
1.15853286357863e+19
1.1589182708305e+19
1.15926412265767e+19
1.15957254328238e+19
1.1598415070661e+19
1.16007291840243e+19
1.16026496841515e+19
1.1604193558035e+19
1.16053447607288e+19
1.16061184050682e+19
1.16065005608165e+19
1.1606500545309e+19
1.16061183572881e+19
1.16053446818129e+19
1.16041934469655e+19
1.16026495419363e+19
1.16007290096888e+19
1.15984148652283e+19
1.15957251953191e+19
1.15926409580197e+19
1.15891824077264e+19
1.15853283042175e+19
1.15811011980616e+19
1.1576477525252e+19
1.15714822507989e+19
1.15660893752296e+19
1.15603263813674e+19
1.15541647386555e+19
1.15476345347358e+19
1.1540704629858e+19
1.15334077840761e+19
1.152571019216e+19
1.15176473303719e+19
1.15091826955967e+19
1.15003545018155e+19
1.14911235358243e+19
1.14815307524912e+19
1.14715342335306e+19
1.14611776607003e+19
1.14504164328262e+19
1.14392969270907e+19
1.14277719001397e+19
1.14158903731594e+19
1.14036025229334e+19
1.13909599404746e+19
1.13779103077792e+19
1.13645076887869e+19
1.13506973777299e+19
1.13365357933763e+19
1.13219659697672e+19
1.13070465427856e+19
1.12917184325915e+19
1.12760423366112e+19
1.1259957223866e+19
1.12435256833032e+19
1.12266849068987e+19
1.12094991962402e+19
1.1191904146351e+19
1.1173965589974e+19
1.1155617705145e+19
1.11369276764525e+19
1.11178284425673e+19
1.10983883635092e+19
1.10785393119643e+19
1.10583506504636e+19
1.10377533552569e+19
1.1016817624143e+19
1.0995473708045e+19
1.09737924483362e+19
1.09517034878216e+19
1.09292782350912e+19
1.09064459187177e+19
1.08832782915417e+19
1.08597043234284e+19
1.08357959655911e+19
1.08114820740699e+19
1.07868346561225e+19
1.07617825873709e+19
1.0736397802366e+19
1.07106093178433e+19
1.06844888728033e+19
1.06579657436693e+19
1.06311113616487e+19
1.0603855363824e+19
1.0576268772733e+19
1.05482816837731e+19
1.0519964633977e+19
1.04912482666926e+19
1.04622025701647e+19
1.04327588646983e+19
1.04029866710996e+19
1.03728185862406e+19
1.0342322961554e+19
1.03114271450361e+19
1.02802050658003e+19
1.02485803815529e+19
1.02166222396431e+19
1.01842715594296e+19
1.01515904899396e+19
1.01185180325126e+19
1.00851164566359e+19
1.00513247107343e+19
1.00172049730978e+19
9.98269643386629e+18
9.94786093765318e+18
9.91263812435414e+18
9.8770893253775e+18
9.84115478103185e+18
9.80489518037295e+18
9.76825147056058e+18
9.73128360777625e+18
9.69393331839021e+18
9.65625976423228e+18
9.61820549834139e+18
9.57982884774203e+18
9.54107322175182e+18
9.50199608717249e+18
9.46254172602621e+18
9.42276673053968e+18
9.38261626175749e+18
9.3421460314171e+18
9.30130207821609e+18
9.26013923439924e+18
9.21860440834601e+18
9.1767515596684e+18
9.1345284529794e+18
9.09198818545795e+18
9.04907936208704e+18
9.00585422853099e+18
8.96226221439897e+18
8.91835472411567e+18
8.87408199666332e+18
8.82949460322479e+18
8.78454357851837e+18
8.73927866598084e+18
8.69365168530203e+18
8.64771155430888e+18
8.60141086927939e+18
8.55479772133198e+18
8.50782547599577e+18
8.46054139578945e+18
8.41289960674784e+18
8.36494654255262e+18
8.31663707820086e+18
8.26801682135998e+18
8.21904137856638e+18
8.16975554007644e+18
8.12011561870158e+18
8.07016559778173e+18
8.01986247003358e+18
7.9692494218331e+18
7.91828410017434e+18
7.86700890150305e+18
7.8153821030785e+18
7.7634453116038e+18
7.71115741562449e+18
7.65855922394765e+18
7.60561022395944e+18
7.55235040893644e+18
7.49873983983798e+18
7.44481750204782e+18
7.3905432195704e+18
7.33595350766784e+18
7.28100877097952e+18
7.22574554196824e+18
7.1701247765449e+18
7.11418223859693e+18
7.05787943622311e+18
7.00125121973513e+18
6.94425949461114e+18
6.88693822041854e+18
6.829249617082e+18
6.77122675362514e+18
6.71283205675171e+18
6.65409765539197e+18
6.59498606625799e+18
6.53552843733068e+18
6.47568730275423e+18
6.41549273659426e+18
6.35490716836447e+18
6.29395938042361e+18
6.23261123960186e+18
6.17088970371538e+18
6.10875644021944e+18
6.04623732001992e+18
5.98329369703305e+18
5.9199497841381e+18
5.85616642209307e+18
5.79196607090293e+18
5.72730861177979e+18
5.66221442786584e+18
5.59664205840264e+18
5.53060955812475e+18
5.4640736659871e+18
5.39704971362038e+18
5.32949208479555e+18
5.26141530697929e+18
5.19277913088861e+18
5.12359986857174e+18
5.05383015507727e+18
4.98347763528097e+18
4.91249050516157e+18
4.84087255546925e+18
4.76856760177037e+18
4.69557224271746e+18
4.62182339918854e+18
4.54730860201792e+18
4.47195612178814e+18
4.39575019853721e+18
4.31863159006209e+18
4.24059001639631e+18
4.16155010223671e+18
4.08147205329967e+18
4.0002525397955e+18
3.91783024832937e+18
3.83408092454336e+18
3.74891822631947e+18
3.6622057128354e+18
3.57387401775021e+18
3.48379904952895e+18
3.39190025086991e+18
3.29801296928603e+18
3.20200160326525e+18
3.10364109729363e+18
3.00276435495116e+18
2.89917183383137e+18
2.79275004747817e+18
2.68333066684908e+18
2.57079553817648e+18
2.45499411456451e+18
2.33589281273059e+18
2.21347606838675e+18
2.08786747244687e+18
1.95922035948456e+18
1.8279188361411e+18
1.69442601743774e+18
1.55948760792029e+18
1.42392164495124e+18
1.2888887828637e+18
1.15557261985232e+18
1.02546414745739e+18
8.9993811018422e+17
7.80577578611989e+17
6.68679224247957e+17
5.65461086918047e+17
4.71868610116003e+17
3.8836103866334e+17
3.15386368519454e+17
2.52410426515664e+17
1.99546655391843e+17
1.55255128639787e+17
1.19709917846543e+17
9.0511475076849e+16
6.8340847048147e+16
5.01340386676899e+16
3.73061351688543e+16
2.63513551984908e+16
1.9612978064853e+16
1.27455445509123e+16
1.02454041081732e+16
4.67659075477303e+15
)
;

boundaryField
{
    electrode
    {
        type            calculated;
        value           uniform 4.67660136146813e+15;
    }
    ground
    {
        type            calculated;
        value           uniform 4.67659075477303e+15;
    }
    otherfaces
    {
        type            empty;
    }
}


// ************************************************************************* //
