/*--------------------------------*- C++ -*----------------------------------*\
| =========                 |                                                 |
| \\      /  F ield         | foam-extend: Open Source CFD                    |
|  \\    /   O peration     | Version:     4.1                                |
|   \\  /    A nd           | Web:         http://www.foam-extend.org         |
|    \\/     M anipulation  |                                                 |
\*---------------------------------------------------------------------------*/
FoamFile
{
    version     2.0;
    format      ascii;
    class       volScalarField;
    location    "1.50009999935002e-05";
    object      powerDissipatedMean;
}
// * * * * * * * * * * * * * * * * * * * * * * * * * * * * * * * * * * * * * //

dimensions      [1 2 -3 0 0 0 0];

internalField   nonuniform List<scalar> 
500
(
0.000202003969273878
1.01238454691019e-05
5.41069634555656e-05
4.39642685552961e-05
3.9784241857638e-05
5.31065695758699e-05
4.14182309951456e-05
6.15767165802979e-05
5.98165717674846e-05
8.03305782534448e-05
9.01195794036028e-05
0.000113043346164252
0.000133323211298191
0.000160337437646366
0.000188411586363882
0.000218991768464328
0.000250931129160556
0.000282417139969813
0.000313722892111177
0.000342354745613821
0.000368785728919932
0.000391155435522731
0.000409819566235935
0.000423871293380449
0.00043367293719283
0.000439062235082764
0.000440506306595472
0.000438256187229
0.000432886823359223
0.000424769555483041
0.00041451790511272
0.000402464252974168
0.000389191348857611
0.000374926495267765
0.000360180288488267
0.000345074351109183
0.000330028243259162
0.000315077336949562
0.000300546392299269
0.000286408771586826
0.000272903021563069
0.00025996129728104
0.000247750808559047
0.000236179518475358
0.000225360098844928
0.000215187597843116
0.000205735644564794
0.000196895648843444
0.00018871471848051
0.000181087449064809
0.000174043440240694
0.000167485157129893
0.000161431072409469
0.000155793843087291
0.000150585456952841
0.000145728913251365
0.000141233488322071
0.000137031251191616
0.000133131856474843
0.000129474353719347
0.000126071170543716
0.0001228660573624
0.000119875673092925
0.000117046572765868
0.000114400262807401
0.000111884732024027
0.000109526235899886
0.000107273394770544
0.0001051566550202
0.000103125008605197
0.000101212350555785
9.93681100699223e-05
9.76288143090355e-05
9.59445480852133e-05
9.43536557423109e-05
9.28071266456488e-05
9.13443542253788e-05
8.9917467804206e-05
8.85662526573072e-05
8.724419385284e-05
8.59909110203695e-05
8.47614055457811e-05
8.35947282463711e-05
8.24474994303102e-05
8.1357915393305e-05
8.02842510300343e-05
7.92636765607857e-05
7.82561022584443e-05
7.72975968611811e-05
7.63496443177355e-05
7.54472073310085e-05
7.45532458674108e-05
7.3701665520358e-05
7.28567741533044e-05
7.20515088603966e-05
7.12513714800469e-05
7.04884525464206e-05
6.97292755532903e-05
6.90052293785817e-05
6.82836765196623e-05
6.75954575437199e-05
6.690859270862e-05
6.62535210656007e-05
6.55987594884499e-05
6.49744658000049e-05
6.43495213628126e-05
6.3753887228014e-05
6.31567233251965e-05
6.25878415151658e-05
6.20166398152608e-05
6.14727873271665e-05
6.09259206708858e-05
6.04055358991811e-05
5.98815426494441e-05
5.93832059546275e-05
5.88807669457829e-05
5.84031847813102e-05
5.79211042040367e-05
5.74630976149861e-05
5.70002877185992e-05
5.65607828103684e-05
5.61162497578285e-05
5.56942678627362e-05
5.52670983047124e-05
5.4861746406196e-05
5.44510963105954e-05
5.406155892474e-05
5.36666455487866e-05
5.3292177739107e-05
5.29122735448649e-05
5.25521933638039e-05
5.21866203575445e-05
5.1840300539721e-05
5.14884248501546e-05
5.11552847323924e-05
5.0816512514165e-05
5.04960116554385e-05
5.01697870847242e-05
4.98614204185935e-05
4.95472243163473e-05
4.92505173569903e-05
4.89478655210385e-05
4.86623694668379e-05
4.83708107868883e-05
4.80960980951054e-05
4.78152128091738e-05
4.7550873836832e-05
4.72802721372188e-05
4.70259128898459e-05
4.67652332971593e-05
4.65204739378575e-05
4.62693808505463e-05
4.6033854903552e-05
4.57920354269184e-05
4.55653898725606e-05
4.53325504326973e-05
4.51144468266255e-05
4.48903097535877e-05
4.46804259905596e-05
4.44647259717462e-05
4.42627580726538e-05
4.40552385687305e-05
4.38609023380467e-05
4.36613124393238e-05
4.34743451412444e-05
4.32824372367235e-05
4.31025982192598e-05
4.29181275797825e-05
4.27451931451108e-05
4.25679029298783e-05
4.24016630647757e-05
4.22312888089347e-05
4.20715497336009e-05
4.19078340516323e-05
4.17544264744295e-05
4.15971208328274e-05
4.14498913383659e-05
4.12987544307831e-05
4.11575596173286e-05
4.10123604782414e-05
4.08770620670026e-05
4.07375837257312e-05
4.06080437655417e-05
4.04740869828296e-05
4.0350163352674e-05
4.0221550041663e-05
4.01030926577542e-05
3.99796686912918e-05
3.98665167346982e-05
3.97481535774246e-05
3.96401340422036e-05
3.95267289190742e-05
3.94236566849304e-05
3.93151310251807e-05
3.92168107218605e-05
3.91131067672951e-05
3.90193363383755e-05
3.89204125271558e-05
3.88309890611167e-05
3.87368138785891e-05
3.86515401394692e-05
3.85620844810279e-05
3.84807762215948e-05
3.83960053922372e-05
3.83184988952879e-05
3.8238364859884e-05
3.81645239402167e-05
3.80889585458914e-05
3.80186803229417e-05
3.79475901426259e-05
3.78808089150133e-05
3.7814072276373e-05
3.77507609518506e-05
3.76882275742665e-05
3.76283963544668e-05
3.7569889847096e-05
3.75135820215055e-05
3.74589053232198e-05
3.74061902170371e-05
3.73551337833641e-05
3.73060971690504e-05
3.72584494822183e-05
3.7213181928281e-05
3.71687417507492e-05
3.71273255815522e-05
3.70859151781899e-05
3.70484109733989e-05
3.70098892842359e-05
3.69763230060209e-05
3.69405976262417e-05
3.69109495727986e-05
3.68779863098005e-05
3.68521831231838e-05
3.68220119332409e-05
3.6799922688425e-05
3.67726389881259e-05
3.67540762200174e-05
3.67298369937056e-05
3.67145632506937e-05
3.66935774210234e-05
3.66813174003201e-05
3.6663830287305e-05
3.6654288001252e-05
3.66405605746019e-05
3.66334401411894e-05
3.66237230872645e-05
3.66187512270267e-05
3.66132628071107e-05
3.66101704879591e-05
3.66085534147444e-05
3.66085562333661e-05
3.66101805887364e-05
3.66132794734692e-05
3.66187742844822e-05
3.66237529300964e-05
3.66334764295785e-05
3.6640603639635e-05
3.66543375523292e-05
3.66638865908718e-05
3.66813802453902e-05
3.66936469896476e-05
3.67146394226945e-05
3.67299198623699e-05
3.67541657558111e-05
3.67727351988942e-05
3.6800025629667e-05
3.68221215355823e-05
3.68522995172643e-05
3.68781093589329e-05
3.6911079473285e-05
3.6940734183991e-05
3.69764664728354e-05
3.70100394168047e-05
3.70485680721442e-05
3.70860789590443e-05
3.71274963830364e-05
3.71689192583245e-05
3.72133665086499e-05
3.72586408029965e-05
3.73062956123777e-05
3.7355339011078e-05
3.74064026135941e-05
3.74591245597676e-05
3.75138084721581e-05
3.75701232034126e-05
3.76286369705811e-05
3.76884751693106e-05
3.77510158558075e-05
3.78143342413954e-05
3.78810782436124e-05
3.79478666194001e-05
3.80189642237611e-05
3.8089249684936e-05
3.81648225725601e-05
3.82386708259715e-05
3.83188124340289e-05
3.83963263615544e-05
3.84811048542775e-05
3.85624206398876e-05
3.86518840669796e-05
3.87371654279327e-05
3.88313484974087e-05
3.89207796805226e-05
3.90197115082579e-05
3.91134897509651e-05
3.92172018579003e-05
3.93155300761462e-05
3.94240640322616e-05
3.95271442927717e-05
3.96405578523735e-05
3.97485855216776e-05
3.98669572603537e-05
3.99801174690603e-05
4.01035501625943e-05
4.02220159241026e-05
4.0350638106395e-05
4.04745702415486e-05
4.06085360464872e-05
4.07380846463976e-05
4.08775721594229e-05
4.10128793451215e-05
4.11580878106222e-05
4.12992915402263e-05
4.14504379353241e-05
4.15976764834147e-05
4.17549917708308e-05
4.19084085425411e-05
4.20721340316928e-05
4.22318824414842e-05
4.24022666676021e-05
4.25685160182133e-05
4.27458163608083e-05
4.29187604114658e-05
4.31032413085865e-05
4.32830904066233e-05
4.34750089786451e-05
4.36619863194253e-05
4.38615869958745e-05
4.40559334697714e-05
4.42634639673354e-05
4.44654423290513e-05
4.46811535758834e-05
4.48910480366463e-05
4.51151965848044e-05
4.53333111423885e-05
4.55661623165607e-05
4.57928191020243e-05
4.60346505940251e-05
4.62701880829961e-05
4.65212935024271e-05
4.67660647494111e-05
4.70267570238974e-05
4.72811285253084e-05
4.75517432761894e-05
4.78160948774255e-05
4.80969935930601e-05
4.83717192918396e-05
4.86632917908152e-05
4.89488012469873e-05
4.92514673129414e-05
4.95481880844943e-05
4.98623988414321e-05
5.01707797335531e-05
5.04970193788266e-05
5.08175348746652e-05
5.11563225902716e-05
5.14894777690951e-05
5.18413693995378e-05
5.21877047231259e-05
5.25532941354536e-05
5.29133902591362e-05
5.32933113098037e-05
5.36677954512422e-05
5.40627260950978e-05
5.4452280146545e-05
5.48629478985109e-05
5.52683167911531e-05
5.56955044118981e-05
5.61175036721394e-05
5.6562055230366e-05
5.70015779103484e-05
5.74644067633506e-05
5.79224315121464e-05
5.8404531449064e-05
5.88821321353598e-05
5.93845908818818e-05
5.98829465015289e-05
6.04069599276299e-05
6.09273641290161e-05
6.14742514759738e-05
6.20181239619928e-05
6.25893469068095e-05
6.31582493350589e-05
6.37554351225096e-05
6.43510906575821e-05
6.49760578463628e-05
6.56003739797789e-05
6.62551594591921e-05
6.69102547998594e-05
6.75971448416474e-05
6.82853888775383e-05
6.90069683211376e-05
6.97310409558254e-05
7.04902458967115e-05
7.1253192775461e-05
7.20533596896504e-05
7.28586546678561e-05
7.37035774722718e-05
7.45551894494365e-05
7.54491843449126e-05
7.63516548040467e-05
7.72996425802834e-05
7.82581831107712e-05
7.92657943862123e-05
8.02864058262764e-05
8.13601092358674e-05
8.24497324657127e-05
8.35970026905481e-05
8.47637215389697e-05
8.59932707982666e-05
8.72465976519813e-05
8.85687029085349e-05
8.99199651672998e-05
9.13469014747388e-05
9.2809724914737e-05
9.43563079654036e-05
9.59472554224719e-05
9.76315794958462e-05
9.93709339152819e-05
0.000101215235543588
0.00010312795532327
0.000105159666163952
0.000107276471303723
0.00010952938131292
0.00011188794801567
0.000114403553510172
0.000117049939871962
0.000119879121103972
0.000122869588454596
0.00012607479050693
0.00012947806601953
0.000133135669476434
0.000137035170735648
0.000141237525808737
0.000145733076307807
0.000150589758978662
0.000155798292736209
0.000161435684531812
0.00016748994144566
0.000174048414635357
0.000181092627525193
0.000188720123537608
0.000196901298411084
0.000205741564110063
0.000215193809404113
0.000225366632528844
0.000236186402475975
0.000247758078827916
0.000259968992101038
0.000272911189177957
0.000286417467449935
0.000300555681589529
0.000315087293507605
0.000330038942387024
0.000345085873486508
0.000360192711602877
0.000374939910004274
0.000389205843719062
0.000402479928876444
0.00041453484850379
0.000424787855913338
0.000432906547002311
0.000438277390538569
0.00044052901276482
0.000439086444459243
0.000433698612644564
0.000423898339846831
0.000409847824521701
0.000391184644367627
0.000368815565535079
0.000342384782736303
0.000313752684171054
0.000282446186386892
0.000250958942491439
0.000219017890786927
0.000188435555897448
0.000160359018341389
0.000133342048345197
0.000113059546340429
9.01328676735559e-05
8.0341437443951e-05
5.98247131650414e-05
6.15829094260303e-05
4.14221647809566e-05
5.31091852941957e-05
3.97852834356864e-05
4.39645428585058e-05
5.41066337370188e-05
1.01222795733421e-05
0.000202001713030108
)
;

boundaryField
{
    electrode
    {
        type            calculated;
        value           uniform 0.000202003969273878;
    }
    ground
    {
        type            calculated;
        value           uniform 0.000202001713030108;
    }
    otherfaces
    {
        type            empty;
    }
}


// ************************************************************************* //
