/*--------------------------------*- C++ -*----------------------------------*\
| =========                 |                                                 |
| \\      /  F ield         | foam-extend: Open Source CFD                    |
|  \\    /   O peration     | Version:     4.1                                |
|   \\  /    A nd           | Web:         http://www.foam-extend.org         |
|    \\/     M anipulation  |                                                 |
\*---------------------------------------------------------------------------*/
FoamFile
{
    version     2.0;
    format      ascii;
    class       volVectorField;
    location    "1.50009999935002e-05";
    object      term2;
}
// * * * * * * * * * * * * * * * * * * * * * * * * * * * * * * * * * * * * * //

dimensions      [0 -2 -2 0 0 0 0];

internalField   nonuniform List<vector> 
500
(
(-2.89233519076722e+27 0 0)
(-2.83260028003164e+27 0 0)
(-2.78126815096636e+27 0 0)
(-2.72341686182113e+27 0 0)
(-2.67481836538196e+27 0 0)
(-2.61410020057234e+27 0 0)
(-2.54636684390564e+27 0 0)
(-2.47523902269869e+27 0 0)
(-2.41385456832212e+27 0 0)
(-2.34971611970042e+27 0 0)
(-2.28961163160911e+27 0 0)
(-2.20853772044769e+27 0 0)
(-2.13883802699898e+27 0 0)
(-2.07045053598256e+27 0 0)
(-2.01001539005758e+27 0 0)
(-1.92870075983668e+27 0 0)
(-1.85998665590733e+27 0 0)
(-1.7957683038095e+27 0 0)
(-1.73162977296788e+27 0 0)
(-1.66009915931266e+27 0 0)
(-1.60068029505245e+27 0 0)
(-1.54665193001379e+27 0 0)
(-1.48319694360235e+27 0 0)
(-1.4258105372805e+27 0 0)
(-1.3783670607823e+27 0 0)
(-1.32910524210865e+27 0 0)
(-1.27876489582396e+27 0 0)
(-1.23435695670679e+27 0 0)
(-1.19743064104651e+27 0 0)
(-1.15631985350242e+27 0 0)
(-1.11739873018225e+27 0 0)
(-1.08289471282272e+27 0 0)
(-1.05404170602228e+27 0 0)
(-1.02460925037333e+27 0 0)
(-9.93947577751307e+26 0 0)
(-9.66366067243928e+26 0 0)
(-9.42928248772039e+26 0 0)
(-9.2149750987227e+26 0 0)
(-9.017189824888e+26 0 0)
(-8.79364972754314e+26 0 0)
(-8.60559154718246e+26 0 0)
(-8.43277674134793e+26 0 0)
(-8.2836400471952e+26 0 0)
(-8.1412651370685e+26 0 0)
(-8.01549257598342e+26 0 0)
(-7.87878040572393e+26 0 0)
(-7.73570594244292e+26 0 0)
(-7.59754037510789e+26 0 0)
(-7.47404994688273e+26 0 0)
(-7.35407578806518e+26 0 0)
(-7.24721474328366e+26 0 0)
(-7.14279103506209e+26 0 0)
(-7.0494196861759e+26 0 0)
(-6.95693230745993e+26 0 0)
(-6.85926675832578e+26 0 0)
(-6.75839457356884e+26 0 0)
(-6.66799286990649e+26 0 0)
(-6.57920805516811e+26 0 0)
(-6.49957576780111e+26 0 0)
(-6.42040668700594e+26 0 0)
(-6.34867070236214e+26 0 0)
(-6.27622217098303e+26 0 0)
(-6.21015863187924e+26 0 0)
(-6.14315976916361e+26 0 0)
(-6.08222980813612e+26 0 0)
(-6.01804451507978e+26 0 0)
(-5.95436255204172e+26 0 0)
(-5.88977751304324e+26 0 0)
(-5.83025711512293e+26 0 0)
(-5.76902180946337e+26 0 0)
(-5.7121489238991e+26 0 0)
(-5.65353178466747e+26 0 0)
(-5.59934052105526e+26 0 0)
(-5.54387064696053e+26 0 0)
(-5.49308922393641e+26 0 0)
(-5.44140540658337e+26 0 0)
(-5.39439210501701e+26 0 0)
(-5.34640287490244e+26 0 0)
(-5.30257026904238e+26 0 0)
(-5.25725499038168e+26 0 0)
(-5.2156506893948e+26 0 0)
(-5.17247101072674e+26 0 0)
(-5.13234557635011e+26 0 0)
(-5.09028889726064e+26 0 0)
(-5.05123833701931e+26 0 0)
(-5.01034912997551e+26 0 0)
(-4.97233602925044e+26 0 0)
(-4.93242948497839e+26 0 0)
(-4.89520533116211e+26 0 0)
(-4.85609148375916e+26 0 0)
(-4.81961573303404e+26 0 0)
(-4.78137735039101e+26 0 0)
(-4.74575907419275e+26 0 0)
(-4.70841195114757e+26 0 0)
(-4.67352584562588e+26 0 0)
(-4.63683122037904e+26 0 0)
(-4.60241931462709e+26 0 0)
(-4.56618883218183e+26 0 0)
(-4.53218816099661e+26 0 0)
(-4.49647529101407e+26 0 0)
(-4.46480296127223e+26 0 0)
(-4.43176897220075e+26 0 0)
(-4.40089213373238e+26 0 0)
(-4.36838218531245e+26 0 0)
(-4.33794332738071e+26 0 0)
(-4.3058384481644e+26 0 0)
(-4.27565813653215e+26 0 0)
(-4.24375226505436e+26 0 0)
(-4.21364794425845e+26 0 0)
(-4.18182321900541e+26 0 0)
(-4.15176504327329e+26 0 0)
(-4.1200604094545e+26 0 0)
(-4.09011779700471e+26 0 0)
(-4.05858944899071e+26 0 0)
(-4.02878196679605e+26 0 0)
(-3.99741013558642e+26 0 0)
(-3.96770187882384e+26 0 0)
(-3.93645640524453e+26 0 0)
(-3.9068362149123e+26 0 0)
(-3.8757211804968e+26 0 0)
(-3.84619637952039e+26 0 0)
(-3.81520397604666e+26 0 0)
(-3.78574985089216e+26 0 0)
(-3.75484256736789e+26 0 0)
(-3.72542011409593e+26 0 0)
(-3.69456743960033e+26 0 0)
(-3.66516470657024e+26 0 0)
(-3.63437148382035e+26 0 0)
(-3.60500707496503e+26 0 0)
(-3.57429953921828e+26 0 0)
(-3.54500134089625e+26 0 0)
(-3.51439823979138e+26 0 0)
(-3.48517046348446e+26 0 0)
(-3.45465690418386e+26 0 0)
(-3.4254678201822e+26 0 0)
(-3.39500119899087e+26 0 0)
(-3.36581115084027e+26 0 0)
(-3.33536380189613e+26 0 0)
(-3.30616321846843e+26 0 0)
(-3.27574043662682e+26 0 0)
(-3.24654365822009e+26 0 0)
(-3.21615995709827e+26 0 0)
(-3.18697488614353e+26 0 0)
(-3.15662832820493e+26 0 0)
(-3.12744836246995e+26 0 0)
(-3.09713062697707e+26 0 0)
(-3.06794988870551e+26 0 0)
(-3.03765867644493e+26 0 0)
(-3.00847751195006e+26 0 0)
(-2.97821177707809e+26 0 0)
(-2.94902771830849e+26 0 0)
(-2.91878195176891e+26 0 0)
(-2.88958759685507e+26 0 0)
(-2.85935367532135e+26 0 0)
(-2.83014248449133e+26 0 0)
(-2.79991515609036e+26 0 0)
(-2.7706856476286e+26 0 0)
(-2.74046688383962e+26 0 0)
(-2.71122439538144e+26 0 0)
(-2.68102009287641e+26 0 0)
(-2.65177084042199e+26 0 0)
(-2.62158503742309e+26 0 0)
(-2.59232899498243e+26 0 0)
(-2.56215694359773e+26 0 0)
(-2.53288645192445e+26 0 0)
(-2.50269460770269e+26 0 0)
(-2.47336772121766e+26 0 0)
(-2.44326533486451e+26 0 0)
(-2.41395967289561e+26 0 0)
(-2.38381748615298e+26 0 0)
(-2.35450115658183e+26 0 0)
(-2.32436621124678e+26 0 0)
(-2.295035744884e+26 0 0)
(-2.26490782187868e+26 0 0)
(-2.23556212057831e+26 0 0)
(-2.2054426362552e+26 0 0)
(-2.1760816285748e+26 0 0)
(-2.14596910956459e+26 0 0)
(-2.11659554311724e+26 0 0)
(-2.08649147358961e+26 0 0)
(-2.05710456877087e+26 0 0)
(-2.027009657023e+26 0 0)
(-1.99761003349006e+26 0 0)
(-1.96752371441351e+26 0 0)
(-1.93810770025975e+26 0 0)
(-1.90802834857732e+26 0 0)
(-1.87860087230937e+26 0 0)
(-1.84852946465677e+26 0 0)
(-1.81908856176293e+26 0 0)
(-1.7890272864806e+26 0 0)
(-1.75957733418263e+26 0 0)
(-1.72952901744905e+26 0 0)
(-1.70006928731687e+26 0 0)
(-1.67003122905174e+26 0 0)
(-1.64056345181541e+26 0 0)
(-1.61053892688338e+26 0 0)
(-1.58106313271875e+26 0 0)
(-1.55105151466329e+26 0 0)
(-1.52156810725457e+26 0 0)
(-1.49157093531786e+26 0 0)
(-1.46208258991906e+26 0 0)
(-1.43210094952543e+26 0 0)
(-1.4026087903219e+26 0 0)
(-1.37264354539408e+26 0 0)
(-1.34314830069364e+26 0 0)
(-1.3132005096584e+26 0 0)
(-1.28370325732572e+26 0 0)
(-1.25377429363972e+26 0 0)
(-1.22427657255676e+26 0 0)
(-1.19436798115844e+26 0 0)
(-1.16487223590531e+26 0 0)
(-1.13498501994398e+26 0 0)
(-1.1054926339947e+26 0 0)
(-1.07562764778546e+26 0 0)
(-1.04613904384921e+26 0 0)
(-1.01629765020967e+26 0 0)
(-9.86815768007794e+25 0 0)
(-9.56999561386832e+25 0 0)
(-9.27525132478563e+25 0 0)
(-8.97734387874713e+25 0 0)
(-8.68269621206871e+25 0 0)
(-8.3850689519478e+25 0 0)
(-8.0905352572352e+25 0 0)
(-7.79319196197628e+25 0 0)
(-7.49878912974474e+25 0 0)
(-7.20174988693846e+25 0 0)
(-6.90750111330982e+25 0 0)
(-6.61076924699219e+25 0 0)
(-6.31669343494032e+25 0 0)
(-6.02028401136543e+25 0 0)
(-5.72640609704166e+25 0 0)
(-5.43032886744329e+25 0 0)
(-5.13667065112314e+25 0 0)
(-4.84093781917462e+25 0 0)
(-4.54751967069356e+25 0 0)
(-4.25214375493154e+25 0 0)
(-3.95898859241269e+25 0 0)
(-3.66398278045636e+25 0 0)
(-3.37111206191493e+25 0 0)
(-3.07648726783668e+25 0 0)
(-2.78392464575706e+25 0 0)
(-2.4896933439567e+25 0 0)
(-2.19746362053097e+25 0 0)
(-1.90363880973501e+25 0 0)
(-1.61176461391078e+25 0 0)
(-1.31836137689145e+25 0 0)
(-1.02682171241102e+25 0 0)
(-7.3394081220164e+24 0 0)
(-4.42719010000396e+24 0 0)
(-1.50366315256839e+24 0 0)
(1.40463114744883e+24 0 0)
(4.32363960326828e+24 0 0)
(7.22687179047729e+24 0 0)
(1.0142141463359e+25 0 0)
(1.30395655693153e+25 0 0)
(1.59510178748488e+25 0 0)
(1.88427938308697e+25 0 0)
(2.17494139495634e+25 0 0)
(2.46357281246382e+25 0 0)
(2.75373475083841e+25 0 0)
(3.04179520788078e+25 0 0)
(3.33144273022002e+25 0 0)
(3.61890559199663e+25 0 0)
(3.90802262857862e+25 0 0)
(4.194862343691e+25 0 0)
(4.4834329027711e+25 0 0)
(4.76962665895334e+25 0 0)
(5.05763507543472e+25 0 0)
(5.34315634419574e+25 0 0)
(5.63058504254056e+25 0 0)
(5.9154054986678e+25 0 0)
(6.20224036173726e+25 0 0)
(6.48633352431195e+25 0 0)
(6.77255902113117e+25 0 0)
(7.05589623298872e+25 0 0)
(7.3414914248057e+25 0 0)
(7.62404359369528e+25 0 0)
(7.90899249642145e+25 0 0)
(8.19073997103511e+25 0 0)
(8.4750198571718e+25 0 0)
(8.75593638308298e+25 0 0)
(9.03953252017564e+25 0 0)
(9.31959182654392e+25 0 0)
(9.6024784758206e+25 0 0)
(9.88165531571844e+25 0 0)
(1.0163809099776e+26 0 0)
(1.04420771613112e+26 0 0)
(1.07234897334446e+26 0 0)
(1.1000813529485e+26 0 0)
(1.1281447983679e+26 0 0)
(1.15578103674716e+26 0 0)
(1.18376562441576e+26 0 0)
(1.21130317417006e+26 0 0)
(1.23920622625573e+26 0 0)
(1.26664180876087e+26 0 0)
(1.29445990503179e+26 0 0)
(1.32179124467478e+26 0 0)
(1.34952212346525e+26 0 0)
(1.37674665044162e+26 0 0)
(1.4043888489897e+26 0 0)
(1.43150460857285e+26 0 0)
(1.4590555773027e+26 0 0)
(1.48605992634855e+26 0 0)
(1.51351624660075e+26 0 0)
(1.5404055626743e+26 0 0)
(1.5677635402001e+26 0 0)
(1.59453492320627e+26 0 0)
(1.62179335692373e+26 0 0)
(1.64844395882543e+26 0 0)
(1.67559786551513e+26 0 0)
(1.70212607006144e+26 0 0)
(1.72917441965384e+26 0 0)
(1.75557597425994e+26 0 0)
(1.78251713238005e+26 0 0)
(1.80879113709861e+26 0 0)
(1.83561980547357e+26 0 0)
(1.86175931081505e+26 0 0)
(1.88847616856548e+26 0 0)
(1.91448148856691e+26 0 0)
(1.94107919946227e+26 0 0)
(1.96695090725265e+26 0 0)
(1.99342860714685e+26 0 0)
(2.01915794804454e+26 0 0)
(2.04551148684291e+26 0 0)
(2.07109266609372e+26 0 0)
(2.09731716404061e+26 0 0)
(2.12274705540136e+26 0 0)
(2.14884049906003e+26 0 0)
(2.17411987735434e+26 0 0)
(2.2000821756935e+26 0 0)
(2.20386386549765e+26 0 0)
(2.24193324429792e+26 0 0)
(2.27904075847606e+26 0 0)
(2.30649334002559e+26 0 0)
(2.33319060251934e+26 0 0)
(2.36067160386843e+26 0 0)
(2.38726948035306e+26 0 0)
(2.41467952155547e+26 0 0)
(2.44120642453389e+26 0 0)
(2.46856642196017e+26 0 0)
(2.49501985234161e+26 0 0)
(2.52232649734638e+26 0 0)
(2.54870376623385e+26 0 0)
(2.57595555474017e+26 0 0)
(2.60225556111627e+26 0 0)
(2.62945162581366e+26 0 0)
(2.65567133637242e+26 0 0)
(2.68280607143909e+26 0 0)
(2.70893701224259e+26 0 0)
(2.736001724866e+26 0 0)
(2.76203744417224e+26 0 0)
(2.78903194666375e+26 0 0)
(2.81497851402194e+26 0 0)
(2.84191336810322e+26 0 0)
(2.86778155228584e+26 0 0)
(2.89466462456744e+26 0 0)
(2.92045521694173e+26 0 0)
(2.9472799279694e+26 0 0)
(2.97297939165081e+26 0 0)
(2.99972974954676e+26 0 0)
(3.02532268916712e+26 0 0)
(3.05198711625333e+26 0 0)
(3.07746741609535e+26 0 0)
(3.1040467444183e+26 0 0)
(3.12941990484487e+26 0 0)
(3.15592352888422e+26 0 0)
(3.18119869198484e+26 0 0)
(3.20763244472456e+26 0 0)
(3.23280919100815e+26 0 0)
(3.2591675363614e+26 0 0)
(3.28423877768675e+26 0 0)
(3.31051971965258e+26 0 0)
(3.33548967834479e+26 0 0)
(3.36170227964256e+26 0 0)
(3.386576131892e+26 0 0)
(3.41271348857847e+26 0 0)
(3.4374666495249e+26 0 0)
(3.46349323346583e+26 0 0)
(3.48809155444734e+26 0 0)
(3.51399243061865e+26 0 0)
(3.53845235825552e+26 0 0)
(3.56427596735889e+26 0 0)
(3.58866380995481e+26 0 0)
(3.61447661488692e+26 0 0)
(3.63883711360533e+26 0 0)
(3.66465214298294e+26 0 0)
(3.68896538832509e+26 0 0)
(3.71473745445046e+26 0 0)
(3.7389429507928e+26 0 0)
(3.764612735037e+26 0 0)
(3.78866517934467e+26 0 0)
(3.81421644881944e+26 0 0)
(3.83813369871636e+26 0 0)
(3.86361486706307e+26 0 0)
(3.88745492952286e+26 0 0)
(3.91290944569504e+26 0 0)
(3.93667932957216e+26 0 0)
(3.96207798364166e+26 0 0)
(3.98573109940956e+26 0 0)
(4.01104343504511e+26 0 0)
(4.03459289297283e+26 0 0)
(4.05987057712513e+26 0 0)
(4.0833476658492e+26 0 0)
(4.10856460480549e+26 0 0)
(4.1318873688347e+26 0 0)
(4.15693610294027e+26 0 0)
(4.1800293409109e+26 0 0)
(4.20493944910309e+26 0 0)
(4.22796612669453e+26 0 0)
(4.25301121426179e+26 0 0)
(4.27628020641801e+26 0 0)
(4.30171936139635e+26 0 0)
(4.32536832370412e+26 0 0)
(4.35119526866342e+26 0 0)
(4.37508094842125e+26 0 0)
(4.40105742487492e+26 0 0)
(4.42489860550806e+26 0 0)
(4.45077681700972e+26 0 0)
(4.47443246915223e+26 0 0)
(4.50024198679426e+26 0 0)
(4.5239133025229e+26 0 0)
(4.54995291027123e+26 0 0)
(4.57388965531234e+26 0 0)
(4.60024134218032e+26 0 0)
(4.62432691951615e+26 0 0)
(4.65077326489563e+26 0 0)
(4.67484772437578e+26 0 0)
(4.70143307640944e+26 0 0)
(4.72575687112285e+26 0 0)
(4.75284431963856e+26 0 0)
(4.7777061477087e+26 0 0)
(4.80543101571978e+26 0 0)
(4.8308805667613e+26 0 0)
(4.85941316570177e+26 0 0)
(4.88589947506391e+26 0 0)
(4.91592454906741e+26 0 0)
(4.94410132910235e+26 0 0)
(4.97605139386154e+26 0 0)
(5.00598497803185e+26 0 0)
(5.03941811981611e+26 0 0)
(5.07013731414959e+26 0 0)
(5.10381919151919e+26 0 0)
(5.13415538776744e+26 0 0)
(5.16730697323017e+26 0 0)
(5.19712061127203e+26 0 0)
(5.23045350118694e+26 0 0)
(5.26126058129673e+26 0 0)
(5.2966051460311e+26 0 0)
(5.32979535189812e+26 0 0)
(5.36786381475335e+26 0 0)
(5.40369973959023e+26 0 0)
(5.44465398319204e+26 0 0)
(5.48359045644091e+26 0 0)
(5.52884359258043e+26 0 0)
(5.5814457444082e+26 0 0)
(5.64404069013538e+26 0 0)
(5.70861108106409e+26 0 0)
(5.78404983649115e+26 0 0)
(5.86275544316075e+26 0 0)
(5.95625959173393e+26 0 0)
(6.06169981690343e+26 0 0)
(6.19199740209224e+26 0 0)
(6.3434536515669e+26 0 0)
(6.53405611452785e+26 0 0)
(6.72584986127712e+26 0 0)
(6.96759276008722e+26 0 0)
(7.26555160160731e+26 0 0)
(7.56905552056272e+26 0 0)
(7.94656615128639e+26 0 0)
(8.37620289759873e+26 0 0)
(8.84253491224344e+26 0 0)
(9.39889209768497e+26 0 0)
(9.95941261131195e+26 0 0)
(1.06311933267254e+27 0 0)
(1.12762694084186e+27 0 0)
(1.20509704661446e+27 0 0)
(1.2762943414756e+27 0 0)
(1.36397599019022e+27 0 0)
(1.43959581985109e+27 0 0)
(1.53449131237092e+27 0 0)
(1.61486722542773e+27 0 0)
(1.70835168194099e+27 0 0)
(1.799066222584e+27 0 0)
(1.88589635342306e+27 0 0)
(1.98096730440399e+27 0 0)
(2.0679008779081e+27 0 0)
(2.14737636817175e+27 0 0)
(2.23864772207274e+27 0 0)
(2.32239637352422e+27 0 0)
(2.39480247533719e+27 0 0)
(2.46496357636363e+27 0 0)
(2.54446696481952e+27 0 0)
(2.62092833187369e+27 0 0)
(2.68379612200679e+27 0 0)
(2.73767866093916e+27 0 0)
(2.80017423487517e+27 0 0)
(2.85598624119184e+27 0 0)
(2.92114105075848e+27 0 0)
(2.97919958069976e+27 0 0)
(3.03562939577624e+27 0 0)
)
;

boundaryField
{
    electrode
    {
        type            calculated;
        value           uniform (-2.89233519076722e+27 0 0);
    }
    ground
    {
        type            calculated;
        value           uniform (3.03562939577624e+27 0 0);
    }
    otherfaces
    {
        type            empty;
    }
}


// ************************************************************************* //
