/*--------------------------------*- C++ -*----------------------------------*\
| =========                 |                                                 |
| \\      /  F ield         | foam-extend: Open Source CFD                    |
|  \\    /   O peration     | Version:     4.1                                |
|   \\  /    A nd           | Web:         http://www.foam-extend.org         |
|    \\/     M anipulation  |                                                 |
\*---------------------------------------------------------------------------*/
FoamFile
{
    version     2.0;
    format      ascii;
    class       volVectorField;
    location    "1.50009999935002e-05";
    object      velocityelectron;
}
// * * * * * * * * * * * * * * * * * * * * * * * * * * * * * * * * * * * * * //

dimensions      [0 1 -1 0 0 0 0];

internalField   nonuniform List<vector> 
500
(
(-419433.725700614 0 0)
(-74084.8254185596 0 0)
(-42793.6829191486 0 0)
(110272.982656125 0 0)
(140965.307977586 0 0)
(167940.495049914 0 0)
(167421.918234642 0 0)
(144987.891072866 0 0)
(134315.282300172 0 0)
(112522.691051702 0 0)
(103387.750920236 0 0)
(89470.6350858658 0 0)
(81218.4464320045 0 0)
(71600.802198907 0 0)
(64342.1358142185 0 0)
(57763.9905868483 0 0)
(52305.6410786559 0 0)
(47989.9447568859 0 0)
(44228.8309724519 0 0)
(41153.2195977369 0 0)
(38340.0843842069 0 0)
(36073.3392885523 0 0)
(34269.1627586339 0 0)
(32974.380713906 0 0)
(31970.2678436519 0 0)
(31103.7172203827 0 0)
(30279.7709014936 0 0)
(29513.9648688676 0 0)
(28877.1590498078 0 0)
(28421.5444877709 0 0)
(28157.9616752864 0 0)
(28011.3486330929 0 0)
(27868.8957895407 0 0)
(27623.5779391683 0 0)
(27265.9770479602 0 0)
(26883.3573357224 0 0)
(26611.0537336264 0 0)
(26523.4447032348 0 0)
(26593.5473630794 0 0)
(26708.9846050953 0 0)
(26735.3673953163 0 0)
(26589.6378830395 0 0)
(26238.4163102731 0 0)
(25706.1779206661 0 0)
(25045.2438018712 0 0)
(24314.5991864794 0 0)
(23578.1560366383 0 0)
(22883.8638752599 0 0)
(22277.6166840368 0 0)
(21769.7196748269 0 0)
(21355.8481483484 0 0)
(20997.7697346514 0 0)
(20663.9183324218 0 0)
(20330.4785852653 0 0)
(20003.6912175192 0 0)
(19699.5910155956 0 0)
(19430.1674850222 0 0)
(19188.1182295735 0 0)
(18949.4452241084 0 0)
(18692.3096084588 0 0)
(18408.3150286801 0 0)
(18110.8380853178 0 0)
(17822.2911805699 0 0)
(17560.6816384684 0 0)
(17327.1404825879 0 0)
(17107.0190210409 0 0)
(16879.9490026265 0 0)
(16630.7367730039 0 0)
(16359.5373541285 0 0)
(16077.0696632063 0 0)
(15802.3156594192 0 0)
(15550.3512527741 0 0)
(15332.1652549365 0 0)
(15150.2450166601 0 0)
(15003.215310959 0 0)
(14882.2571154908 0 0)
(14777.0282973896 0 0)
(14671.8855838049 0 0)
(14555.7901870843 0 0)
(14420.9197930154 0 0)
(14269.6425638276 0 0)
(14108.8074204798 0 0)
(13948.8894759656 0 0)
(13795.6010198823 0 0)
(13650.6786275149 0 0)
(13509.8012037663 0 0)
(13369.7761819941 0 0)
(13228.1539769412 0 0)
(13088.4434119891 0 0)
(12953.6742994476 0 0)
(12828.371943695 0 0)
(12711.1444958904 0 0)
(12600.2707328006 0 0)
(12490.1239746478 0 0)
(12379.079769433 0 0)
(12265.4806879935 0 0)
(12152.5929999989 0 0)
(12042.5733479069 0 0)
(11939.4139196738 0 0)
(11844.0002818518 0 0)
(11757.6628322045 0 0)
(11678.6211858956 0 0)
(11605.6019975569 0 0)
(11534.9018522428 0 0)
(11463.9857600699 0 0)
(11389.3077571472 0 0)
(11310.3520777287 0 0)
(11226.8328872406 0 0)
(11141.9800020416 0 0)
(11057.7384159454 0 0)
(10977.4601553403 0 0)
(10901.0287306462 0 0)
(10828.8472483229 0 0)
(10758.5125254476 0 0)
(10689.7631126242 0 0)
(10621.1139322879 0 0)
(10553.935632341 0 0)
(10487.8814020068 0 0)
(10424.4656900442 0 0)
(10362.5163227559 0 0)
(10302.4487411632 0 0)
(10242.4888848628 0 0)
(10183.1219673594 0 0)
(10123.3400337884 0 0)
(10064.469367202 0 0)
(10006.184580115 0 0)
(9950.02671791261 0 0)
(9895.59502761783 0 0)
(9844.06598677734 0 0)
(9794.5413988748 0 0)
(9747.61462786745 0 0)
(9701.70110866141 0 0)
(9656.95154991336 0 0)
(9611.59581349809 0 0)
(9566.1919963276 0 0)
(9519.71863124493 0 0)
(9473.66900787193 0 0)
(9427.6736006068 0 0)
(9383.39443841789 0 0)
(9340.08355953192 0 0)
(9298.75854259073 0 0)
(9258.06432379418 0 0)
(9218.7191411469 0 0)
(9179.4452054231 0 0)
(9141.25766861728 0 0)
(9103.1932415406 0 0)
(9066.42532807646 0 0)
(9029.93207059297 0 0)
(8994.72670476989 0 0)
(8959.59916829007 0 0)
(8925.48543310121 0 0)
(8891.19932005655 0 0)
(8857.77630124145 0 0)
(8824.17526963098 0 0)
(8791.54311781366 0 0)
(8758.96483804501 0 0)
(8727.63280929674 0 0)
(8696.66496498554 0 0)
(8667.14919914163 0 0)
(8638.07205998078 0 0)
(8610.27890747498 0 0)
(8582.60802396786 0 0)
(8555.78800675778 0 0)
(8528.74559726297 0 0)
(8502.35192332798 0 0)
(8475.77843863022 0 0)
(8450.03346827539 0 0)
(8424.39167467424 0 0)
(8399.72555092137 0 0)
(8375.2702935443 0 0)
(8351.73710096901 0 0)
(8328.32175134242 0 0)
(8305.72210239829 0 0)
(8283.17358998067 0 0)
(8261.44394069021 0 0)
(8239.78039766346 0 0)
(8218.98509796894 0 0)
(8198.24946041102 0 0)
(8178.38985606721 0 0)
(8158.51585317319 0 0)
(8139.48333620567 0 0)
(8120.3203988333 0 0)
(8101.96966436352 0 0)
(8083.38456159797 0 0)
(8065.65526798431 0 0)
(8047.66803975132 0 0)
(8030.66577604205 0 0)
(8013.45392935192 0 0)
(7997.34231919089 0 0)
(7981.02361129668 0 0)
(7965.80481303168 0 0)
(7950.28759394688 0 0)
(7935.79155997375 0 0)
(7920.91272165415 0 0)
(7907.00890305778 0 0)
(7892.7241727859 0 0)
(7879.42472137597 0 0)
(7865.79630782315 0 0)
(7853.14320524083 0 0)
(7840.21414386007 0 0)
(7828.18950219196 0 0)
(7815.93814827963 0 0)
(7804.50860729814 0 0)
(7792.89677383816 0 0)
(7782.0522628249 0 0)
(7771.08011678764 0 0)
(7760.82739241421 0 0)
(7750.52406647823 0 0)
(7740.87971914226 0 0)
(7731.25924575431 0 0)
(7722.21542666262 0 0)
(7713.24880919307 0 0)
(7704.7544286691 0 0)
(7696.37205934596 0 0)
(7688.39140479904 0 0)
(7680.54038365444 0 0)
(7673.09876959928 0 0)
(7665.79670421825 0 0)
(7658.93845207871 0 0)
(7652.22286317494 0 0)
(7645.96686054649 0 0)
(7639.81184776916 0 0)
(7634.16667829574 0 0)
(7628.51012094554 0 0)
(7623.47531336407 0 0)
(7618.28410171576 0 0)
(7613.87068118751 0 0)
(7609.12473621321 0 0)
(7605.35862500081 0 0)
(7601.05648882191 0 0)
(7597.91292753019 0 0)
(7594.09165648996 0 0)
(7591.52517211541 0 0)
(7588.19673038922 0 0)
(7586.19243205983 0 0)
(7583.33491243472 0 0)
(7581.87832337158 0 0)
(7579.52121681575 0 0)
(7578.58455876239 0 0)
(7576.80466969875 0 0)
(7576.36084347323 0 0)
(7575.17883692836 0 0)
(7575.19589215724 0 0)
(7574.62330378812 0 0)
(7575.04111552448 0 0)
(7575.0894095151 0 0)
(7575.92097890569 0 0)
(7576.5402876024 0 0)
(7577.83997886384 0 0)
(7579.07361525886 0 0)
(7580.77275098665 0 0)
(7582.41587797079 0 0)
(7584.9774590692 0 0)
(7587.12480850031 0 0)
(7589.98458427025 0 0)
(7592.81426761541 0 0)
(7596.04901555861 0 0)
(7599.49872481691 0 0)
(7603.19830956348 0 0)
(7607.22261308534 0 0)
(7611.41015725639 0 0)
(7615.99108230129 0 0)
(7620.69546574567 0 0)
(7625.80122188136 0 0)
(7631.0538724845 0 0)
(7636.6664307859 0 0)
(7642.45161611939 0 0)
(7648.57119652172 0 0)
(7654.92680059249 0 0)
(7661.52305028427 0 0)
(7668.51670952937 0 0)
(7675.59712235566 0 0)
(7683.2301646907 0 0)
(7690.82104726718 0 0)
(7699.05695069374 0 0)
(7707.13725834353 0 0)
(7715.95249773883 0 0)
(7724.50995576797 0 0)
(7733.91276301997 0 0)
(7742.97550638341 0 0)
(7752.99507126503 0 0)
(7762.58904588285 0 0)
(7773.24710278098 0 0)
(7783.39078853567 0 0)
(7794.66857290463 0 0)
(7805.39184673102 0 0)
(7817.25252978288 0 0)
(7828.57175344654 0 0)
(7841.01558175582 0 0)
(7852.94535402303 0 0)
(7865.99510399796 0 0)
(7878.58084652201 0 0)
(7892.2438580968 0 0)
(7905.51027027281 0 0)
(7919.75482265627 0 0)
(7933.6645236142 0 0)
(7948.43147861838 0 0)
(7962.95394053774 0 0)
(7978.24716609051 0 0)
(7993.43548319457 0 0)
(8009.36748587417 0 0)
(8025.31544689258 0 0)
(8041.99564465145 0 0)
(8058.73327206453 0 0)
(8076.15691289896 0 0)
(8093.62819322418 0 0)
(8111.72811537429 0 0)
(8129.86371804939 0 0)
(8148.61468839265 0 0)
(8167.40329981576 0 0)
(8186.84355526392 0 0)
(8206.33033588099 0 0)
(8226.53216961228 0 0)
(8246.76780508197 0 0)
(8267.77270270074 0 0)
(8288.75498138237 0 0)
(8310.52614322713 0 0)
(8332.22127942535 0 0)
(8354.74885388004 0 0)
(8377.23113572506 0 0)
(8400.67864093984 0 0)
(8424.15945464866 0 0)
(8448.72058656718 0 0)
(8473.27794234603 0 0)
(8498.85628760807 0 0)
(8524.23952027628 0 0)
(8550.49947145215 0 0)
(8576.43336589861 0 0)
(8603.25408892883 0 0)
(8629.84207758572 0 0)
(8657.50200589391 0 0)
(8685.12624362987 0 0)
(8713.98376911062 0 0)
(8742.90754597124 0 0)
(8773.08348395237 0 0)
(8803.3288076099 0 0)
(8834.72582686543 0 0)
(8866.09787395593 0 0)
(8898.5131930304 0 0)
(8930.87465488863 0 0)
(8964.28399908054 0 0)
(8997.75376776681 0 0)
(9032.36553936671 0 0)
(9067.12025334776 0 0)
(9102.93547890859 0 0)
(9138.72433535427 0 0)
(9175.32814658021 0 0)
(9211.80114410424 0 0)
(9249.20468321327 0 0)
(9286.91815403003 0 0)
(9326.15768475431 0 0)
(9366.29383607897 0 0)
(9408.23299177693 0 0)
(9450.92475773211 0 0)
(9494.87789803805 0 0)
(9538.81762946965 0 0)
(9583.33900113303 0 0)
(9627.40578758802 0 0)
(9672.02008954834 0 0)
(9716.44494996103 0 0)
(9761.9485888801 0 0)
(9807.87294953834 0 0)
(9855.50160258505 0 0)
(9904.02255165987 0 0)
(9954.48117910104 0 0)
(10005.7228851902 0 0)
(10058.487480827 0 0)
(10111.5064891083 0 0)
(10165.6996393695 0 0)
(10220.2022450242 0 0)
(10276.3618130205 0 0)
(10333.4084009705 0 0)
(10392.3301873092 0 0)
(10451.6488932459 0 0)
(10511.6913610633 0 0)
(10570.9441051349 0 0)
(10630.4363519075 0 0)
(10690.04678473 0 0)
(10752.1117492593 0 0)
(10817.113650705 0 0)
(10886.8907050324 0 0)
(10960.3772611641 0 0)
(11037.6433871321 0 0)
(11116.1469496159 0 0)
(11195.449183759 0 0)
(11273.3002881209 0 0)
(11350.2305066016 0 0)
(11425.1042502618 0 0)
(11499.721153928 0 0)
(11574.0736246561 0 0)
(11650.8518374694 0 0)
(11730.3017398972 0 0)
(11814.1939787843 0 0)
(11901.0407656073 0 0)
(11990.3978787188 0 0)
(12079.6169176659 0 0)
(12168.7044412273 0 0)
(12257.206513016 0 0)
(12347.6516721236 0 0)
(12440.7297539259 0 0)
(12537.7546695382 0 0)
(12636.2758813082 0 0)
(12734.9608621814 0 0)
(12831.1562127332 0 0)
(12927.1266017316 0 0)
(13025.7383752416 0 0)
(13133.8971958338 0 0)
(13255.2753053069 0 0)
(13392.6165710127 0 0)
(13542.6189657464 0 0)
(13700.8940798011 0 0)
(13859.8760733179 0 0)
(14014.6542676585 0 0)
(14159.9674649959 0 0)
(14295.0255960285 0 0)
(14419.8045796935 0 0)
(14539.2574844423 0 0)
(14659.7002869123 0 0)
(14789.4442218227 0 0)
(14933.3294379753 0 0)
(15091.5926055581 0 0)
(15257.6333672991 0 0)
(15423.0731387681 0 0)
(15581.6521484059 0 0)
(15735.5536810593 0 0)
(15892.9783074352 0 0)
(16065.9438747121 0 0)
(16259.4375416683 0 0)
(16473.0925676481 0 0)
(16697.1186821192 0 0)
(16927.5350284813 0 0)
(17163.9502932474 0 0)
(17420.1073146525 0 0)
(17706.9887810515 0 0)
(18032.3775412604 0 0)
(18384.4375628347 0 0)
(18742.0714111477 0 0)
(19076.6490627716 0 0)
(19368.0824188632 0 0)
(19606.7658641442 0 0)
(19796.2517970036 0 0)
(19951.4141832837 0 0)
(20098.0030420626 0 0)
(20270.749095252 0 0)
(20510.1633492194 0 0)
(20841.7894094791 0 0)
(21270.5139638657 0 0)
(21762.3438173903 0 0)
(22268.8672583236 0 0)
(22745.9390493847 0 0)
(23186.243491079 0 0)
(23625.3878003035 0 0)
(24121.0464276435 0 0)
(24705.6117849677 0 0)
(25366.2805546871 0 0)
(26047.7624163655 0 0)
(26701.7078867601 0 0)
(27326.0459256221 0 0)
(27968.1032561132 0 0)
(28686.7187695969 0 0)
(29504.5051529734 0 0)
(30412.9039993617 0 0)
(31377.1868280723 0 0)
(32403.8621932192 0 0)
(33526.0537114118 0 0)
(34845.3755795573 0 0)
(36433.6165568462 0 0)
(38332.6611479846 0 0)
(40486.0354837694 0 0)
(42800.9996364497 0 0)
(45144.9942251176 0 0)
(47290.0958677164 0 0)
(48936.1080577153 0 0)
(49696.4952612833 0 0)
(49503.5580912007 0 0)
(48585.3331895702 0 0)
(47511.4663217612 0 0)
(46572.9419285977 0 0)
(45915.8116640288 0 0)
(45151.8043486605 0 0)
(43909.7991166918 0 0)
(41981.2839553403 0 0)
(39308.4304463472 0 0)
(36856.2527077224 0 0)
(34548.9170332815 0 0)
(32528.1244119455 0 0)
(29805.3401316767 0 0)
(27086.901540455 0 0)
(24321.5263614232 0 0)
(22222.7116638338 0 0)
(21751.1762353918 0 0)
(23382.5104123583 0 0)
(26198.2511215127 0 0)
(32034.2147296332 0 0)
(46164.5620857847 0 0)
(67287.5192304091 0 0)
(102840.001367782 0 0)
(167730.518130173 0 0)
(260052.783037117 0 0)
(493872.44064293 0 0)
)
;

boundaryField
{
    electrode
    {
        type            electronVelocity;
        sec             0;
        value           uniform (-649451.6875 0 0);
    }
    ground
    {
        type            electronVelocity;
        sec             0;
        value           uniform (667632.75 0 0);
    }
    otherfaces
    {
        type            empty;
    }
}


// ************************************************************************* //
