/*--------------------------------*- C++ -*----------------------------------*\
| =========                 |                                                 |
| \\      /  F ield         | foam-extend: Open Source CFD                    |
|  \\    /   O peration     | Version:     4.1                                |
|   \\  /    A nd           | Web:         http://www.foam-extend.org         |
|    \\/     M anipulation  |                                                 |
\*---------------------------------------------------------------------------*/
FoamFile
{
    version     2.0;
    format      ascii;
    class       volScalarField;
    location    "3.00015625474474e-06";
    object      EPotentialMean;
}
// * * * * * * * * * * * * * * * * * * * * * * * * * * * * * * * * * * * * * //

dimensions      [1 2 -3 0 0 -1 0];

internalField   nonuniform List<scalar> 
500
(
0.819979632631016
2.41610120364208
3.96725872193988
5.47320777256785
6.93330007146499
8.34720625960874
9.71439194932615
11.0346083296887
12.307485866645
13.5328873577087
14.7106710257246
15.8408404344146
16.923387877074
17.9585249140665
18.9465605904445
19.8879775648336
20.7834228425327
21.6336620675202
22.4395989196672
23.2023185907018
23.9230160971061
24.6030677298759
25.2439217259166
25.8471291904684
26.4143314665614
26.9472379453873
27.4475902450881
27.9171388498524
28.3576505015629
28.7708865434696
29.1585692985263
29.5223446272117
29.8638165879156
30.1845567653116
30.4860632118226
30.7696915918898
31.0367193234974
31.2883882378574
31.5258959593327
31.750292722403
31.9625098556996
32.1634484244377
32.3539795497726
32.5349127662492
32.7069340097631
32.8706666270032
33.0266929392997
33.1755481172042
33.3177501916287
33.4537665976839
33.5840166884509
33.7088950692279
33.8287435354947
33.9438530757724
34.0544969587155
34.1609493020354
34.2634836239903
34.3623635960828
34.4578224137586
34.5500532176303
34.6392038011878
34.7253845578239
34.8087238432805
34.8893896115312
34.9675524562176
35.0433685760042
35.1169748319308
35.1884847481561
35.2579817244617
35.3255158014493
35.3911289394925
35.4548920100764
35.5169026079439
35.577261238457
35.636060371888
35.6933818752758
35.7492949151304
35.8038518682896
35.8570880203543
35.9090325624036
35.9597162818505
36.009171307435
36.0574388221805
36.1045717187292
36.1506252374303
36.1956500243072
36.2396888498451
36.2827736364914
36.3249285934764
36.3661779431991
36.4065480480064
36.4460654041826
36.4847548575841
36.5226384168863
36.5597352378328
36.5960652433799
36.6316527261462
36.6665224441131
36.7006943816988
36.7341862900033
36.7670171970364
36.7992068797483
36.8307748990869
36.8617401018114
36.8921204339717
36.921932857034
36.9511931650596
36.9799153754171
37.0081103707653
37.0357849764209
37.062944252835
37.0895961767166
37.1157531149505
37.1414294194465
37.1666393792832
37.1913966190596
37.215714037709
37.2396038050705
37.2630772112238
37.2861442551752
37.3088134821607
37.3310928334698
37.3529903810238
37.3745141957633
37.3956721259256
37.4164716454215
37.4369196919357
37.4570224405025
37.4767852397222
37.4962135952253
37.515314416362
37.5340956172936
37.5525650454373
37.5707301072925
37.5885977722554
37.6061746310356
37.623466936914
37.6404806311885
37.6572213641305
37.6736945365112
37.6899054133554
37.7058593138355
37.7215614809292
37.7370167896406
37.7522297325853
37.7672044960349
37.7819450048336
37.7964549213445
37.8107375904578
37.8247959549569
37.8386326693514
37.8522507470833
37.8656537464197
37.878845292382
37.8918288731473
37.9046078195478
37.9171853211736
37.9295644394558
37.9417481166645
37.9537391824754
37.9655403601639
37.9771542721991
37.988583445554
37.9998303161831
38.0108972336217
38.0217864646431
38.0325001961457
38.043040537395
38.0534095219365
38.0636091084317
38.073641179573
38.0835075321317
38.0932098484149
38.1027496626922
38.1121284412521
38.1213478034587
38.1304095307309
38.1393154008166
38.1480671362335
38.1566664036201
38.1651148197932
38.1734139554476
38.1815653371119
38.1895704486705
38.1974307330314
38.2051475937807
38.2127223969668
38.2201564727575
38.227451116808
38.2346075914464
38.2416271268214
38.2485109223696
38.255260148132
38.2618759461722
38.2683594318236
38.2747116947899
38.2809338011177
38.2870267953373
38.2929917082454
38.2988295096028
38.3045410805546
38.3101272506742
38.315588813664
38.3209265314793
38.3261411357265
38.3312333294881
38.3362037889676
38.3410531654123
38.3457820862933
38.3503911566998
38.3548809607133
38.3592520624774
38.3635050072471
38.3676403228136
38.3716585202722
38.3755600955534
38.379345530809
38.3830152969113
38.3865698605989
38.3900096997147
38.3933353095879
38.3965471332609
38.3996455162947
38.4026307546046
38.4055031274967
38.4082629036317
38.410910340252
38.4134456826784
38.415869164618
38.4181810080477
38.4203814237477
38.4224706114331
38.4244487597803
38.4263160466831
38.428072639438
38.429718694777
38.4312543591021
38.4326797685401
38.4339950490448
38.4352003165212
38.4362956769173
38.4372812262634
38.438157050808
38.4389232270613
38.4395798217576
38.4401268921862
38.4405644864495
38.4408926429819
38.4411113861275
38.4412207160689
38.4412206876454
38.4411113009288
38.4408925009538
38.4405642876106
38.4401266365438
38.4395795092256
38.438922857634
38.4381566245156
38.4372807430556
38.4362951367444
38.4351997193986
38.4339943948678
38.4326790573022
38.431253590742
38.429717869244
38.428071756664
38.4263151066261
38.4244477623095
38.4224695564989
38.4203803112852
38.4181798379088
38.4158679367499
38.4134443969889
38.4109089965931
38.4082615019
38.4055016675113
38.4026292362571
38.3996439394016
38.3965454976682
38.3933336150884
38.3900079461481
38.3865680476751
38.3830134243691
38.3793435983933
38.3755581029307
38.3716564670935
38.3676382087225
38.3635028318842
38.3592498253395
38.3548786614375
38.350388794835
38.3457796613492
38.3410506768773
38.3362012362739
38.3312307120985
38.3261384530781
38.3209237828807
38.3155859985163
38.3101243682481
38.3045381302057
38.2988264905736
38.2929886198374
38.2870236368367
38.280930571765
38.2747083938478
38.26835605851
38.2618724997998
38.2552566278959
38.2485073275342
38.2416234566105
38.2346038450731
38.2274472935399
38.220152571855
38.2127184176597
38.2051435352851
38.1974265946388
38.1895662295884
38.1815610365831
38.1734095727315
38.1651103541175
38.1566618542295
38.1480625023784
38.1393106817389
38.1304047257134
38.1213429117442
38.112123462044
38.1027445953262
38.0932046921021
38.0835022861218
38.0736358431678
38.0636036808572
38.053404002478
38.0430349253866
38.0324944907498
38.0217806651725
38.0108913392985
37.999824326297
37.9885773593676
37.9771480890139
37.9655340792065
37.9537328031326
37.9417416382005
37.9295578611696
37.917178642308
37.9046010394456
37.8918219911288
37.8788383077252
37.8656466584716
37.8522435551582
37.8386253728358
37.8247885531741
37.8107300828021
37.7964473071967
37.7819372835009
37.7671966669263
37.7522217950303
37.7370087430051
37.7215533246278
37.7058510472601
37.6898970358988
37.6736860476435
37.657212763233
37.640471917772
37.6234581104269
37.6061656908987
37.5885887179807
37.5707209383957
37.5525557613275
37.5340862175391
37.5153049004376
37.4962039626778
37.4767754901176
37.4570125734235
37.4369097069487
37.4164615421609
37.3956619040005
37.3745038547732
37.3529799205896
37.3310822532323
37.3088027817513
37.2861334342474
37.263066269499
37.2395927421695
37.2157028533719
37.1913853130498
37.1666279512793
37.1414178693
37.1157414423341
37.0895843814836
37.062932334843
37.035772935561
37.008098206915
36.9799030884727
36.9511807549223
36.9219203235551
36.8921077771153
36.8617273214401
36.8307619951343
36.7991938521459
36.767004045807
36.7341730151152
36.7006809831824
36.6665089220156
36.6316390805254
36.596051474337
36.5597213454349
36.5226244013546
36.4847407190788
36.4460511429371
36.4065336642834
36.3661634371808
36.3249139654716
36.2827588868016
36.2396739788448
36.1956350323728
36.150610124905
36.10455648595
36.0574234695775
36.0091558355302
35.9597006912545
35.9090168538069
35.8570721944595
35.8038359259293
35.7492788570204
35.6933657022682
35.6360440847907
35.5772448380731
35.5168860952269
35.4548753859061
35.3911122049228
35.3254989577337
35.2579647729934
35.1884676904093
35.1169576693104
35.0433513099795
34.9675350882701
34.8893721432781
34.8087062763298
34.7253668940302
34.6391860425909
34.5500353664753
34.4578044723702
34.3623455668855
34.263465509477
34.1609311048278
34.0544786816243
33.9438347218402
33.828725108017
33.708876571808
33.5839981248918
33.4537479719398
33.3177315080026
33.1755293802443
33.0266741538565
32.8706477984205
32.7069151437881
32.5348938689909
32.3539606278785
32.1634294849845
31.9624909063034
31.7502737714115
31.5258770157265
31.2883693113106
31.0367004244045
30.7696727314671
30.4860444022694
30.1845380197893
29.8637979205516
29.5223260530983
29.1585508339994
28.7708682060218
28.3576323098194
27.9171208236577
27.4475724055931
26.9472203149486
26.4143140687831
25.8471120501223
25.2439048689336
24.6030511832912
23.9229998889199
23.2023027498926
22.4395834760879
21.6336470519178
20.7834082864384
19.8879635004629
18.9465470503843
17.958511931084
16.9233754840878
15.8408286641444
14.7106599108182
13.532876930745
12.3074761603611
11.0345993767629
9.71438378220148
8.3471989103091
6.93329357165819
5.4732021533401
3.96725401389092
2.41609743694771
0.819976837327254
)
;

boundaryField
{
    electrode
    {
        type            calculated;
        value           uniform 1.00000000050188e-10;
    }
    ground
    {
        type            calculated;
        value           uniform -2.29478307246963e-06;
    }
    otherfaces
    {
        type            empty;
    }
}


// ************************************************************************* //
