/*--------------------------------*- C++ -*----------------------------------*\
| =========                 |                                                 |
| \\      /  F ield         | foam-extend: Open Source CFD                    |
|  \\    /   O peration     | Version:     4.1                                |
|   \\  /    A nd           | Web:         http://www.foam-extend.org         |
|    \\/     M anipulation  |                                                 |
\*---------------------------------------------------------------------------*/
FoamFile
{
    version     2.0;
    format      ascii;
    class       volVectorField;
    location    "3.00015625474474e-06";
    object      Flux_electron;
}
// * * * * * * * * * * * * * * * * * * * * * * * * * * * * * * * * * * * * * //

dimensions      [0 -2 -1 0 0 0 0];

internalField   nonuniform List<vector> 
500
(
(-6.81992552164548e+23 0 0)
(-8.1430705642134e+23 0 0)
(-9.87803332813166e+23 0 0)
(-1.1934554413207e+24 0 0)
(-1.43633344738067e+24 0 0)
(-1.71932642278556e+24 0 0)
(-2.04601740834066e+24 0 0)
(-2.41827599589076e+24 0 0)
(-2.83938494498019e+24 0 0)
(-3.30920261925427e+24 0 0)
(-3.82847739834117e+24 0 0)
(-4.39852707895172e+24 0 0)
(-5.02111210681185e+24 0 0)
(-5.69338913009997e+24 0 0)
(-6.41845198903978e+24 0 0)
(-7.19288122592812e+24 0 0)
(-8.01631081548101e+24 0 0)
(-8.89296810909945e+24 0 0)
(-9.81867568461827e+24 0 0)
(-1.07951358822522e+25 0 0)
(-1.18188056816709e+25 0 0)
(-1.28807701062927e+25 0 0)
(-1.39844454235678e+25 0 0)
(-1.51197986208726e+25 0 0)
(-1.62778355110256e+25 0 0)
(-1.74473425980489e+25 0 0)
(-1.86208117468516e+25 0 0)
(-1.97890158709357e+25 0 0)
(-2.09380290627144e+25 0 0)
(-2.20512797503543e+25 0 0)
(-2.31268571949357e+25 0 0)
(-2.41707869361895e+25 0 0)
(-2.51656574869571e+25 0 0)
(-2.60775835662501e+25 0 0)
(-2.69229405626189e+25 0 0)
(-2.77406724803432e+25 0 0)
(-2.85187201571928e+25 0 0)
(-2.92001863512482e+25 0 0)
(-2.9784558288341e+25 0 0)
(-3.03541793363504e+25 0 0)
(-3.09115185817313e+25 0 0)
(-3.14119539890757e+25 0 0)
(-3.18190218634266e+25 0 0)
(-3.21734013129362e+25 0 0)
(-3.25275493367032e+25 0 0)
(-3.28510985496627e+25 0 0)
(-3.3156771595452e+25 0 0)
(-3.34313322553851e+25 0 0)
(-3.36554698209321e+25 0 0)
(-3.38708022192042e+25 0 0)
(-3.40621519646945e+25 0 0)
(-3.42137032830564e+25 0 0)
(-3.43667815916261e+25 0 0)
(-3.4535796544566e+25 0 0)
(-3.47005521475022e+25 0 0)
(-3.48463989585966e+25 0 0)
(-3.49631957118512e+25 0 0)
(-3.50508404457137e+25 0 0)
(-3.51181019454652e+25 0 0)
(-3.51713460949686e+25 0 0)
(-3.52578763835799e+25 0 0)
(-3.53971503197002e+25 0 0)
(-3.55190895231589e+25 0 0)
(-3.55954385156176e+25 0 0)
(-3.56538803497053e+25 0 0)
(-3.57026106864895e+25 0 0)
(-3.57389339241473e+25 0 0)
(-3.57607737191839e+25 0 0)
(-3.57913825104307e+25 0 0)
(-3.58656525404099e+25 0 0)
(-3.59657584475729e+25 0 0)
(-3.60437742969512e+25 0 0)
(-3.60925797823357e+25 0 0)
(-3.61295123444176e+25 0 0)
(-3.61611623414102e+25 0 0)
(-3.61851590225868e+25 0 0)
(-3.62028845022638e+25 0 0)
(-3.62281476941271e+25 0 0)
(-3.6266525431921e+25 0 0)
(-3.63056475464999e+25 0 0)
(-3.63474949956068e+25 0 0)
(-3.63997314644637e+25 0 0)
(-3.64477142862172e+25 0 0)
(-3.64802540367546e+25 0 0)
(-3.65025181087331e+25 0 0)
(-3.65175810989177e+25 0 0)
(-3.65316831226974e+25 0 0)
(-3.65557183602493e+25 0 0)
(-3.65865473156079e+25 0 0)
(-3.66148167614413e+25 0 0)
(-3.66389206517431e+25 0 0)
(-3.66600466622246e+25 0 0)
(-3.66788516529591e+25 0 0)
(-3.66983976394491e+25 0 0)
(-3.672447405431e+25 0 0)
(-3.67522126334708e+25 0 0)
(-3.67704593484659e+25 0 0)
(-3.67851297950405e+25 0 0)
(-3.68052658472191e+25 0 0)
(-3.6826592500227e+25 0 0)
(-3.68452808176896e+25 0 0)
(-3.68621605986651e+25 0 0)
(-3.6878026233616e+25 0 0)
(-3.68932342423912e+25 0 0)
(-3.69077925484452e+25 0 0)
(-3.69211944707849e+25 0 0)
(-3.69321094728994e+25 0 0)
(-3.6940327545934e+25 0 0)
(-3.69493827057798e+25 0 0)
(-3.69640288930664e+25 0 0)
(-3.69842821700299e+25 0 0)
(-3.70042029661359e+25 0 0)
(-3.70192452232644e+25 0 0)
(-3.70308499032312e+25 0 0)
(-3.70415225135997e+25 0 0)
(-3.70518533088642e+25 0 0)
(-3.70617052194356e+25 0 0)
(-3.70705182570091e+25 0 0)
(-3.70784634906475e+25 0 0)
(-3.70871532747195e+25 0 0)
(-3.7097136398296e+25 0 0)
(-3.71070379385158e+25 0 0)
(-3.7116137597897e+25 0 0)
(-3.71246453930292e+25 0 0)
(-3.71326767620329e+25 0 0)
(-3.71401337163486e+25 0 0)
(-3.71468281848715e+25 0 0)
(-3.71533930805957e+25 0 0)
(-3.71621182708923e+25 0 0)
(-3.71727551161396e+25 0 0)
(-3.71816438626505e+25 0 0)
(-3.71882159775451e+25 0 0)
(-3.71942132326629e+25 0 0)
(-3.72000804118711e+25 0 0)
(-3.72058268627633e+25 0 0)
(-3.72114180411054e+25 0 0)
(-3.72168376777313e+25 0 0)
(-3.72221066707448e+25 0 0)
(-3.72273821677854e+25 0 0)
(-3.72328122699026e+25 0 0)
(-3.72379934806391e+25 0 0)
(-3.72424301369949e+25 0 0)
(-3.72464692974969e+25 0 0)
(-3.72505071270027e+25 0 0)
(-3.72544893407927e+25 0 0)
(-3.72583390352814e+25 0 0)
(-3.72619919049965e+25 0 0)
(-3.72653311073488e+25 0 0)
(-3.72683015208255e+25 0 0)
(-3.7271691922498e+25 0 0)
(-3.72761557513077e+25 0 0)
(-3.72805225853241e+25 0 0)
(-3.72838943944761e+25 0 0)
(-3.72867153754296e+25 0 0)
(-3.72893724217475e+25 0 0)
(-3.72919247462826e+25 0 0)
(-3.72943679921408e+25 0 0)
(-3.72967015484631e+25 0 0)
(-3.72989316365732e+25 0 0)
(-3.73010601386471e+25 0 0)
(-3.73030853837122e+25 0 0)
(-3.73050173429058e+25 0 0)
(-3.73068518281281e+25 0 0)
(-3.73085879191366e+25 0 0)
(-3.73102384273098e+25 0 0)
(-3.73117920169218e+25 0 0)
(-3.73132588855882e+25 0 0)
(-3.73146250659095e+25 0 0)
(-3.73159117458437e+25 0 0)
(-3.73170903205713e+25 0 0)
(-3.73181711351339e+25 0 0)
(-3.73190892668972e+25 0 0)
(-3.73198319461198e+25 0 0)
(-3.73207335155149e+25 0 0)
(-3.73220185780191e+25 0 0)
(-3.73231805086899e+25 0 0)
(-3.73239351413673e+25 0 0)
(-3.73245000701428e+25 0 0)
(-3.73249858190859e+25 0 0)
(-3.73254100425445e+25 0 0)
(-3.73257603848463e+25 0 0)
(-3.73260514482777e+25 0 0)
(-3.73262659135435e+25 0 0)
(-3.73264234676042e+25 0 0)
(-3.7326509515126e+25 0 0)
(-3.73265345255478e+25 0 0)
(-3.73264936766989e+25 0 0)
(-3.73263914363693e+25 0 0)
(-3.73262267622627e+25 0 0)
(-3.73259981541959e+25 0 0)
(-3.7325710175243e+25 0 0)
(-3.73253601422963e+25 0 0)
(-3.7324954191951e+25 0 0)
(-3.7324484689155e+25 0 0)
(-3.73239552092981e+25 0 0)
(-3.73233742527975e+25 0 0)
(-3.73227339985769e+25 0 0)
(-3.73219696700524e+25 0 0)
(-3.73210976534403e+25 0 0)
(-3.73201905401014e+25 0 0)
(-3.73192621190004e+25 0 0)
(-3.73182922281598e+25 0 0)
(-3.73172824506858e+25 0 0)
(-3.73162201960869e+25 0 0)
(-3.73150916991348e+25 0 0)
(-3.73139133772383e+25 0 0)
(-3.73126808726706e+25 0 0)
(-3.73113849894467e+25 0 0)
(-3.73100449911094e+25 0 0)
(-3.73086430883586e+25 0 0)
(-3.73072000972186e+25 0 0)
(-3.73056928990833e+25 0 0)
(-3.73041376796135e+25 0 0)
(-3.73025299150628e+25 0 0)
(-3.73008730330358e+25 0 0)
(-3.72991763916992e+25 0 0)
(-3.72974238449737e+25 0 0)
(-3.72956402953814e+25 0 0)
(-3.7293859931915e+25 0 0)
(-3.72920474084227e+25 0 0)
(-3.72900584403666e+25 0 0)
(-3.72878921367773e+25 0 0)
(-3.72857717164874e+25 0 0)
(-3.72837233608245e+25 0 0)
(-3.7281633862618e+25 0 0)
(-3.72795224002204e+25 0 0)
(-3.72773667795478e+25 0 0)
(-3.72751656322856e+25 0 0)
(-3.7272938974007e+25 0 0)
(-3.72706694011892e+25 0 0)
(-3.72683646755496e+25 0 0)
(-3.72660284758144e+25 0 0)
(-3.72636499625476e+25 0 0)
(-3.72612306807768e+25 0 0)
(-3.72587883820689e+25 0 0)
(-3.72563113873324e+25 0 0)
(-3.72537852182185e+25 0 0)
(-3.7251225647808e+25 0 0)
(-3.72486400732393e+25 0 0)
(-3.72460149141603e+25 0 0)
(-3.72433542764297e+25 0 0)
(-3.72406598514629e+25 0 0)
(-3.72379110911822e+25 0 0)
(-3.72351372379173e+25 0 0)
(-3.7232350081255e+25 0 0)
(-3.72295189227728e+25 0 0)
(-3.7226628345709e+25 0 0)
(-3.72236732979891e+25 0 0)
(-3.72206368178311e+25 0 0)
(-3.7217660303476e+25 0 0)
(-3.72147128604698e+25 0 0)
(-3.72116895853654e+25 0 0)
(-3.72086184097101e+25 0 0)
(-3.7205480441435e+25 0 0)
(-3.72023165790938e+25 0 0)
(-3.71991099942401e+25 0 0)
(-3.71958555382987e+25 0 0)
(-3.71925877686445e+25 0 0)
(-3.71892877510676e+25 0 0)
(-3.71859290729771e+25 0 0)
(-3.7182537350656e+25 0 0)
(-3.71791119706987e+25 0 0)
(-3.71756426366343e+25 0 0)
(-3.71721503857339e+25 0 0)
(-3.71686204146575e+25 0 0)
(-3.7165033384644e+25 0 0)
(-3.71614169829327e+25 0 0)
(-3.71577733635459e+25 0 0)
(-3.71540760653858e+25 0 0)
(-3.71503510401614e+25 0 0)
(-3.71465784350547e+25 0 0)
(-3.71427638062034e+25 0 0)
(-3.71389215807759e+25 0 0)
(-3.7135039536656e+25 0 0)
(-3.71310962940276e+25 0 0)
(-3.71271354047428e+25 0 0)
(-3.71231315199315e+25 0 0)
(-3.71190660491065e+25 0 0)
(-3.71148734046571e+25 0 0)
(-3.71105722387409e+25 0 0)
(-3.710633252606e+25 0 0)
(-3.71021688243952e+25 0 0)
(-3.70979507833447e+25 0 0)
(-3.70936677474679e+25 0 0)
(-3.70893222427164e+25 0 0)
(-3.70849318674695e+25 0 0)
(-3.70804795955097e+25 0 0)
(-3.7075975807075e+25 0 0)
(-3.70714544423132e+25 0 0)
(-3.70668692584662e+25 0 0)
(-3.7062233359906e+25 0 0)
(-3.70575591180897e+25 0 0)
(-3.70528246793107e+25 0 0)
(-3.70480512647833e+25 0 0)
(-3.70432319535962e+25 0 0)
(-3.70383562365165e+25 0 0)
(-3.70334448781523e+25 0 0)
(-3.70284769296877e+25 0 0)
(-3.70234617260671e+25 0 0)
(-3.70184154653171e+25 0 0)
(-3.70133008538576e+25 0 0)
(-3.70080858433356e+25 0 0)
(-3.7002811900397e+25 0 0)
(-3.69975426673261e+25 0 0)
(-3.699229406234e+25 0 0)
(-3.69869993304819e+25 0 0)
(-3.69816381720656e+25 0 0)
(-3.6976232485128e+25 0 0)
(-3.69707714128586e+25 0 0)
(-3.69652502769227e+25 0 0)
(-3.69596795948092e+25 0 0)
(-3.69540421349863e+25 0 0)
(-3.69483505536956e+25 0 0)
(-3.69426016657955e+25 0 0)
(-3.6936783778012e+25 0 0)
(-3.69309138435237e+25 0 0)
(-3.69249738441726e+25 0 0)
(-3.69189747958103e+25 0 0)
(-3.69129104644561e+25 0 0)
(-3.69067844429765e+25 0 0)
(-3.69005928730762e+25 0 0)
(-3.68943347265005e+25 0 0)
(-3.68880051005931e+25 0 0)
(-3.68816098670999e+25 0 0)
(-3.68752537168543e+25 0 0)
(-3.68691183337071e+25 0 0)
(-3.68629614444377e+25 0 0)
(-3.68563183217051e+25 0 0)
(-3.68493796517132e+25 0 0)
(-3.68424574539469e+25 0 0)
(-3.68355219856976e+25 0 0)
(-3.68285237444967e+25 0 0)
(-3.68214532959467e+25 0 0)
(-3.68143063600361e+25 0 0)
(-3.68070766929831e+25 0 0)
(-3.67997535986601e+25 0 0)
(-3.67923326702131e+25 0 0)
(-3.67848219033518e+25 0 0)
(-3.67772070041187e+25 0 0)
(-3.67694857802671e+25 0 0)
(-3.67616414313903e+25 0 0)
(-3.67536751688091e+25 0 0)
(-3.67455775793868e+25 0 0)
(-3.67373633799127e+25 0 0)
(-3.67290160980958e+25 0 0)
(-3.67205435118931e+25 0 0)
(-3.67119247580661e+25 0 0)
(-3.67032177535855e+25 0 0)
(-3.66947587086277e+25 0 0)
(-3.66869551983371e+25 0 0)
(-3.66790047369521e+25 0 0)
(-3.66698167965317e+25 0 0)
(-3.66599613400992e+25 0 0)
(-3.66501865269921e+25 0 0)
(-3.66404046712201e+25 0 0)
(-3.66305107823226e+25 0 0)
(-3.66204414591855e+25 0 0)
(-3.66100935302006e+25 0 0)
(-3.65994136081093e+25 0 0)
(-3.65888094716315e+25 0 0)
(-3.65786398118251e+25 0 0)
(-3.65683197913746e+25 0 0)
(-3.65574184738222e+25 0 0)
(-3.65461404876679e+25 0 0)
(-3.65345998632094e+25 0 0)
(-3.65228215522947e+25 0 0)
(-3.65107926818522e+25 0 0)
(-3.64984912472055e+25 0 0)
(-3.64859036377923e+25 0 0)
(-3.6473453502722e+25 0 0)
(-3.64627457353462e+25 0 0)
(-3.64532734939208e+25 0 0)
(-3.64416244937998e+25 0 0)
(-3.64275312743018e+25 0 0)
(-3.64130515007016e+25 0 0)
(-3.63987788200758e+25 0 0)
(-3.63845314465831e+25 0 0)
(-3.63702496493534e+25 0 0)
(-3.63560337559143e+25 0 0)
(-3.63420412385133e+25 0 0)
(-3.6327478853291e+25 0 0)
(-3.63108815582903e+25 0 0)
(-3.62928480185473e+25 0 0)
(-3.62751047705543e+25 0 0)
(-3.62578156695973e+25 0 0)
(-3.62403957224537e+25 0 0)
(-3.62227065162839e+25 0 0)
(-3.62052565195608e+25 0 0)
(-3.61903492880871e+25 0 0)
(-3.61794104347587e+25 0 0)
(-3.61681964051731e+25 0 0)
(-3.61508137672668e+25 0 0)
(-3.61268451752832e+25 0 0)
(-3.61010306457753e+25 0 0)
(-3.60771569678427e+25 0 0)
(-3.60549286936503e+25 0 0)
(-3.60328719488281e+25 0 0)
(-3.60104878688959e+25 0 0)
(-3.59877875427516e+25 0 0)
(-3.59650706426748e+25 0 0)
(-3.59430867666316e+25 0 0)
(-3.59227164340587e+25 0 0)
(-3.58999011766465e+25 0 0)
(-3.58700348873896e+25 0 0)
(-3.58421317859977e+25 0 0)
(-3.58223602238032e+25 0 0)
(-3.58000379471665e+25 0 0)
(-3.5770160033406e+25 0 0)
(-3.57381703349063e+25 0 0)
(-3.57071168188276e+25 0 0)
(-3.56774782030501e+25 0 0)
(-3.5650203127639e+25 0 0)
(-3.56236517235333e+25 0 0)
(-3.55881131699489e+25 0 0)
(-3.55403910462046e+25 0 0)
(-3.54918464047233e+25 0 0)
(-3.54486955501178e+25 0 0)
(-3.54134211673533e+25 0 0)
(-3.53908750305369e+25 0 0)
(-3.53704403632386e+25 0 0)
(-3.53380416827246e+25 0 0)
(-3.53007104111034e+25 0 0)
(-3.52593405325137e+25 0 0)
(-3.52009245331399e+25 0 0)
(-3.51315026489808e+25 0 0)
(-3.50653261336584e+25 0 0)
(-3.50034279525072e+25 0 0)
(-3.49430181355861e+25 0 0)
(-3.48903381359534e+25 0 0)
(-3.48622000194986e+25 0 0)
(-3.48516345727817e+25 0 0)
(-3.48106464763829e+25 0 0)
(-3.47201847905462e+25 0 0)
(-3.4614795123057e+25 0 0)
(-3.45176800610305e+25 0 0)
(-3.44260868246566e+25 0 0)
(-3.43368257062932e+25 0 0)
(-3.42577173580233e+25 0 0)
(-3.42145908106426e+25 0 0)
(-3.41771957958986e+25 0 0)
(-3.40764457442878e+25 0 0)
(-3.39319070495238e+25 0 0)
(-3.37881957683629e+25 0 0)
(-3.36499393144999e+25 0 0)
(-3.35252888600778e+25 0 0)
(-3.34112796367974e+25 0 0)
(-3.32929626872493e+25 0 0)
(-3.31555785188674e+25 0 0)
(-3.29801105160427e+25 0 0)
(-3.27766390732561e+25 0 0)
(-3.25822755822583e+25 0 0)
(-3.23767203798642e+25 0 0)
(-3.21375981632729e+25 0 0)
(-3.19045399861186e+25 0 0)
(-3.1659043258925e+25 0 0)
(-3.13827451838365e+25 0 0)
(-3.10786835357372e+25 0 0)
(-3.07068518387005e+25 0 0)
(-3.03153677668128e+25 0 0)
(-2.99457372688549e+25 0 0)
(-2.95575308647592e+25 0 0)
(-2.90925757593746e+25 0 0)
(-2.85421126628315e+25 0 0)
(-2.79902449980993e+25 0 0)
(-2.74392203264571e+25 0 0)
(-2.68236806901326e+25 0 0)
(-2.61210364658611e+25 0 0)
(-2.53728209569177e+25 0 0)
(-2.4604386219276e+25 0 0)
(-2.37829703944211e+25 0 0)
(-2.28891975879305e+25 0 0)
(-2.19369593127421e+25 0 0)
(-2.09396222927673e+25 0 0)
(-1.98915451370863e+25 0 0)
(-1.87872590635968e+25 0 0)
(-1.76317620009841e+25 0 0)
(-1.64370755302139e+25 0 0)
(-1.52087503513037e+25 0 0)
(-1.39525152240771e+25 0 0)
(-1.26741471514071e+25 0 0)
(-1.13983320182183e+25 0 0)
(-1.01331009111098e+25 0 0)
(-8.89021169678275e+24 0 0)
(-7.687607553631e+24 0 0)
(-6.53461788133156e+24 0 0)
(-5.45124731261609e+24 0 0)
(-4.44868395593457e+24 0 0)
(-3.53016197059611e+24 0 0)
(-2.70626119516405e+24 0 0)
(-1.97547423019274e+24 0 0)
(-1.3402590567988e+24 0 0)
(-7.99450207895804e+23 0 0)
(-3.47844819439385e+23 0 0)
(2.45531155300613e+22 0 0)
(3.23746578402637e+23 0 0)
(5.6005148126698e+23 0 0)
(7.41622852830318e+23 0 0)
(8.78304361267428e+23 0 0)
(9.75650190880059e+23 0 0)
(1.06103600186603e+24 0 0)
)
;

boundaryField
{
    electrode
    {
        type            calculated;
        value           uniform (-3.64770019931642e+23 0 0);
    }
    ground
    {
        type            calculated;
        value           uniform (6.79949638886113e+23 0 0);
    }
    otherfaces
    {
        type            empty;
    }
}


// ************************************************************************* //
