/*--------------------------------*- C++ -*----------------------------------*\
| =========                 |                                                 |
| \\      /  F ield         | foam-extend: Open Source CFD                    |
|  \\    /   O peration     | Version:     4.1                                |
|   \\  /    A nd           | Web:         http://www.foam-extend.org         |
|    \\/     M anipulation  |                                                 |
\*---------------------------------------------------------------------------*/
FoamFile
{
    version     2.0;
    format      ascii;
    class       volScalarField;
    location    "3.00015625474474e-06";
    object      jouleHeatingMean;
}
// * * * * * * * * * * * * * * * * * * * * * * * * * * * * * * * * * * * * * //

dimensions      [1 -1 -3 0 0 0 0];

internalField   nonuniform List<scalar> 
500
(
-1129088718820.24
-1166532405148.25
-1225073769123.31
-1282142064070.79
-1337360733790.59
-1386578692530.56
-1427026958932.71
-1454121214755.76
-1466251412253.13
-1458318125656.27
-1428475466076.92
-1377057769203.33
-1306214830522.41
-1214891836061.5
-1109172222193.9
-989835048545.707
-861788893913.627
-733941178864.859
-608362843733.217
-490864111326.11
-383323363720.524
-285510604877.418
-204089640040.871
-136802160454.741
-81330863264.1131
-35857742836.9524
-1432075408.14301
23577141204.7945
44106118188.7287
63526092562.9942
78694806997.1841
87277530785.4353
95617670191.6213
110401881972.081
124928196930.85
131488959540.501
135154984117.967
146136532161.883
162124355344.867
170379000896.282
172650050383.063
176630650454.183
186221278001.225
195696013992.925
200032755311.216
203218909834.48
204805431193.283
206367924993.863
209414050120.549
210882895399.342
212441618402.87
215209305340.322
216103802312.498
214371495460.979
211753650038.242
209597803268.811
208797618104.883
209353207564.048
210567273904.15
211671518390.602
210073158706.665
205276206124.035
201185193846.266
199342377546.706
198414157895.127
197874791249.375
197793623202.239
198137182941.64
197706592777.633
195055448084.423
191234222459.671
188415660313.203
186865617846.456
185821578690.661
184974564740.105
184372072695.729
183951905077.202
183228320657.285
181958475081.546
180506872519.07
178878127688.572
176988831914.364
175347380767.904
174221137832.704
173419126937.291
172820551419.164
172242599942.837
171392440366.737
170304982656.838
169245556485.872
168315539877.713
167489956197.011
166721073104.442
165887214231.695
164900929136.428
163948795152.145
163240190924.164
162614392175.416
161864745699.178
161065446705.276
160319244067.855
159623772229.745
158960328469.929
158318960814.891
157698973440.489
157110953305.067
156578682379.129
156107385816.238
155621850775.794
155011029190.852
154294882485.467
153613456442.56
153031971353.182
152512612228.369
152016335606.256
151531539651.159
151059627705.917
150607639529.48
150175316140.357
149740265864.028
149287276261.765
148833559698.35
148395149086.57
147971954164.405
147562614961.749
147168048360.822
146786477290.403
146398917259.132
145985526338.503
145567835839.25
145180209376.553
144821003602.137
144473599868.696
144131491819.689
143794091075.301
143461813077.823
143134859190.463
142812924343.59
142494670587.176
142178073663.125
141866341642.414
141565613961.871
141274125222.741
140987014014.8
140703471468.945
140424407590.97
140150996599.458
139884194484.908
139621979200.924
139355866552.292
139085184939.863
138822681540.657
138572303492.91
138328607066.123
138089060227.257
137853257656.772
137621246967.814
137393057001.782
137168672615.68
136948056923.168
136731167348.381
136517959689.887
136308388084.901
136102407268.765
135899974350.987
135701046453.797
135505580458.497
135313537154.059
135124897237.506
134939713167.667
134758182639.399
134580480553.957
134405667733.421
134231629698.188
134058970532.534
133890742159.153
133727264040.296
133567125933.823
133409838832.387
133255345701.008
133103652165.348
132954746171.203
132808601265.203
132665187553.012
132524474614.812
132386432321.248
132251032142.326
132118246031.208
131988044860.881
131860399156.018
131735279867.752
131612659488.252
131492512185.39
131374811567.208
131259530216.182
131146637755.223
131036075898.513
130928091249.712
130822844875.3
130719862147.832
130618904211.997
130520133814.137
130423608060.792
130329321308.896
130237256858.25
130147400782.246
130059741158.645
129974265926.804
129890962957.347
129809820319.796
129730826136.297
129653968395.474
129579234960.031
129506613621.462
129436091371.146
129367650596.73
129301257722.72
129236854531.111
129174426536.208
129114220637.894
129056362779.823
129000488254.91
128946392797.173
128894214285.685
128844041961.52
128795880359.477
128749714632.888
128705531707.487
128663321410.403
128623075251.912
128584785616.83
128548445685.238
128514049195.425
128481590532.639
128451064557.969
128422466475.5
128395791923.819
128371036775.569
128348197238.344
128327269740.202
128308250936.065
128291137660.808
128275926886.226
128262615668.637
128251201385.015
128241683476.485
128234069307.905
128228391178.053
128224751224.382
128222868948.369
128222868371.482
128224749641.51
128228388576.325
128234065598.708
128241678697.461
128251195543.229
128262608759.275
128275918917.187
128291128624.609
128308240830.693
128327258565.968
128348184995.277
128371023461.268
128395777538.802
128422451018.951
128451048034.357
128481572926.311
128514030512.967
128548425921.587
128584764773.039
128623053329.245
128663298399.672
128705507600.916
128749689434.215
128795854074.492
128844014580.703
128894185786.936
128946363191.85
129000457538.466
129056330942.358
129114187679.246
129174392436.721
129236819285.58
129301221370.673
129367613117.575
129436052738.255
129506573876.045
129579194062.259
129653926298.408
129730782887.06
129809775914.396
129890917341.19
129974219114.086
130059693155.945
130147351573.036
130237206452.753
130329269719.223
130423555267.8
130520079832.425
130618849031.985
130719805732.5
130822787227.8
130928032374.719
131036015799.733
131146576408.17
131259467589.137
131374747654.006
131492447016.07
131612593059.004
131735212133.223
131860330092.61
131987974475.433
132118174344.132
132250959167.737
132386358025.98
132524398947.619
132665110499.658
132808522844.063
132954666399.02
133103571055.311
133255263238.746
133409754950.287
133567040605.889
133727177282.652
133890653985.006
134058880957.398
134231538690.704
134405575277.916
134580386638.68
134758087236.599
134939616253.296
135124798828.87
135313437244.544
135505479051.761
135700943555.285
135899869975.378
136102301409.804
136308280652.62
136517850661.454
136731056735.024
136947944709.579
137168558786.462
137392941567.871
137621129919.632
137853138988.304
138088939943.912
138328485146.507
138572179873.39
138822556208.031
139085057846.22
139355737574.426
139621848351.948
139884061844.13
140150862195.847
140424271402.659
140703333494.465
140986874243.569
141273983608.315
141565470450.381
141866196193.925
142177926184.238
142494521061.299
142812772777.034
143134705542.863
143461657322.04
143793933139.268
144131331687.163
144473437568.338
144820839133.321
145180042715.717
145567666825.698
145985354606.835
146398742715.111
146786300118.919
147167868638.012
147562432657.441
147971769232.448
148394961475.181
148833369290.557
149287082895.261
149740069522.606
150175116951.528
150607437474.168
151059422611.322
151531331391.291
152016124052.73
152512397384.671
153031753265.895
153613235047.349
154294656980.424
155010798695.071
155621615633.168
156107146907.302
156578439925.227
157110707033.109
157698723071.324
158318706149.538
158960069268.289
159623508358.501
160318975383.423
161065172873.389
161864466055.71
162614106678.474
163239900611.255
163948500064.765
164900627473.295
165886905050.67
166720756976.81
167489633549.166
168315210680.286
169245220331.322
170304638652.218
171392087479.46
172242238368.353
172820182047.872
173418749888.669
174220753033.35
175346988210.919
176988429462.282
178877711817.234
180506443351.286
181958033126.242
183227864882.044
183951436618.963
184371592835.486
184974072571.364
185821072923.422
186865098083.463
188415127676.656
191233674524.864
195054876194.156
197705993736.406
198136562272.875
197792984412.954
197874132963.708
198413477894.848
199341674788.224
201184469485.924
205275455017.859
210072369482.909
211670690475.422
210566412973.647
209352314227.802
208796690532.431
209596839967.225
211752648220.536
214370448001.83
216102701832.366
215208150379.552
212440410989.258
210881635555.824
209412732626.864
206366547361.977
204803991200.607
203217396039.017
200031165398.376
195694346008.269
186219530739.465
176628831321.771
172648145643.258
170376999183.355
162122258382.653
146134347410.402
135152716155.061
131486596879.775
124925732860.888
110399327156.107
95615041278.3876
87274825666.5282
78692024566.1956
63523252666.8283
44103243748.6802
23574243629.0603
-1434979639.49557
-35860621354.2473
-81333684294.7378
-136804896597.875
-204092260629.201
-285513072588.128
-383325643032.74
-490866173183.298
-608364663154.992
-733942736208.818
-861790179329.65
-989836061471.047
-1109172967853.13
-1214892329341.2
-1306215092646.02
-1377057826713.33
-1428475348407.53
-1458317870417.61
-1466251056250.31
-1454120785845.15
-1427026481323.26
-1386578190029.88
-1337360223812.84
-1282141558772.51
-1225073277646.22
-1166531921908.96
-1129088239614.33
)
;

boundaryField
{
    electrode
    {
        type            calculated;
        value           uniform -683172039047.034;
    }
    ground
    {
        type            calculated;
        value           uniform -683171884785.129;
    }
    otherfaces
    {
        type            empty;
    }
}


// ************************************************************************* //
