/*--------------------------------*- C++ -*----------------------------------*\
| =========                 |                                                 |
| \\      /  F ield         | foam-extend: Open Source CFD                    |
|  \\    /   O peration     | Version:     4.1                                |
|   \\  /    A nd           | Web:         http://www.foam-extend.org         |
|    \\/     M anipulation  |                                                 |
\*---------------------------------------------------------------------------*/
FoamFile
{
    version     2.0;
    format      ascii;
    class       volScalarField;
    location    "9.0062500225431e-06";
    object      Ar2p;
}
// * * * * * * * * * * * * * * * * * * * * * * * * * * * * * * * * * * * * * //

dimensions      [0 -3 0 0 0 0 0];

internalField   nonuniform List<scalar> 
500
(
2.78067358595918e+15
2.79119789048926e+15
2.79379252530678e+15
2.79834689130834e+15
2.80182118838157e+15
2.80746784701907e+15
2.81231721600323e+15
2.81925639715923e+15
2.82481113485187e+15
2.83125961971149e+15
2.83618045205627e+15
2.8411395714915e+15
2.84519242034066e+15
2.84975707749426e+15
2.85472464801799e+15
2.86069508473006e+15
2.86699018584228e+15
2.87384682932871e+15
2.88073045710076e+15
2.88760971509347e+15
2.89371024657545e+15
2.89932073002142e+15
2.90456662988885e+15
2.91000295333806e+15
2.91609817760996e+15
2.92299508728365e+15
2.93033708170038e+15
2.93790287946269e+15
2.94533498229746e+15
2.95238473062414e+15
2.95889830046058e+15
2.96516672265304e+15
2.9713343991439e+15
2.97773879025152e+15
2.98475678869399e+15
2.99223861700724e+15
3.00005016733716e+15
3.00816572718814e+15
3.01629916990848e+15
3.02409849662997e+15
3.03151401584784e+15
3.03883927090441e+15
3.04631228304384e+15
3.05414361690244e+15
3.0623081751621e+15
3.07073955553444e+15
3.07953652249174e+15
3.088524589258e+15
3.09736834554274e+15
3.10600990102625e+15
3.11460353352496e+15
3.12328082913019e+15
3.13213819302218e+15
3.14113829239225e+15
3.15030409753902e+15
3.15976144233833e+15
3.16944132706694e+15
3.1791791725384e+15
3.18896957806482e+15
3.19879900169854e+15
3.20863606791065e+15
3.2185211018864e+15
3.2284071622081e+15
3.23831309867491e+15
3.24843045579446e+15
3.25891901146847e+15
3.26971864156076e+15
3.28066639057801e+15
3.29162029360451e+15
3.30238480601273e+15
3.31295010908674e+15
3.3235686399e+15
3.33448403693301e+15
3.34580368835466e+15
3.35746498682225e+15
3.36921578093934e+15
3.38062616063159e+15
3.39149083877378e+15
3.40226230832052e+15
3.41355062645969e+15
3.42512336680808e+15
3.4366858301396e+15
3.44837572735889e+15
3.46013783997128e+15
3.47199377203312e+15
3.48408816047842e+15
3.49641079113711e+15
3.50886910410069e+15
3.52145484973051e+15
3.53419186666761e+15
3.54709043393626e+15
3.56015038055681e+15
3.57339954765915e+15
3.58688389728476e+15
3.60056621253023e+15
3.61439287138939e+15
3.62838438007435e+15
3.64257261401853e+15
3.65697203747365e+15
3.67154917400762e+15
3.68625211348635e+15
3.70105871083914e+15
3.71597755503226e+15
3.73114990951475e+15
3.74680292352176e+15
3.76290292994038e+15
3.77889398051462e+15
3.79404551021062e+15
3.80855530289553e+15
3.82361460475209e+15
3.83928036710503e+15
3.85509318639614e+15
3.87121801628006e+15
3.88764550293495e+15
3.9043679881015e+15
3.92139025859051e+15
3.93871950394325e+15
3.95637154890421e+15
3.97438494360096e+15
3.99277628764004e+15
4.01148536010558e+15
4.03043499934728e+15
4.04961545520409e+15
4.06914430400371e+15
4.08923982801949e+15
4.10992494125257e+15
4.13059320419507e+15
4.15025798977557e+15
4.16904349076029e+15
4.18851125190146e+15
4.20884490031719e+15
4.22957687053727e+15
4.25092780081542e+15
4.27282702689944e+15
4.2952507177689e+15
4.31815527367388e+15
4.34154059732218e+15
4.36552588162254e+15
4.39029907049176e+15
4.41572840142299e+15
4.44089768098642e+15
4.46478087958099e+15
4.48807752673083e+15
4.51230004904439e+15
4.5375391511558e+15
4.56348143664676e+15
4.59018563573407e+15
4.61770440874815e+15
4.64619587396001e+15
4.67557252637411e+15
4.70492069167247e+15
4.73290578636973e+15
4.75986263160016e+15
4.78757863761111e+15
4.81655900832168e+15
4.84655007141419e+15
4.87771559889745e+15
4.90992602619034e+15
4.94216955380147e+15
4.97292946029481e+15
5.00244338464681e+15
5.03258603047887e+15
5.06414379112919e+15
5.096992641406e+15
5.13080414283287e+15
5.16427124200446e+15
5.19590506927104e+15
5.22657414009837e+15
5.25815783329054e+15
5.29112418848055e+15
5.32507155232859e+15
5.3586975394938e+15
5.39052569222396e+15
5.42131075935784e+15
5.45285922299803e+15
5.48558394574097e+15
5.51872578002384e+15
5.55095042907226e+15
5.5815824672587e+15
5.61168381566018e+15
5.64245987929457e+15
5.67367883902816e+15
5.70411140047006e+15
5.7327715397535e+15
5.76056291420531e+15
5.78881789316275e+15
5.81745480110606e+15
5.84542928551604e+15
5.87233671120864e+15
5.89858496702302e+15
5.92454843731519e+15
5.95027050979908e+15
5.9750134726755e+15
5.99829489775843e+15
6.02075549631695e+15
6.0433606108879e+15
6.06630639183846e+15
6.08821300513959e+15
6.1083545404839e+15
6.12766252355455e+15
6.14670263122761e+15
6.16552007803218e+15
6.18373914651188e+15
6.20082017537719e+15
6.21700471870654e+15
6.23281083460108e+15
6.2480568359019e+15
6.26245765304906e+15
6.27613852235261e+15
6.28939963270878e+15
6.30219990143995e+15
6.31452484851123e+15
6.32652382999124e+15
6.33819420543449e+15
6.3496144891399e+15
6.36087246639785e+15
6.37187331444724e+15
6.38246396984103e+15
6.39262191697995e+15
6.40245111008986e+15
6.41202535586227e+15
6.42130444692156e+15
6.43018666811768e+15
6.43862562174001e+15
6.44668255949607e+15
6.45448015595912e+15
6.46215677296166e+15
6.46984498736745e+15
6.47754127751177e+15
6.48508207539572e+15
6.49231853859048e+15
6.49920412407751e+15
6.50575553443484e+15
6.51199700485726e+15
6.51794249540199e+15
6.52359342578339e+15
6.52894246770449e+15
6.53397689799278e+15
6.53868114277583e+15
6.54304060032144e+15
6.54704632727153e+15
6.55069713141083e+15
6.55399733757911e+15
6.5569529924116e+15
6.55957226326471e+15
6.56188196479274e+15
6.56396611473472e+15
6.56588374959637e+15
6.56753403955816e+15
6.5687740009814e+15
6.56957445748561e+15
6.56999147481094e+15
6.57008270093108e+15
6.56988365785515e+15
6.56937173411594e+15
6.56852161811068e+15
6.56732360222997e+15
6.56578671231382e+15
6.56391314417669e+15
6.56167616627376e+15
6.55895208137137e+15
6.5555346596783e+15
6.55165025945831e+15
6.54768556601971e+15
6.54356803339508e+15
6.53916443624122e+15
6.53446540062206e+15
6.52947178808802e+15
6.52417923863655e+15
6.51850878623869e+15
6.5118513346535e+15
6.50456069237075e+15
6.49747166081075e+15
6.49038679644116e+15
6.48314497988574e+15
6.47570687652636e+15
6.46804527953026e+15
6.4601346540978e+15
6.45195175718869e+15
6.44331908418035e+15
6.43376429749151e+15
6.42356072001131e+15
6.41329557132152e+15
6.40293108076927e+15
6.39239809214115e+15
6.3816647024268e+15
6.37072247028158e+15
6.35956383657324e+15
6.34805211826718e+15
6.33587798504598e+15
6.32308662870599e+15
6.30988795598452e+15
6.29625359116741e+15
6.28216194974777e+15
6.26760286507002e+15
6.25257097051253e+15
6.237019158547e+15
6.22067712253806e+15
6.20350853859696e+15
6.18576174915158e+15
6.16749984056592e+15
6.14869669492962e+15
6.12927046324195e+15
6.10915460823695e+15
6.08834932028785e+15
6.06678429498949e+15
6.04457284163266e+15
6.02187015492385e+15
5.99856548195251e+15
5.9745821564841e+15
5.94995997200078e+15
5.92480245988242e+15
5.89904036581408e+15
5.87258410844564e+15
5.84561935465092e+15
5.81835310763034e+15
5.79083603434756e+15
5.76296697767834e+15
5.73457012194208e+15
5.70550548118322e+15
5.67575404891671e+15
5.64556963277745e+15
5.61511100305768e+15
5.58427848760669e+15
5.55308178285629e+15
5.52172267739875e+15
5.49034232170799e+15
5.45888188933025e+15
5.42725738495859e+15
5.39532102977975e+15
5.3630374102476e+15
5.3306957432573e+15
5.29864701596642e+15
5.26681007371717e+15
5.2348752532841e+15
5.20266304907575e+15
5.17014396843529e+15
5.13759799465448e+15
5.10544809204153e+15
5.07389102073275e+15
5.04267893519496e+15
5.01150780224355e+15
4.98017578233648e+15
4.94863665605873e+15
4.9171884955487e+15
4.88621431411431e+15
4.8557823811192e+15
4.82591625254566e+15
4.79670104001964e+15
4.76784796317883e+15
4.73895029107477e+15
4.70990465455576e+15
4.68091031225016e+15
4.65207151359973e+15
4.62360816980848e+15
4.59583391709678e+15
4.56881274397405e+15
4.54256573548199e+15
4.51704471335938e+15
4.49197468363669e+15
4.46676116648116e+15
4.44114402491036e+15
4.41545070737485e+15
4.39002787944519e+15
4.36508212583602e+15
4.34069176717271e+15
4.31686156991007e+15
4.29357736857948e+15
4.27066498075438e+15
4.24805606303565e+15
4.22592013366414e+15
4.20436091237629e+15
4.18336271228204e+15
4.16269132062072e+15
4.14200495921078e+15
4.12115907037383e+15
4.10028961722588e+15
4.07958852925948e+15
4.05904208167762e+15
4.03870516310917e+15
4.01870689472938e+15
3.99903519161907e+15
3.9796877015876e+15
3.9606759211041e+15
3.94201338674746e+15
3.92370426039835e+15
3.90574225330188e+15
3.88811861132638e+15
3.87082716271999e+15
3.85385573049588e+15
3.83706716148758e+15
3.82045726323288e+15
3.80419397799284e+15
3.7881995183976e+15
3.77219618490552e+15
3.75599620250333e+15
3.73966239003093e+15
3.7234056842533e+15
3.70739252971747e+15
3.69166043867654e+15
3.67615751567517e+15
3.66082491615485e+15
3.64564341086063e+15
3.63062947277485e+15
3.61580973913543e+15
3.60119930416126e+15
3.58678596011212e+15
3.57247698883344e+15
3.55825632546583e+15
3.54420004319056e+15
3.53032382236383e+15
3.51662482736678e+15
3.50310559012932e+15
3.48972974797483e+15
3.4764374118908e+15
3.46328077757582e+15
3.45037667634728e+15
3.43775585253493e+15
3.42536185332471e+15
3.41315161314269e+15
3.40108296929035e+15
3.38911198627423e+15
3.37731910766705e+15
3.36581801917441e+15
3.35452359983891e+15
3.34317163766108e+15
3.33161240295751e+15
3.31975791917102e+15
3.30769550074971e+15
3.29582896660726e+15
3.28444021584851e+15
3.27349075323479e+15
3.26272146237005e+15
3.25192692917251e+15
3.24105432371351e+15
3.23009521984454e+15
3.21921125435837e+15
3.20847079226797e+15
3.19771771557186e+15
3.18702868074684e+15
3.17664158399763e+15
3.16662405543175e+15
3.15687294235061e+15
3.14726954008474e+15
3.13768977657834e+15
3.12810526685294e+15
3.11856944467868e+15
3.10889895976308e+15
3.0990704417126e+15
3.0894791503489e+15
3.080392432958e+15
3.07177404361894e+15
3.06349020931866e+15
3.05528032061805e+15
3.04705079460149e+15
3.03872459494456e+15
3.02997622742862e+15
3.02094617090393e+15
3.01220609223847e+15
3.00409576933145e+15
2.99660492430329e+15
2.98961133528871e+15
2.98275143348047e+15
2.97589611964195e+15
2.96880567139326e+15
2.96100326843955e+15
2.95278829895888e+15
2.94483227508626e+15
2.93760203048167e+15
2.93111008937374e+15
2.92521582295689e+15
2.9195265353019e+15
2.91397568266142e+15
2.90831446434801e+15
2.90179541650695e+15
2.89443186118171e+15
2.88692326436119e+15
2.87976085000918e+15
2.87332493280346e+15
2.86756575603084e+15
2.86256973708275e+15
2.85781662569157e+15
2.85319205070888e+15
2.84825071635404e+15
2.84239675221247e+15
2.83556247428575e+15
2.82887143864139e+15
2.8223904317997e+15
2.81695588368814e+15
2.811926454597e+15
2.80807578046211e+15
2.80425795464416e+15
2.80082591300908e+15
2.79661457891621e+15
2.79255816911213e+15
2.78702163806575e+15
2.78153329543196e+15
2.77421202106447e+15
2.77064226802961e+15
2.75907925870924e+15
)
;

boundaryField
{
    electrode
    {
        type            zeroGradient;
    }
    ground
    {
        type            zeroGradient;
    }
    otherfaces
    {
        type            empty;
    }
}


// ************************************************************************* //
