/*--------------------------------*- C++ -*----------------------------------*\
| =========                 |                                                 |
| \\      /  F ield         | foam-extend: Open Source CFD                    |
|  \\    /   O peration     | Version:     4.1                                |
|   \\  /    A nd           | Web:         http://www.foam-extend.org         |
|    \\/     M anipulation  |                                                 |
\*---------------------------------------------------------------------------*/
FoamFile
{
    version     2.0;
    format      ascii;
    class       volScalarField;
    location    "9.0062500225431e-06";
    object      jouleHeatingMean;
}
// * * * * * * * * * * * * * * * * * * * * * * * * * * * * * * * * * * * * * //

dimensions      [1 -1 -3 0 0 0 0];

internalField   nonuniform List<scalar> 
500
(
-65439879562.0833
-64336873091.6344
-63256463629.0018
-62170840693.4874
-61088712974.6384
-60009784091.3432
-58935773277.7775
-57867125176.5089
-56804654414.7062
-55748268475.8247
-54700097378.8351
-53658476555.0537
-52625339682.0845
-51599567051.4163
-50583232924.3098
-49575919782.5913
-48579217633.9145
-47595169879.4393
-46624335096.7971
-45666280679.4955
-44721249707.8036
-43788426963.5237
-42868126579.5229
-41960143892.2777
-41065577494.0171
-40184819275.1667
-39319837012.6766
-38472923518.4272
-37642847937.3719
-36827842086.5137
-36027640612.4447
-35241901185.2856
-34470043940.173
-33711340777.0507
-32966039255.5827
-32236293435.2445
-31524530409.0513
-30829577893.1744
-30149823417.0843
-29484307758.5528
-28831274743.9148
-28189885952.8856
-27559532237.4476
-26940142612.9762
-26334353711.2165
-25743703721.2854
-25166114001.5636
-24600405236.4441
-24045813763.073
-23500681783.6281
-22964049989.7999
-22434899100.0225
-21913649016.2739
-21402838188.2057
-20902402716.7593
-20410188256.6577
-19925705533.6053
-19448698639.8822
-18978131233.5605
-18513051357.9069
-18052362251.7684
-17595710522.0507
-17144879498.1358
-16700365346.8761
-16259869368.7535
-15822884791.0397
-15390481821.5494
-14962641150.6386
-14538664675.1446
-14116775636.7057
-13694814835.8065
-13271634490.9529
-12849263267.6988
-12431146096.7837
-12017949407.4222
-11608774475.9684
-11202139536.9677
-10794275997.6921
-10382806877.2442
-9970475389.83897
-9560096122.2648
-9150464888.39507
-8740671641.54198
-8330675923.2273
-7919724923.25225
-7507975049.07247
-7096865594.29994
-6686955141.80831
-6277218919.89839
-5867092294.38336
-5456645866.06021
-5045915947.10602
-4634908777.2805
-4223770866.65698
-3812337151.20247
-3400871352.42813
-2989155802.82792
-2577469515.69572
-2166319818.19253
-1756176194.03127
-1347103975.95633
-938658521.66169
-530272280.603017
-122122826.274519
283651543.422498
683606549.253152
1075553981.62019
1462386752.58276
1851428580.31791
2241889317.71362
2625896647.91211
3002510719.89095
3372955067.83693
3735880496.69719
4090876205.56279
4437560239.75149
4775599899.30365
5104619817.86981
5424337478.38143
5734502280.54049
6035224134.13229
6327094793.99961
6611142387.62183
6888406785.57333
7158925369.78222
7421197284.97036
7672368776.65407
7917405277.76173
8173686097.81329
8447397709.07902
8728612131.24193
9019240627.48126
9326993143.09027
9655744064.23753
10010903182.9454
10398050506.8148
10822887353.622
11290958314.1648
11807002151.9512
12372110295.4374
12981203772.763
13643927246.7309
14388491372.1281
15216218618.5474
16107460782.9271
17057214231.706
18063973919.5515
19122065631.3942
20226089508.9547
21367117536.2815
22520101585.368
23672007316.0136
24852315374.2475
26064143092.2858
27264949871.0671
28430505454.2058
29554482559.5337
30628003471.2633
31619383875.1113
32511998577.5341
33354514099.7117
34165071732.6642
34903561704.1782
35555626358.9239
36125122614.7057
36579825953.2571
36927516673.3138
37247379899.8945
37548403226.5517
37796318349.2725
37989700187.2286
38100819622.9832
38141200965.2236
38191837608.0511
38264533544.1588
38326888939.9506
38356760456.5503
38331357897.2536
38292224670.203
38290839553.1432
38311328042.5146
38322123083.5541
38300199745.4163
38269705301.5567
38280861532.502
38325064066.0586
38368962866.2774
38389826206.0446
38401918660.537
38438698550.6901
38493619079.9437
38542535825.4254
38574082853.2091
38607196625.1908
38664068207.9895
38734908989.9209
38796199996.1288
38840207545.0412
38886623245.4299
38948101365.4109
39016817894.7949
39079183455.5844
39132040152.4537
39188304556.992
39251908239.5116
39316523637.058
39375335086.6286
39428823591.7086
39485389052.944
39545608088.8868
39605267432.6506
39660605313.9222
39711864461.1186
39763221428.7257
39813817872.2751
39861111925.1387
39903004815.3426
39939246987.0838
39971998617.2768
40000209757.9231
40023010580.4614
40040817263.5759
40053798935.627
40063718053.0087
40070683783.4839
40072958331.9159
40070421075.8487
40064008847.9687
40052634316.792
40034031137.8034
40009959377.5169
39984506649.9355
39958817205.9306
39932396310.889
39905264867.8572
39877673257.5735
39849844317.8392
39821728132.3086
39792708885.5505
39762827901.5509
39733729174.7409
39706790427.3276
39682235410.5619
39660021791.4524
39640155234.1838
39622676157.8538
39607911432.1495
39596619272.573
39589268991.2354
39585544773.1806
39585555050.9613
39589299825.9253
39596670617.4875
39607983259.7636
39622768623.2912
39640268546.2364
39660156097.9764
39682390831.3585
39706967072.126
39733927184.6329
39763047474.3081
39792950210.2043
39821991340.2444
39850129533.4303
39877980647.1866
39905594619.6016
39932748680.1332
39959192478.1682
39984905049.3334
40010381283.2513
40034477049.2828
40053104513.8016
40064503489.9032
40070940404.005
40073502652.571
40071253509.8847
40064313554.9932
40054420613.6518
40041465626.2468
40023686061.6921
40000912881.5934
39972729823.143
39940006658.8294
39903793484.8411
39861929969.9707
39814665771.2676
39764099844.1177
39712773861.0735
39661546265.0347
39606240670.9806
39546614104.3163
39486428512.0926
39429897242.2044
39376443552.1948
39317667988.3996
39253089257.307
39189522412.7438
39133295642.4602
39080477523.1105
39018150711.4549
38949473600.5025
38888036173.8713
38841661713.9035
38797696040.695
38736447696.6896
38665649487.345
38608820451.0946
38575750213.7458
38544248570.9671
38495377993.5069
38440503353.2843
38403769763.1676
38391724468.2207
38370908934.3498
38327057673.8125
38282903074.8239
38271795827.2055
38302340294.3905
38324315502.6513
38313572919.6232
38293136910.4065
38294575247.0976
38333763102.5794
38359222011.619
38329407015.1378
38267108292.9584
38194470248.8421
38143893155.3715
38103573826.4517
37992518453.8448
37799201619.7314
37551352513.9346
37250396007.4818
36930600634.5559
36582980603.5127
36128350554.562
35558928450.5036
34906938298.4325
34168523494.9542
33358041618.441
32515602667.6481
31623065662.2737
30631763137.8834
29558319967.6612
28434419703.0045
27268939509.3247
26068207469.0449
24856452687.0461
23676215967.8088
22524381195.3666
21371466167.2443
20230504357.6855
19126544027.8777
18068512892.844
17061810776.4437
16112111822.1776
15220920916.4025
14393241582.9871
13648722480.0016
12986040937.8482
12376985676.0067
11811912173.4651
11295899252.5019
10827855017.188
10403040842.7947
10015912324.5558
9660768292.88436
9332028572.73955
9024283377.28897
8733658560.79885
8452444251.31988
8178729021.66902
7922441133.36587
7677394798.46776
7426210332.2276
7163921923.31306
6893383733.2814
6616097030.28868
6332024496.77303
6040126151.40752
5739374033.72064
5429176715.14662
5109424722.9278
4780368840.93692
4442291553.13412
4095568298.9368
3740531966.38819
3377564506.95914
3007076915.54192
2630418599.5355
2246366276.86712
1855859981.4497
1466771983.42047
1079892273.73039
687897367.992033
287894550.927479
-117928289.769649
-526126725.493414
-934562137.978482
-1343056808.96411
-1752178482.19938
-2162371974.81069
-2573571778.144
-2985308229.1305
-3397073889.11243
-3808589843.03033
-4220073692.92512
-4631261577.36206
-5042318688.50428
-5453098807.50755
-5863595435.14152
-6273771898.26905
-6683557505.19563
-7093517154.52292
-7504675479.94969
-7916473861.4521
-8327473095.3953
-8737516622.40537
-9147357220.50262
-9557035309.25939
-9967460672.97019
-10379837422.054
-10791351449.2367
-11199259381.0537
-11605937630.4002
-12015155020.2463
-12428393293.9664
-12846550990.8095
-13268961817.7802
-13692180826.15
-14114179298.7278
-14536104744.643
-14960116131.517
-15387990452.5851
-15820426143.6444
-16257442186.2465
-16697968306.9413
-17142511332.3693
-17593369671.2646
-18050047038.583
-18510760305.5109
-18975863249.853
-19446452523.2957
-19923479738.9455
-20407981295.5503
-20900213222.4115
-21400664658.3402
-21911490009.2299
-22432753195.8409
-22961915901.5092
-23498558352.4091
-24043699646.4105
-24598299066.0879
-25164014668.5935
-25741610096.9177
-26332264676.4398
-26938057090.332
-27557449037.102
-28187803965.6593
-28829192989.5208
-29482225309.7158
-30147739486.255
-30827491692.8938
-31522441218.0171
-32234200600.5545
-32963941898.2308
-33709238099.5311
-34467935241.9906
-35239785826.3065
-36025518108.7565
-36825711902.223
-37640709468.948
-38470776363.3483
-39317680844.2426
-40182653570.0152
-41063401727.7497
-41957957607.6699
-42865929338.2832
-43786218380.2101
-44719029419.3194
-45664048377.5862
-46622090427.3395
-47592912568.2186
-48576947328.9217
-49573636022.8656
-50580935267.0363
-51597255128.6066
-52623013107.6586
-53656134949.3221
-54697740374.5426
-55745895694.1812
-56802265456.8785
-57864719600.5236
-58933350655.9033
-60007343982.7161
-61086254899.1519
-62168364113.584
-63253968042.4355
-64334360511.9607
-65437347595.8603
)
;

boundaryField
{
    electrode
    {
        type            calculated;
        value           uniform -64837492998.0955;
    }
    ground
    {
        type            calculated;
        value           uniform -64834925096.2118;
    }
    otherfaces
    {
        type            empty;
    }
}


// ************************************************************************* //
