/*--------------------------------*- C++ -*----------------------------------*\
| =========                 |                                                 |
| \\      /  F ield         | foam-extend: Open Source CFD                    |
|  \\    /   O peration     | Version:     4.1                                |
|   \\  /    A nd           | Web:         http://www.foam-extend.org         |
|    \\/     M anipulation  |                                                 |
\*---------------------------------------------------------------------------*/
FoamFile
{
    version     2.0;
    format      ascii;
    class       volVectorField;
    location    "9.0062500225431e-06";
    object      velocityelectronMean;
}
// * * * * * * * * * * * * * * * * * * * * * * * * * * * * * * * * * * * * * //

dimensions      [0 1 -1 0 0 0 0];

internalField   nonuniform List<vector> 
500
(
(13589779.4946224 0 0)
(13033080.5520781 0 0)
(12705673.5637636 0 0)
(12476721.9276094 0 0)
(12271179.6105658 0 0)
(12070255.6317303 0 0)
(11868489.6537857 0 0)
(11664176.7196292 0 0)
(11457674.082556 0 0)
(11249741.2829884 0 0)
(11040671.5517413 0 0)
(10830536.9051748 0 0)
(10619298.0006018 0 0)
(10406690.4374691 0 0)
(10192518.24229 0 0)
(9976585.33471635 0 0)
(9758633.60288411 0 0)
(9538385.273137 0 0)
(9315516.49235352 0 0)
(9089722.93630765 0 0)
(8860643.01593222 0 0)
(8627876.52943968 0 0)
(8390973.13030647 0 0)
(8149425.2401499 0 0)
(7902665.43108475 0 0)
(7649934.81411785 0 0)
(7390348.45812136 0 0)
(7122748.84615467 0 0)
(6845413.12788028 0 0)
(6555766.05660902 0 0)
(6248120.03353094 0 0)
(5910491.59596453 0 0)
(5570290.32991291 0 0)
(5243287.44498641 0 0)
(4902960.22058784 0 0)
(4536327.88082104 0 0)
(4114517.97016196 0 0)
(3647210.61989235 0 0)
(3239445.41692226 0 0)
(2905781.52885882 0 0)
(2588567.09654229 0 0)
(2280893.48239464 0 0)
(1985936.04569246 0 0)
(1706792.77666978 0 0)
(1446060.03219502 0 0)
(1205662.97471039 0 0)
(986731.671611836 0 0)
(789537.886768594 0 0)
(613499.686915801 0 0)
(457068.399941325 0 0)
(316100.019553136 0 0)
(191180.220483249 0 0)
(92749.636153436 0 0)
(8446.37139781952 0 0)
(-65783.8420861335 0 0)
(-127882.958743855 0 0)
(-177884.035478119 0 0)
(-217035.812938964 0 0)
(-246776.216020638 0 0)
(-268598.126416928 0 0)
(-283948.195806831 0 0)
(-294140.06874957 0 0)
(-300317.325652122 0 0)
(-303424.359866913 0 0)
(-304210.804575214 0 0)
(-303269.219908305 0 0)
(-301047.00700746 0 0)
(-297899.876570455 0 0)
(-294080.933058526 0 0)
(-289774.834918452 0 0)
(-285115.210939294 0 0)
(-280204.722223643 0 0)
(-275120.139218908 0 0)
(-269916.667333818 0 0)
(-264633.111863173 0 0)
(-259297.759157088 0 0)
(-253931.782746865 0 0)
(-248550.446376159 0 0)
(-243164.253254622 0 0)
(-237782.242281974 0 0)
(-232413.61338484 0 0)
(-227064.150235319 0 0)
(-221737.712006879 0 0)
(-216438.121517317 0 0)
(-211168.232563058 0 0)
(-205930.950426271 0 0)
(-200729.596031617 0 0)
(-195566.7364863 0 0)
(-190444.008268545 0 0)
(-185363.279077996 0 0)
(-180326.637125631 0 0)
(-175336.043757658 0 0)
(-170393.351847769 0 0)
(-165500.417992977 0 0)
(-160658.95579111 0 0)
(-155870.804799612 0 0)
(-151137.594144469 0 0)
(-146461.158054672 0 0)
(-141843.407080049 0 0)
(-137286.21015849 0 0)
(-132791.244068956 0 0)
(-128359.936294482 0 0)
(-123993.615232649 0 0)
(-119693.886536502 0 0)
(-115463.170143526 0 0)
(-111304.517729348 0 0)
(-107220.720298736 0 0)
(-103213.526050936 0 0)
(-99279.2726584951 0 0)
(-95415.2854229383 0 0)
(-91626.7980777081 0 0)
(-87916.5269692149 0 0)
(-84284.1836379613 0 0)
(-80731.1204489055 0 0)
(-77258.2019874243 0 0)
(-73866.1796243937 0 0)
(-70555.7595089649 0 0)
(-67327.6745174894 0 0)
(-64182.6347522773 0 0)
(-61121.322237117 0 0)
(-58144.3995808136 0 0)
(-55252.2638843764 0 0)
(-52445.1378744105 0 0)
(-49723.3106087475 0 0)
(-47087.7246208291 0 0)
(-44540.412483013 0 0)
(-42084.725061183 0 0)
(-39721.4348778365 0 0)
(-37441.135520384 0 0)
(-35237.4918289316 0 0)
(-33117.4395734217 0 0)
(-31083.3475067345 0 0)
(-29133.0444331913 0 0)
(-27266.5964830143 0 0)
(-25483.4919390838 0 0)
(-23783.1245164076 0 0)
(-22164.636684095 0 0)
(-20627.2475760213 0 0)
(-19170.9499144353 0 0)
(-17797.4989912467 0 0)
(-16511.1941561728 0 0)
(-15307.1101865661 0 0)
(-14168.4153225287 0 0)
(-13091.2418629265 0 0)
(-12083.1553275322 0 0)
(-11144.4278376692 0 0)
(-10272.202031239 0 0)
(-9464.75186641061 0 0)
(-8720.74408755346 0 0)
(-8040.96120463822 0 0)
(-7430.26689195869 0 0)
(-6883.79957537543 0 0)
(-6379.4362158388 0 0)
(-5908.02410502157 0 0)
(-5478.41717044533 0 0)
(-5092.86671230518 0 0)
(-4748.85217308832 0 0)
(-4447.11205266357 0 0)
(-4193.53000430583 0 0)
(-3982.81143801361 0 0)
(-3789.50699524093 0 0)
(-3603.46014986854 0 0)
(-3435.39424759054 0 0)
(-3290.48472038501 0 0)
(-3170.84955418941 0 0)
(-3084.50823943532 0 0)
(-3020.81155297907 0 0)
(-2951.51963639436 0 0)
(-2874.88642826658 0 0)
(-2805.16242913462 0 0)
(-2749.47668220197 0 0)
(-2717.10261104359 0 0)
(-2698.54774336817 0 0)
(-2666.46592148548 0 0)
(-2619.39050101705 0 0)
(-2572.95804034491 0 0)
(-2539.15092863606 0 0)
(-2523.05179051246 0 0)
(-2507.13616525309 0 0)
(-2474.01134339535 0 0)
(-2431.98166370806 0 0)
(-2397.07836623228 0 0)
(-2377.55626187142 0 0)
(-2360.25491179075 0 0)
(-2324.94857823725 0 0)
(-2276.75053341518 0 0)
(-2232.69131842271 0 0)
(-2201.65698109672 0 0)
(-2173.93265002457 0 0)
(-2134.48155815131 0 0)
(-2087.74340085083 0 0)
(-2047.35945323176 0 0)
(-2018.69587466644 0 0)
(-1989.4491412951 0 0)
(-1945.89061942077 0 0)
(-1893.68372792313 0 0)
(-1849.4263623969 0 0)
(-1819.13404699468 0 0)
(-1788.44062777542 0 0)
(-1746.46010194308 0 0)
(-1699.14106693222 0 0)
(-1658.00075479251 0 0)
(-1625.5181352798 0 0)
(-1590.84357715483 0 0)
(-1548.69700034526 0 0)
(-1505.2556161823 0 0)
(-1468.57333665366 0 0)
(-1437.34273984204 0 0)
(-1401.53239928018 0 0)
(-1359.31765887308 0 0)
(-1316.85262435841 0 0)
(-1279.45573817705 0 0)
(-1245.3369597922 0 0)
(-1207.25398611305 0 0)
(-1164.46362385366 0 0)
(-1121.83632350248 0 0)
(-1084.21915967809 0 0)
(-1051.02891651706 0 0)
(-1016.2150952986 0 0)
(-978.479239412961 0 0)
(-940.804137902841 0 0)
(-906.494215310895 0 0)
(-876.59409935142 0 0)
(-846.700952076131 0 0)
(-813.224748783118 0 0)
(-776.865124078831 0 0)
(-738.887032122303 0 0)
(-700.521552172371 0 0)
(-664.624567170371 0 0)
(-633.443507279618 0 0)
(-604.630924765216 0 0)
(-574.486777029945 0 0)
(-542.644965350036 0 0)
(-510.242628715197 0 0)
(-477.838078934217 0 0)
(-445.626360051684 0 0)
(-413.646441841164 0 0)
(-382.013795471614 0 0)
(-351.305339713267 0 0)
(-321.697107057717 0 0)
(-292.166734393466 0 0)
(-262.00429528284 0 0)
(-231.405665811836 0 0)
(-200.604828605731 0 0)
(-169.642109221379 0 0)
(-138.400900308286 0 0)
(-106.774921784333 0 0)
(-75.1564977482547 0 0)
(-44.0722607827784 0 0)
(-13.6456261972394 0 0)
(16.4516404272132 0 0)
(46.8781885136563 0 0)
(77.9621037855473 0 0)
(109.579934470278 0 0)
(141.205244909776 0 0)
(172.445802205893 0 0)
(203.407997381261 0 0)
(234.208294343917 0 0)
(264.805997626915 0 0)
(294.967084625436 0 0)
(324.495929678105 0 0)
(354.10268168003 0 0)
(384.8097242552 0 0)
(416.440958742507 0 0)
(448.41929524102 0 0)
(480.629234206289 0 0)
(513.031819914442 0 0)
(545.432120539302 0 0)
(577.271769231793 0 0)
(607.413247100334 0 0)
(636.222639753283 0 0)
(667.400567564764 0 0)
(703.294820090933 0 0)
(741.657812323179 0 0)
(779.633248295746 0 0)
(815.98965572251 0 0)
(849.462324733629 0 0)
(879.351891263148 0 0)
(909.248344823591 0 0)
(943.554522200654 0 0)
(981.225633287423 0 0)
(1018.95732071864 0 0)
(1053.76691199153 0 0)
(1086.95282360368 0 0)
(1124.56569106204 0 0)
(1167.18862078929 0 0)
(1209.9742696647 0 0)
(1248.05222471506 0 0)
(1282.16568232061 0 0)
(1319.55700888826 0 0)
(1362.0166623444 0 0)
(1404.22615455465 0 0)
(1440.03111915882 0 0)
(1471.25596561927 0 0)
(1507.9317566529 0 0)
(1551.36630022094 0 0)
(1593.5063056439 0 0)
(1628.17436911146 0 0)
(1660.65042297484 0 0)
(1701.7843423167 0 0)
(1749.0965584954 0 0)
(1791.06933051348 0 0)
(1821.7545697318 0 0)
(1852.03861774561 0 0)
(1896.28775366633 0 0)
(1948.48685011608 0 0)
(1992.03792062014 0 0)
(2021.27682463953 0 0)
(2049.93153525917 0 0)
(2090.30618985039 0 0)
(2137.03544567339 0 0)
(2176.47754108597 0 0)
(2204.19235830273 0 0)
(2235.21694503124 0 0)
(2279.2668398533 0 0)
(2327.45557630693 0 0)
(2362.75193691695 0 0)
(2380.04277465515 0 0)
(2399.55376735119 0 0)
(2434.44591652599 0 0)
(2476.46477159473 0 0)
(2509.57855421886 0 0)
(2525.48235426636 0 0)
(2541.56914264993 0 0)
(2575.36431082601 0 0)
(2621.78498918943 0 0)
(2668.84832355341 0 0)
(2700.91763215479 0 0)
(2719.45924664733 0 0)
(2751.81957941094 0 0)
(2807.49159984624 0 0)
(2877.20188917112 0 0)
(2953.82131628722 0 0)
(3023.09934424449 0 0)
(3086.78113312665 0 0)
(3173.10622403228 0 0)
(3292.72469200742 0 0)
(3437.61742751943 0 0)
(3605.66617115121 0 0)
(3791.69527637812 0 0)
(3984.98108824801 0 0)
(4195.67998489864 0 0)
(4449.2416599813 0 0)
(4750.96052469271 0 0)
(5094.95309202802 0 0)
(5480.48106249659 0 0)
(5910.06441949805 0 0)
(6381.45234541535 0 0)
(6885.79046770344 0 0)
(7432.23088141185 0 0)
(8042.89760590512 0 0)
(8722.6521205219 0 0)
(9466.63031626765 0 0)
(10274.0499335467 0 0)
(11146.2442541267 0 0)
(12084.9393583136 0 0)
(13092.9925839504 0 0)
(14170.1316441233 0 0)
(15308.7906158276 0 0)
(16512.837482931 0 0)
(17799.1042319134 0 0)
(19172.5157096634 0 0)
(20628.7727594841 0 0)
(22166.1205182629 0 0)
(23784.5660866889 0 0)
(25484.8901326674 0 0)
(27267.9500172523 0 0)
(29134.3521402658 0 0)
(31084.6083865814 0 0)
(33118.6525865098 0 0)
(35238.6559799211 0 0)
(37442.2499984161 0 0)
(39722.4985322445 0 0)
(42085.7363654035 0 0)
(44541.3705114446 0 0)
(47088.628583085 0 0)
(49724.1594141515 0 0)
(52445.9304747696 0 0)
(55252.9994099076 0 0)
(58145.0773175223 0 0)
(61121.9414099736 0 0)
(64183.1944108102 0 0)
(67328.173627605 0 0)
(70556.1971254086 0 0)
(73866.5549272662 0 0)
(77258.5142441051 0 0)
(80731.368928453 0 0)
(84284.3677336568 0 0)
(87916.6459830386 0 0)
(91626.8512118505 0 0)
(95415.271888916 0 0)
(99279.1916923962 0 0)
(103213.376904442 0 0)
(107220.502265572 0 0)
(111304.230117441 0 0)
(115462.812368397 0 0)
(119693.458373629 0 0)
(123993.116067418 0 0)
(128359.365465424 0 0)
(132790.601049186 0 0)
(137285.494554548 0 0)
(141842.618562091 0 0)
(146460.29616167 0 0)
(151136.658292952 0 0)
(155869.794438494 0 0)
(160657.870663086 0 0)
(165499.25780604 0 0)
(170392.116144201 0 0)
(175334.732195852 0 0)
(180325.24960257 0 0)
(185361.815377557 0 0)
(190442.468028269 0 0)
(195565.11936687 0 0)
(200727.90185081 0 0)
(205929.178971694 0 0)
(211166.383657604 0 0)
(216436.195160592 0 0)
(221735.708165204 0 0)
(227062.068978244 0 0)
(232411.454883476 0 0)
(237780.006708189 0 0)
(243161.940924791 0 0)
(248548.058307105 0 0)
(253929.320239162 0 0)
(259295.223444767 0 0)
(264630.505053543 0 0)
(269913.992444755 0 0)
(275117.400405142 0 0)
(280201.92533608 0 0)
(285112.363787246 0 0)
(289771.948631665 0 0)
(294078.022634419 0 0)
(297896.961268207 0 0)
(301044.113441563 0 0)
(303266.38405493 0 0)
(304208.072673814 0 0)
(303421.789852545 0 0)
(300314.985410184 0 0)
(294138.039314796 0 0)
(283946.564986319 0 0)
(268596.977745176 0 0)
(246775.613083002 0 0)
(217035.780368103 0 0)
(177884.534071699 0 0)
(127883.858129071 0 0)
(65784.9050168511 0 0)
(-8446.36184341238 0 0)
(-92751.4884305142 0 0)
(-191180.863790849 0 0)
(-316098.713179872 0 0)
(-457069.531716178 0 0)
(-613501.526457096 0 0)
(-789540.541383256 0 0)
(-986733.80975656 0 0)
(-1205665.50226673 0 0)
(-1446061.66030302 0 0)
(-1706792.89008122 0 0)
(-1985934.80972061 0 0)
(-2280890.47104928 0 0)
(-2588561.20787328 0 0)
(-2905772.55835331 0 0)
(-3239438.81804471 0 0)
(-3647222.43484774 0 0)
(-4114528.94040696 0 0)
(-4536317.6211403 0 0)
(-4902941.2050297 0 0)
(-5243261.41945193 0 0)
(-5570271.52926665 0 0)
(-5910481.64242204 0 0)
(-6248101.03293127 0 0)
(-6555740.94070284 0 0)
(-6845382.75346582 0 0)
(-7122710.71573955 0 0)
(-7390309.39481067 0 0)
(-7649897.36417575 0 0)
(-7902629.85980767 0 0)
(-8149387.56612424 0 0)
(-8390923.26928289 0 0)
(-8627819.72144617 0 0)
(-8860593.36744559 0 0)
(-9089686.29984367 0 0)
(-9315484.95217671 0 0)
(-9538351.99464419 0 0)
(-9758596.27433396 0 0)
(-9976540.67556162 0 0)
(-10192469.5859564 0 0)
(-10406654.6735899 0 0)
(-10619288.4789688 0 0)
(-10830545.0253301 0 0)
(-11040693.8792735 0 0)
(-11249780.3123301 0 0)
(-11457711.9333735 0 0)
(-11664166.1018365 0 0)
(-11868423.1323497 0 0)
(-12070138.4983628 0 0)
(-12270937.8439177 0 0)
(-12476126.5956483 0 0)
(-12703710.6196407 0 0)
(-13023342.3199126 0 0)
(-13569373.2787048 0 0)
)
;

boundaryField
{
    electrode
    {
        type            calculated;
        value           uniform (797568.301694553 0 0);
    }
    ground
    {
        type            calculated;
        value           uniform (-786049.241221111 0 0);
    }
    otherfaces
    {
        type            empty;
    }
}


// ************************************************************************* //
