/*--------------------------------*- C++ -*----------------------------------*\
| =========                 |                                                 |
| \\      /  F ield         | foam-extend: Open Source CFD                    |
|  \\    /   O peration     | Version:     4.1                                |
|   \\  /    A nd           | Web:         http://www.foam-extend.org         |
|    \\/     M anipulation  |                                                 |
\*---------------------------------------------------------------------------*/
FoamFile
{
    version     2.0;
    format      ascii;
    class       volScalarField;
    location    "9.0062500225431e-06";
    object      diffusionelectron;
}
// * * * * * * * * * * * * * * * * * * * * * * * * * * * * * * * * * * * * * //

dimensions      [0 2 -1 0 0 0 0];

internalField   nonuniform List<scalar> 
500
(
23.823000467252
23.8189774595419
23.8157267846471
23.8128117589354
23.8099512418501
23.8070500772348
23.8039539657698
23.8004869870678
23.7965919194071
23.7922336821425
23.7873956464087
23.7820723746645
23.7762757634302
23.7700210294072
23.7633277925323
23.7562177213365
23.7487160247868
23.7408516456149
23.7328010154795
23.7245034278662
23.7159262114669
23.7070901728974
23.6980181041411
23.6887305125453
23.6792491172028
23.6695941729235
23.659567876166
23.6493524545376
23.639005951384
23.6285428595472
23.6179775324659
23.6073185769687
23.5965785616669
23.5857683257108
23.574892953592
23.5639670455939
23.5529937815162
23.5419806626576
23.5309336576008
23.5202223300595
23.5103662649603
23.500488570643
23.4905920434004
23.4806822173932
23.4707617225144
23.4608323459934
23.4505023056608
23.4398247012753
23.4291482629981
23.4184724975668
23.4078007622145
23.3971342554609
23.3864757637186
23.376035238675
23.3656431439528
23.3552615415603
23.3448902102557
23.3345286544295
23.3241782652637
23.3138406847997
23.3045295577622
23.2953647319944
23.2862075047671
23.2770611206824
23.2679252037511
23.2587993400745
23.2496865959275
23.2405841774779
23.2314948754919
23.2224196536367
23.213357919349
23.2043113713632
23.1952799619479
23.1862670893066
23.1767844665684
23.167157096069
23.1575538982627
23.1479723900743
23.138414831097
23.1288836090208
23.1193785297846
23.1103155234747
23.1027438577417
23.0951900881318
23.0876526876998
23.0801373728093
23.0726386293663
23.0651637721192
23.0577090073076
23.0499275082483
23.0419011660473
23.0339049501796
23.0259388713427
23.0180048282721
23.0101009398452
23.0022307906342
22.9943925246604
22.9866723101425
22.9791138601658
22.971588657768
22.9641001509022
22.9566462918402
22.9492324412921
22.9418568271432
22.9345194931062
22.9272236635366
22.9206231677218
22.9141059685939
22.9076285022122
22.9011845699131
22.8947796706506
22.8884129490141
22.8820874504802
22.875800913359
22.8695526962374
22.8629045731853
22.8562362253126
22.8496174934323
22.8430458949842
22.8365224837579
22.8300499504543
22.823627295973
22.8172554201729
22.8109354249126
22.804668491818
22.7988287711207
22.7931205468162
22.7874621011379
22.7818490783794
22.7762876128927
22.7707737118556
22.7653111302221
22.7598984496301
22.7545360873125
22.7492260680383
22.7439668971936
22.7392692272916
22.7347154096859
22.7302058834349
22.725740060493
22.7213195617888
22.7169428140643
22.7126089700078
22.7083219184776
22.7040787265252
22.6998841590557
22.6957342310107
22.6916287414991
22.6875708871354
22.6832635154664
22.6790036151175
22.6747900726147
22.6706262591833
22.6665105205565
22.6624435964621
22.6584264655113
22.6544580942693
22.6505384265827
22.6466639035611
22.6428360902446
22.6390559106567
22.6353197361784
22.631630100317
22.6279875794214
22.6250318881012
22.6221788905996
22.6193596360327
22.6165720285876
22.6138176307293
22.6110980522131
22.6084086949033
22.6057518049634
22.6031231869269
22.6005273329327
22.5979583649128
22.5954225720457
22.592912865727
22.5904332777308
22.587977151659
22.5855511091821
22.5831498994583
22.5807745961691
22.5784259005102
22.5760039796559
22.5736078013908
22.571235746548
22.5688875372777
22.5665593799376
22.5642551796466
22.5619733131587
22.5597106996644
22.5574685346894
22.5552469552875
22.5530414502193
22.5508546252905
22.5486845451376
22.5465326853499
22.5443966472389
22.5422749488303
22.5401685026459
22.5380750790693
22.5359982464961
22.533931879018
22.5318785946404
22.5298351878156
22.5278041316712
22.5257854105003
22.5238065111008
22.5218833494403
22.5199679201106
22.5180588636036
22.5161599854742
22.5142683212929
22.5123826472216
22.5105035226709
22.5086314830641
22.5067650909844
22.5049062948542
22.5030503601389
22.5011980143671
22.4993517115833
22.4975085255528
22.4956688942609
22.4938333821577
22.491999341437
22.4901695057553
22.4883415067084
22.486512912017
22.484689653816
22.4828670084252
22.4810436949779
22.4792238085478
22.4774029772574
22.4755803391052
22.4737601999448
22.4719796188516
22.4702859361711
22.4685902398354
22.4668933343995
22.4651960173504
22.4634939323541
22.4617913581897
22.4600856966904
22.4583760838021
22.4566633961769
22.4549485781909
22.4532274839193
22.4515044665343
22.4497785127357
22.4480450913355
22.4463065363393
22.4445653398684
22.4428156528399
22.4410601645124
22.4392996736474
22.437534942078
22.4357598893381
22.4339787599328
22.4321906259991
22.4303944391151
22.4285923719909
22.4267781456526
22.4249563975501
22.4231268168071
22.4213519423539
22.4197932215114
22.4182251836144
22.4166485976482
22.4150624242759
22.4134668692209
22.4118603286307
22.4102441566853
22.4086151725741
22.4069794255002
22.4053304144115
22.4036703545793
22.4019998448193
22.4003160684168
22.3986194979356
22.3969101855772
22.3951881786316
22.3934528159382
22.3917039359197
22.3899407235743
22.3881618954341
22.3863695886514
22.3845625686153
22.3827395068659
22.3809004639655
22.3790453864283
22.3770998330821
22.3750866446029
22.373055602051
22.3710052785336
22.3689342446743
22.3668461208089
22.3647341075608
22.362601399253
22.360448119428
22.3582713990063
22.3560733308141
22.3538523088644
22.3516065801266
22.3493361003787
22.3470408656375
22.3447209288411
22.3423748641128
22.3400012551433
22.3376017694003
22.3351729356561
22.3327165697216
22.3302599344037
22.3282166581926
22.3261458325415
22.3240512842625
22.3219284898239
22.3197793860385
22.3176038682683
22.3153999880902
22.3131675791208
22.3109051601772
22.3086150182973
22.3062926405762
22.3039416173738
22.3015589170251
22.2991434942196
22.2966992709065
22.2942214455878
22.2917117487256
22.2891686223055
22.2869159883446
22.2846310635633
22.2823165216961
22.2799692970638
22.2775891620463
22.2751760381345
22.2727287020204
22.2702498766785
22.267735841074
22.2651873908888
22.2626028646862
22.2599836624873
22.2573264564334
22.2546351441324
22.2519092760568
22.2491702218834
22.2463957282794
22.2435800286583
22.2407272598698
22.2378362167549
22.2349056698523
22.2319351154313
22.2289248275496
22.2258754631214
22.2227847592508
22.2196541120022
22.2164833030972
22.2132755429797
22.2102241390783
22.2071372455856
22.2040133750288
22.2008538269088
22.1976565304481
22.1944236016434
22.1911574258561
22.1878589832139
22.1845263682134
22.1811663548158
22.1777764262831
22.174794712934
22.1725936055285
22.1703703365142
22.1681282408513
22.1658658447933
22.1635902939667
22.1612965579341
22.1589920651388
22.1566782461397
22.154355061696
22.1520244182598
22.1496624865181
22.1470958822117
22.1445324931515
22.1419751267443
22.1394267973963
22.1368906601334
22.1343683596719
22.1318665119102
22.1293837144517
22.1269266801629
22.1244972355463
22.1220990326641
22.1197359953424
22.117856303168
22.1161638770354
22.1145005472671
22.1128701785876
22.1112752071492
22.1097210976898
22.1082064847178
22.1067377678764
22.1053147903142
22.1039422209744
22.1026247098259
22.101360393119
22.1001553119602
22.0990104912736
22.0979315951426
22.0969194313009
22.0959764031003
22.0951047595223
22.0944525836492
22.0938853243236
22.0933805201238
22.0929379817653
22.0925638762712
22.0922562127725
22.0920206635776
22.091857718063
22.0917676307919
22.091750465868
22.0918124496577
22.0919502575456
22.0921665887493
22.0924635297016
22.0928395062633
22.0932991947932
22.0938407814149
22.0944623773477
22.0952165083038
22.0962162107295
22.0973232519072
22.0985349710281
22.0998549179737
22.1012802174743
22.1028094752284
22.1044458578159
22.1061871777931
22.1080290786161
22.1099751455104
22.1120224801847
22.1141677956013
22.1164123226599
22.1187510252079
22.1219127213388
22.1253413416408
22.1289043837701
22.1325980602274
22.1364257566291
22.1403813426186
22.1444709321363
22.1486930649421
22.1527654629924
22.1568445824677
22.1610473299407
22.1653791725309
22.1698531201961
22.1744833736596
22.1814201277217
22.189350069319
22.1977309170309
22.2066622804207
22.2164721464331
22.227630162458
22.2399470988486
22.253749046475
22.2695819969299
22.2878360900484
22.3120884773153
22.3435793958978
22.3860567091124
22.4373072400048
22.5103923862926
22.6047050787664
22.7347493228585
22.9155058726117
23.1527166203007
23.476861183381
23.899293177599
24.4457366485066
25.141502902067
25.9975162559372
27.0090568081382
28.1711494824243
29.4631011783421
30.8401114130297
32.0659508018196
32.0659508018196
32.0659508018196
32.0659508018196
32.0659508018196
32.0659508018196
32.0659508018196
32.0659508018196
32.0659508018196
32.0659508018196
31.0953413702943
29.3397228773599
27.3384745204497
25.3300091303502
)
;

boundaryField
{
    electrode
    {
        type            zeroGradient;
    }
    ground
    {
        type            zeroGradient;
    }
    otherfaces
    {
        type            empty;
    }
}


// ************************************************************************* //
