/*--------------------------------*- C++ -*----------------------------------*\
| =========                 |                                                 |
| \\      /  F ield         | foam-extend: Open Source CFD                    |
|  \\    /   O peration     | Version:     4.1                                |
|   \\  /    A nd           | Web:         http://www.foam-extend.org         |
|    \\/     M anipulation  |                                                 |
\*---------------------------------------------------------------------------*/
FoamFile
{
    version     2.0;
    format      ascii;
    class       volScalarField;
    location    "9.0062500225431e-06";
    object      diffusionAr2p;
}
// * * * * * * * * * * * * * * * * * * * * * * * * * * * * * * * * * * * * * //

dimensions      [0 2 -1 0 0 0 0];

internalField   nonuniform List<scalar> 
500
(
8.58128968536039e-05
8.62161975938943e-05
8.66212904604617e-05
8.70276048660162e-05
8.74352292114054e-05
8.78442438610364e-05
8.82547291793162e-05
8.86667816035333e-05
8.90804654252133e-05
8.94957163528306e-05
8.99125022406224e-05
9.0330678432656e-05
9.08972635751707e-05
9.15208511915989e-05
9.21464398817625e-05
9.27741421558312e-05
9.34040946332971e-05
9.4036353569245e-05
9.46709511094377e-05
9.53078390352312e-05
9.59469048364554e-05
9.65879476020928e-05
9.723081463977e-05
9.78754336215206e-05
9.85218125837855e-05
9.9170047963853e-05
9.98201960168081e-05
0.000100472240669769
0.000101126077449007
0.00010178156169859
0.000102438460361736
0.000103096556454548
0.000104064079623786
0.000105042001947295
0.000106021153846232
0.000107001471029071
0.000107982808839879
0.000108965006549843
0.000109947798956418
0.000110930832456215
0.000111913640935672
0.000112895790426992
0.000113876927326783
0.000114856738213857
0.000115834949849232
0.000116811240775278
0.000117895396808453
0.000119334498318203
0.000120769075311837
0.000122198324145284
0.000123621465283795
0.000125037743301946
0.000126446491175157
0.000127847009733086
0.000129238615878276
0.000130620626513264
0.000131992390686355
0.000133353185117885
0.000135033837925876
0.000137013309708564
0.00013897312435729
0.000140912140697474
0.000142829281846061
0.000144723406628473
0.000146593550671823
0.000148438846040517
0.000150258569454891
0.000152051901197992
0.000154325844240957
0.00015689850178489
0.000159427826840547
0.000161912533577415
0.000164351705841254
0.000166744684643927
0.000169090971726109
0.000171389908099663
0.000173640577610349
0.000176671842679498
0.000179853774938965
0.000182960486113443
0.000185991992275813
0.00018894802018709
0.000191828200171003
0.000194632387571619
0.000197360566316056
0.00020077967001358
0.000204589151854743
0.000208287907615886
0.000211876628430909
0.00021535618223541
0.000218727597693796
0.000221992064199294
0.000225150915801059
0.00022923685120244
0.000233595559474197
0.000237805513228523
0.000241869155543391
0.000245789202735759
0.000249568515778519
0.000253210052081849
0.000256716608327115
0.000261355290120118
0.000266136666954262
0.000270732000186108
0.000275147059980081
0.000279388275488745
0.000283460179264657
0.000287363574951887
0.000291097594614839
0.000295452541832346
0.000300460690950276
0.000305243498270866
0.000309808132299222
0.000314162179435371
0.000318313226079335
0.000322268665756565
0.000326035795555217
0.000329621976854978
0.000333034667472821
0.000337714415477822
0.000342231441631448
0.000346525922669098
0.000350606570092496
0.000354482674027095
0.000358165581927169
0.000361667959223269
0.000364998228105251
0.000368153913349379
0.000371126689203084
0.000373919063035864
0.000376544857525732
0.000379288980568526
0.000382669461132027
0.000385855716996593
0.000388862374484306
0.0003917030633986
0.000394390770627651
0.000396939576015575
0.000399366227504797
0.000401687698058086
0.0004039101596619
0.000406020271824673
0.000408001190166688
0.000409857511532027
0.000411609616334317
0.000413275827658363
0.000414871896927944
0.000416414539939724
0.000417922529819189
0.000419415154024027
0.000420901124055963
0.000422366456508171
0.000423787042058539
0.000425159633985022
0.000426504291243618
0.000427843965908978
0.000429304862245917
0.000431313554527005
0.000433394799794769
0.000435526835367782
0.000437669254022185
0.000439812347737607
0.000441985690615838
0.000444229529151926
0.000446577616396826
0.000449039274621755
0.000451583033124916
0.000454168356099399
0.000456795436419779
0.00045949957013363
0.000462317949888529
0.000465262501762481
0.000468304487443529
0.000471404881975614
0.000474562785277376
0.000477810857443838
0.000481177418892039
0.000484660090835532
0.000489615070861764
0.000494744666671613
0.000499969831834314
0.000505323869360145
0.000510810218845727
0.00051638641573838
0.000522008998966776
0.000527681922459742
0.000533436431898736
0.000539281110202428
0.000545194901896175
0.000553206011739094
0.000561479109548964
0.000569821577914991
0.000578221394321881
0.000586632011705078
0.000595012412071228
0.000603369024572894
0.000612232254296541
0.000623271816454362
0.000634271003534086
0.000645166166925337
0.000655950877475552
0.000666643458269537
0.000677628501213621
0.000690241534169763
0.000702666192955803
0.000714887240480166
0.000726904933908954
0.000738609656190965
0.000749812261657789
0.000760759051144123
0.000771451310480479
0.000781649167984724
0.000789792846953496
0.00079774030818604
0.000805504924319685
0.000813102703944314
0.000820548755568452
0.000827848994012456
0.000835002519194968
0.000842011002695654
0.000848882159497589
0.000855624411790632
0.000862240909859538
0.000868729017751757
0.000875086163806264
0.000881316141223069
0.00088743212976493
0.000893456824340392
0.000899417741722427
0.000895998011182528
0.000890112186302431
0.000884256192690227
0.000878428615932353
0.000872626305744052
0.000866844890301582
0.000861079419157468
0.000855325006155763
0.000849577343764249
0.000843833217406645
0.000838090312588029
0.000832347150603309
0.000826602574205026
0.000820855040396564
0.000815102877598256
0.000809343578440603
0.000803573156849015
0.000797783512091264
0.000791961335821543
0.000786094541233033
0.000780045673043933
0.000772590684897732
0.000765081627578475
0.000757514965052251
0.000749882918044459
0.000742176807199139
0.000734351114116144
0.000726240223825444
0.000718033796327654
0.000709724759554956
0.000701306941520888
0.000692781178015284
0.000684163156170398
0.000675466891538817
0.000668141515108291
0.000660728830785956
0.000653196242768317
0.000645531278499402
0.000637721594006289
0.000629754781024531
0.000621621774449013
0.000613339611534029
0.000606191101090517
0.000599687884689774
0.000593040205230936
0.000586222731852904
0.000579215598474257
0.000572000546301715
0.000564560152331833
0.000556877829350997
0.000548942454925273
0.000542120802598074
0.000536010214544367
0.000529719224469736
0.000523224848153768
0.000516505258623511
0.00050954020404839
0.000502309368306305
0.000494792145963293
0.000486969988914207
0.000480605320751201
0.000474627044657245
0.000468414297369309
0.000461955120663624
0.000455237363441847
0.000448248424564954
0.000440975092124427
0.000433404025628697
0.000426572986738756
0.00042087666113046
0.000414955925951945
0.000408800012372667
0.000402396994314622
0.000395735363594722
0.000388804479965475
0.000381593638887862
0.000375439364742488
0.000370068450691178
0.000364479041890008
0.000358659790884703
0.00035260015386506
0.000346289329854772
0.000339714974880917
0.000332965489791241
0.000328084187853383
0.000322995963640278
0.000317689180385787
0.000312150690472918
0.000306367089118576
0.000300326160932891
0.000294016751336167
0.000289203759144293
0.000284521053729113
0.000279630429520039
0.00027452172845602
0.000269184760330245
0.000263608627729118
0.000257781115262769
0.000253531252543908
0.000249209913721425
0.000244693530483055
0.000239974741449114
0.000235045686980593
0.000229897076952038
0.000225010181651451
0.000221206212808611
0.000217235921788961
0.000213094695675536
0.000208777728676796
0.000204279314919841
0.000199593121689395
0.000195909104760503
0.000192473606723943
0.000188901280247956
0.000185190132295247
0.00018133825019293
0.000177343287300319
0.000173497127143783
0.000170598977678455
0.000167599890517886
0.000164499094163766
0.000161296556470334
0.000157992952498607
0.000154589166257065
0.000151629666603403
0.000149197341387044
0.000146699615616235
0.000144137292935047
0.000141511418080772
0.000138823196519515
0.000136074251612299
0.000133509116176865
0.000131575829818903
0.000129606869700656
0.000127604116349248
0.000125569345818076
0.000123504374342738
0.000121410994049511
0.000119291125647724
0.000117279901887814
0.000115817221461039
0.000114340774611337
0.000112851919497189
0.000111351941949106
0.000109842167979805
0.00010832402003929
0.000106798968796211
0.000105268452773453
0.00010373377387441
0.00010249500475853
0.000101456037631433
0.000100416588317894
9.93772836602875e-05
9.83387344281073e-05
9.73015031722025e-05
9.62660961883375e-05
9.52329635171918e-05
9.42025391265634e-05
9.31751846562838e-05
9.21512456733035e-05
9.11310195259284e-05
9.02221623738296e-05
8.95392417156836e-05
8.88593347228016e-05
8.81825539053534e-05
8.7509011773509e-05
8.68388690560823e-05
8.61722704090062e-05
8.55092961966875e-05
8.48500187470927e-05
8.41944702059846e-05
8.35426425369224e-05
8.2894567885669e-05
8.22502462522243e-05
8.16096937094699e-05
8.09729102574056e-05
8.03398637502687e-05
7.97105541880592e-05
7.91645021515433e-05
7.87448713637423e-05
7.83277238361188e-05
7.79130515322322e-05
7.75008223063196e-05
7.70910281219403e-05
7.66836368333315e-05
7.62786404040526e-05
7.58760147247813e-05
7.54757356861955e-05
7.50777631060919e-05
7.46820728751482e-05
7.42886248111608e-05
7.38973948048079e-05
7.35083667832078e-05
7.31215166370384e-05
7.27368122205371e-05
7.23542294243816e-05
7.19737280663685e-05
7.15953402922605e-05
7.12190741384984e-05
7.08449537144043e-05
7.04729709835374e-05
7.01030857636943e-05
6.97352337633492e-05
6.94375639996724e-05
6.9192042699724e-05
6.89478554489324e-05
6.87050102837384e-05
6.84634911312605e-05
6.82232899550581e-05
6.79844067551312e-05
6.77468254585983e-05
6.75105219561374e-05
6.72754841930873e-05
6.70416679690243e-05
6.68090612292872e-05
6.65776559374353e-05
6.6347444057028e-05
6.61184175516246e-05
6.5890576421225e-05
6.56639287022699e-05
6.54384703765391e-05
6.52141692982696e-05
6.49909772488172e-05
6.47688701188599e-05
6.45478237990756e-05
6.43278423076845e-05
6.41089135900256e-05
6.38910617554211e-05
6.36743028767523e-05
6.34586369540193e-05
6.32440197867982e-05
6.30304111928854e-05
6.28177629536367e-05
6.26060509597301e-05
6.23952671747247e-05
6.21854156168411e-05
6.19765244136215e-05
6.17686337472696e-05
6.15617436177854e-05
6.13558098247449e-05
6.11507801312837e-05
6.09725117853668e-05
6.08353096514475e-05
6.0698653995496e-05
6.05625448175124e-05
6.04269941721577e-05
6.02920502780762e-05
6.01577211717085e-05
6.00240108712751e-05
5.98908832127927e-05
5.97583060504985e-05
5.96262432204094e-05
5.94946746314236e-05
5.93635842106596e-05
5.92329759763379e-05
5.91028740377806e-05
5.89733225954114e-05
5.88443337038916e-05
5.87158993267803e-05
5.85879873183149e-05
5.84605655327323e-05
5.83335857513885e-05
5.82070319014019e-05
5.80808879098913e-05
5.79551618132973e-05
5.78298536116199e-05
5.77050115235033e-05
5.75806435853883e-05
5.74568060523598e-05
5.73334386511124e-05
5.72106739829178e-05
)
;

boundaryField
{
    electrode
    {
        type            zeroGradient;
    }
    ground
    {
        type            zeroGradient;
    }
    otherfaces
    {
        type            empty;
    }
}


// ************************************************************************* //
