/*--------------------------------*- C++ -*----------------------------------*\
| =========                 |                                                 |
| \\      /  F ield         | foam-extend: Open Source CFD                    |
|  \\    /   O peration     | Version:     4.1                                |
|   \\  /    A nd           | Web:         http://www.foam-extend.org         |
|    \\/     M anipulation  |                                                 |
\*---------------------------------------------------------------------------*/
FoamFile
{
    version     2.0;
    format      ascii;
    class       volScalarField;
    location    "1.50100000171593e-05";
    object      powerDissipatedElectron;
}
// * * * * * * * * * * * * * * * * * * * * * * * * * * * * * * * * * * * * * //

dimensions      [1 -1 -3 0 0 0 0];

internalField   nonuniform List<scalar> 
500
(
-1839085904.45435
-1746345692.9957
-1655943726.6719
-1563200517.5176
-1470419818.20256
-1379147652.69462
-1291015316.74994
-1207344745.05051
-1129055835.29217
-1056873051.88789
-990983477.514967
-931139273.345844
-876840773.188301
-827404762.671162
-782168100.177536
-740468545.527421
-701760464.71264
-665718967.729001
-631991925.013547
-600450844.247167
-571062060.886312
-543822871.789249
-518779391.704239
-496001473.569456
-475575764.530612
-457565491.101316
-441972239.82477
-428789941.68737
-417981044.457218
-409469266.874257
-403145152.341676
-398875287.622921
-396481199.894507
-395721577.095662
-396457872.168706
-398533743.102438
-401718758.345695
-405758456.764138
-410339342.30643
-415013694.470622
-419530007.05634
-423831150.806836
-427618563.193978
-430336099.090946
-431739156.092862
-432092595.851749
-431077714.809921
-428429825.953153
-424689729.282916
-419569034.119395
-413232234.906674
-406137727.870092
-398092479.132574
-389666005.666051
-380807432.988485
-372058875.900981
-363109849.128216
-353753072.258049
-343605400.897013
-332781370.689504
-321567864.729043
-310318681.000669
-300519853.121138
-291085018.681366
-282031129.668726
-273056513.956041
-262150255.025431
-250350129.54613
-240092482.534774
-231965363.294939
-225121157.283996
-217878569.111125
-210111570.375417
-202687366.891106
-195751846.19724
-189152922.268967
-182820058.767785
-176923712.478018
-171663603.569064
-166906405.892752
-162222743.054553
-157578907.46392
-153218825.850141
-149211966.423101
-145499384.999226
-141893387.565878
-138362581.82874
-135032229.560318
-131906014.173572
-128939682.95643
-126092448.429616
-123365146.691241
-120761818.128076
-118270483.373607
-115873974.484709
-113569978.806632
-111348652.17572
-109207292.984052
-107137337.521843
-105137540.152737
-103204327.341135
-101333947.989059
-99514103.8831316
-97754635.9481961
-96068671.2314418
-94424680.7604292
-92785150.6441625
-91194346.9653033
-89669438.0545158
-88186465.4303903
-86738367.1904435
-85325516.7899079
-83944522.2084307
-82595892.6608412
-81276502.612958
-79986919.2932218
-78724251.2633672
-77489093.0831313
-76278778.1901726
-75093913.8724662
-73932027.6120898
-72793753.7825391
-71676770.2264822
-70581740.7789449
-69506506.8842777
-68452064.3048933
-67415561.6976042
-66398235.7555058
-65398139.79334
-64415877.6684323
-63449662.3397014
-62500156.7969748
-61565666.4596141
-60646849.1773524
-59742122.9160743
-58852123.2376564
-57975338.9073746
-57112415.2048297
-56261920.4291003
-55424478.3394664
-54598748.9847407
-53785321.2050327
-52982943.2206917
-52192185.2169297
-51411858.131278
-50642521.3186653
-49883043.4571704
-49133965.9513722
-48394215.7166163
-47664318.4309209
-46943263.8861821
-46231544.5434688
-45528219.9495689
-44833754.4345057
-44147253.9781909
-43469172.7296096
-42798663.4192486
-42136154.0841591
-41480846.0275457
-40833121.7941848
-40192081.6955104
-39558622.0092901
-38931536.033156
-38311360.0258112
-37697406.7468039
-37090038.4139118
-36488603.4958362
-35893447.7838576
-35303949.1198142
-34720457.0074705
-34142350.316739
-33569995.7295274
-33002763.9681262
-32441053.4787203
-31884212.3980701
-31332683.5369382
-30785762.8328557
-30243982.9713138
-29706538.809482
-29174095.8588278
-28645703.489179
-28122212.8561326
-27602465.8711855
-27087566.5790511
-26576071.9925823
-26069419.8297766
-25565805.7597007
-25067076.608135
-24570984.5480926
-24079869.8064236
-23590957.5098987
-23107165.5908696
-22625101.6262348
-22148352.5947648
-21672822.9558686
-21202852.078562
-20733556.3590735
-20270103.4809782
-19806762.6642662
-19349572.4492262
-18891920.0381279
-18440744.9497887
-17988531.9338029
-17543125.2521499
-17096116.9992939
-16656234.6084441
-16214213.4372889
-15779619.1846208
-15342389.2797675
-14912833.0585001
-14480215.4779949
-14055467.0376013
-13627290.1621813
-13207104.8498926
-12783190.024886
-12367354.7017123
-11947536.8728902
-11535609.8344282
-11119569.3365134
-10713286.4923457
-10295904.3510948
-9879112.71628323
-9503864.35522355
-9078991.47894256
-8677638.99319649
-8283102.67114594
-7885399.22523578
-7491041.25902116
-7096696.47864581
-6704784.08201628
-6313316.86638419
-5924084.09195464
-5535206.50039381
-5148315.8266957
-4761909.90780313
-4377266.78575899
-3993079.12295223
-3610442.99478691
-3228331.70318379
-2847519.30359213
-2467274.29188081
-2088101.30243478
-1709546.95058741
-1331841.97433538
-954804.66582168
-578397.337432929
-202694.627640022
172435.2354066
547066.683131494
922602.593167268
1293829.94060395
1668895.44381395
2041688.81964028
2414253.21755185
2786424.55278333
3158905.40792466
3530487.98109464
3902684.08768349
4273940.71490653
4646110.12494687
5017172.76080465
5389396.75869487
5760461.89921789
6132984.34077588
6504273.04733334
6877231.91291406
7248990.43505966
7622425.80474366
7994755.16962782
8369012.31266453
8742093.33657379
9117624.62389375
9491528.08974254
9868321.89327839
10242637.9898331
10624660.022999
10996824.9070838
11342175.2620406
11779313.9476101
12153741.0606615
12524815.2070746
12915804.8685003
13296339.726991
13686618.5019208
14069521.5862742
14462087.7406374
14847504.4358317
15242332.672609
15630480.0233168
16027748.5715302
16418827.3794677
16818647.9766196
17212884.6501703
17615401.7501582
18013003.7202863
18418405.044547
18819590.7489742
19228070.2629026
19633069.2624901
20044841.0237026
20453871.0735486
20869162.2048177
21282437.7732717
21701490.1853163
22119228.6196494
22542298.3923219
22964719.6430899
23392081.5833572
23819419.4900092
24251357.8450448
24683849.9751641
25120670.2709402
25558561.6416063
26000578.9167272
26444131.0715024
26891669.904488
27341159.0603082
27794561.406174
28250278.9762723
28709892.4356041
29172150.7231391
29638335.0227598
30107463.6433447
30580601.253605
31056949.5575369
31537429.8107981
32021376.6883027
32509605.3727409
33001549.5020225
33497959.4899893
33998315.0043315
34503356.4224587
35012577.0823116
35526719.6405821
36045281.0783386
36569018.571485
37097424.889641
37631280.0860918
38170038.0212424
38714585.5926357
39264335.0937389
39820147.5939624
40381461.5706714
40949182.4880026
41522717.5916949
42103012.1876644
42689456.1725616
43283042.2739054
43883132.7783678
44490775.0823834
45105299.285748
45727816.715762
46357622.4937575
46995887.244851
47641880.2274054
48296827.2904999
48959975.7001408
49632611.6420963
50313963.2862742
51005379.0102537
51706066.537651
52417437.4522787
53138682.5662956
53871285.4403201
54614396.3495627
55369598.5327198
56136017.1319263
56915294.1654114
57706557.2776732
58511557.6835857
59329371.9511916
60161846.7881607
61008054.2705358
61869937.978561
62746551.9658068
63639958.3569017
64549195.4643554
65476434.7853558
66420719.4819253
67384345.7882928
68366355.0684566
69369179.1656186
70391864.0676807
71436991.4895172
72503633.0339059
73594524.787839
74708747.3168073
75849257.0725833
77015126.4856097
78209536.1004077
79431589.60755
80684638.9200519
81964574.9976289
83250578.644507
84568975.3321306
85975660.3935792
87434193.8965927
88912832.5105332
90430319.7427877
92003055.4422078
93623866.421902
95295013.8403483
97019978.7564837
98805626.9872768
100651688.216759
102564008.74009
104544061.634111
106598719.209267
108723203.869732
110920528.327476
113213443.980726
115622006.115125
118123253.763806
120694606.69761
123371223.422753
126320469.240835
129532541.679475
132822443.003655
136152557.373616
139636310.541669
143575287.362324
147955922.806727
152325746.778883
156567999.627237
160959367.952695
165763567.625483
170982775.522573
176520304.187216
182592349.707033
190202697.700772
199189230.502425
207513356.199845
214087450.679704
219625035.580782
227371509.286086
239144769.795722
252666721.014598
267829280.108534
285374696.242254
304714193.831968
329823856.011996
363798321.15655
409973632.603044
470965460.421677
546428811.73222
632275722.452498
717525489.104257
784306064.237929
804129416.632582
743956111.820839
570582789.552979
265656145.101511
-164885901.852545
-684607751.062121
-1227402177.61622
-1715103313.37609
-2076396465.29639
-2264914340.61197
-2270820915.09316
-2118248731.52762
-1853943444.05249
-1532090208.54778
-1201865784.61086
-899118275.816481
-644270025.110279
-443907294.033475
-294827143.304011
-189770681.336453
-118613834.068476
-72237914.2052292
-43029125.1173244
-25127134.765611
-14434407.9707241
-8177005.26613411
-4585980.09026147
-2552728.63697906
-1414981.29768669
-783953.67372071
-435382.391522084
-243862.833954394
-137109.731129057
-75767.949306955
-40972.6523058686
-21945.5570356171
-11735.4063660192
-6283.06413253685
-3373.96113259424
-1818.12923324996
-983.056369319564
-533.311115982675
-290.099739745005
-158.042494750852
-86.085340155383
-46.7519954380257
-25.2067038056383
-13.3923749065031
-6.9898439613274
-1.05420653420453
16.3820158962583
38.1851597418347
)
;

boundaryField
{
    electrode
    {
        type            calculated;
        value           uniform -1722883094.88767;
    }
    ground
    {
        type            calculated;
        value           uniform 5.54995597502658;
    }
    otherfaces
    {
        type            empty;
    }
}


// ************************************************************************* //
