/*--------------------------------*- C++ -*----------------------------------*\
| =========                 |                                                 |
| \\      /  F ield         | foam-extend: Open Source CFD                    |
|  \\    /   O peration     | Version:     4.1                                |
|   \\  /    A nd           | Web:         http://www.foam-extend.org         |
|    \\/     M anipulation  |                                                 |
\*---------------------------------------------------------------------------*/
FoamFile
{
    version     2.0;
    format      ascii;
    class       volVectorField;
    location    "1.50009999935002e-05";
    object      currentDensity;
}
// * * * * * * * * * * * * * * * * * * * * * * * * * * * * * * * * * * * * * //

dimensions      [0 -2 0 0 0 1 0];

internalField   nonuniform List<vector> 
500
(
(-431.514422743826 0 0)
(-330.76629579335 0 0)
(-132.163650033058 0 0)
(119.999858034218 0 0)
(447.316018830667 0 0)
(814.156052640461 0 0)
(1185.01049546089 0 0)
(1471.23952127803 0 0)
(1580.62912941154 0 0)
(1380.43592016301 0 0)
(752.264911933279 0 0)
(-404.35792079548 0 0)
(-2104.10501187999 0 0)
(-4312.38078725002 0 0)
(-6915.59412196612 0 0)
(-9764.52707194014 0 0)
(-12670.4222740323 0 0)
(-15497.9110964119 0 0)
(-18135.0156660059 0 0)
(-20523.639388622 0 0)
(-22616.1087778041 0 0)
(-24475.8797943222 0 0)
(-26117.8153820834 0 0)
(-27454.1715250816 0 0)
(-28707.8225553114 0 0)
(-29795.470480961 0 0)
(-30564.3467779355 0 0)
(-31396.9214477306 0 0)
(-32103.0606541328 0 0)
(-32478.7016159872 0 0)
(-32895.6730274598 0 0)
(-33378.3989775986 0 0)
(-33634.0468556024 0 0)
(-33675.7794984055 0 0)
(-33784.8815254622 0 0)
(-33990.4951761382 0 0)
(-34136.0757264151 0 0)
(-34131.4162596133 0 0)
(-34030.9362861641 0 0)
(-33997.0909634306 0 0)
(-34017.3918431367 0 0)
(-34031.4576414152 0 0)
(-34027.6225208173 0 0)
(-33983.7957637698 0 0)
(-33901.5373709661 0 0)
(-33821.2879049983 0 0)
(-33770.4341520131 0 0)
(-33731.5957358836 0 0)
(-33689.3280207799 0 0)
(-33647.0087588284 0 0)
(-33607.1832261972 0 0)
(-33569.5774068014 0 0)
(-33529.6450839524 0 0)
(-33479.5277993301 0 0)
(-33425.1340624647 0 0)
(-33380.6060309501 0 0)
(-33341.343027548 0 0)
(-33300.3845748951 0 0)
(-33261.8489653041 0 0)
(-33227.9984891552 0 0)
(-33195.0505437963 0 0)
(-33161.3589123562 0 0)
(-33128.1422285426 0 0)
(-33095.5531237235 0 0)
(-33063.4960704852 0 0)
(-33032.5552867728 0 0)
(-33003.1970968363 0 0)
(-32974.4724885348 0 0)
(-32945.8927416029 0 0)
(-32917.9132332192 0 0)
(-32890.6787771592 0 0)
(-32864.163404606 0 0)
(-32838.3461125154 0 0)
(-32813.2115743845 0 0)
(-32788.7226517005 0 0)
(-32764.8171199999 0 0)
(-32741.1464353478 0 0)
(-32718.1505582248 0 0)
(-32695.7555363027 0 0)
(-32673.8700591543 0 0)
(-32652.2255682235 0 0)
(-32630.3920470614 0 0)
(-32610.3819756369 0 0)
(-32593.3447475183 0 0)
(-32575.8917866033 0 0)
(-32557.1710860356 0 0)
(-32538.7734545685 0 0)
(-32520.8405023581 0 0)
(-32503.3235664173 0 0)
(-32486.2135332818 0 0)
(-32469.4974192448 0 0)
(-32453.1611926032 0 0)
(-32437.1931155125 0 0)
(-32421.5806202635 0 0)
(-32406.3140784043 0 0)
(-32391.3845365604 0 0)
(-32376.7750047071 0 0)
(-32362.48663116 0 0)
(-32348.5013663333 0 0)
(-32334.8124530261 0 0)
(-32321.415718688 0 0)
(-32308.2964299533 0 0)
(-32295.450656373 0 0)
(-32282.8711327637 0 0)
(-32270.5457162873 0 0)
(-32258.4764893995 0 0)
(-32246.6460762417 0 0)
(-32235.0558445813 0 0)
(-32223.6959020481 0 0)
(-32212.5602248592 0 0)
(-32201.6439033561 0 0)
(-32190.9423813302 0 0)
(-32180.4443433602 0 0)
(-32170.1532683153 0 0)
(-32160.0584362383 0 0)
(-32150.152505801 0 0)
(-32140.4382771189 0 0)
(-32130.9058404784 0 0)
(-32121.550675863 0 0)
(-32112.3702202988 0 0)
(-32103.3617927822 0 0)
(-32094.5154779598 0 0)
(-32085.8336053599 0 0)
(-32077.310568483 0 0)
(-32068.9404454957 0 0)
(-32060.7212020573 0 0)
(-32052.6523687517 0 0)
(-32044.7237950721 0 0)
(-32036.9404077088 0 0)
(-32029.2927628261 0 0)
(-32021.7810334967 0 0)
(-32014.4018440729 0 0)
(-32007.150995572 0 0)
(-32000.0270237937 0 0)
(-31993.0277602691 0 0)
(-31986.148103714 0 0)
(-31979.3891468512 0 0)
(-31972.7461479438 0 0)
(-31966.2175044428 0 0)
(-31959.7995950869 0 0)
(-31953.4944394239 0 0)
(-31947.2940210855 0 0)
(-31941.2000930867 0 0)
(-31935.2115520822 0 0)
(-31929.3212993561 0 0)
(-31923.5354944329 0 0)
(-31917.8419563817 0 0)
(-31912.2508072483 0 0)
(-31906.7479174058 0 0)
(-31901.3422812326 0 0)
(-31896.0263132297 0 0)
(-31890.7998580022 0 0)
(-31885.6610421194 0 0)
(-31880.6120452204 0 0)
(-31875.6423534533 0 0)
(-31870.7622422016 0 0)
(-31865.9610982918 0 0)
(-31861.24203452 0 0)
(-31856.6038544337 0 0)
(-31852.0429232386 0 0)
(-31847.5585800345 0 0)
(-31843.1540388822 0 0)
(-31838.8190371815 0 0)
(-31834.5627871786 0 0)
(-31830.3763134359 0 0)
(-31826.2628682276 0 0)
(-31822.2211935403 0 0)
(-31818.2462994862 0 0)
(-31814.3426364754 0 0)
(-31810.5062787848 0 0)
(-31806.7360962831 0 0)
(-31803.0322406442 0 0)
(-31799.3944199339 0 0)
(-31795.8200386688 0 0)
(-31792.3084493141 0 0)
(-31788.8582310611 0 0)
(-31785.4745534705 0 0)
(-31782.1470944104 0 0)
(-31778.8814916356 0 0)
(-31775.6762047049 0 0)
(-31772.5306211301 0 0)
(-31769.4399734854 0 0)
(-31766.409860829 0 0)
(-31763.4362467048 0 0)
(-31760.5185522334 0 0)
(-31757.6560632132 0 0)
(-31754.8489879112 0 0)
(-31752.0960304129 0 0)
(-31749.397877748 0 0)
(-31746.7499724004 0 0)
(-31744.1591383407 0 0)
(-31741.6183456247 0 0)
(-31739.1271904298 0 0)
(-31736.6909234685 0 0)
(-31734.3035687075 0 0)
(-31731.9661723755 0 0)
(-31729.6786153895 0 0)
(-31727.4408198214 0 0)
(-31725.2538582193 0 0)
(-31723.1106565619 0 0)
(-31721.0207134064 0 0)
(-31718.9740492458 0 0)
(-31716.9763145319 0 0)
(-31715.0281257925 0 0)
(-31713.1207221976 0 0)
(-31711.2662768572 0 0)
(-31709.4524859051 0 0)
(-31707.6856710572 0 0)
(-31705.9603128021 0 0)
(-31704.2942168281 0 0)
(-31702.7791498412 0 0)
(-31701.0825273466 0 0)
(-31699.3356461351 0 0)
(-31698.0402998484 0 0)
(-31696.7232912194 0 0)
(-31695.2519317078 0 0)
(-31693.8995687944 0 0)
(-31692.5835724299 0 0)
(-31691.3110073597 0 0)
(-31690.0785567094 0 0)
(-31688.8842251429 0 0)
(-31687.7354503992 0 0)
(-31686.6291620262 0 0)
(-31685.5547830532 0 0)
(-31684.5280647686 0 0)
(-31683.5402720607 0 0)
(-31682.5906885922 0 0)
(-31681.6859598381 0 0)
(-31680.8213644996 0 0)
(-31679.9940963381 0 0)
(-31679.2049633378 0 0)
(-31678.4583230293 0 0)
(-31677.7499901456 0 0)
(-31677.0822630864 0 0)
(-31676.4535886039 0 0)
(-31675.8658863694 0 0)
(-31675.3168970146 0 0)
(-31674.8079720282 0 0)
(-31674.3368050435 0 0)
(-31673.8998604086 0 0)
(-31673.5066570057 0 0)
(-31673.1541402775 0 0)
(-31672.8468990387 0 0)
(-31672.5706846617 0 0)
(-31672.3300750972 0 0)
(-31672.1229855186 0 0)
(-31671.947639987 0 0)
(-31671.9297707045 0 0)
(-31671.7218463703 0 0)
(-31671.5431698319 0 0)
(-31671.6325364804 0 0)
(-31671.5813565644 0 0)
(-31671.7156323335 0 0)
(-31671.9543940374 0 0)
(-31672.086415543 0 0)
(-31672.284359774 0 0)
(-31672.5178139426 0 0)
(-31672.78655298 0 0)
(-31673.0876491899 0 0)
(-31673.4332302651 0 0)
(-31673.8178929809 0 0)
(-31674.2471976066 0 0)
(-31674.71457131 0 0)
(-31675.217351795 0 0)
(-31675.7533135412 0 0)
(-31676.3074313154 0 0)
(-31676.8993430831 0 0)
(-31677.6240973317 0 0)
(-31678.3232364016 0 0)
(-31679.0690678429 0 0)
(-31679.8562763817 0 0)
(-31680.6792151167 0 0)
(-31681.5440057775 0 0)
(-31682.4536559565 0 0)
(-31683.4132474403 0 0)
(-31684.3984584099 0 0)
(-31685.4220003376 0 0)
(-31686.5073795471 0 0)
(-31687.6271399026 0 0)
(-31688.7796480702 0 0)
(-31689.9821247535 0 0)
(-31691.2254433256 0 0)
(-31692.5127298799 0 0)
(-31693.8489845841 0 0)
(-31695.2207183101 0 0)
(-31696.5602136736 0 0)
(-31698.173052552 0 0)
(-31699.8993199489 0 0)
(-31701.1962590044 0 0)
(-31702.6447989643 0 0)
(-31704.3949546728 0 0)
(-31706.0799317708 0 0)
(-31707.7889728499 0 0)
(-31709.5461856964 0 0)
(-31711.3488486367 0 0)
(-31713.1993724025 0 0)
(-31715.0933092016 0 0)
(-31717.0373170167 0 0)
(-31719.0255467266 0 0)
(-31721.0629558036 0 0)
(-31723.1461217972 0 0)
(-31725.2807122169 0 0)
(-31727.4636190718 0 0)
(-31729.6850651927 0 0)
(-31731.9640632914 0 0)
(-31734.2947469561 0 0)
(-31736.6743998726 0 0)
(-31739.1085509629 0 0)
(-31741.5945555012 0 0)
(-31744.131363606 0 0)
(-31746.7226969851 0 0)
(-31749.3660937702 0 0)
(-31752.0628311105 0 0)
(-31754.8143227904 0 0)
(-31757.6202762246 0 0)
(-31760.480930934 0 0)
(-31763.399342472 0 0)
(-31766.3709559879 0 0)
(-31769.4031104585 0 0)
(-31772.4902628571 0 0)
(-31775.6380318479 0 0)
(-31778.843052345 0 0)
(-31782.1080086881 0 0)
(-31785.4336575593 0 0)
(-31788.8207739128 0 0)
(-31792.2685235554 0 0)
(-31795.7810212742 0 0)
(-31799.3574607058 0 0)
(-31802.9932730128 0 0)
(-31806.6997663904 0 0)
(-31810.4700469708 0 0)
(-31814.3064917008 0 0)
(-31818.2120167433 0 0)
(-31822.1844185474 0 0)
(-31826.2276501773 0 0)
(-31830.3406724228 0 0)
(-31834.526987878 0 0)
(-31838.7847062407 0 0)
(-31843.1146044288 0 0)
(-31847.5213279667 0 0)
(-31852.0032952665 0 0)
(-31856.561277622 0 0)
(-31861.200040832 0 0)
(-31865.914593656 0 0)
(-31870.7129158452 0 0)
(-31875.5900096709 0 0)
(-31880.5545252797 0 0)
(-31885.5998624988 0 0)
(-31890.7323810019 0 0)
(-31895.9526395069 0 0)
(-31901.2603170398 0 0)
(-31906.6623844932 0 0)
(-31912.1514243732 0 0)
(-31917.7369805896 0 0)
(-31923.4180499781 0 0)
(-31929.1955027084 0 0)
(-31935.0707388245 0 0)
(-31941.0483207861 0 0)
(-31947.1275601443 0 0)
(-31953.3100605081 0 0)
(-31959.6013456519 0 0)
(-31965.9985518395 0 0)
(-31972.5086374454 0 0)
(-31979.1293357788 0 0)
(-31985.8664585344 0 0)
(-31992.722371211 0 0)
(-31999.6954185486 0 0)
(-32006.7931005697 0 0)
(-32014.0130492738 0 0)
(-32021.3642352542 0 0)
(-32028.8432836802 0 0)
(-32036.4550371216 0 0)
(-32044.2057157466 0 0)
(-32052.0926175876 0 0)
(-32060.125170694 0 0)
(-32068.2991419181 0 0)
(-32076.62639029 0 0)
(-32085.1026594315 0 0)
(-32093.7373883855 0 0)
(-32102.531138197 0 0)
(-32111.4880513165 0 0)
(-32120.6134695751 0 0)
(-32129.9119722061 0 0)
(-32139.3842379159 0 0)
(-32149.0385897866 0 0)
(-32158.8799532745 0 0)
(-32168.907481741 0 0)
(-32179.1336469012 0 0)
(-32189.5580367045 0 0)
(-32200.1892442564 0 0)
(-32211.0308564674 0 0)
(-32222.0909273084 0 0)
(-32233.3716578547 0 0)
(-32244.8834511377 0 0)
(-32256.6307801743 0 0)
(-32268.620679056 0 0)
(-32280.8597004804 0 0)
(-32293.3556534859 0 0)
(-32306.1156532321 0 0)
(-32319.1514218327 0 0)
(-32332.4623715002 0 0)
(-32346.0665075919 0 0)
(-32359.9684348981 0 0)
(-32374.1777071077 0 0)
(-32388.7032626725 0 0)
(-32403.5597116528 0 0)
(-32418.7514503373 0 0)
(-32434.2950507674 0 0)
(-32450.1991814035 0 0)
(-32466.4798556104 0 0)
(-32483.1476617032 0 0)
(-32500.2170748197 0 0)
(-32517.7052930755 0 0)
(-32535.6316944735 0 0)
(-32553.9742752853 0 0)
(-32572.8522779581 0 0)
(-32593.7689390966 0 0)
(-32616.0272085575 0 0)
(-32636.579505574 0 0)
(-32656.4060048191 0 0)
(-32677.5998731304 0 0)
(-32699.5639898407 0 0)
(-32722.2047979412 0 0)
(-32745.5171939761 0 0)
(-32769.5346326593 0 0)
(-32794.2767593673 0 0)
(-32819.7788748342 0 0)
(-32846.0732897076 0 0)
(-32873.2045680859 0 0)
(-32901.2015243073 0 0)
(-32930.1247360398 0 0)
(-32959.9908596097 0 0)
(-32990.9977616468 0 0)
(-33023.6444804876 0 0)
(-33057.5789921369 0 0)
(-33092.0490648945 0 0)
(-33127.7651758673 0 0)
(-33165.4261985526 0 0)
(-33204.7687334752 0 0)
(-33246.1246411889 0 0)
(-33290.8566542039 0 0)
(-33337.3459436048 0 0)
(-33381.6563784239 0 0)
(-33426.476827169 0 0)
(-33476.424656141 0 0)
(-33525.0151233479 0 0)
(-33567.8928075389 0 0)
(-33617.8029513837 0 0)
(-33681.0736892594 0 0)
(-33750.1545485281 0 0)
(-33821.2772569055 0 0)
(-33894.5004050706 0 0)
(-33971.5301511366 0 0)
(-34055.4714184608 0 0)
(-34131.0378858455 0 0)
(-34179.9958099833 0 0)
(-34224.4566520273 0 0)
(-34304.3472950888 0 0)
(-34424.0192316502 0 0)
(-34558.7216084915 0 0)
(-34690.1913810849 0 0)
(-34754.2388831623 0 0)
(-34728.4271525783 0 0)
(-34766.392165271 0 0)
(-34922.4041563491 0 0)
(-35091.367185006 0 0)
(-35103.0437258359 0 0)
(-34965.8358834311 0 0)
(-34946.1248399691 0 0)
(-35039.903986636 0 0)
(-34927.2760943398 0 0)
(-34602.2007138843 0 0)
(-34420.7392919091 0 0)
(-34140.5513930663 0 0)
(-33535.4664075264 0 0)
(-32962.2853192577 0 0)
(-32225.4032840406 0 0)
(-31200.0166486323 0 0)
(-30067.1581735147 0 0)
(-28702.7768962374 0 0)
(-27104.3283549965 0 0)
(-25330.7714540745 0 0)
(-23416.2554070956 0 0)
(-21387.1597051874 0 0)
(-19300.5777533193 0 0)
(-17257.4451172106 0 0)
(-15275.9883990057 0 0)
(-13446.3603898726 0 0)
(-11794.1830245599 0 0)
(-10328.7877674928 0 0)
(-9029.5706695086 0 0)
(-7896.45149865783 0 0)
(-6882.67021154935 0 0)
(-5976.36237333721 0 0)
(-5141.25028252622 0 0)
(-4393.60240685278 0 0)
(-3709.74006766557 0 0)
(-3116.21982970354 0 0)
(-2590.05019196141 0 0)
(-2228.15048309373 0 0)
)
;

boundaryField
{
    electrode
    {
        type            calculated;
        value           uniform (-688.793036637428 0 0);
    }
    ground
    {
        type            calculated;
        value           uniform (-1104.93609347238 0 0);
    }
    otherfaces
    {
        type            empty;
    }
}


// ************************************************************************* //
