/*--------------------------------*- C++ -*----------------------------------*\
| =========                 |                                                 |
| \\      /  F ield         | foam-extend: Open Source CFD                    |
|  \\    /   O peration     | Version:     4.1                                |
|   \\  /    A nd           | Web:         http://www.foam-extend.org         |
|    \\/     M anipulation  |                                                 |
\*---------------------------------------------------------------------------*/
FoamFile
{
    version     2.0;
    format      ascii;
    class       volScalarField;
    location    "1.50009999935002e-05";
    object      eDensity;
}
// * * * * * * * * * * * * * * * * * * * * * * * * * * * * * * * * * * * * * //

dimensions      [1 -1 -2 0 0 0 0];

internalField   nonuniform List<scalar> 
500
(
0.00967951109876952
0.0150330201767002
0.0228171030485523
0.0338462925061344
0.0490851095065765
0.0696141964578266
0.0965753902016436
0.131092639582773
0.174170944194227
0.226588709505117
0.288805339522308
0.360897822658745
0.442535530522239
0.532999869304491
0.631251853782212
0.736034567681809
0.845978654617961
0.95970527031736
1.07592035045537
1.19346845686603
1.31136733065684
1.42883316893046
1.54526889599714
1.66021479315784
1.77335791723562
1.88450410129717
1.99349395094727
2.10026789517692
2.20484117916552
2.30718496781919
2.40732445188417
2.50537565409436
2.60140034857416
2.69539907143802
2.78744399032348
2.87768919342962
2.96625555312341
3.05318168037315
3.13848546054153
3.22224492943944
3.30458958176561
3.38563635448249
3.4654646809191
3.54412081950612
3.62163612391723
3.69805484704491
3.77344428515957
3.84787939199534
3.92142683009099
3.99414359051175
4.06607945282968
4.13727681292312
4.20776979821316
4.27758469375374
4.34674571203226
4.41528132328966
4.48322255065421
4.5505981924459
4.61743538813513
4.68376095346664
4.74959926915526
4.81497071088503
4.87989259585473
4.94438022722237
5.00844730481187
5.07210633373411
5.1353687928057
5.1982448213355
5.26074309743696
5.32287126301723
5.38463626739546
5.44604444774274
5.50710157925301
5.5678129359464
5.62818334511475
5.68821723532516
5.74791868118122
5.80729145044966
5.86633900651617
5.92506458192156
5.9834712820893
6.04156217679379
6.09934073541471
6.15681069587679
6.21397459838518
6.27083327865018
6.32738698828221
6.38363597420839
6.43958039811089
6.49522033055917
6.55055576330358
6.60558661706731
6.66031274599834
6.71473394449684
6.76884995319149
6.82266046215163
6.87616511569861
6.92936351624706
6.9822552278686
7.03483978078969
7.08711667375522
7.13908537632081
7.19074533149055
7.24209595974623
7.29313666113929
7.3438668158387
7.39428578679194
7.44439292211168
7.49418755731629
7.54366901645726
7.59283661226656
7.64168964886117
7.6902274235061
7.73844922664093
7.78635434352752
7.83394205478031
7.88121163831469
7.92816236984218
7.97479352268227
8.02110436963758
8.06709418350755
8.1127622363799
8.15810780224109
8.20313015641512
8.24782857666056
8.29220234216675
8.3362507345837
8.37997304051968
8.42336854836987
8.46643655046266
8.50917634408866
8.55158722987309
8.59366851328113
8.63541950497097
8.67683952039041
8.71792787947993
8.75868390734846
8.79910693538638
8.83919630038267
8.87895134316711
8.91837141155824
8.95745585921517
8.99620404478014
9.03461533401934
9.07268909770699
9.11042471221763
9.14782156078446
9.18487903232748
9.22159652219362
9.2579734314478
9.29400916724219
9.32970314326315
9.36505477909145
9.40006350135307
9.43472874220596
9.46904993956572
9.5030265383446
9.53665798956263
9.56994375040174
9.60288328523319
9.63547606378215
9.66772156216837
9.69961926358974
9.73116865682271
9.76236923752673
9.79322050819089
9.82372197725322
9.85387315992466
9.88367357705702
9.91312275719064
9.94222023580239
9.97096555392519
9.99935825944643
10.0273979071716
10.055084059082
10.0824162835172
10.1093941557459
10.1360172579612
10.162285178941
10.1881975148431
10.2137538685948
10.2389538506948
10.2637970785731
10.2882831764934
10.3124117766049
10.3361825181428
10.3595950472772
10.382649018062
10.4053440920941
10.4276799383509
10.4496562329778
10.471272660955
10.4925289146617
10.5134246930418
10.5339597037495
10.5541336622362
10.5739462923256
10.5933973263846
10.6124865045143
10.631213578308
10.6495783063792
10.6675804524064
10.6852197896658
10.702496099837
10.7194091743157
10.7359588128466
10.7521448234318
10.7679670247762
10.7834252438323
10.7985193174698
10.8132491014301
10.8276143923768
10.8416149629501
10.8552507745165
10.8685218263601
10.8814279362572
10.8939688948441
10.9061445349871
10.9179546848177
10.9293991736524
10.9404778311707
10.9511904914367
10.961536990575
10.9715171642659
10.9811308588204
10.9903779228469
10.9992581964558
11.0077715285543
11.0159177798417
11.0236968132141
11.0311084942242
11.0381526945631
11.0448292927297
11.0511381720594
11.057079221291
11.0626523351698
11.067857413916
11.0726943635783
11.0771630945634
11.0812635250749
11.0849955795637
11.0883591908451
11.0913542986768
11.0939808455694
11.096238781222
11.0981280628296
11.0996486552809
11.1008005424502
11.1015836650712
11.1019978377861
11.1020434341645
11.1017203054714
11.1010283642849
11.0999676433496
11.0985381848851
11.0967400037693
11.0945731348924
11.0920376183874
11.0891335010876
11.085860836738
11.0822196868479
11.0782101202965
11.0738322135401
11.0690860467974
11.0639717061611
11.0584892855556
11.0526388865121
11.0464206181602
11.0398345971794
11.0328809470178
11.0255597953977
11.0178712755526
11.009815525467
11.0013926923773
10.9926029339169
10.9834464126012
10.9739232918786
10.9640337414163
10.9537779374121
10.943156059498
10.9321682939445
10.9208148318106
10.9090958659087
10.8970115927549
10.884562211967
10.871747920249
10.8585689514488
10.8450255199236
10.8311176893606
10.8168455589798
10.8022093918764
10.7872094282614
10.7718458611551
10.7561189056317
10.7400287902679
10.7235757539647
10.7067600471231
10.6895819311728
10.6720416796248
10.6541395770663
10.635875919216
10.6172510135794
10.5982651791176
10.5789187455232
10.5592120532244
10.5391454554189
10.5187193152759
10.4979340067686
10.47678991542
10.4552874371845
10.4334269796236
10.4112089607466
10.3886338086994
10.3657019633811
10.3424138742443
10.318770000715
10.2947708143043
10.2704167955161
10.2457084351511
10.2206462336501
10.1952307023167
10.1694623616498
10.1433417409256
10.1168693804749
10.0900458291118
10.0628716445435
10.0353473940403
10.0074736539563
9.97925100837915
9.95068004998064
9.92176138032204
9.8924956084165
9.86288335123321
9.83292523396267
9.80262188826194
9.77197395239463
9.74098207446045
9.70964690671001
9.67796910765941
9.64594934100802
9.61358827870546
9.58088659685656
9.54784497548867
9.51446410107667
9.48074466361734
9.44668735681732
9.41229287867129
9.37756192993076
9.34249521349538
9.30709343493005
9.27135730268724
9.23528752565912
9.19888481359874
9.16214987676292
9.12508342481107
9.08768616777919
9.04995881374571
9.01190206811996
8.97351663573955
8.93480321686022
8.8957625078953
8.8563952016477
8.81670198534775
8.77668354094327
8.73634054262802
8.69567365769011
8.6546835458097
8.61337085682264
8.57173623071881
8.52978029698351
8.48750367270107
8.44490696362664
8.40199076136603
8.35875564088356
8.31520216333375
8.27133087284274
8.22714229484845
8.18263693607322
8.13781528242934
8.09267779823641
8.04722492473663
8.00145707895332
7.95537465215854
7.90897800836315
7.86226748292133
7.81524338147449
7.76790597759422
7.72025551043596
7.67229218456082
7.62401616737664
7.57542758797953
7.52652653345752
7.47731304895537
7.42778713439433
7.37794874190837
7.32779777498893
7.27733408476559
7.22655746804864
7.17546766500266
7.12406435567255
7.07234715815311
7.0203156257202
6.96796924091171
6.91530741540754
6.86232948746915
6.80903471492426
6.75542227323431
6.7014912524408
6.64724065224158
6.59266937779908
6.53777623667614
6.48255993527837
6.42701907464569
6.37115214838889
6.31495753799676
6.25843352450473
6.2015783639688
6.14438961613314
6.08686290303949
6.028992503869
5.97077299760966
5.91219943097888
5.85326684018416
5.79397011909405
5.73430392132537
5.67426258059044
5.61384007022528
5.55302996455573
5.49182540118381
5.43021903319124
5.36820297781159
5.30576876286788
5.24290727311175
5.17960866322327
5.11586198067101
5.05165470728866
4.98697290878358
4.92180158769428
4.85612451640415
4.78992383508121
4.72317968851436
4.65586922768725
4.58796561728213
4.51943939471803
4.45026038692
4.38039638754708
4.30981285229746
4.23847818611116
4.16636533219556
4.09344434872763
4.01967631237926
3.94501295719962
3.86939756091034
3.79276480275762
3.71503789122217
3.63612993713575
3.55596033815458
3.47446879451904
3.39160192249378
3.30728428038149
3.22140068191525
3.13379098872434
3.04427397220636
2.95270952914269
2.8590033413992
2.76302491962441
2.66454736315059
2.56329718559318
2.45907013999477
2.35172363566056
2.24105208689958
2.12680547958489
2.00884955957396
1.887150764008
1.76170890281281
1.63270695223739
1.50057033978491
1.36593745123962
1.22976861865599
1.09337743550928
0.95840331388661
0.826795827044665
0.700717588921696
0.582378447157971
0.47383980301822
0.376810669002758
0.292454620868123
0.221264775915216
0.163033594394802
0.116915504812821
0.0815713887218234
0.0553646618484171
0.0365618020980885
0.023501056652714
0.0147108349305684
0.00897298217095443
0.00533687378932436
0.00309767249594734
0.00175646367691733
0.000975746424080131
)
;

boundaryField
{
    electrode
    {
        type            energyDensity_wilsonBC5;
        seec            0;
        Tse             22000;
        value           uniform 0.00967951109876952;
    }
    ground
    {
        type            energyDensity_wilsonBC5;
        seec            0;
        Tse             22000;
        value           uniform 0.000975746424080131;
    }
    otherfaces
    {
        type            empty;
    }
}


// ************************************************************************* //
