/*--------------------------------*- C++ -*----------------------------------*\
| =========                 |                                                 |
| \\      /  F ield         | foam-extend: Open Source CFD                    |
|  \\    /   O peration     | Version:     4.1                                |
|   \\  /    A nd           | Web:         http://www.foam-extend.org         |
|    \\/     M anipulation  |                                                 |
\*---------------------------------------------------------------------------*/
FoamFile
{
    version     2.0;
    format      ascii;
    class       volVectorField;
    location    "1.50009999935002e-05";
    object      EField;
}
// * * * * * * * * * * * * * * * * * * * * * * * * * * * * * * * * * * * * * //

dimensions      [1 1 -3 0 0 -1 0];

internalField   nonuniform List<vector> 
500
(
(-1134732.60081853 -0 -0)
(-1093048.70340749 -0 -0)
(-1050176.63192355 -0 -0)
(-1006384.79227921 -0 -0)
(-961562.493227152 -0 -0)
(-915744.551830336 -0 -0)
(-868961.564627969 -0 -0)
(-821308.510696492 -0 -0)
(-772828.230387133 -0 -0)
(-723723.36264221 -0 -0)
(-674269.663483301 -0 -0)
(-624841.582928157 -0 -0)
(-575838.461525792 -0 -0)
(-527744.022071212 -0 -0)
(-481068.116487107 -0 -0)
(-436335.071424895 -0 -0)
(-393976.29603621 -0 -0)
(-354381.784601236 -0 -0)
(-317829.793418294 -0 -0)
(-284474.25547038 -0 -0)
(-254371.755517038 -0 -0)
(-227495.670627774 -0 -0)
(-203696.368240586 -0 -0)
(-182744.580302885 -0 -0)
(-164453.577745381 -0 -0)
(-148521.804653258 -0 -0)
(-134650.983336195 -0 -0)
(-122673.641218819 -0 -0)
(-112290.882623166 -0 -0)
(-103235.306010461 -0 -0)
(-95400.8910722562 -0 -0)
(-88611.3979231237 -0 -0)
(-82631.8894280535 -0 -0)
(-77339.3084275562 -0 -0)
(-72703.6918352121 -0 -0)
(-68643.3764818137 -0 -0)
(-65024.8835949036 -0 -0)
(-61744.4659510893 -0 -0)
(-58768.145489438 -0 -0)
(-56099.0835596155 -0 -0)
(-53707.7906391725 -0 -0)
(-51542.8066587452 -0 -0)
(-49558.0989797085 -0 -0)
(-47718.132366122 -0 -0)
(-46005.7039779928 -0 -0)
(-44419.0828761612 -0 -0)
(-42956.1320132587 -0 -0)
(-41604.8618856671 -0 -0)
(-40350.5812031973 -0 -0)
(-39181.5135336964 -0 -0)
(-38087.4217114939 -0 -0)
(-37058.8845150719 -0 -0)
(-36087.2207047906 -0 -0)
(-35165.662560173 -0 -0)
(-34291.7166141011 -0 -0)
(-33464.83275451 -0 -0)
(-32682.0875905941 -0 -0)
(-31939.6676997099 -0 -0)
(-31234.9840009738 -0 -0)
(-30565.3577496881 -0 -0)
(-29927.3467187188 -0 -0)
(-29317.8539948565 -0 -0)
(-28734.5203699224 -0 -0)
(-28175.3313015001 -0 -0)
(-27638.5425496956 -0 -0)
(-27122.6716835424 -0 -0)
(-26626.3084545307 -0 -0)
(-26147.9719729514 -0 -0)
(-25686.3489066985 -0 -0)
(-25240.3970790716 -0 -0)
(-24809.2030354521 -0 -0)
(-24391.9272199926 -0 -0)
(-23987.7984591648 -0 -0)
(-23596.1074100561 -0 -0)
(-23216.2003398571 -0 -0)
(-22847.4817801406 -0 -0)
(-22489.4148059377 -0 -0)
(-22141.5029038505 -0 -0)
(-21803.2797968007 -0 -0)
(-21474.315824117 -0 -0)
(-21154.2279133404 -0 -0)
(-20842.7305545496 -0 -0)
(-20539.723804254 -0 -0)
(-20244.8274015024 -0 -0)
(-19957.1342048848 -0 -0)
(-19675.9714847004 -0 -0)
(-19401.0727076968 -0 -0)
(-19132.2099754852 -0 -0)
(-18869.1600328379 -0 -0)
(-18611.7101410659 -0 -0)
(-18359.6572502019 -0 -0)
(-18112.8076800289 -0 -0)
(-17870.976859171 -0 -0)
(-17633.9887790202 -0 -0)
(-17401.6755136849 -0 -0)
(-17173.8769736679 -0 -0)
(-16950.4403923853 -0 -0)
(-16731.2199040384 -0 -0)
(-16516.0762624956 -0 -0)
(-16304.8763163934 -0 -0)
(-16097.4927108559 -0 -0)
(-15893.8037241579 -0 -0)
(-15693.6927922538 -0 -0)
(-15497.0482406628 -0 -0)
(-15303.7630544935 -0 -0)
(-15113.7346050324 -0 -0)
(-14926.864534813 -0 -0)
(-14743.0584214271 -0 -0)
(-14562.2255472732 -0 -0)
(-14384.278770995 -0 -0)
(-14209.1343547791 -0 -0)
(-14036.7118308683 -0 -0)
(-13866.9337188517 -0 -0)
(-13699.7254078354 -0 -0)
(-13535.0152014647 -0 -0)
(-13372.7339605564 -0 -0)
(-13212.814980602 -0 -0)
(-13055.1940662479 -0 -0)
(-12899.809272918 -0 -0)
(-12746.6008373154 -0 -0)
(-12595.5111097569 -0 -0)
(-12446.4843846196 -0 -0)
(-12299.4668520315 -0 -0)
(-12154.4065652951 -0 -0)
(-12011.2533202692 -0 -0)
(-11869.9585321776 -0 -0)
(-11730.475261175 -0 -0)
(-11592.7580691545 -0 -0)
(-11456.7629174642 -0 -0)
(-11322.4472898844 -0 -0)
(-11189.7699788518 -0 -0)
(-11058.6910400518 -0 -0)
(-10929.1718124946 -0 -0)
(-10801.174767745 -0 -0)
(-10674.66357759 -0 -0)
(-10549.6029913744 -0 -0)
(-10425.9587904515 -0 -0)
(-10303.6978075891 -0 -0)
(-10182.787839906 -0 -0)
(-10063.1976092973 -0 -0)
(-9944.89675516851 -0 -0)
(-9827.8558367045 -0 -0)
(-9712.04618843602 -0 -0)
(-9597.43992650975 -0 -0)
(-9484.00999014375 -0 -0)
(-9371.73010495928 -0 -0)
(-9260.5746893853 -0 -0)
(-9150.51882245568 -0 -0)
(-9041.53830167407 -0 -0)
(-8933.6095237191 -0 -0)
(-8826.70954500199 -0 -0)
(-8720.81606536528 -0 -0)
(-8615.90728052676 -0 -0)
(-8511.96203227451 -0 -0)
(-8408.95969986247 -0 -0)
(-8306.88009644231 -0 -0)
(-8205.70366357265 -0 -0)
(-8105.41126327249 -0 -0)
(-8005.98419947487 -0 -0)
(-7907.40437838361 -0 -0)
(-7809.65403751154 -0 -0)
(-7712.71585986595 -0 -0)
(-7616.57297513574 -0 -0)
(-7521.20885401188 -0 -0)
(-7426.60742746605 -0 -0)
(-7332.75296046861 -0 -0)
(-7239.63010618882 -0 -0)
(-7147.22389405445 -0 -0)
(-7055.51965054469 -0 -0)
(-6964.50305171181 -0 -0)
(-6874.16007767396 -0 -0)
(-6784.47704165879 -0 -0)
(-6695.44060701078 -0 -0)
(-6607.03768302545 -0 -0)
(-6519.25545937979 -0 -0)
(-6432.08139064839 -0 -0)
(-6345.50319752031 -0 -0)
(-6259.50892456573 -0 -0)
(-6174.08680088942 -0 -0)
(-6089.22529060411 -0 -0)
(-6004.91318123702 -0 -0)
(-5921.139459069 -0 -0)
(-5837.89324822063 -0 -0)
(-5755.16394569292 -0 -0)
(-5672.94122777374 -0 -0)
(-5591.2149217905 -0 -0)
(-5509.97501542752 -0 -0)
(-5429.21172086673 -0 -0)
(-5348.91547540755 -0 -0)
(-5269.07683956619 -0 -0)
(-5189.68652647634 -0 -0)
(-5110.7355447513 -0 -0)
(-5032.21498812087 -0 -0)
(-4954.11604415575 -0 -0)
(-4876.43018679877 -0 -0)
(-4799.1490152514 -0 -0)
(-4722.2642217198 -0 -0)
(-4645.7676406064 -0 -0)
(-4569.65129558132 -0 -0)
(-4493.90734730112 -0 -0)
(-4418.52810705375 -0 -0)
(-4343.50599580907 -0 -0)
(-4268.83343696232 -0 -0)
(-4194.50312522702 -0 -0)
(-4120.50786765022 -0 -0)
(-4046.84048531597 -0 -0)
(-3973.49404994532 -0 -0)
(-3900.46162135376 -0 -0)
(-3827.73633857387 -0 -0)
(-3755.31216849219 -0 -0)
(-3683.18100118791 -0 -0)
(-3611.32153451773 -0 -0)
(-3539.74106754087 -0 -0)
(-3468.45924708808 -0 -0)
(-3397.44342643957 -0 -0)
(-3326.66998444511 -0 -0)
(-3256.14016392563 -0 -0)
(-3185.84563507434 -0 -0)
(-3115.77877186077 -0 -0)
(-3045.93222162192 -0 -0)
(-2976.29878086786 -0 -0)
(-2906.87177575812 -0 -0)
(-2837.64394638025 -0 -0)
(-2768.60831714338 -0 -0)
(-2699.7589109087 -0 -0)
(-2631.08913242707 -0 -0)
(-2562.59252008038 -0 -0)
(-2494.26313975915 -0 -0)
(-2426.09440377317 -0 -0)
(-2358.07982925738 -0 -0)
(-2290.21360610114 -0 -0)
(-2222.4899621476 -0 -0)
(-2154.90300263359 -0 -0)
(-2087.44689989456 -0 -0)
(-2020.11583839186 -0 -0)
(-1952.90410529508 -0 -0)
(-1885.80592019034 -0 -0)
(-1818.81531785148 -0 -0)
(-1751.92671031766 -0 -0)
(-1685.13479616181 -0 -0)
(-1618.43425411992 -0 -0)
(-1551.81979328526 -0 -0)
(-1485.28571516918 -0 -0)
(-1418.82587882347 -0 -0)
(-1352.43456946251 -0 -0)
(-1286.10706727642 -0 -0)
(-1219.83898550872 -0 -0)
(-1153.62673078127 -0 -0)
(-1087.45243087179 -0 -0)
(-1021.32581514282 -0 -0)
(-955.258226175365 -0 -0)
(-889.20212259517 -0 -0)
(-823.162823772553 -0 -0)
(-757.158178406221 -0 -0)
(-691.16771030114 -0 -0)
(-625.188530834655 -0 -0)
(-559.214776197386 -0 -0)
(-493.24046761755 -0 -0)
(-427.260608325728 -0 -0)
(-361.27033891435 -0 -0)
(-295.264686273276 -0 -0)
(-229.238181436135 -0 -0)
(-163.185001576524 -0 -0)
(-97.0995392245262 -0 -0)
(-30.9764006844119 -0 -0)
(35.1891370554986 -0 -0)
(101.402320080212 -0 -0)
(167.66957637706 -0 -0)
(233.99648038509 -0 -0)
(300.388347432538 -0 -0)
(366.851159266082 -0 -0)
(433.390845993866 -0 -0)
(500.012918496974 -0 -0)
(566.722597446056 -0 -0)
(633.526180483547 -0 -0)
(700.430526258968 -0 -0)
(767.440841480314 -0 -0)
(834.562254488409 -0 -0)
(901.802014726305 -0 -0)
(969.166854625601 -0 -0)
(1036.66242294711 -0 -0)
(1104.29527698641 -0 -0)
(1172.07194580223 -0 -0)
(1239.99929121159 -0 -0)
(1308.08487458994 -0 -0)
(1376.33554745081 -0 -0)
(1444.74844222899 -0 -0)
(1513.35017594506 -0 -0)
(1582.17640169001 -0 -0)
(1651.20268581555 -0 -0)
(1720.41797916684 -0 -0)
(1789.84457207651 -0 -0)
(1859.49076684956 -0 -0)
(1929.36190539103 -0 -0)
(1999.46394026539 -0 -0)
(2069.80296901245 -0 -0)
(2140.3851673082 -0 -0)
(2211.21685119002 -0 -0)
(2282.30443125336 -0 -0)
(2353.65437956568 -0 -0)
(2425.27324741816 -0 -0)
(2497.16755430161 -0 -0)
(2569.34386760836 -0 -0)
(2641.80917383156 -0 -0)
(2714.57077229858 -0 -0)
(2787.63585391877 -0 -0)
(2861.0116030737 -0 -0)
(2934.70540171251 -0 -0)
(3008.72474779186 -0 -0)
(3083.07724138853 -0 -0)
(3157.770672784 -0 -0)
(3232.8129382697 -0 -0)
(3308.21201515104 -0 -0)
(3383.97607893943 -0 -0)
(3460.11345277337 -0 -0)
(3536.63258026766 -0 -0)
(3613.54206801466 -0 -0)
(3690.85067552842 -0 -0)
(3768.56732673095 -0 -0)
(3846.70113463301 -0 -0)
(3925.26137035947 -0 -0)
(4004.2574371307 -0 -0)
(4083.69897858015 -0 -0)
(4163.59586990212 -0 -0)
(4243.95812667846 -0 -0)
(4324.79600601021 -0 -0)
(4406.11995526383 -0 -0)
(4487.94054341676 -0 -0)
(4570.26865959738 -0 -0)
(4653.11548453128 -0 -0)
(4736.49235865807 -0 -0)
(4820.41084616716 -0 -0)
(4904.88276675463 -0 -0)
(4989.92022839232 -0 -0)
(5075.53565403293 -0 -0)
(5161.74171947544 -0 -0)
(5248.55135375472 -0 -0)
(5335.97774616443 -0 -0)
(5424.03443718866 -0 -0)
(5512.73537489719 -0 -0)
(5602.09473989063 -0 -0)
(5692.12706234565 -0 -0)
(5782.84727088559 -0 -0)
(5874.27054843375 -0 -0)
(5966.4125344543 -0 -0)
(6059.289337938 -0 -0)
(6152.9173875433 -0 -0)
(6247.31344936199 -0 -0)
(6342.49478236133 -0 -0)
(6438.47918880648 -0 -0)
(6535.28488743578 -0 -0)
(6632.9305373567 -0 -0)
(6731.4352908916 -0 -0)
(6830.81886966422 -0 -0)
(6931.10155000054 -0 -0)
(7032.3040970079 -0 -0)
(7134.44786898069 -0 -0)
(7237.55488575461 -0 -0)
(7341.64775775455 -0 -0)
(7446.74973364054 -0 -0)
(7552.88476627498 -0 -0)
(7660.07747085316 -0 -0)
(7768.35323114313 -0 -0)
(7877.73823022056 -0 -0)
(7988.25939193556 -0 -0)
(8099.94444612844 -0 -0)
(8212.82198892477 -0 -0)
(8326.92151236677 -0 -0)
(8442.27349989775 -0 -0)
(8558.90939616517 -0 -0)
(8676.86159428699 -0 -0)
(8796.16358939568 -0 -0)
(8916.8499959189 -0 -0)
(9038.95658662686 -0 -0)
(9162.5202781926 -0 -0)
(9287.57924774827 -0 -0)
(9414.17308703758 -0 -0)
(9542.3426971248 -0 -0)
(9672.1304010693 -0 -0)
(9803.58007586257 -0 -0)
(9936.73714562521 -0 -0)
(10071.6486951669 -0 -0)
(10208.3635496896 -0 -0)
(10346.932318202 -0 -0)
(10487.4075603928 -0 -0)
(10629.843825866 -0 -0)
(10774.2977158137 -0 -0)
(10920.8280638759 -0 -0)
(11069.4960663386 -0 -0)
(11220.3653737259 -0 -0)
(11373.5021405014 -0 -0)
(11528.9751871808 -0 -0)
(11686.8562368918 -0 -0)
(11847.2200811161 -0 -0)
(12010.1446325014 -0 -0)
(12175.7110836529 -0 -0)
(12344.0041843797 -0 -0)
(12515.1124760287 -0 -0)
(12689.1284363186 -0 -0)
(12866.148609147 -0 -0)
(13046.2739960871 -0 -0)
(13229.6104192347 -0 -0)
(13416.2685899017 -0 -0)
(13606.3643905032 -0 -0)
(13800.0193842642 -0 -0)
(13997.3611263665 -0 -0)
(14198.523483632 -0 -0)
(14403.6471274796 -0 -0)
(14612.8799575249 -0 -0)
(14826.3776290028 -0 -0)
(15044.3041223603 -0 -0)
(15266.8324196275 -0 -0)
(15494.1453708502 -0 -0)
(15726.4364620527 -0 -0)
(15963.9110868187 -0 -0)
(16206.7797540338 -0 -0)
(16455.2808070736 -0 -0)
(16710.0125314659 -0 -0)
(16971.7913701478 -0 -0)
(17240.9672839137 -0 -0)
(17517.6368833698 -0 -0)
(17802.0600017168 -0 -0)
(18094.5821419398 -0 -0)
(18395.5891818625 -0 -0)
(18705.503364469 -0 -0)
(19024.785741168 -0 -0)
(19353.9380938509 -0 -0)
(19693.506064395 -0 -0)
(20044.0834678705 -0 -0)
(20406.3165484879 -0 -0)
(20780.9099111202 -0 -0)
(21168.6333852901 -0 -0)
(21570.324961989 -0 -0)
(21986.9368813906 -0 -0)
(22419.666816886 -0 -0)
(22869.8714316842 -0 -0)
(23338.8613685135 -0 -0)
(23828.0293821036 -0 -0)
(24339.0033970123 -0 -0)
(24873.6564102379 -0 -0)
(25434.1983569074 -0 -0)
(26023.5787043259 -0 -0)
(26645.0351015887 -0 -0)
(27300.9072535079 -0 -0)
(27993.369321892 -0 -0)
(28725.824200272 -0 -0)
(29500.9193156452 -0 -0)
(30319.051752478 -0 -0)
(31182.2950405226 -0 -0)
(32096.5816076604 -0 -0)
(33069.4843408149 -0 -0)
(34109.0461487462 -0 -0)
(35223.8260126605 -0 -0)
(36423.5487274919 -0 -0)
(37720.3421572309 -0 -0)
(39123.265348174 -0 -0)
(40631.0398132416 -0 -0)
(42240.2327082824 -0 -0)
(43960.4113065235 -0 -0)
(45817.6606922397 -0 -0)
(47846.5961987999 -0 -0)
(50084.0751963603 -0 -0)
(52541.6187690691 -0 -0)
(55193.6324176689 -0 -0)
(58044.7073929429 -0 -0)
(61161.7690059904 -0 -0)
(64633.32735192 -0 -0)
(68487.1697053109 -0 -0)
(72689.4430194368 -0 -0)
(77286.4678572601 -0 -0)
(82422.9629525089 -0 -0)
(88172.9920415078 -0 -0)
(94529.7023383248 -0 -0)
(101638.319314829 -0 -0)
(109670.035335645 -0 -0)
(118667.206307598 -0 -0)
(128813.753870835 -0 -0)
(140319.255713823 -0 -0)
(153316.428442956 -0 -0)
(168030.715949155 -0 -0)
(184675.155683243 -0 -0)
(203418.617206081 -0 -0)
(224427.806973122 -0 -0)
(247853.631655033 -0 -0)
(273788.698145759 -0 -0)
(302254.723873818 -0 -0)
(333240.466321792 -0 -0)
(366612.580898822 -0 -0)
(402189.186160833 -0 -0)
(439724.201361682 -0 -0)
(478945.77023504 -0 -0)
(519502.568429273 -0 -0)
(561051.403799484 -0 -0)
(603246.70509757 -0 -0)
(645852.220704272 -0 -0)
(688561.613928301 -0 -0)
(731137.8811833 -0 -0)
(773353.118140858 -0 -0)
(815149.220337593 -0 -0)
(856121.429288488 -0 -0)
)
;

boundaryField
{
    electrode
    {
        type            calculated;
        value           uniform (-1155124.06826942 -0 -0);
    }
    ground
    {
        type            calculated;
        value           uniform (876233.522367154 -0 -0);
    }
    otherfaces
    {
        type            empty;
    }
}


// ************************************************************************* //
