/*--------------------------------*- C++ -*----------------------------------*\
| =========                 |                                                 |
| \\      /  F ield         | foam-extend: Open Source CFD                    |
|  \\    /   O peration     | Version:     4.1                                |
|   \\  /    A nd           | Web:         http://www.foam-extend.org         |
|    \\/     M anipulation  |                                                 |
\*---------------------------------------------------------------------------*/
FoamFile
{
    version     2.0;
    format      ascii;
    class       volScalarField;
    location    "1.50009999935002e-05";
    object      powerDissipatedIonMean;
}
// * * * * * * * * * * * * * * * * * * * * * * * * * * * * * * * * * * * * * //

dimensions      [1 -1 -3 0 0 0 0];

internalField   nonuniform List<scalar> 
500
(
719396632.480695
706571382.392825
670505692.710327
643590424.212478
608595688.359739
579027367.130618
544584162.758575
513449062.129531
479509562.457118
447480070.287042
414485161.179287
383068621.316971
351640210.763152
321793013.316792
293187522.752642
266080800.463927
240887841.264414
217553349.08398
196153482.82636
176915534.191015
159468480.876929
144085376.037896
130299722.627539
118274321.394147
107622622.527665
98265334.24479
90135552.8552894
82909426.4343005
76593586.7576453
71044968.3598712
66109877.9849996
61760739.1111808
57867781.9469536
54396073.9600063
51271257.5914994
48493200.9245666
45978033.4601729
43677174.415678
41578997.149398
39664663.0334554
37932937.1209464
36350289.7728523
34889098.7453257
33530619.7183274
32264407.5106005
31089533.2039362
29998956.0654309
28988112.7724689
28046658.9012924
27166873.3422148
26341925.3008405
25565612.5388332
24832296.9908393
24137601.8034188
23479623.5811971
22855470.7206773
22263805.0868218
21701773.1049859
21167462.6972027
20658839.9854016
20173830.7859283
19710069.3806458
19265758.7227413
18839399.4158526
18429677.5128022
18035449.5001991
17655618.5284385
17289185.8128172
16935234.2849606
16592945.4767748
16261631.082902
15940654.7697831
15629433.2821299
15327431.6631404
15034157.9641172
14749160.0272822
14472020.37322
14202353.9825778
13939805.8340526
13684049.9636006
13434799.13594
13191791.4391054
12954860.1028483
12723628.3776508
12497793.1294536
12276964.0553193
12060871.4006607
11849345.5743932
11642216.2289514
11439321.6906712
11240510.2893564
11045638.4880775
10854570.4704962
10667177.6104049
10483338.0694173
10302936.364143
10125862.8317248
9952013.56718249
9781289.5402355
9613596.50465924
9448844.71533215
9286948.66166732
9127826.88698259
8971401.77948538
8817599.14406829
8666348.1062516
8517580.90814335
8371232.74616989
8227241.63393585
8085548.20516919
7946095.63291376
7808829.46937183
7673697.50259831
7540649.6545255
7409637.82534371
7280615.88636189
7153539.57471654
7028366.39075053
6905055.50436437
6783567.66634
6663865.12758161
6545911.57053742
6429672.06817216
6315112.99382838
6202201.9642775
6090907.78164914
5981200.37562972
5873050.75573749
5766430.95652352
5661313.99645512
5557673.8346501
5455485.32628027
5354724.18732764
5255366.95698929
5157390.96484351
5060774.29668154
4965495.76341118
4871534.87150429
4778871.79870169
4687487.36148392
4597362.99457721
4508480.72512384
4420823.14908611
4334373.41146783
4249115.18279595
4165032.64199438
4082110.45613018
4000333.76220376
3919688.14922522
3840159.64382774
3761734.6915587
3684400.14255317
3608143.24142647
3532951.60908569
3458813.23058257
3385716.44195509
3313649.91888301
3242602.66455293
3172563.99771179
3103523.54403566
3035471.2245693
2968397.245623
2902292.08996821
2837146.50738946
2772951.50565425
2709698.34279929
2647378.51893111
2585983.76870352
2525506.05272401
2465937.55155524
2407270.65811326
2349497.9721808
2292612.29273048
2236606.6122981
2181474.11127499
2127208.15182649
2073802.2728045
2021250.18404746
1969545.76162548
1918683.0430456
1868656.22178436
1819459.64360648
1771087.80170016
1723535.33231449
1676797.01129967
1630867.74899974
1585742.58777731
1541416.69708003
1497885.37098431
1455144.0242574
1413188.18853718
1372013.50986226
1331615.74482846
1291990.7582723
1253134.51958008
1215043.10079615
1177712.67300293
1141139.5046656
1105319.95829778
1070250.48802974
1035927.63791298
1002348.0388894
969508.406315428
937405.53805484
906036.312689626
875397.686801184
845486.694207723
816300.443901953
787836.09246464
760090.908113096
733062.744958938
706745.897524944
681136.825503701
656240.270881894
632053.739287722
608567.954598218
585779.583490711
563687.017871576
542287.589571178
521578.777493231
501558.427597387
482224.497834819
463574.540660579
445606.397880679
428318.288418272
411708.438718302
395775.177612449
380516.926490774
365932.193701938
352019.570349592
338777.72749374
326205.413300843
314301.450020922
303064.731980066
292494.223731044
282588.958138195
273348.034717902
264770.618506903
256855.938254366
249603.284924604
243012.010468941
237081.525753323
231811.29776004
227200.846676892
223249.743214281
219957.607454271
217324.160588248
215349.467913269
214034.138544557
213376.223246784
213376.493374176
214034.946780447
215350.813530341
217326.044573331
219960.02896697
223252.701489039
227204.34077027
231815.326869851
237086.088717747
243017.106013225
249608.911672212
256862.094782611
264777.30310103
273355.24539967
282596.692923843
292502.480578218
303073.508669712
314310.744130907
326215.222324894
338788.048721114
352030.400775248
365943.530580957
380528.766943663
395787.518345765
411721.276261496
428331.619367588
445620.218717986
463588.84775144
482239.28749294
501573.696662786
521594.522130257
542303.805297439
563703.700379794
585796.728414422
608585.557424752
632071.795021267
656258.774905042
681155.773164238
706765.282457137
733082.561426307
760111.150889691
787856.755455385
816321.520831132
845508.178976159
875419.573048723
906058.593618261
937428.206892163
969531.456107563
1002371.46268785
1035951.42838418
1070274.63740919
1105344.45889481
1141164.34887348
1177737.85264507
1215068.60773852
1253160.34576758
1292016.89529235
1331642.18417067
1372040.24279459
1413215.20634773
1455171.3178214
1497912.93104457
1541444.51409928
1585770.65231471
1630896.05163306
1676825.54207271
1723564.08155485
1771116.75912535
1819488.79917472
1868685.56524716
1918712.563775
1969575.44936406
2021280.02767248
2073832.26137464
2127238.27429309
2181504.35647304
2236636.96887503
2292642.74926762
2349528.51695787
2407301.27937233
2465968.23704686
2525536.79081393
2586014.546924
2647409.32506295
2709729.1638704
2772982.32942101
2837177.32144712
2902322.88181071
2968428.00263232
3035501.93376317
3103554.19273994
3172594.57261553
3242633.15256205
3313680.30742003
3385746.71691614
3458843.37819942
3532981.61560131
3608173.09262526
3684429.82486353
3761764.19093805
3840188.94609863
3919717.23902305
4000362.62538634
4082139.07938647
4165061.01102358
4249143.28261174
4334401.22752014
4420850.66683241
4508507.92892954
4597389.86981057
4687513.89290806
4778897.97095875
4871560.6700615
4965521.17190628
5060799.30087748
5157415.54918664
5255391.10554453
5354747.88348514
5455508.55586322
5557696.58086681
5661336.24411838
5766452.68805696
5873071.95559688
5981221.02885328
6090927.87085957
6202221.47378055
6315131.90699396
6429690.36744084
6545929.23950234
6663882.1498476
6783584.0253129
6905071.1863192
7028381.37551692
7153553.84408656
7280629.42406146
7409650.61642344
7540661.6814768
7673708.74557022
7808839.91308814
7946105.2558385
8085556.99148332
8227249.56687824
8371239.80470851
8517587.07238669
8666353.35751699
8817603.46545665
8971405.14869221
9127829.28472413
9286950.072024
9448845.11462353
9613595.8749547
9781287.8581898
9952010.8164117
10125858.9863976
10302931.4044345
10483331.9759235
10667170.3572864
10854562.0371614
11045628.849677
11240499.4241615
11439309.5767587
11642202.8417429
11849330.8880341
12060855.3911522
12276946.6921514
12497774.3854839
12723608.2383816
12954838.5370892
13191768.4343596
13434774.6600861
13684023.9873197
13939778.3150404
14202324.8848748
14471989.6583173
14749127.660306
15034123.9075239
15327395.875595
15629395.721177
15940615.3857162
16261589.8302291
16592902.3028777
16935189.1273753
17289138.6231026
17655569.2433523
18035398.0592702
18429623.8532619
18839343.4695842
19265700.4036359
19710008.6069797
20173767.4666284
20658774.0217328
21167393.98602
21701701.524207
22263730.4986501
22855392.9983326
23479542.5520102
24137517.2974503
24832208.7635948
25565520.3635549
26341828.9511177
27166772.5923157
28046553.5141083
28988002.4759006
29998840.5654369
31089412.1613303
32264280.4697584
33530486.1195514
34888957.9575543
36350141.2665483
37932780.4472255
39664497.730916
41578822.5226228
43676989.5991409
45977837.2191124
48492992.2944799
51271035.6907486
54395837.8185548
57867530.3662114
61760470.193133
66109590.4059401
71044660.1524683
76593255.9040247
82909070.9077625
90135169.8125576
98264919.8910802
107622174.724433
118273833.861282
130299191.498504
144084794.716491
159467841.115385
176914829.655355
196152701.005101
217552483.041825
240886877.694217
266079728.550186
293186332.446668
321791690.178754
351638749.574386
383067009.313201
414483397.650171
447478141.438273
479507477.460738
513446806.044185
544581749.564399
579024776.225608
608592949.789242
643587513.210163
670502641.405518
706568154.409331
719393333.582169
)
;

boundaryField
{
    electrode
    {
        type            calculated;
        value           uniform 747994838.300517;
    }
    ground
    {
        type            calculated;
        value           uniform 747991396.696667;
    }
    otherfaces
    {
        type            empty;
    }
}


// ************************************************************************* //
