/*--------------------------------*- C++ -*----------------------------------*\
| =========                 |                                                 |
| \\      /  F ield         | foam-extend: Open Source CFD                    |
|  \\    /   O peration     | Version:     4.1                                |
|   \\  /    A nd           | Web:         http://www.foam-extend.org         |
|    \\/     M anipulation  |                                                 |
\*---------------------------------------------------------------------------*/
FoamFile
{
    version     2.0;
    format      ascii;
    class       volScalarField;
    location    "2.50010000204314e-05";
    object      Arm;
}
// * * * * * * * * * * * * * * * * * * * * * * * * * * * * * * * * * * * * * //

dimensions      [0 -3 0 0 0 0 0];

internalField   nonuniform List<scalar> 
500
(
2.15647682497274e+18
2.15212911512572e+18
2.14356154443202e+18
2.13062766839769e+18
2.11290243464504e+18
2.0903883700017e+18
2.06432807222301e+18
2.03659744429217e+18
2.00861296377044e+18
1.9812309030243e+18
1.9549310786069e+18
1.92998781370044e+18
1.90655985655e+18
1.88472759001895e+18
1.86451394527306e+18
1.84589981977872e+18
1.82883664419576e+18
1.81325596286151e+18
1.79907581076911e+18
1.78620578645636e+18
1.77455107282725e+18
1.76401558212895e+18
1.75450435159213e+18
1.745925341293e+18
1.73819070867461e+18
1.73121768839899e+18
1.72492912019514e+18
1.7192537311878e+18
1.71412619482561e+18
1.70948704981267e+18
1.70528248962999e+18
1.70146408459101e+18
1.6979884388677e+18
1.69481682679641e+18
1.69191480769941e+18
1.68925184554387e+18
1.68680093465683e+18
1.68453824295651e+18
1.68244277698702e+18
1.68049606803383e+18
1.67868188769584e+18
1.67698598342212e+18
1.67539584660422e+18
1.67390049515626e+18
1.67249029148542e+18
1.67115676678002e+18
1.66989248112769e+18
1.66869088389347e+18
1.66754620941377e+18
1.66645336546895e+18
1.66540785794991e+18
1.66440570187153e+18
1.66344336910993e+18
1.66251771550159e+18
1.66162594784939e+18
1.6607655630853e+18
1.65993432873702e+18
1.65913023238646e+18
1.6583514720395e+18
1.65759641307157e+18
1.65686358614298e+18
1.65615164916694e+18
1.65545939244777e+18
1.65478570298569e+18
1.65412957385344e+18
1.65349007262342e+18
1.65286635416776e+18
1.6522576296034e+18
1.65166318285958e+18
1.65108233998478e+18
1.65051448959006e+18
1.64995905105112e+18
1.64941549777952e+18
1.64888332574811e+18
1.64836207844759e+18
1.64785131466425e+18
1.64735063586603e+18
1.64685965372584e+18
1.64637801802185e+18
1.64590538465788e+18
1.64544144410044e+18
1.64498589009882e+18
1.6445384478238e+18
1.64409884295126e+18
1.64366683064587e+18
1.64324216355465e+18
1.64282462311369e+18
1.6424139855213e+18
1.64201005412955e+18
1.64161262632233e+18
1.64122152514538e+18
1.64083656573715e+18
1.64045758829033e+18
1.64008442404373e+18
1.63971692820743e+18
1.63935494611811e+18
1.63899834646461e+18
1.63864698715128e+18
1.63830074888405e+18
1.63795950040365e+18
1.63762313274766e+18
1.63729152534574e+18
1.63696457899975e+18
1.63664218169866e+18
1.63632424265929e+18
1.63601065822251e+18
1.63570134542281e+18
1.63539620777942e+18
1.63509516912426e+18
1.63479813979036e+18
1.63450505024151e+18
1.63421581643459e+18
1.6339303745695e+18
1.63364864608765e+18
1.63337057285362e+18
1.63309608104891e+18
1.63282511670565e+18
1.63255761105533e+18
1.63229351489998e+18
1.63203276345257e+18
1.63177531095192e+18
1.63152109663924e+18
1.63127007859177e+18
1.63102219986057e+18
1.63077742102988e+18
1.63053568870518e+18
1.6302969667943e+18
1.63006120491279e+18
1.62982837004186e+18
1.62959841382146e+18
1.62937130583544e+18
1.62914700066381e+18
1.6289254696824e+18
1.62870667088967e+18
1.62849057734917e+18
1.62827714872562e+18
1.62806636073481e+18
1.62785817507495e+18
1.6276525684829e+18
1.62744950527298e+18
1.62724896413293e+18
1.62705091053386e+18
1.6268553250448e+18
1.62666217472679e+18
1.62647144183597e+18
1.62628309454659e+18
1.62609711639616e+18
1.62591347763769e+18
1.62573216260802e+18
1.62555314300539e+18
1.62537640423111e+18
1.62520191935369e+18
1.62502967482792e+18
1.62485964503475e+18
1.62469181745338e+18
1.6245261670332e+18
1.62436268264957e+18
1.62420134075822e+18
1.6240421302343e+18
1.62388502901795e+18
1.6237300265823e+18
1.62357710168877e+18
1.62342624481327e+18
1.62327743535471e+18
1.62313066463855e+18
1.62298591319822e+18
1.62284317255063e+18
1.62270242433914e+18
1.62256366061909e+18
1.62242686386367e+18
1.62229202632615e+18
1.62215913131762e+18
1.6220281718804e+18
1.62189913201535e+18
1.62177200486033e+18
1.62164677522716e+18
1.62152343699075e+18
1.62140197543197e+18
1.62128238503735e+18
1.62116465128328e+18
1.62104876889771e+18
1.62093472455751e+18
1.62082251290116e+18
1.62071212209329e+18
1.62060354614582e+18
1.62049677345493e+18
1.62039179946107e+18
1.62028861241773e+18
1.62018720782751e+18
1.62008757495236e+18
1.61998970949278e+18
1.61989360136567e+18
1.61979924605764e+18
1.6197066339851e+18
1.61961576136002e+18
1.6195266186885e+18
1.61943920224934e+18
1.61935350348569e+18
1.61926951888339e+18
1.61918724011975e+18
1.61910666359107e+18
1.61902778175749e+18
1.61895059122242e+18
1.61887508436873e+18
1.61880125834111e+18
1.61872910621522e+18
1.61865862512036e+18
1.61858980822872e+18
1.61852265297421e+18
1.61845715339564e+18
1.61839330650105e+18
1.61833110667414e+18
1.61827055136485e+18
1.61821163573851e+18
1.61815435739625e+18
1.61809871181041e+18
1.61804469675863e+18
1.61799230871976e+18
1.61794154647437e+18
1.61789240721187e+18
1.61784489139764e+18
1.61779899875762e+18
1.61775473238638e+18
1.61771209771569e+18
1.61767110285905e+18
1.61763172164099e+18
1.61759392198963e+18
1.61755768868134e+18
1.61752301794073e+18
1.61748990688955e+18
1.6174582666897e+18
1.61742804392777e+18
1.61739940699087e+18
1.61737246883248e+18
1.61734717670436e+18
1.61732351260246e+18
1.61730146845985e+18
1.61728104152127e+18
1.61726221756363e+18
1.6172449728687e+18
1.6172292992968e+18
1.61721519474772e+18
1.61720265699787e+18
1.61719168684463e+18
1.61718228400879e+18
1.61717444871807e+18
1.61716818049782e+18
1.6171634816568e+18
1.617160351817e+18
1.6171587872809e+18
1.6171587859095e+18
1.61716035116694e+18
1.61716348412844e+18
1.61716818469652e+18
1.61717445353514e+18
1.6171822903863e+18
1.61719169512023e+18
1.61720266669873e+18
1.61721520492441e+18
1.6172293110707e+18
1.6172449848306e+18
1.6172622305798e+18
1.61728105654022e+18
1.61730148475016e+18
1.61732352979046e+18
1.61734719472511e+18
1.6173724882895e+18
1.6173994271554e+18
1.6174280656214e+18
1.61745828990664e+18
1.61748993130225e+18
1.6175230432112e+18
1.61755771507639e+18
1.61759395063105e+18
1.6176317517599e+18
1.6176711341315e+18
1.61771213015542e+18
1.61775476586087e+18
1.61779903260135e+18
1.61784492586313e+18
1.61789244276992e+18
1.61794158322021e+18
1.61799234705455e+18
1.61804473638904e+18
1.61809875291836e+18
1.61815440027219e+18
1.61821168001622e+18
1.61827059661536e+18
1.61833115280354e+18
1.61839335381098e+18
1.61845720203361e+18
1.61852270300784e+18
1.61858985935893e+18
1.61865867749923e+18
1.61872916024183e+18
1.61880131365325e+18
1.61887514088509e+18
1.61895064875385e+18
1.61902784074907e+18
1.61910672398382e+18
1.61918730184349e+18
1.61926958201975e+18
1.61935356776062e+18
1.6194392675556e+18
1.61952668513575e+18
1.61961582885712e+18
1.61970670256687e+18
1.61979931587406e+18
1.61989367265428e+18
1.61998978241941e+18
1.6200876491994e+18
1.62018728326007e+18
1.6202886889936e+18
1.6203918777091e+18
1.62049685323905e+18
1.62060362710965e+18
1.62071220441425e+18
1.62082259662017e+18
1.62093480921093e+18
1.6210488545352e+18
1.62116473816573e+18
1.62128247338164e+18
1.62140206510605e+18
1.62152352818477e+18
1.62164686775308e+18
1.6217720985537e+18
1.62189922712426e+18
1.62202826865657e+18
1.62215922967139e+18
1.62229212623302e+18
1.62242696516023e+18
1.62256376334615e+18
1.62270252846971e+18
1.62284327811988e+18
1.62298602005674e+18
1.6231307728809e+18
1.62327754502312e+18
1.6234263558864e+18
1.62357721426464e+18
1.6237301406453e+18
1.62388514459202e+18
1.62404224737741e+18
1.6242014595454e+18
1.62436280298487e+18
1.62452628895924e+18
1.62469194049907e+18
1.62485976959851e+18
1.62502980083571e+18
1.62520204664319e+18
1.62537653284316e+18
1.62555327324344e+18
1.62573229432907e+18
1.62591361083022e+18
1.62609725122574e+18
1.62628323106361e+18
1.62647157992308e+18
1.62666231462524e+18
1.62685546663684e+18
1.62705105375479e+18
1.627249108966e+18
1.62744965175269e+18
1.62765271676359e+18
1.62785832482424e+18
1.62806651255319e+18
1.6282773021737e+18
1.62849073246742e+18
1.62870682769294e+18
1.62892562832158e+18
1.62914716078819e+18
1.62937146778337e+18
1.62959857767393e+18
1.62982853563058e+18
1.6300613725125e+18
1.63029713598833e+18
1.63053585955033e+18
1.63077759365304e+18
1.63102237408839e+18
1.63127025500806e+18
1.63152127485408e+18
1.63177549104136e+18
1.63203294560999e+18
1.63229369912081e+18
1.63255779740937e+18
1.63282530492764e+18
1.63309627115003e+18
1.63337076504785e+18
1.63364884051407e+18
1.63393057102528e+18
1.63421601491654e+18
1.63450525092693e+18
1.63479834262337e+18
1.63509537406342e+18
1.63539641458446e+18
1.63570155440665e+18
1.63601086938874e+18
1.63632445627106e+18
1.63664239731333e+18
1.63696479703059e+18
1.63729174565529e+18
1.63762335541194e+18
1.63795972532392e+18
1.63830097651549e+18
1.63864721727175e+18
1.63899857914855e+18
1.63935518138548e+18
1.63971716602428e+18
1.64008466432848e+18
1.6404578312874e+18
1.64083681138428e+18
1.64122177347963e+18
1.64161287754257e+18
1.64201030803648e+18
1.64241424223794e+18
1.64282488290952e+18
1.64324242633926e+18
1.64366709627046e+18
1.64409911164611e+18
1.64453871973891e+18
1.64498616495339e+18
1.64544172241076e+18
1.64590566610589e+18
1.6463783029388e+18
1.64685994212028e+18
1.64735092771859e+18
1.6478516100727e+18
1.64836237739527e+18
1.64888362844215e+18
1.64941580415187e+18
1.64995936107592e+18
1.65051480340384e+18
1.65108265783925e+18
1.65166350464378e+18
1.65225795545333e+18
1.65286668419759e+18
1.65349040680057e+18
1.65412991238731e+18
1.65478604592483e+18
1.65545974014275e+18
1.65615200155216e+18
1.65686394315535e+18
1.65759677481137e+18
1.65835183881373e+18
1.65913060412133e+18
1.65993470576268e+18
1.66076594538647e+18
1.66162633556225e+18
1.662518108876e+18
1.66344376810453e+18
1.66440610697191e+18
1.66540826926145e+18
1.66645378317945e+18
1.66754663377674e+18
1.66869131511347e+18
1.66989291942858e+18
1.67115721255443e+18
1.67249074497631e+18
1.6739009567122e+18
1.67539631641076e+18
1.67698646197108e+18
1.67868237518567e+18
1.68049656463671e+18
1.6824432830276e+18
1.68453875857133e+18
1.68680145994681e+18
1.68925238067222e+18
1.69191535249649e+18
1.69481738112972e+18
1.69798900244368e+18
1.70146465701031e+18
1.705283070291e+18
1.70948763786911e+18
1.71412678929438e+18
1.71925433062993e+18
1.72492972312802e+18
1.73121829304818e+18
1.73819131302187e+18
1.74592594299083e+18
1.75450494797682e+18
1.76401617054056e+18
1.77455165031938e+18
1.78620635017406e+18
1.79907635781511e+18
1.81325649059167e+18
1.82883715040462e+18
1.845900302815e+18
1.8645144042965e+18
1.88472802527941e+18
1.90656026973415e+18
1.92998820818051e+18
1.95493145948785e+18
1.98123127856519e+18
2.00861336992752e+18
2.03659796199344e+18
2.06432875443801e+18
2.09038917188697e+18
2.1129031417544e+18
2.13062813390394e+18
2.14356179371163e+18
2.15212920333728e+18
2.15647688274152e+18
)
;

boundaryField
{
    electrode
    {
        type            zeroGradient;
    }
    ground
    {
        type            zeroGradient;
    }
    otherfaces
    {
        type            empty;
    }
}


// ************************************************************************* //
