/*--------------------------------*- C++ -*----------------------------------*\
| =========                 |                                                 |
| \\      /  F ield         | foam-extend: Open Source CFD                    |
|  \\    /   O peration     | Version:     4.1                                |
|   \\  /    A nd           | Web:         http://www.foam-extend.org         |
|    \\/     M anipulation  |                                                 |
\*---------------------------------------------------------------------------*/
FoamFile
{
    version     2.0;
    format      ascii;
    class       volVectorField;
    location    "2.50010000204314e-05";
    object      currentDensity;
}
// * * * * * * * * * * * * * * * * * * * * * * * * * * * * * * * * * * * * * //

dimensions      [0 -2 0 0 0 1 0];

internalField   nonuniform List<vector> 
500
(
(2560.19270849723 0 0)
(-4285.55143555479 0 0)
(-15756.410006947 0 0)
(-11701.8872688879 0 0)
(-20956.4409395135 0 0)
(7556.55511847587 0 0)
(2540.94673294183 0 0)
(-10553.0837473649 0 0)
(-18876.7521269047 0 0)
(-22252.5792715057 0 0)
(-24693.3781116016 0 0)
(-25326.6292605996 0 0)
(-26238.4778675838 0 0)
(-26335.035771919 0 0)
(-26870.0593514927 0 0)
(-26695.0957728266 0 0)
(-27026.2791378702 0 0)
(-26812.9202037112 0 0)
(-27096.990492916 0 0)
(-26872.6196642511 0 0)
(-27128.5521415721 0 0)
(-26903.4378306154 0 0)
(-27140.3565702344 0 0)
(-26918.7762426715 0 0)
(-27141.664693 0 0)
(-26925.3572509108 0 0)
(-27137.2383950227 0 0)
(-26926.7899288572 0 0)
(-27129.6841716798 0 0)
(-26925.119082176 0 0)
(-27120.4762591097 0 0)
(-26921.5655730971 0 0)
(-27110.4815492298 0 0)
(-26916.866442172 0 0)
(-27100.2128117429 0 0)
(-26911.4968271972 0 0)
(-27089.9836323117 0 0)
(-26905.7536999483 0 0)
(-27079.9809368691 0 0)
(-26899.8324689398 0 0)
(-27070.316982568 0 0)
(-26893.8659867083 0 0)
(-27061.0507575562 0 0)
(-26887.9391854668 0 0)
(-27052.2140119637 0 0)
(-26882.1071615494 0 0)
(-27043.8214028835 0 0)
(-26876.4033669502 0 0)
(-27035.8671118219 0 0)
(-26870.8527131201 0 0)
(-27028.3441947756 0 0)
(-26865.4597742144 0 0)
(-27021.2417335377 0 0)
(-26860.2383903848 0 0)
(-27014.5368436518 0 0)
(-26855.1821192333 0 0)
(-27008.2141458912 0 0)
(-26850.2917550426 0 0)
(-27002.2536317543 0 0)
(-26845.5599258115 0 0)
(-26996.6378072738 0 0)
(-26840.9812561287 0 0)
(-26991.3471618801 0 0)
(-26836.5587552977 0 0)
(-26986.3424457875 0 0)
(-26832.2924830439 0 0)
(-26981.6197298029 0 0)
(-26828.1643443569 0 0)
(-26977.1683505886 0 0)
(-26824.1618616687 0 0)
(-26972.9734388652 0 0)
(-26820.2755519267 0 0)
(-26969.0239639332 0 0)
(-26816.5068184821 0 0)
(-26965.2980794703 0 0)
(-26812.8431352825 0 0)
(-26961.7893987843 0 0)
(-26809.2872885397 0 0)
(-26958.4775271502 0 0)
(-26805.8275142334 0 0)
(-26955.3558883048 0 0)
(-26802.464892305 0 0)
(-26952.4117190314 0 0)
(-26799.1915185445 0 0)
(-26949.6336636237 0 0)
(-26796.0024893527 0 0)
(-26947.0168506395 0 0)
(-26792.900507951 0 0)
(-26944.5437946293 0 0)
(-26789.8779171519 0 0)
(-26942.2082466375 0 0)
(-26786.9324719141 0 0)
(-26940.0052699766 0 0)
(-26784.0602232144 0 0)
(-26937.9247937808 0 0)
(-26781.2604890199 0 0)
(-26935.9608776422 0 0)
(-26778.5281374803 0 0)
(-26934.1076100044 0 0)
(-26775.8665187089 0 0)
(-26932.3528630498 0 0)
(-26773.270747082 0 0)
(-26930.6941884378 0 0)
(-26770.7376184356 0 0)
(-26929.1269694919 0 0)
(-26768.2652760995 0 0)
(-26927.6461338357 0 0)
(-26765.8543571824 0 0)
(-26926.2444226149 0 0)
(-26763.5006321295 0 0)
(-26924.9192888987 0 0)
(-26761.205025154 0 0)
(-26923.6642438619 0 0)
(-26758.9682629031 0 0)
(-26922.4741888942 0 0)
(-26756.7825393543 0 0)
(-26921.3482942376 0 0)
(-26754.6545505647 0 0)
(-26920.2793609156 0 0)
(-26752.5759570828 0 0)
(-26919.2679446105 0 0)
(-26750.549636002 0 0)
(-26918.3080030974 0 0)
(-26748.5752690674 0 0)
(-26917.3953744695 0 0)
(-26746.6531969172 0 0)
(-26916.5263280239 0 0)
(-26744.7787218447 0 0)
(-26915.70179762 0 0)
(-26742.9497438673 0 0)
(-26914.9189005443 0 0)
(-26741.1713522029 0 0)
(-26914.1712693392 0 0)
(-26739.4420615205 0 0)
(-26913.4576984293 0 0)
(-26737.7571023423 0 0)
(-26912.7771438962 0 0)
(-26736.1187635894 0 0)
(-26912.127510651 0 0)
(-26734.5221423266 0 0)
(-26911.5087657918 0 0)
(-26732.9755845959 0 0)
(-26910.9124589993 0 0)
(-26731.4676062633 0 0)
(-26910.3446626505 0 0)
(-26730.0085374488 0 0)
(-26909.7960365988 0 0)
(-26728.5857428612 0 0)
(-26909.2737942985 0 0)
(-26727.2081192922 0 0)
(-26908.7705846084 0 0)
(-26725.873551941 0 0)
(-26908.2830057256 0 0)
(-26724.5804018334 0 0)
(-26907.8145095892 0 0)
(-26723.3245842706 0 0)
(-26907.3640456998 0 0)
(-26722.111156491 0 0)
(-26906.9265025199 0 0)
(-26720.9362116383 0 0)
(-26906.5049892408 0 0)
(-26719.8017915229 0 0)
(-26906.0942668866 0 0)
(-26718.7035275508 0 0)
(-26905.6980294586 0 0)
(-26717.6445400523 0 0)
(-26905.3128184719 0 0)
(-26716.6216464383 0 0)
(-26904.9391005421 0 0)
(-26715.6358034155 0 0)
(-26904.5755342526 0 0)
(-26714.6870266405 0 0)
(-26904.2182512796 0 0)
(-26713.776699122 0 0)
(-26903.8698529552 0 0)
(-26712.8988506953 0 0)
(-26903.532319534 0 0)
(-26712.0568261017 0 0)
(-26903.1994192403 0 0)
(-26711.2502641701 0 0)
(-26902.8746648776 0 0)
(-26710.4760563122 0 0)
(-26902.558093806 0 0)
(-26709.7353949385 0 0)
(-26902.2462151293 0 0)
(-26709.0320198677 0 0)
(-26901.9375527895 0 0)
(-26708.3545444838 0 0)
(-26901.6397068303 0 0)
(-26707.7155601466 0 0)
(-26901.3426310413 0 0)
(-26707.1053190267 0 0)
(-26901.0519849227 0 0)
(-26706.526487989 0 0)
(-26900.7669859394 0 0)
(-26705.9797304348 0 0)
(-26900.483013651 0 0)
(-26705.4666645984 0 0)
(-26900.2033500638 0 0)
(-26704.9805033714 0 0)
(-26899.9307925731 0 0)
(-26704.5236480763 0 0)
(-26899.6610397105 0 0)
(-26704.1005140901 0 0)
(-26899.3910863303 0 0)
(-26703.7043023572 0 0)
(-26899.1276954874 0 0)
(-26703.336181904 0 0)
(-26898.8678179906 0 0)
(-26702.9969816472 0 0)
(-26898.6108292065 0 0)
(-26702.6880195332 0 0)
(-26898.3555097314 0 0)
(-26702.4058976051 0 0)
(-26898.1041769218 0 0)
(-26702.1536878688 0 0)
(-26897.8546266534 0 0)
(-26701.9289243284 0 0)
(-26897.6057959847 0 0)
(-26701.7327209323 0 0)
(-26897.3614453249 0 0)
(-26701.5609466889 0 0)
(-26897.1168064372 0 0)
(-26701.5254443881 0 0)
(-26899.2808471829 0 0)
(-26702.0172552948 0 0)
(-26897.8843338537 0 0)
(-26700.8442464771 0 0)
(-26897.3216243022 0 0)
(-26705.6050641253 0 0)
(-26893.9842271096 0 0)
(-26690.0576541009 0 0)
(-26896.5689678609 0 0)
(-26701.3573197913 0 0)
(-26895.0036782447 0 0)
(-26701.3198259151 0 0)
(-26895.0067201371 0 0)
(-26702.4371306732 0 0)
(-26895.7436187651 0 0)
(-26701.6447933245 0 0)
(-26895.3214306099 0 0)
(-26701.4414883256 0 0)
(-26895.1335145207 0 0)
(-26701.394084219 0 0)
(-26894.9788839732 0 0)
(-26701.4164978775 0 0)
(-26894.8451642438 0 0)
(-26701.4941959794 0 0)
(-26894.80595859 0 0)
(-26701.2771780647 0 0)
(-26894.6979595693 0 0)
(-26701.1804379541 0 0)
(-26894.7703840654 0 0)
(-26701.4441155746 0 0)
(-26894.8757908426 0 0)
(-26701.3471018557 0 0)
(-26894.9686372674 0 0)
(-26701.2872285966 0 0)
(-26895.0411592495 0 0)
(-26701.2406418421 0 0)
(-26894.9790697107 0 0)
(-26700.9853851738 0 0)
(-26894.3777252819 0 0)
(-26701.8779324907 0 0)
(-26895.6604044401 0 0)
(-26702.0772449635 0 0)
(-26895.8325589597 0 0)
(-26700.7356087022 0 0)
(-26907.3750355372 0 0)
(-26703.5985465537 0 0)
(-26892.124136116 0 0)
(-26700.562460337 0 0)
(-26897.1961553277 0 0)
(-26700.3245572166 0 0)
(-26896.3620399185 0 0)
(-26699.2839361848 0 0)
(-26897.2272860572 0 0)
(-26701.8340831262 0 0)
(-26897.5931758104 0 0)
(-26702.0063073951 0 0)
(-26897.8554925357 0 0)
(-26702.2106701528 0 0)
(-26898.1198296207 0 0)
(-26702.4454362073 0 0)
(-26898.3902437864 0 0)
(-26702.7074936372 0 0)
(-26898.6651749437 0 0)
(-26702.9987120483 0 0)
(-26898.9448588165 0 0)
(-26703.3205080678 0 0)
(-26899.2271868873 0 0)
(-26703.6722413049 0 0)
(-26899.5155789878 0 0)
(-26704.0546860992 0 0)
(-26899.8092700086 0 0)
(-26704.4665907286 0 0)
(-26900.1088411154 0 0)
(-26704.9115806695 0 0)
(-26900.4123982418 0 0)
(-26705.3893532115 0 0)
(-26900.719879747 0 0)
(-26705.8993859204 0 0)
(-26901.0371718681 0 0)
(-26706.4392029422 0 0)
(-26901.3595168466 0 0)
(-26707.0150412448 0 0)
(-26901.6891284036 0 0)
(-26707.6233494961 0 0)
(-26902.0246240023 0 0)
(-26708.266187567 0 0)
(-26902.3678881932 0 0)
(-26708.9451435152 0 0)
(-26902.7210053774 0 0)
(-26709.6572583746 0 0)
(-26903.080625681 0 0)
(-26710.407146021 0 0)
(-26903.4507363822 0 0)
(-26711.1924344579 0 0)
(-26903.8306885252 0 0)
(-26712.0146082692 0 0)
(-26904.2181073217 0 0)
(-26712.8776292245 0 0)
(-26904.6205887037 0 0)
(-26713.7752584072 0 0)
(-26905.0300216846 0 0)
(-26714.7153718392 0 0)
(-26905.4562367478 0 0)
(-26715.6926609778 0 0)
(-26905.8930346712 0 0)
(-26716.7126501881 0 0)
(-26906.3416483141 0 0)
(-26717.7745792162 0 0)
(-26906.8090701513 0 0)
(-26718.8757223308 0 0)
(-26907.2917117781 0 0)
(-26720.0198953914 0 0)
(-26907.791182349 0 0)
(-26721.209187282 0 0)
(-26908.3056859115 0 0)
(-26722.4453226854 0 0)
(-26908.8407199376 0 0)
(-26723.724925717 0 0)
(-26909.3991828839 0 0)
(-26725.0484239866 0 0)
(-26909.9765776076 0 0)
(-26726.4221395968 0 0)
(-26910.5790699472 0 0)
(-26727.8428893149 0 0)
(-26911.2024828354 0 0)
(-26729.3157632385 0 0)
(-26911.8579606442 0 0)
(-26730.8349789315 0 0)
(-26912.5381931537 0 0)
(-26732.4075741998 0 0)
(-26913.2522717787 0 0)
(-26734.0297507345 0 0)
(-26913.998589086 0 0)
(-26735.7057133425 0 0)
(-26914.7775465985 0 0)
(-26737.4386526707 0 0)
(-26915.5925760401 0 0)
(-26739.2288522636 0 0)
(-26916.4480506666 0 0)
(-26741.0738259463 0 0)
(-26917.347402852 0 0)
(-26742.9767740332 0 0)
(-26918.2913244126 0 0)
(-26744.9421576513 0 0)
(-26919.2819568057 0 0)
(-26746.9684272938 0 0)
(-26920.3254867217 0 0)
(-26749.0565213627 0 0)
(-26921.4237989014 0 0)
(-26751.2108216026 0 0)
(-26922.5823581622 0 0)
(-26753.4313049915 0 0)
(-26923.8002198273 0 0)
(-26755.7226439029 0 0)
(-26925.0859348885 0 0)
(-26758.0834885747 0 0)
(-26926.4428258475 0 0)
(-26760.5179462264 0 0)
(-26927.8778535154 0 0)
(-26763.0268432847 0 0)
(-26929.3903607475 0 0)
(-26765.6163332748 0 0)
(-26930.9907583086 0 0)
(-26768.2870656073 0 0)
(-26932.6837200495 0 0)
(-26771.0433430398 0 0)
(-26934.476077386 0 0)
(-26773.8843158423 0 0)
(-26936.3725048518 0 0)
(-26776.8189587408 0 0)
(-26938.3804271998 0 0)
(-26779.8507584906 0 0)
(-26940.5110885291 0 0)
(-26782.9788785443 0 0)
(-26942.7655754886 0 0)
(-26786.2169987672 0 0)
(-26945.1607524753 0 0)
(-26789.562123309 0 0)
(-26947.7007197666 0 0)
(-26793.0250281016 0 0)
(-26950.39987457 0 0)
(-26796.6076905827 0 0)
(-26953.2651677242 0 0)
(-26800.3217740763 0 0)
(-26956.3129287867 0 0)
(-26804.1728663512 0 0)
(-26959.5504151159 0 0)
(-26808.1710845287 0 0)
(-26962.9978851159 0 0)
(-26812.3235053806 0 0)
(-26966.6678045593 0 0)
(-26816.6427145609 0 0)
(-26970.5791335691 0 0)
(-26821.1374379807 0 0)
(-26974.7492088134 0 0)
(-26825.8241478143 0 0)
(-26979.1977260282 0 0)
(-26830.7179454218 0 0)
(-26983.9481882387 0 0)
(-26835.8315902021 0 0)
(-26989.0237663942 0 0)
(-26841.1869219165 0 0)
(-26994.4530359728 0 0)
(-26846.804487591 0 0)
(-27000.2684686072 0 0)
(-26852.7062984707 0 0)
(-27006.501655841 0 0)
(-26858.9197365831 0 0)
(-27013.1885351413 0 0)
(-26865.4782602548 0 0)
(-27020.3768464379 0 0)
(-26872.4132595241 0 0)
(-27028.1053250967 0 0)
(-26879.7784524936 0 0)
(-27036.4195976652 0 0)
(-26887.6258343153 0 0)
(-27045.3844745289 0 0)
(-26895.9941049539 0 0)
(-27055.0824576071 0 0)
(-26904.9467756627 0 0)
(-27065.5919617245 0 0)
(-26914.5564419555 0 0)
(-27077.0056638788 0 0)
(-26924.909256229 0 0)
(-27089.4375259765 0 0)
(-26936.1054449925 0 0)
(-27103.0100787345 0 0)
(-26948.273550221 0 0)
(-27117.8747908709 0 0)
(-26961.5540931426 0 0)
(-27134.2167978159 0 0)
(-26976.1245553547 0 0)
(-27152.2512010177 0 0)
(-26992.2040583377 0 0)
(-27172.2438909715 0 0)
(-27010.0630805758 0 0)
(-27194.5296808246 0 0)
(-27030.0342914172 0 0)
(-27219.5190354252 0 0)
(-27052.5540737479 0 0)
(-27247.7510894241 0 0)
(-27078.1751692601 0 0)
(-27279.9137957351 0 0)
(-27107.6403748899 0 0)
(-27316.9305561394 0 0)
(-27141.9545262801 0 0)
(-27360.0562843254 0 0)
(-27182.5065742749 0 0)
(-27411.0522464251 0 0)
(-27231.2987053697 0 0)
(-27472.4677495341 0 0)
(-27291.2936236124 0 0)
(-27548.1258469718 0 0)
(-27367.0950845792 0 0)
(-27644.0502136202 0 0)
(-27466.2151856429 0 0)
(-27770.3000984131 0 0)
(-27601.7617378617 0 0)
(-27944.9758846424 0 0)
(-27798.6559801139 0 0)
(-28204.0622790743 0 0)
(-28110.9804971383 0 0)
(-28740.7255627435 0 0)
(-28940.7341570789 0 0)
(-29985.0550150875 0 0)
(-30774.5470467898 0 0)
(-33314.0416327264 0 0)
(-36018.8737967675 0 0)
(-41051.1146523919 0 0)
(-47468.6740003715 0 0)
(-51793.207554222 0 0)
(-33099.4425898633 0 0)
(-267.591340718702 0 0)
(4354.07827805877 0 0)
(2442.97527963377 0 0)
(-5614.89902738118 0 0)
)
;

boundaryField
{
    electrode
    {
        type            calculated;
        value           uniform (-272.710141401532 0 0);
    }
    ground
    {
        type            calculated;
        value           uniform (-324.493741116087 0 0);
    }
    otherfaces
    {
        type            empty;
    }
}


// ************************************************************************* //
