/*--------------------------------*- C++ -*----------------------------------*\
| =========                 |                                                 |
| \\      /  F ield         | foam-extend: Open Source CFD                    |
|  \\    /   O peration     | Version:     4.1                                |
|   \\  /    A nd           | Web:         http://www.foam-extend.org         |
|    \\/     M anipulation  |                                                 |
\*---------------------------------------------------------------------------*/
FoamFile
{
    version     2.0;
    format      ascii;
    class       volScalarField;
    location    "2.50010000204314e-05";
    object      diffusionelectron;
}
// * * * * * * * * * * * * * * * * * * * * * * * * * * * * * * * * * * * * * //

dimensions      [0 2 -1 0 0 0 0];

internalField   nonuniform List<scalar> 
500
(
59.736616895673
53.9060285226415
52.1998807297444
52.1811247069865
52.2251598251494
52.3762540322774
52.5376913819489
52.6231734019396
52.6521893389314
52.6599576639269
52.6609143809678
52.6602903915806
52.6601229727043
52.6607212076208
52.6620971755871
52.6642321787711
52.666993016695
52.6701558019128
52.6735499504747
52.6770298177079
52.6804999932403
52.6838751694194
52.6871059926887
52.6901466628559
52.6929943790698
52.6956137744998
52.6980159507348
52.7002124052954
52.7021885044807
52.7039783038494
52.7055881436714
52.7070399865158
52.7083371506798
52.709494555068
52.7105468856501
52.7114927518132
52.712351596987
52.7131315965142
52.7138439873032
52.7145009454581
52.7151178724801
52.7156864891591
52.7162321688445
52.7167440459572
52.7172386482884
52.7177202277204
52.7181836575675
52.7186294061511
52.7190727326856
52.7195158368434
52.7199389600235
52.7203638133042
52.7207899995863
52.721209582828
52.7216228817956
52.7220346560025
52.7224456617233
52.722854848621
52.7232571232827
52.7236576585522
52.7240575673369
52.7244498675557
52.7248478924598
52.725232456242
52.7256229591809
52.7260001864226
52.7263834932161
52.726765800602
52.7271359659151
52.7275112251736
52.7278682242023
52.7282363391667
52.7285982843164
52.7289590387107
52.7293073944662
52.7296604949908
52.7300132165806
52.7303583277312
52.7306967952326
52.7310335711892
52.7313696228566
52.7317159995376
52.7320432169417
52.7323745175505
52.7326926027371
52.7330207279431
52.7333476893368
52.7336663024644
52.7339836380426
52.7342925280391
52.734600042565
52.734917300708
52.7352209187923
52.7355281222212
52.7358277035248
52.7361308153123
52.7364262422352
52.7367190617964
52.7370224139273
52.7373048502061
52.7375977702167
52.7378819226599
52.7381643357947
52.7384501331232
52.7387280622947
52.7390093528979
52.739282738077
52.7395533733333
52.7398221598859
52.740094267974
52.7403644937211
52.7406258468125
52.7408913753242
52.7411541050679
52.7414088025411
52.7416606881099
52.7419166901738
52.7421759570727
52.7424210451156
52.7426693868399
52.7429156998148
52.7431591673944
52.7434066680598
52.7436391367789
52.7438817004893
52.7441153115619
52.7443468154932
52.7445815354423
52.7448080343522
52.7450316536337
52.7452652918947
52.745483867231
52.7457124368513
52.7459320246822
52.7461494070488
52.7463578017611
52.7465700552704
52.7467854913366
52.7469925873502
52.7471967728822
52.7474108588105
52.7476159408022
52.7478126379095
52.748006414205
52.7482100467022
52.7484107533809
52.748596944137
52.748786292851
52.7489793666893
52.7491634187732
52.7493572629157
52.7495359938239
52.7497184083108
52.7499039685999
52.7500749300123
52.7502490325255
52.7504267787801
52.7506015759845
52.7507678221868
52.7509372026787
52.7511041003374
52.7512741292996
52.7514294822341
52.7515940502011
52.7517500103553
52.7519151826545
52.7520656421143
52.752219223551
52.752370248002
52.7525183045629
52.7526698736848
52.7528062986461
52.7529523053249
52.7531014255123
52.7532357632674
52.7533792995508
52.7535141229543
52.7536459683754
52.7537751721201
52.7539135688901
52.7540371341601
52.754169890486
52.7542938862066
52.7544148977511
52.7545393062854
52.7546668149869
52.7547733598317
52.7548890900583
52.7550081865201
52.7551242931809
52.7552315799109
52.7553419613541
52.7554495946026
52.7555542352873
52.7556621992579
52.7557549972488
52.755857191462
52.7559624761498
52.7560527993265
52.7561522980191
52.7562429081704
52.7563305201589
52.7564274894159
52.7565153732325
52.7565943433921
52.7566824854379
52.7567617011348
52.7568440022107
52.7569234503469
52.7569938109907
52.7570734785897
52.7571440574946
52.7572178460408
52.7572825447382
52.7573565268938
52.7574214181989
52.7574894954039
52.7575484812438
52.7576045553611
52.7576697941124
52.7577199383258
52.7577792463936
52.757829533608
52.7578890111431
52.7579400665888
52.7579821808111
52.7580332182618
52.7580748892188
52.7581196028626
52.7581564467557
52.75820171179
52.7582400745414
52.758282269115
52.7583121473013
52.7583447954842
52.7583744366522
52.7584072285662
52.7584312081316
52.7584645953027
52.7584825958654
52.7585097017708
52.7585276466637
52.7585425739505
52.7585666296506
52.7585815799874
52.7585934987544
52.7586023929766
52.7586143485384
52.758623293431
52.7586291336207
52.7586380172616
52.7586377333077
52.7586466275949
52.7586464516686
52.7586371961914
52.7586370290471
52.758627767124
52.7586215056663
52.758618301518
52.7585998380982
52.7585965625727
52.7585779710984
52.7585622521241
52.7585497580555
52.7585284307141
52.758510144539
52.7584827318227
52.7584640490211
52.7584330022342
52.7584056495419
52.7583774332639
52.7583453404247
52.7583175067201
52.7582804171537
52.7582460917459
52.7582083905162
52.7581738767378
52.7581308068741
52.7580847040135
52.7580416095633
52.757995445711
52.7579462059378
52.7578938884524
52.7578506673234
52.7577921880227
52.7577428060645
52.7576842424216
52.757628692131
52.7575700361337
52.7575083089605
52.7574434672593
52.7573816409398
52.7573166915945
52.7572486726432
52.7571775206636
52.7571033009665
52.7570381103785
52.7569576813674
52.7568862713786
52.7568057100837
52.7567219862495
52.7566473693988
52.7565634937582
52.756476554061
52.7563925164628
52.7563054154307
52.7562151193721
52.7561217599718
52.7560251940902
52.755931650579
52.7558348888352
52.75574114927
52.7556380918816
52.755538056499
52.7554347764979
52.7553345167497
52.7552249127172
52.7551183273343
52.7550084690199
52.754895541299
52.7547793254969
52.7546722100466
52.7545557040152
52.7544361225582
52.7543132205411
52.7541994114959
52.7540761774519
52.7539498591133
52.7538262697964
52.7536995911214
52.7535634485789
52.7534424695242
52.7533059196262
52.7531723523574
52.7530353653375
52.7528952660572
52.7527638973391
52.7526172327441
52.7524792741675
52.7523381825122
52.752187509811
52.7520458657083
52.7519006996304
52.7517462869776
52.7516004977147
52.7514454458367
52.751292897795
52.7511310706196
52.7509717140791
52.7508213197838
52.7506611860941
52.7504978189542
52.7503307613488
52.7501726208608
52.7500046619775
52.7498334189276
52.749670575829
52.7494922445519
52.749328354493
52.7491489431381
52.7489778358015
52.7488033465019
52.7486188451343
52.74844309717
52.7482633680049
52.7480801731271
52.7478990232049
52.7477143595205
52.7475255865789
52.7473454234007
52.7471549927858
52.746967024904
52.7467748013266
52.7465849770825
52.7463969024786
52.7461989815261
52.7460027216834
52.7458087144718
52.7456101847473
52.745413823338
52.7452128370926
52.7450139263249
52.744816366675
52.7446086048223
52.7444081633515
52.7442034957525
52.7439999300567
52.7437920163128
52.7435911517284
52.743385805778
52.7431751788644
52.7429599235598
52.7427574868696
52.7425441722743
52.7423434976343
52.7421317663158
52.7419202994846
52.7416975819217
52.7414931812129
52.7412834037363
52.7410734412275
52.7408578635817
52.7406479317722
52.7404382114856
52.7402277635118
52.7400111456809
52.7397995751192
52.7395875992307
52.7393864120507
52.7391722782811
52.7389624577442
52.7387575546733
52.7385443550432
52.7383417110815
52.7381363823492
52.7379411044774
52.7377365198251
52.7375414236627
52.7373425217493
52.7371463934636
52.7369518965954
52.7367655755562
52.7365740805277
52.7363900061661
52.7362060728119
52.736028739723
52.7358507100399
52.7356844945479
52.7355166948517
52.7353536897573
52.7351942593812
52.7350386561569
52.7348917580751
52.7347537786274
52.7346174324595
52.7344828960792
52.7343611737784
52.7342463123103
52.7341371347557
52.7340337369092
52.7339349213698
52.7338467710298
52.7337680409155
52.7336985463258
52.7336369099217
52.7335887427639
52.7335402247699
52.7335147646692
52.7334919905389
52.7334824070249
52.7335014485581
52.7335281096013
52.7335705980545
52.7336368580313
52.7337274443952
52.7338421716925
52.733997735156
52.734179129549
52.7344125080844
52.7346917861548
52.7350276359775
52.7354284353506
52.7359072135204
52.7364803782345
52.7371449326824
52.7379254167837
52.7388337404019
52.739879061395
52.7410957452327
52.7424735617276
52.7440418905694
52.7458055085698
52.7477880629156
52.7499917569037
52.7524128530139
52.7550558009261
52.7579032839852
52.7609362539605
52.764096138907
52.7673476959443
52.770580121
52.7736956266127
52.7765251537957
52.7788489543193
52.7804245701639
52.7808513583995
52.7795146268472
52.7755069312631
52.7675166721348
52.7535292958605
52.7293043652081
52.6877046749366
52.6162437866197
52.4887732119336
52.287694451838
52.0065348400314
51.8171340797852
51.9849259690472
53.0419433453567
56.6667455167518
)
;

boundaryField
{
    electrode
    {
        type            zeroGradient;
    }
    ground
    {
        type            zeroGradient;
    }
    otherfaces
    {
        type            empty;
    }
}


// ************************************************************************* //
