/*--------------------------------*- C++ -*----------------------------------*\
| =========                 |                                                 |
| \\      /  F ield         | foam-extend: Open Source CFD                    |
|  \\    /   O peration     | Version:     4.1                                |
|   \\  /    A nd           | Web:         http://www.foam-extend.org         |
|    \\/     M anipulation  |                                                 |
\*---------------------------------------------------------------------------*/
FoamFile
{
    version     2.0;
    format      ascii;
    class       volScalarField;
    location    "2.50010000204314e-05";
    object      EPotentialMean;
}
// * * * * * * * * * * * * * * * * * * * * * * * * * * * * * * * * * * * * * //

dimensions      [1 2 -3 0 0 -1 0];

internalField   nonuniform List<scalar> 
500
(
4.49562456429672
12.0036747095153
17.8466480093942
21.9386606688346
24.5501443735427
26.1829595278856
27.2899639434771
28.0924699157038
28.7247550451322
29.2329631470708
29.6672533015194
30.0351552246757
30.3644909654308
30.6519800626555
30.9172277327317
31.1531950883548
31.3755889987363
31.5759246222032
31.7677930221012
31.9421797540039
32.1112955547628
32.2659916150737
32.417499370836
32.5567313665021
32.6941784589775
32.8209115748531
32.9468311403093
33.0632132636968
33.1794681733868
33.2870997607228
33.3951006012224
33.4952097731194
33.5960537770069
33.6896061695246
33.7841666442265
33.8719382119785
33.9609244109991
34.0435504150104
34.1275481822796
34.2055565891602
34.2850563744851
34.3588918566193
34.4343097808959
34.5043514585569
34.5760442793419
34.6426184505886
34.7108947428396
34.7742846022622
34.8394133741498
34.8998665524897
34.9620839835691
35.0198184796542
35.0793332585918
35.1345421630675
35.1915397601044
35.2443950537044
35.299041179215
35.3496968225689
35.4021402549748
35.4507347225586
35.5011096392742
35.54776801492
35.5961959242446
35.641031654438
35.6876230234803
35.7307393816835
35.7755949964334
35.8170863068323
35.8602984198107
35.9002511146013
35.9419044222645
35.9803979347991
36.0205704355664
36.0576779789606
36.0964416886589
36.1322309135444
36.1696524981026
36.2041860786807
36.2403273978893
36.273663524209
36.3085821118754
36.3407749399545
36.3745244221198
36.4056244454191
36.4382548994353
36.4683092944683
36.4998675783591
36.5289205046407
36.5594505401368
36.5875434036197
36.6170864344939
36.6442581249832
36.6728529449019
36.699140051693
36.7268231991053
36.7522601885503
36.7790661334216
36.8036855220388
36.8296468263505
36.8534793362572
36.8786268016054
36.9017014932514
36.9260642938615
36.9484086913005
36.9720144911993
36.993654693563
37.0165297552816
37.0374905352701
37.0596598170644
37.0799647138917
37.1014519563731
37.1211233579011
37.1419511685247
37.1610103887476
37.1812003147647
37.1996676655095
37.2192402623917
37.2371351148214
37.2561100105658
37.2734508570674
37.2918468056642
37.3086513083708
37.3264862424475
37.342771286729
37.3600623681553
37.3758441061313
37.3926077670057
37.4079016584583
37.4241536431058
37.438974495458
37.4547298979162
37.4690918996175
37.4843651978399
37.4982819543569
37.5130870444466
37.5265716073162
37.5409218323678
37.553986730447
37.5678949111863
37.5805521752097
37.5940306333343
37.6062918204875
37.6193524026803
37.6312286197478
37.6438827215304
37.6553846461999
37.6676432312944
37.6787811315768
37.6906547518977
37.7014385051662
37.7129373194296
37.7233764296679
37.7345102197737
37.7446138333248
37.7553920200798
37.7651689405694
37.775600598536
37.7850593026198
37.7951531768167
37.8043018290803
37.8140663487037
37.822912814907
37.8323561053106
37.8409079631538
37.8500378557952
37.8583024007201
37.8671264375252
37.8751106931163
37.8836361411824
37.8913468704043
37.8995807310434
37.9070244461877
37.91497346451
37.9221564348848
37.9298271077504
37.9367553682942
37.9441539522634
37.9508333107621
37.9579658294211
37.9644018736204
37.9712741247697
37.9774722291918
37.984089791435
37.9900551238038
37.9964233625974
38.0021608896349
38.0082849633297
38.0137994561528
38.0196843208019
38.0249803598803
38.0306307745805
38.0357127547603
38.0411332863387
38.046005421368
38.0512004488818
38.0558667756373
38.0608404946932
38.0653048772857
38.0700613038139
38.0743274373285
38.0788704111161
38.0829418247788
38.0872750128545
38.0911550731729
38.0952819727002
38.0989738867061
38.1028978280741
38.1064046461507
38.110128795859
38.113453414491
38.1169807780353
38.1201259428307
38.1234593667126
38.1264276737712
38.1295698467659
38.1323637444
38.1353171991627
38.1379389895649
38.1407061032936
38.1431579427513
38.1457409359244
38.1480248327427
38.1504257646802
38.1525435744138
38.1547643328886
38.156717746906
38.1587600756567
38.1605507450356
38.1624164318051
38.1640460068353
38.1657368105941
38.1672069565412
38.16872491445
38.1700372931651
38.171383706205
38.1725393549526
38.1737152736678
38.1747150762364
38.1757213520922
38.1765660270952
38.1774033905172
38.1780935837283
38.1787626823094
38.1792989346615
38.1798002972063
38.1801830319409
38.1805170605233
38.1807465791762
38.1809135466244
38.1809900295241
38.1809900455898
38.180913595523
38.1807466601321
38.1805171742657
38.1801831777657
38.1798004756857
38.1792991450341
38.1787629252597
38.1780938583646
38.1774036975468
38.1765663656151
38.1757217227485
38.1747154780926
38.1737157073542
38.1725398195373
38.1713842022554
38.1700378197867
38.1687254721613
38.1672075443909
38.1657374291102
38.1640466550542
38.162417110221
38.1605514526324
38.1587608129355
38.1567185128258
38.1547651279535
38.1525443975222
38.1504266163003
38.1480257117538
38.1457418427892
38.1431588763451
38.1407070640936
38.1379399763377
38.1353182124149
38.1323647828903
38.1295709109375
38.1264287623402
38.1234604801526
38.1201270798428
38.1169819390872
38.11345459824
38.1101300027436
38.1064058747718
38.1028990788905
38.0989751583844
38.0952832655721
38.0911563859064
38.087276345775
38.0829431765245
38.0788717820924
38.0743288260751
38.0700627106727
38.0653063008868
38.0608419352744
38.055868231827
38.0512019209696
38.0460069079351
38.0411347876842
38.0357142694164
38.030632302796
38.0249819002505
38.0196858735556
38.0138010198235
38.0082865382505
38.0021624742374
37.9964249571886
37.9900567268119
37.9840914031704
37.9774738481104
37.9712757511461
37.9644035058604
37.9579674678776
37.9508349537936
37.944155600187
37.9367570195352
37.9298287625926
37.9221580916852
37.9149751235389
37.907026105861
37.8995823916884
37.8913485303593
37.8836378007772
37.8751123506629
37.8671280933773
37.8583040532046
37.8500395052399
37.8409096079456
37.8323577456943
37.8229144492849
37.8140679774221
37.8043034504312
37.7951547911853
37.7850609082768
37.7756021958652
37.7651705279158
37.7553935977888
37.7446153997552
37.7345117752556
37.7233779725804
37.7129388500873
37.7014400219835
37.6906562552118
37.6787826198065
37.667644704814
37.6553861033926
37.6438841627594
37.6312300434892
37.6193538093416
37.6062932084981
37.5940320031452
37.5805535252413
37.5678962419532
37.5539880403408
37.5409231219343
37.526572875032
37.5130882908637
37.4982831779133
37.4843663992246
37.4690930772355
37.4547310524354
37.4389756253686
37.4241547491287
37.4079027390351
37.3926088228206
37.375845135747
37.3600633722334
37.3427722637181
37.3264871931248
37.3086522312471
37.291847701525
37.273451724396
37.2561108501877
37.2371359252942
37.2192410445522
37.199668417953
37.1812010383595
37.1610110821481
37.1419518326413
37.1211239913883
37.1014525602794
37.0799652868164
37.0596603601163
37.0374910471076
37.0165302370041
36.9936551438503
36.972014911034
36.9484090794885
36.9260646514654
36.9017018190571
36.8786270967328
36.8534795995076
36.8296470588947
36.8036857226881
36.7790663034542
36.7522603268529
36.7268233069674
36.699140128059
36.6728529910402
36.6442581398776
36.6170864193699
36.5875433575735
36.5594504643333
36.528920398118
36.4998674425075
36.4683091284321
36.4382547046182
36.4056242209111
36.3745241694775
36.340774658286
36.3085818025764
36.2736631864633
36.2403270331231
36.2041856861336
36.1696520792389
36.1322304676773
36.0964412173157
36.0576774811629
36.0205699132017
35.980397386838
35.9419038505263
35.9002505178595
35.8602978003412
35.8170856630465
35.7755943306098
35.7307386926772
35.6876223132781
35.641030922015
35.5961951715894
35.5477672411493
35.5011088455378
35.4507339092878
35.4021394230338
35.3496959712065
35.2990403095802
35.2443941658478
35.191538855347
35.1345412403626
35.0793323194366
35.0198175243423
34.9620830132723
34.8998655660658
34.8394123732933
34.7742835857809
34.7108937126684
34.6426174054893
34.5760432213158
34.5043503855224
34.4343086950244
34.3588907564664
34.2850552612198
34.2055554622267
34.1275470424803
34.0435492610032
33.9609232441599
33.8719370304092
33.7841654493881
33.6896049593184
33.5960525525958
33.4952085320715
33.3950993442085
33.2870984852226
33.1794668798325
33.0632119491677
32.9468298048565
32.8209102149573
32.6941770741549
32.5567299527514
32.4174979273577
32.2659901376134
32.1112940425264
31.9421782031783
31.7677914329962
31.5759229926474
31.3755873319327
31.1531933861155
30.9172260039682
30.6519783161851
30.364489219535
30.0351534995666
29.667251629912
29.2329615671965
28.724753614235
28.0924687036196
27.2899630504043
26.1829590703136
24.5501444608159
21.9386612603367
17.846648791187
12.003675211318
4.49562438090213
)
;

boundaryField
{
    electrode
    {
        type            calculated;
        value           uniform 9.99999999182884e-11;
    }
    ground
    {
        type            calculated;
        value           uniform -6.83706033741977e-07;
    }
    otherfaces
    {
        type            empty;
    }
}


// ************************************************************************* //
