/*--------------------------------*- C++ -*----------------------------------*\
| =========                 |                                                 |
| \\      /  F ield         | foam-extend: Open Source CFD                    |
|  \\    /   O peration     | Version:     4.1                                |
|   \\  /    A nd           | Web:         http://www.foam-extend.org         |
|    \\/     M anipulation  |                                                 |
\*---------------------------------------------------------------------------*/
FoamFile
{
    version     2.0;
    format      ascii;
    class       volVectorField;
    location    "2.50010000204314e-05";
    object      Flux_Arm;
}
// * * * * * * * * * * * * * * * * * * * * * * * * * * * * * * * * * * * * * //

dimensions      [0 -2 -1 0 0 0 0];

internalField   nonuniform List<vector> 
500
(
(2.31792120962278e+17 -0 -0)
(6.88560270739306e+17 -0 -0)
(1.14631981346981e+18 -0 -0)
(1.6345479193429e+18 -0 -0)
(2.14530238894655e+18 -0 -0)
(2.58967476818442e+18 -0 -0)
(2.86778860537511e+18 -0 -0)
(2.970373739807e+18 -0 -0)
(2.95179036375798e+18 -0 -0)
(2.86197525988623e+18 -0 -0)
(2.73195424188678e+18 -0 -0)
(2.57884462133834e+18 -0 -0)
(2.41298605737726e+18 -0 -0)
(2.24161944923073e+18 -0 -0)
(2.07004872287043e+18 -0 -0)
(1.90208582861172e+18 -0 -0)
(1.74036196008547e+18 -0 -0)
(1.58665756094788e+18 -0 -0)
(1.44214264106492e+18 -0 -0)
(1.30750239174642e+18 -0 -0)
(1.18303996969157e+18 -0 -0)
(1.06876314127163e+18 -0 -0)
(9.64456102093854e+17 -0 -0)
(8.69739247910432e+17 -0 -0)
(7.84118117041302e+17 -0 -0)
(7.07023198223944e+17 -0 -0)
(6.37841786748904e+17 -0 -0)
(5.75942984264043e+17 -0 -0)
(5.20697072795354e+17 -0 -0)
(4.71489877795618e+17 -0 -0)
(4.27733264310397e+17 -0 -0)
(3.88872200788576e+17 -0 -0)
(3.54389330707642e+17 -0 -0)
(3.23807222647552e+17 -0 -0)
(2.96689257799998e+17 -0 -0)
(2.72639049196792e+17 -0 -0)
(2.51299184983474e+17 -0 -0)
(2.32349132145398e+17 -0 -0)
(2.15502950196258e+17 -0 -0)
(2.00506596848077e+17 -0 -0)
(1.8713529318557e+17 -0 -0)
(1.75190723621563e+17 -0 -0)
(1.64498527848914e+17 -0 -0)
(1.5490564165019e+17 -0 -0)
(1.46278073296452e+17 -0 -0)
(1.38498656503057e+17 -0 -0)
(1.31465126337882e+17 -0 -0)
(1.25088222549365e+17 -0 -0)
(1.19290191746966e+17 -0 -0)
(1.14003242767401e+17 -0 -0)
(1.09168344936844e+17 -0 -0)
(1.04733998093017e+17 -0 -0)
(1.00655374998849e+17 -0 -0)
(9.68932940525864e+16 -0 -0)
(9.3413576138087e+16 -0 -0)
(9.01863269894223e+16 -0 -0)
(8.71853882845511e+16 -0 -0)
(8.43878096761429e+16 -0 -0)
(8.17734496276551e+16 -0 -0)
(7.93245731294514e+16 -0 -0)
(7.70255839343028e+16 -0 -0)
(7.48626394831106e+16 -0 -0)
(7.28235263196264e+16 -0 -0)
(7.08974341254732e+16 -0 -0)
(6.90747359459628e+16 -0 -0)
(6.73468056720391e+16 -0 -0)
(6.57059904245818e+16 -0 -0)
(6.41454097023165e+16 -0 -0)
(6.26589360905385e+16 -0 -0)
(6.12409886228613e+16 -0 -0)
(5.98865916882547e+16 -0 -0)
(5.85912242653005e+16 -0 -0)
(5.73508026829718e+16 -0 -0)
(5.6161590768811e+16 -0 -0)
(5.50202397126047e+16 -0 -0)
(5.39236585376997e+16 -0 -0)
(5.28690276670021e+16 -0 -0)
(5.18537715077027e+16 -0 -0)
(5.08755319498545e+16 -0 -0)
(4.99321397520371e+16 -0 -0)
(4.9021577234501e+16 -0 -0)
(4.81419941873749e+16 -0 -0)
(4.72916884894231e+16 -0 -0)
(4.64690610569747e+16 -0 -0)
(4.5672673962191e+16 -0 -0)
(4.49011265804907e+16 -0 -0)
(4.415316330639e+16 -0 -0)
(4.34276157209537e+16 -0 -0)
(4.27233543445447e+16 -0 -0)
(4.20393292361477e+16 -0 -0)
(4.13745938356546e+16 -0 -0)
(4.07282339768802e+16 -0 -0)
(4.00993912925363e+16 -0 -0)
(3.94872651508253e+16 -0 -0)
(3.88911039431958e+16 -0 -0)
(3.83101890684992e+16 -0 -0)
(3.77438504980878e+16 -0 -0)
(3.71914475583934e+16 -0 -0)
(3.66524025231099e+16 -0 -0)
(3.61261645739496e+16 -0 -0)
(3.56121638451363e+16 -0 -0)
(3.51098797680265e+16 -0 -0)
(3.46188560152903e+16 -0 -0)
(3.41386439547744e+16 -0 -0)
(3.36687983159422e+16 -0 -0)
(3.32089023105936e+16 -0 -0)
(3.27585732357009e+16 -0 -0)
(3.23174486942441e+16 -0 -0)
(3.18851654182223e+16 -0 -0)
(3.14613698397974e+16 -0 -0)
(3.10457621298724e+16 -0 -0)
(3.06380364762006e+16 -0 -0)
(3.02379004785503e+16 -0 -0)
(2.98450521327207e+16 -0 -0)
(2.94592387270033e+16 -0 -0)
(2.90802380747039e+16 -0 -0)
(2.87077809421792e+16 -0 -0)
(2.83416130281803e+16 -0 -0)
(2.79815220671857e+16 -0 -0)
(2.76273248302257e+16 -0 -0)
(2.72788065581162e+16 -0 -0)
(2.69357626103546e+16 -0 -0)
(2.65979898700154e+16 -0 -0)
(2.62653546802592e+16 -0 -0)
(2.59376675417804e+16 -0 -0)
(2.56147512622544e+16 -0 -0)
(2.52964453630217e+16 -0 -0)
(2.49825859924223e+16 -0 -0)
(2.46730652222794e+16 -0 -0)
(2.43677442952971e+16 -0 -0)
(2.40664664670589e+16 -0 -0)
(2.37691362008718e+16 -0 -0)
(2.34755712459439e+16 -0 -0)
(2.31856816249599e+16 -0 -0)
(2.28993785026265e+16 -0 -0)
(2.26165204781217e+16 -0 -0)
(2.23369991406347e+16 -0 -0)
(2.20607600516553e+16 -0 -0)
(2.17876637367581e+16 -0 -0)
(2.15176061884775e+16 -0 -0)
(2.12505257332447e+16 -0 -0)
(2.09863220734726e+16 -0 -0)
(2.07249104439772e+16 -0 -0)
(2.04662008983419e+16 -0 -0)
(2.02101340879208e+16 -0 -0)
(1.99566416980072e+16 -0 -0)
(1.97056129024607e+16 -0 -0)
(1.94570050857413e+16 -0 -0)
(1.9210741198329e+16 -0 -0)
(1.89667644891828e+16 -0 -0)
(1.87250019031913e+16 -0 -0)
(1.84853972762838e+16 -0 -0)
(1.82478806380929e+16 -0 -0)
(1.80123973731152e+16 -0 -0)
(1.77789171758962e+16 -0 -0)
(1.75473656113628e+16 -0 -0)
(1.73176623714862e+16 -0 -0)
(1.70898074686318e+16 -0 -0)
(1.68637217622552e+16 -0 -0)
(1.66393733717267e+16 -0 -0)
(1.64167185128506e+16 -0 -0)
(1.61957037227993e+16 -0 -0)
(1.59762950141427e+16 -0 -0)
(1.57584470957443e+16 -0 -0)
(1.55420994817993e+16 -0 -0)
(1.53272419653025e+16 -0 -0)
(1.5113815371501e+16 -0 -0)
(1.49017909945549e+16 -0 -0)
(1.46911245942911e+16 -0 -0)
(1.44818056175825e+16 -0 -0)
(1.42737893934255e+16 -0 -0)
(1.4067033854074e+16 -0 -0)
(1.38615022255784e+16 -0 -0)
(1.36571894153948e+16 -0 -0)
(1.34540521867295e+16 -0 -0)
(1.32520512451593e+16 -0 -0)
(1.30511615852456e+16 -0 -0)
(1.28513505978004e+16 -0 -0)
(1.26526078591786e+16 -0 -0)
(1.2454920499272e+16 -0 -0)
(1.22582245150616e+16 -0 -0)
(1.20625246776207e+16 -0 -0)
(1.18677416685802e+16 -0 -0)
(1.16739088916527e+16 -0 -0)
(1.14810140020026e+16 -0 -0)
(1.12889808406396e+16 -0 -0)
(1.10978170148536e+16 -0 -0)
(1.09075192095423e+16 -0 -0)
(1.07180336615459e+16 -0 -0)
(1.05293498197672e+16 -0 -0)
(1.03414327661059e+16 -0 -0)
(1.01542939044431e+16 -0 -0)
(9.96790660324953e+15 -0 -0)
(9.78223219141199e+15 -0 -0)
(9.59726588788727e+15 -0 -0)
(9.41300412852376e+15 -0 -0)
(9.22939695622843e+15 -0 -0)
(9.04643333404103e+15 -0 -0)
(8.86410077639856e+15 -0 -0)
(8.68240405754978e+15 -0 -0)
(8.50130144222942e+15 -0 -0)
(8.3207818887667e+15 -0 -0)
(8.14084951680931e+15 -0 -0)
(7.96147546799534e+15 -0 -0)
(7.78262280726272e+15 -0 -0)
(7.60429235626067e+15 -0 -0)
(7.42647896806517e+15 -0 -0)
(7.24916640183374e+15 -0 -0)
(7.07230845611469e+15 -0 -0)
(6.89592783467189e+15 -0 -0)
(6.72000615151936e+15 -0 -0)
(6.54451984656947e+15 -0 -0)
(6.36942724708569e+15 -0 -0)
(6.19472029440848e+15 -0 -0)
(6.02038262026876e+15 -0 -0)
(5.84640481447607e+15 -0 -0)
(5.67273321500379e+15 -0 -0)
(5.49931435332266e+15 -0 -0)
(5.32611034683015e+15 -0 -0)
(5.15303137172002e+15 -0 -0)
(4.97994219676292e+15 -0 -0)
(4.80670264997891e+15 -0 -0)
(4.63300853380945e+15 -0 -0)
(4.45859226975532e+15 -0 -0)
(4.28513895456798e+15 -0 -0)
(4.11479101687897e+15 -0 -0)
(3.94696457299963e+15 -0 -0)
(3.78015103508168e+15 -0 -0)
(3.61369222751498e+15 -0 -0)
(3.45212314975058e+15 -0 -0)
(3.29813801371658e+15 -0 -0)
(3.13802321480012e+15 -0 -0)
(2.96290913235135e+15 -0 -0)
(2.78458529062326e+15 -0 -0)
(2.61003350919548e+15 -0 -0)
(2.43687166669028e+15 -0 -0)
(2.26428679355645e+15 -0 -0)
(2.09260709735167e+15 -0 -0)
(1.9229501907241e+15 -0 -0)
(1.75499174413478e+15 -0 -0)
(1.58757922334728e+15 -0 -0)
(1.42039721940343e+15 -0 -0)
(1.25329125150122e+15 -0 -0)
(1.08615765905149e+15 -0 -0)
(919026811211529 -0 -0)
(751909128137487 -0 -0)
(584693662039652 -0 -0)
(417375260631151 -0 -0)
(250274141169970 -0 -0)
(83484186768253.6 -0 -0)
(-83376415511949.7 -0 -0)
(-250479027207624 -0 -0)
(-417633765924140 -0 -0)
(-584818705500899 -0 -0)
(-752025288374113 -0 -0)
(-919211198138904 -0 -0)
(-1.08633483885305e+15 -0 -0)
(-1.25339260578217e+15 -0 -0)
(-1.42050774029367e+15 -0 -0)
(-1.58767439858566e+15 -0 -0)
(-1.75505797403795e+15 -0 -0)
(-1.92311317309483e+15 -0 -0)
(-2.0927816540089e+15 -0 -0)
(-2.26440243359491e+15 -0 -0)
(-2.43696392214922e+15 -0 -0)
(-2.61015447916342e+15 -0 -0)
(-2.78469958337374e+15 -0 -0)
(-2.96302837376587e+15 -0 -0)
(-3.13818595004872e+15 -0 -0)
(-3.29828297772613e+15 -0 -0)
(-3.45223263047878e+15 -0 -0)
(-3.61379791342284e+15 -0 -0)
(-3.78033075316314e+15 -0 -0)
(-3.9471631053197e+15 -0 -0)
(-4.11493128606265e+15 -0 -0)
(-4.28526268601446e+15 -0 -0)
(-4.45870966841389e+15 -0 -0)
(-4.63308338583599e+15 -0 -0)
(-4.8067554838217e+15 -0 -0)
(-4.9800335936853e+15 -0 -0)
(-5.15315294550105e+15 -0 -0)
(-5.32625838439028e+15 -0 -0)
(-5.49946814029259e+15 -0 -0)
(-5.67288106255623e+15 -0 -0)
(-5.84657784536937e+15 -0 -0)
(-6.02055161190127e+15 -0 -0)
(-6.194846891748e+15 -0 -0)
(-6.3695259675752e+15 -0 -0)
(-6.54462964087955e+15 -0 -0)
(-6.72013989244078e+15 -0 -0)
(-6.89607304523082e+15 -0 -0)
(-7.07244132618625e+15 -0 -0)
(-7.2492914353246e+15 -0 -0)
(-7.42663338553085e+15 -0 -0)
(-7.60444873943164e+15 -0 -0)
(-7.78275554493524e+15 -0 -0)
(-7.96159378654833e+15 -0 -0)
(-8.14098147932584e+15 -0 -0)
(-8.32093443575246e+15 -0 -0)
(-8.5014471037934e+15 -0 -0)
(-8.6825503296434e+15 -0 -0)
(-8.86423678944784e+15 -0 -0)
(-9.04654901906295e+15 -0 -0)
(-9.22951277044708e+15 -0 -0)
(-9.41312092990366e+15 -0 -0)
(-9.59737968707029e+15 -0 -0)
(-9.78235584322646e+15 -0 -0)
(-9.9680509145315e+15 -0 -0)
(-1.01544597207658e+16 -0 -0)
(-1.03415904909422e+16 -0 -0)
(-1.05294834193865e+16 -0 -0)
(-1.07181578197099e+16 -0 -0)
(-1.09076693125884e+16 -0 -0)
(-1.10979880580185e+16 -0 -0)
(-1.1289125630104e+16 -0 -0)
(-1.14811492501268e+16 -0 -0)
(-1.16740557802888e+16 -0 -0)
(-1.18678660203703e+16 -0 -0)
(-1.20626269583817e+16 -0 -0)
(-1.22583433530577e+16 -0 -0)
(-1.24550648088882e+16 -0 -0)
(-1.26527566910542e+16 -0 -0)
(-1.28515025268905e+16 -0 -0)
(-1.30513136271574e+16 -0 -0)
(-1.32521844951163e+16 -0 -0)
(-1.34541898952457e+16 -0 -0)
(-1.36573537700185e+16 -0 -0)
(-1.38616752209902e+16 -0 -0)
(-1.4067200762909e+16 -0 -0)
(-1.42739462841172e+16 -0 -0)
(-1.44819559722542e+16 -0 -0)
(-1.46912756856432e+16 -0 -0)
(-1.49019425221521e+16 -0 -0)
(-1.51139608076274e+16 -0 -0)
(-1.53273844777193e+16 -0 -0)
(-1.5542249287169e+16 -0 -0)
(-1.5758598015077e+16 -0 -0)
(-1.5976450021599e+16 -0 -0)
(-1.61958631230579e+16 -0 -0)
(-1.64168783578663e+16 -0 -0)
(-1.66395375836943e+16 -0 -0)
(-1.68638930645435e+16 -0 -0)
(-1.70899776560977e+16 -0 -0)
(-1.73178297159935e+16 -0 -0)
(-1.7547510112028e+16 -0 -0)
(-1.7779057802083e+16 -0 -0)
(-1.80125552935828e+16 -0 -0)
(-1.82480259568665e+16 -0 -0)
(-1.84855361191195e+16 -0 -0)
(-1.87251591010352e+16 -0 -0)
(-1.89669302407639e+16 -0 -0)
(-1.92108987125659e+16 -0 -0)
(-1.94571708130607e+16 -0 -0)
(-1.9705790143073e+16 -0 -0)
(-1.99568153688202e+16 -0 -0)
(-2.02103143641556e+16 -0 -0)
(-2.04663877588076e+16 -0 -0)
(-2.07250875771551e+16 -0 -0)
(-2.09864948640381e+16 -0 -0)
(-2.125069947096e+16 -0 -0)
(-2.15177899937715e+16 -0 -0)
(-2.17878380494691e+16 -0 -0)
(-2.20609486580628e+16 -0 -0)
(-2.2337196336627e+16 -0 -0)
(-2.26166964067451e+16 -0 -0)
(-2.28995573797684e+16 -0 -0)
(-2.3185869338365e+16 -0 -0)
(-2.3475748306207e+16 -0 -0)
(-2.37693126022111e+16 -0 -0)
(-2.40666652255712e+16 -0 -0)
(-2.43679383988908e+16 -0 -0)
(-2.46732650004667e+16 -0 -0)
(-2.49827782048153e+16 -0 -0)
(-2.52966183895937e+16 -0 -0)
(-2.56149340813502e+16 -0 -0)
(-2.59378478840842e+16 -0 -0)
(-2.62655569054055e+16 -0 -0)
(-2.65982024325888e+16 -0 -0)
(-2.69359584391441e+16 -0 -0)
(-2.72790167513312e+16 -0 -0)
(-2.76275450899256e+16 -0 -0)
(-2.79817458043751e+16 -0 -0)
(-2.83418263449016e+16 -0 -0)
(-2.8707980712114e+16 -0 -0)
(-2.90804498488448e+16 -0 -0)
(-2.94594693241043e+16 -0 -0)
(-2.98452793312346e+16 -0 -0)
(-3.0238116693782e+16 -0 -0)
(-3.06382619735213e+16 -0 -0)
(-3.10459941006578e+16 -0 -0)
(-3.1461596622057e+16 -0 -0)
(-3.18853771815875e+16 -0 -0)
(-3.23176643309132e+16 -0 -0)
(-3.27588057464187e+16 -0 -0)
(-3.32091490424524e+16 -0 -0)
(-3.36690354781679e+16 -0 -0)
(-3.41388795507293e+16 -0 -0)
(-3.46191063162217e+16 -0 -0)
(-3.51101267937391e+16 -0 -0)
(-3.56124096594192e+16 -0 -0)
(-3.61264293909968e+16 -0 -0)
(-3.66526797644137e+16 -0 -0)
(-3.71917169256854e+16 -0 -0)
(-3.7744124898229e+16 -0 -0)
(-3.83104627224875e+16 -0 -0)
(-3.88913714379224e+16 -0 -0)
(-3.94875413267709e+16 -0 -0)
(-4.00996771805375e+16 -0 -0)
(-4.07285185213467e+16 -0 -0)
(-4.13748909578841e+16 -0 -0)
(-4.20396263356828e+16 -0 -0)
(-4.27236473776627e+16 -0 -0)
(-4.3427929680138e+16 -0 -0)
(-4.41534868121209e+16 -0 -0)
(-4.49014373324733e+16 -0 -0)
(-4.567298905848e+16 -0 -0)
(-4.6469396427584e+16 -0 -0)
(-4.72920168858441e+16 -0 -0)
(-4.81423351390966e+16 -0 -0)
(-4.90219287549217e+16 -0 -0)
(-4.99324919751379e+16 -0 -0)
(-5.0875902289018e+16 -0 -0)
(-5.18541412698336e+16 -0 -0)
(-5.2869401609157e+16 -0 -0)
(-5.3924036804185e+16 -0 -0)
(-5.50206281341945e+16 -0 -0)
(-5.6161986604997e+16 -0 -0)
(-5.73511935119533e+16 -0 -0)
(-5.85916209945921e+16 -0 -0)
(-5.98870091160685e+16 -0 -0)
(-6.12414135549045e+16 -0 -0)
(-6.26593623575269e+16 -0 -0)
(-6.4145849306693e+16 -0 -0)
(-6.5706434378254e+16 -0 -0)
(-6.73472590533513e+16 -0 -0)
(-6.90752030798637e+16 -0 -0)
(-7.0897922537109e+16 -0 -0)
(-7.28240299238403e+16 -0 -0)
(-7.48631362273702e+16 -0 -0)
(-7.7026082660813e+16 -0 -0)
(-7.93250935693705e+16 -0 -0)
(-8.17739825015886e+16 -0 -0)
(-8.43883562167239e+16 -0 -0)
(-8.71859516116964e+16 -0 -0)
(-9.01868967625522e+16 -0 -0)
(-9.34141664928421e+16 -0 -0)
(-9.68938955228993e+16 -0 -0)
(-1.00656000152173e+17 -0 -0)
(-1.04734654753377e+17 -0 -0)
(-1.09169017227941e+17 -0 -0)
(-1.14003938586734e+17 -0 -0)
(-1.19290911987462e+17 -0 -0)
(-1.25088965630205e+17 -0 -0)
(-1.31465902286263e+17 -0 -0)
(-1.38499466336682e+17 -0 -0)
(-1.46278914666806e+17 -0 -0)
(-1.54906511496218e+17 -0 -0)
(-1.64499433808038e+17 -0 -0)
(-1.75191666382026e+17 -0 -0)
(-1.87136255705202e+17 -0 -0)
(-2.00507585855448e+17 -0 -0)
(-2.1550396379166e+17 -0 -0)
(-2.32350158400391e+17 -0 -0)
(-2.51300225320137e+17 -0 -0)
(-2.72640089190359e+17 -0 -0)
(-2.96690281685946e+17 -0 -0)
(-3.23808223819092e+17 -0 -0)
(-3.5439029493731e+17 -0 -0)
(-3.88873111653574e+17 -0 -0)
(-4.27734097982402e+17 -0 -0)
(-4.71490613937199e+17 -0 -0)
(-5.20697679808096e+17 -0 -0)
(-5.75943435515971e+17 -0 -0)
(-6.37842064355862e+17 -0 -0)
(-7.07023273629699e+17 -0 -0)
(-7.84117959693607e+17 -0 -0)
(-8.69738823397125e+17 -0 -0)
(-9.64455393757323e+17 -0 -0)
(-1.06876213404066e+18 -0 -0)
(-1.18303865316964e+18 -0 -0)
(-1.30750076855333e+18 -0 -0)
(-1.44214072243951e+18 -0 -0)
(-1.5866553837722e+18 -0 -0)
(-1.74035957729324e+18 -0 -0)
(-1.90208331298698e+18 -0 -0)
(-2.07004617576904e+18 -0 -0)
(-2.24161700537222e+18 -0 -0)
(-2.41298388322653e+18 -0 -0)
(-2.57884289913839e+18 -0 -0)
(-2.73195323217152e+18 -0 -0)
(-2.8619766074476e+18 -0 -0)
(-2.95179794284126e+18 -0 -0)
(-2.97038845745256e+18 -0 -0)
(-2.8678037562507e+18 -0 -0)
(-2.58967609539213e+18 -0 -0)
(-2.1452844553658e+18 -0 -0)
(-1.6345235107848e+18 -0 -0)
(-1.14629969852695e+18 -0 -0)
(-6.88550060605171e+17 -0 -0)
(-2.3179049794789e+17 -0 -0)
)
;

boundaryField
{
    electrode
    {
        type            calculated;
        value           uniform (-0 -0 -0);
    }
    ground
    {
        type            calculated;
        value           uniform (0 -0 -0);
    }
    otherfaces
    {
        type            empty;
    }
}


// ************************************************************************* //
