/*--------------------------------*- C++ -*----------------------------------*\
| =========                 |                                                 |
| \\      /  F ield         | foam-extend: Open Source CFD                    |
|  \\    /   O peration     | Version:     4.1                                |
|   \\  /    A nd           | Web:         http://www.foam-extend.org         |
|    \\/     M anipulation  |                                                 |
\*---------------------------------------------------------------------------*/
FoamFile
{
    version     2.0;
    format      ascii;
    class       volVectorField;
    location    "2.50010000204314e-05";
    object      totalIonFlux;
}
// * * * * * * * * * * * * * * * * * * * * * * * * * * * * * * * * * * * * * //

dimensions      [0 -2 0 0 0 1 0];

internalField   nonuniform List<vector> 
500
(
(-647.898335871165 0 0)
(-638.719465558896 0 0)
(-643.353566174988 0 0)
(-631.906858536699 0 0)
(-637.017480030998 0 0)
(-636.833839812374 0 0)
(-643.929074571898 0 0)
(-642.543109121002 0 0)
(-645.930066530243 0 0)
(-643.679600736083 0 0)
(-645.798482405878 0 0)
(-643.502986909371 0 0)
(-645.074662063092 0 0)
(-642.843600706367 0 0)
(-644.080481860257 0 0)
(-641.918984024963 0 0)
(-642.91545140716 0 0)
(-640.810090058045 0 0)
(-641.615625536828 0 0)
(-639.55191127848 0 0)
(-640.197761518043 0 0)
(-638.16328735556 0 0)
(-638.670731148855 0 0)
(-636.655229320248 0 0)
(-637.039507672311 0 0)
(-635.034538156847 0 0)
(-635.307008766011 0 0)
(-633.305625423528 0 0)
(-633.475037162755 0 0)
(-631.471503211978 0 0)
(-631.544789305689 0 0)
(-629.534346368614 0 0)
(-629.517137712706 0 0)
(-627.495824345586 0 0)
(-627.392794262921 0 0)
(-625.357296821807 0 0)
(-625.172395923487 0 0)
(-623.119933970176 0 0)
(-622.856556095866 0 0)
(-620.784785665051 0 0)
(-620.445885863474 0 0)
(-618.352824570496 0 0)
(-617.941007461773 0 0)
(-615.824971997763 0 0)
(-615.342556155663 0 0)
(-613.202113225779 0 0)
(-612.651180964338 0 0)
(-610.485106926477 0 0)
(-609.867543591654 0 0)
(-607.674791646375 0 0)
(-606.992316403535 0 0)
(-604.771989493361 0 0)
(-604.026180294416 0 0)
(-601.777510601637 0 0)
(-600.96982391234 0 0)
(-598.69215437854 0 0)
(-597.823942378428 0 0)
(-595.516712273364 0 0)
(-594.58923643239 0 0)
(-592.251969639815 0 0)
(-591.266412608077 0 0)
(-588.898707100307 0 0)
(-587.856183096859 0 0)
(-585.457702090103 0 0)
(-584.359238598387 0 0)
(-581.929755453741 0 0)
(-580.776322812599 0 0)
(-578.315622949089 0 0)
(-577.108170703614 0 0)
(-574.616075584309 0 0)
(-573.355517685577 0 0)
(-570.831890993491 0 0)
(-569.519104503335 0 0)
(-566.96384994191 0 0)
(-565.599677756255 0 0)
(-563.012736752994 0 0)
(-561.597991038618 0 0)
(-558.979338981344 0 0)
(-557.514804964777 0 0)
(-554.864448435657 0 0)
(-553.350886692124 0 0)
(-550.668861499437 0 0)
(-549.107010811163 0 0)
(-546.393379749162 0 0)
(-544.783959104049 0 0)
(-542.038809292314 0 0)
(-540.382520084034 0 0)
(-537.605962246733 0 0)
(-535.903489878934 0 0)
(-533.095655773359 0 0)
(-531.347671729812 0 0)
(-528.508713364351 0 0)
(-526.715875677532 0 0)
(-523.845963590461 0 0)
(-522.00891915388 0 0)
(-519.108241617355 0 0)
(-517.227626207714 0 0)
(-514.296387519798 0 0)
(-512.372828101096 0 0)
(-509.411248123564 0 0)
(-507.445362363173 0 0)
(-504.453675427528 0 0)
(-502.446073626381 0 0)
(-499.424527283672 0 0)
(-497.37581262011 0 0)
(-494.324667666335 0 0)
(-492.235436707932 0 0)
(-489.154965322547 0 0)
(-487.025809184054 0 0)
(-483.916295088584 0 0)
(-481.747799568537 0 0)
(-478.60953681923 0 0)
(-476.402282689803 0 0)
(-473.235575878501 0 0)
(-470.990140034209 0 0)
(-467.795302579593 0 0)
(-465.512257960702 0 0)
(-462.289612076436 0 0)
(-459.969528144009 0 0)
(-456.719404893985 0 0)
(-454.362847749813 0 0)
(-451.085585562477 0 0)
(-448.6931187634 0 0)
(-445.389063477258 0 0)
(-442.961248356707 0 0)
(-439.630752845513 0 0)
(-437.168147673586 0 0)
(-433.811571245254 0 0)
(-431.314733197435 0 0)
(-427.932441179995 0 0)
(-425.401925325475 0 0)
(-421.994288895409 0 0)
(-419.430648590792 0 0)
(-415.998044218624 0 0)
(-413.40183179824 0 0)
(-409.944640988535 0 0)
(-407.316407391171 0 0)
(-403.835016359508 0 0)
(-401.175311736254 0 0)
(-397.670110912388 0 0)
(-394.979484467565 0 0)
(-391.450868562852 0 0)
(-388.72986890861 0 0)
(-385.178236311853 0 0)
(-382.42741141937 0 0)
(-378.853164042695 0 0)
(-376.073061552059 0 0)
(-372.476604668273 0 0)
(-369.667771860824 0 0)
(-366.049513844933 0 0)
(-363.212497758917 0 0)
(-359.572849439782 0 0)
(-356.708197049831 0 0)
(-353.047572378129 0 0)
(-350.155830477429 0 0)
(-346.474645349729 0 0)
(-343.556360898452 0 0)
(-339.855033549765 0 0)
(-336.910753769927 0 0)
(-333.189704425968 0 0)
(-330.219976373841 0 0)
(-326.479627084893 0 0)
(-323.484998320596 0 0)
(-319.725772824034 0 0)
(-316.706791185549 0 0)
(-312.929114603661 0 0)
(-309.886327996107 0 0)
(-306.090627084403 0 0)
(-303.024584110343 0 0)
(-299.211286388995 0 0)
(-296.122536004544 0 0)
(-292.292070429907 0 0)
(-289.181161724546 0 0)
(-285.333958097428 0 0)
(-282.201441042304 0 0)
(-278.337930058039 0 0)
(-275.184354824636 0 0)
(-271.304967834992 0 0)
(-268.130885218643 0 0)
(-264.236054288408 0 0)
(-261.042015580003 0 0)
(-257.132173326347 0 0)
(-253.918730223175 0 0)
(-249.994309727837 0 0)
(-246.762014584521 0 0)
(-242.823449271532 0 0)
(-239.57285493535 0 0)
(-235.620578647819 0 0)
(-232.352238360401 0 0)
(-228.386685193117 0 0)
(-225.101152760697 0 0)
(-221.12275711283 0 0)
(-217.820586820244 0 0)
(-213.829783041334 0 0)
(-210.511529809057 0 0)
(-206.508752513501 0 0)
(-203.174971499165 0 0)
(-199.16065537499 0 0)
(-195.811902350838 0 0)
(-191.786482003582 0 0)
(-188.423313090476 0 0)
(-184.387223330072 0 0)
(-181.010195033732 0 0)
(-176.963870572992 0 0)
(-173.573539768123 0 0)
(-169.517415413261 0 0)
(-166.114339394083 0 0)
(-162.048849723921 0 0)
(-158.633585802261 0 0)
(-154.559165902971 0 0)
(-151.132272327977 0 0)
(-147.049356154243 0 0)
(-143.611391062881 0 0)
(-139.520413102329 0 0)
(-136.071934743603 0 0)
(-131.973329723113 0 0)
(-128.514896482554 0 0)
(-124.409099033293 0 0)
(-120.941269317182 0 0)
(-116.828713999943 0 0)
(-113.352046185969 0 0)
(-109.233167731276 0 0)
(-105.748220175165 0 0)
(-101.623452979463 0 0)
(-98.1307938534303 0 0)
(-94.000566186595 0 0)
(-90.5007298124515 0 0)
(-86.3654808470859 0 0)
(-82.8590566450145 0 0)
(-78.7192596048158 0 0)
(-75.2068564516702 0 0)
(-71.0627954357603 0 0)
(-67.5451245452921 0 0)
(-63.3974102975509 0 0)
(-59.8749761505905 0 0)
(-55.723789472764 0 0)
(-52.1971913927025 0 0)
(-48.0429674609853 0 0)
(-44.512725538204 0 0)
(-40.3558789465078 0 0)
(-36.8225474949104 0 0)
(-32.6635273356778 0 0)
(-29.1276728932888 0 0)
(-24.9669156632261 0 0)
(-21.4291040012009 0 0)
(-17.2670434876051 0 0)
(-13.7278318582071 0 0)
(-9.56490252608833 0 0)
(-6.02474772407612 0 0)
(-1.86146361865255 0 0)
(1.67882269098783 0 0)
(5.84210690981068 0 0)
(9.38226632220061 0 0)
(13.545198470405 0 0)
(17.0844183731502 0 0)
(21.246484571659 0 0)
(24.784314966439 0 0)
(28.9450938250456 0 0)
(32.4809876820384 0 0)
(36.6400577769494 0 0)
(40.1734661791542 0 0)
(44.3304350789904 0 0)
(47.8608306533098 0 0)
(52.0152231537969 0 0)
(55.5419792278996 0 0)
(59.6933210694382 0 0)
(63.215862529413 0 0)
(67.3637065967015 0 0)
(70.8815098261482 0 0)
(75.0253631361737 0 0)
(78.5374849648194 0 0)
(82.6771330074027 0 0)
(86.1834507815491 0 0)
(90.3185608384822 0 0)
(93.8183232890641 0 0)
(97.9484704270512 0 0)
(101.441153423873 0 0)
(105.565918330788 0 0)
(109.050895426677 0 0)
(113.169770429439 0 0)
(116.646469189533 0 0)
(120.759019817696 0 0)
(124.226881916279 0 0)
(128.33267362874 0 0)
(131.791140496966 0 0)
(135.889738645512 0 0)
(139.338252145548 0 0)
(143.429221975683 0 0)
(146.867223567392 0 0)
(150.950130521211 0 0)
(154.377062129002 0 0)
(158.451471598693 0 0)
(161.866774939967 0 0)
(165.932253017784 0 0)
(169.335369919927 0 0)
(173.391481589602 0 0)
(176.781854683972 0 0)
(180.828165254687 0 0)
(184.205237325913 0 0)
(188.24131206517 0 0)
(191.604526304836 0 0)
(195.629930471756 0 0)
(198.978730208519 0 0)
(202.99302911795 0 0)
(206.326858289794 0 0)
(210.329617255543 0 0)
(213.647920130478 0 0)
(217.638704434108 0 0)
(220.940925862664 0 0)
(224.919300908557 0 0)
(228.204885996573 0 0)
(232.170417408829 0 0)
(235.438811936264 0 0)
(239.391065439755 0 0)
(242.641715498228 0 0)
(246.580256892286 0 0)
(249.812609328297 0 0)
(253.737004813851 0 0)
(256.950506699297 0 0)
(260.860322913202 0 0)
(264.054422052543 0 0)
(267.949225748979 0 0)
(271.123370388358 0 0)
(275.002729036967 0 0)
(278.156367853705 0 0)
(282.019849403753 0 0)
(285.152431745885 0 0)
(288.999604897318 0 0)
(292.110580457835 0 0)
(295.94101433909 0 0)
(299.029833405114 0 0)
(302.843098410177 0 0)
(305.909211631433 0 0)
(309.704878852092 0 0)
(312.747737365766 0 0)
(316.525378969177 0 0)
(319.544434371848 0 0)
(323.303623874702 0 0)
(326.298328102429 0 0)
(330.038640306944 0 0)
(333.008445554953 0 0)
(336.729456827767 0 0)
(339.673815692084 0 0)
(343.375103783741 0 0)
(346.293469042861 0 0)
(349.974614044814 0 0)
(352.866438550887 0 0)
(356.527022052939 0 0)
(359.391758961161 0 0)
(363.031364947286 0 0)
(365.868467455198 0 0)
(369.486682273736 0 0)
(372.295603261519 0 0)
(375.892015946645 0 0)
(378.672208563435 0 0)
(382.246410743115 0 0)
(384.997327619111 0 0)
(388.548914112797 0 0)
(391.270007827737 0 0)
(394.798576637174 0 0)
(397.489299124858 0 0)
(400.994451960456 0 0)
(403.654254606654 0 0)
(407.135596742614 0 0)
(409.763930565008 0 0)
(413.221071407837 0 0)
(415.817386324374 0 0)
(419.249939798273 0 0)
(421.813684694976 0 0)
(425.22126939378 0 0)
(427.751892069393 0 0)
(431.134131506146 0 0)
(433.631078511496 0 0)
(436.987601430445 0 0)
(439.450317876438 0 0)
(442.780759073686 0 0)
(445.208688130199 0 0)
(448.512688218431 0 0)
(450.905271093146 0 0)
(454.182477372839 0 0)
(456.539153182221 0 0)
(459.789219790099 0 0)
(462.109424987102 0 0)
(465.332013452154 0 0)
(467.615181750391 0 0)
(470.80996133914 0 0)
(473.055523434868 0 0)
(476.22217175052 0 0)
(478.429554942315 0 0)
(481.567758289009 0 0)
(483.736385792935 0 0)
(486.845840010493 0 0)
(488.975131030097 0 0)
(492.055542180822 0 0)
(494.144910849372 0 0)
(497.195995020095 0 0)
(499.244850644451 0 0)
(502.266335780192 0 0)
(504.274081643977 0 0)
(507.265706921368 0 0)
(509.231740002955 0 0)
(512.193258189039 0 0)
(514.116968511965 0 0)
(517.048145107629 0 0)
(518.928914770876 0 0)
(521.829530244884 0 0)
(523.666732746544 0 0)
(526.536582531245 0 0)
(528.329582066449 0 0)
(531.168478373443 0 0)
(532.916628330044 0 0)
(535.724400426116 0 0)
(537.427042664723 0 0)
(540.203538868158 0 0)
(541.860002589565 0 0)
(544.605090951804 0 0)
(546.214690739764 0 0)
(548.928260843545 0 0)
(550.490295486821 0 0)
(553.172260621844 0 0)
(554.686011248663 0 0)
(557.336308349655 0 0)
(558.801036882756 0 0)
(561.419630664623 0 0)
(562.834576449986 0 0)
(565.42146017805 0 0)
(566.785838759436 0 0)
(569.341037397121 0 0)
(570.654036494215 0 0)
(573.177609345541 0 0)
(574.438386597639 0 0)
(576.930429634469 0 0)
(578.138108673474 0 0)
(580.598758858882 0 0)
(581.75242612141 0 0)
(584.18186213797 0 0)
(585.280568882339 0 0)
(587.679005598856 0 0)
(588.721782028821 0 0)
(591.089446949581 0 0)
(592.075266295396 0 0)
(594.412496831991 0 0)
(595.340245925797 0 0)
(597.647444511957 0 0)
(598.515941731112 0 0)
(600.793585848848 0 0)
(601.601571168615 0 0)
(603.850222053588 0 0)
(604.596344711652 0 0)
(606.816661198547 0 0)
(607.499466374175 0 0)
(609.692217682678 0 0)
(610.310129909785 0 0)
(612.476214923224 0 0)
(613.027517572814 0 0)
(615.167985422837 0 0)
(615.650795720909 0 0)
(617.766872725358 0 0)
(618.179112164484 0 0)
(620.272234647139 0 0)
(620.611588607193 0 0)
(622.683443036489 0 0)
(622.947311466756 0 0)
(624.999884209191 0 0)
(625.185316722078 0 0)
(627.220955574631 0 0)
(627.324564268375 0 0)
(629.346054953231 0 0)
(629.363894839919 0 0)
(631.374554781997 0 0)
(631.301959925016 0 0)
(633.305756833891 0 0)
(633.13710422249 0 0)
(635.13880269976 0 0)
(634.867169759007 0 0)
(636.872515893173 0 0)
(636.489168858357 0 0)
(638.505123070305 0 0)
(637.998726467792 0 0)
(640.033753864216 0 0)
(639.389104783957 0 0)
(641.453517940469 0 0)
(640.649404765436 0 0)
(642.755695436776 0 0)
(641.760995927777 0 0)
(643.923819327538 0 0)
(642.689296976603 0 0)
(644.924981073811 0 0)
(643.361220782961 0 0)
(645.662218996642 0 0)
(643.552477315407 0 0)
(645.811025417458 0 0)
(642.439460790277 0 0)
(643.858357662569 0 0)
(636.860856326181 0 0)
(637.221625875466 0 0)
(632.273620094835 0 0)
(643.779655840527 0 0)
(639.113338565047 0 0)
(648.227544247912 0 0)
)
;

boundaryField
{
    electrode
    {
        type            calculated;
        value           uniform (-647.898335871165 0 0);
    }
    ground
    {
        type            calculated;
        value           uniform (648.227544247912 0 0);
    }
    otherfaces
    {
        type            empty;
    }
}


// ************************************************************************* //
