/*--------------------------------*- C++ -*----------------------------------*\
| =========                 |                                                 |
| \\      /  F ield         | foam-extend: Open Source CFD                    |
|  \\    /   O peration     | Version:     4.1                                |
|   \\  /    A nd           | Web:         http://www.foam-extend.org         |
|    \\/     M anipulation  |                                                 |
\*---------------------------------------------------------------------------*/
FoamFile
{
    version     2.0;
    format      ascii;
    class       volScalarField;
    location    "1.18516999954139e-05";
    object      Arm;
}
// * * * * * * * * * * * * * * * * * * * * * * * * * * * * * * * * * * * * * //

dimensions      [0 -3 0 0 0 0 0];

internalField   nonuniform List<scalar> 
500
(
1.57126517720993e+19
1.57136809803275e+19
1.57157396222581e+19
1.57188250644806e+19
1.5722933226796e+19
1.57280575338585e+19
1.57341884794365e+19
1.57413131229884e+19
1.57494146359626e+19
1.57584717645067e+19
1.57684583989363e+19
1.57793433420858e+19
1.57910903139516e+19
1.5803658069883e+19
1.58170008867263e+19
1.58310691322616e+19
1.58458098666776e+19
1.58611669964324e+19
1.5877082736866e+19
1.58934994848687e+19
1.59103606415336e+19
1.59276110480582e+19
1.59451968349889e+19
1.59630665273388e+19
1.59811717048538e+19
1.59994670459728e+19
1.60179102654442e+19
1.60364620222956e+19
1.6055085758821e+19
1.60737475627412e+19
1.6092415993093e+19
1.61110619424299e+19
1.61296584464179e+19
1.61481805634586e+19
1.61666052197447e+19
1.61849111234633e+19
1.62030786463574e+19
1.62210897492529e+19
1.6238927854949e+19
1.62565777759966e+19
1.62740256112281e+19
1.6291258691702e+19
1.63082654999205e+19
1.63250356288504e+19
1.63415597065403e+19
1.63578293505331e+19
1.63738370994639e+19
1.63895763753169e+19
1.64050414216368e+19
1.64202272683264e+19
1.64351296769167e+19
1.64497451077708e+19
1.64640706743103e+19
1.64781041139581e+19
1.64918437471618e+19
1.65052884470626e+19
1.65184376006475e+19
1.65312910811857e+19
1.65438492141561e+19
1.65561127503964e+19
1.65680828360877e+19
1.6579760987215e+19
1.65911490625515e+19
1.66022492393272e+19
1.66130639892981e+19
1.66235960565442e+19
1.66338484359722e+19
1.6643824351913e+19
1.66535272388831e+19
1.66629607220201e+19
1.66721285999223e+19
1.66810348264093e+19
1.66896834959435e+19
1.66980788265065e+19
1.67062251465022e+19
1.67141268785053e+19
1.67217885282586e+19
1.67292146699677e+19
1.67364099369613e+19
1.67433790078669e+19
1.67501265988538e+19
1.67566574511202e+19
1.67629763235349e+19
1.6769087981606e+19
1.67749971919125e+19
1.67807087119117e+19
1.67862272853973e+19
1.67915576330435e+19
1.67967044487176e+19
1.68016723917664e+19
1.6806466083279e+19
1.68110900998772e+19
1.68155489711154e+19
1.68198471729176e+19
1.68239891265446e+19
1.68279791923749e+19
1.68318216699668e+19
1.68355207922991e+19
1.68390807260844e+19
1.68425055668399e+19
1.68457993397229e+19
1.68489659956837e+19
1.685200941185e+19
1.68549333883959e+19
1.68577416495998e+19
1.68604378414272e+19
1.68630255321504e+19
1.68655082110662e+19
1.68678892892057e+19
1.6870172097656e+19
1.68723598901515e+19
1.68744558399773e+19
1.68764630436597e+19
1.68783845186814e+19
1.68802232057078e+19
1.68819819684169e+19
1.68836635947863e+19
1.68852707972504e+19
1.68868062141648e+19
1.68882724099225e+19
1.68896718774264e+19
1.68910070374845e+19
1.68922802413866e+19
1.68934937710724e+19
1.68946498405061e+19
1.68957505972411e+19
1.68967981236866e+19
1.68977944376328e+19
1.68987414949003e+19
1.68996411889903e+19
1.69004953542923e+19
1.69013057653974e+19
1.69020741407531e+19
1.69028021413839e+19
1.6903491374921e+19
1.69041433949186e+19
1.6904759702872e+19
1.69053417499012e+19
1.69058909377737e+19
1.69064086200782e+19
1.69068961040715e+19
1.69073546507979e+19
1.69077854782538e+19
1.69081897606166e+19
1.69085686313149e+19
1.69089231824479e+19
1.6909254467628e+19
1.69095635022119e+19
1.69098512645125e+19
1.69101186971427e+19
1.6910366708541e+19
1.6910596173158e+19
1.69108079333125e+19
1.6911002799625e+19
1.6911181552958e+19
1.69113449440726e+19
1.69114936958935e+19
1.69116285033599e+19
1.69117500355693e+19
1.69118589353662e+19
1.69119558217542e+19
1.69120412887914e+19
1.69121159085764e+19
1.6912180230108e+19
1.69122347813375e+19
1.69122800692545e+19
1.69123165818715e+19
1.69123447866874e+19
1.69123651340766e+19
1.69123780552407e+19
1.6912383965308e+19
1.69123832622246e+19
1.69123763280724e+19
1.69123635297968e+19
1.69123452198936e+19
1.69123217360434e+19
1.69122934026488e+19
1.69122605310646e+19
1.69122234198486e+19
1.69121823551157e+19
1.69121376119425e+19
1.69120894538073e+19
1.69120381335466e+19
1.69119838934434e+19
1.69119269659945e+19
1.6911867573998e+19
1.6911805931312e+19
1.69117422428239e+19
1.69116767050323e+19
1.69116095057951e+19
1.69115408259108e+19
1.69114708383248e+19
1.69113997090241e+19
1.69113275964068e+19
1.69112546529527e+19
1.69111810246158e+19
1.69111068510759e+19
1.69110322660401e+19
1.69109573980858e+19
1.69108823696089e+19
1.6910807298687e+19
1.69107322977339e+19
1.69106574747016e+19
1.69105829329196e+19
1.69105087712972e+19
1.69104350841465e+19
1.6910361962416e+19
1.69102894926119e+19
1.69102177574914e+19
1.69101468367149e+19
1.69100768060149e+19
1.69100077378387e+19
1.69099397014044e+19
1.69098727630904e+19
1.6909806986053e+19
1.69097424305948e+19
1.6909679154798e+19
1.6909617213275e+19
1.69095566587978e+19
1.69094975411827e+19
1.69094399083792e+19
1.69093838056324e+19
1.69093292761471e+19
1.69092763610999e+19
1.69092250995479e+19
1.69091755284453e+19
1.6909127683142e+19
1.69090815967774e+19
1.69090373008637e+19
1.69089948251382e+19
1.69089541977923e+19
1.69089154452246e+19
1.69088785924105e+19
1.69088436623913e+19
1.69088106772854e+19
1.69087796572793e+19
1.69087506211481e+19
1.69087235862837e+19
1.69086985692011e+19
1.69086755844136e+19
1.69086546456265e+19
1.69086357646231e+19
1.69086189524321e+19
1.69086042187335e+19
1.69085915718499e+19
1.69085810190051e+19
1.69085725662912e+19
1.69085662182828e+19
1.69085619783872e+19
1.690855984908e+19
1.69085598303825e+19
1.69085619223185e+19
1.69085661249764e+19
1.69085724358644e+19
1.69085808513952e+19
1.69085913668492e+19
1.69086039763176e+19
1.69086186725615e+19
1.6908635447191e+19
1.69086542903012e+19
1.69086751914387e+19
1.69086981383409e+19
1.6908723117211e+19
1.69087501135418e+19
1.69087791111695e+19
1.69088100927258e+19
1.69088430387849e+19
1.69088779294794e+19
1.69089147429056e+19
1.69089534559039e+19
1.69089940431461e+19
1.69090364787435e+19
1.69090807340897e+19
1.6909126779768e+19
1.69091745840356e+19
1.69092241134951e+19
1.6909275332995e+19
1.69093282057021e+19
1.69093826925057e+19
1.69094387520185e+19
1.69094963413547e+19
1.69095554146767e+19
1.69096159245442e+19
1.69096778211327e+19
1.69097410514217e+19
1.69098055607247e+19
1.69098712911325e+19
1.69099381825937e+19
1.69100061713527e+19
1.69100751912766e+19
1.69101451730086e+19
1.69102160441725e+19
1.69102877286454e+19
1.69103601472482e+19
1.69104332172707e+19
1.69105068519751e+19
1.69105809604344e+19
1.69106554481783e+19
1.69107302163817e+19
1.69108051617483e+19
1.69108801765585e+19
1.69109551477994e+19
1.69110299578168e+19
1.69111044836048e+19
1.69111785972083e+19
1.69112521648798e+19
1.69113250461878e+19
1.69113970958972e+19
1.69114681613878e+19
1.69115380838954e+19
1.6911606697741e+19
1.69116738296691e+19
1.69117392994105e+19
1.69118029185441e+19
1.69118644905899e+19
1.69119238109078e+19
1.69119806655004e+19
1.69120348313777e+19
1.69120860764147e+19
1.69121341579121e+19
1.69121788228789e+19
1.69122198080157e+19
1.69122568385746e+19
1.69122896281723e+19
1.69123178778783e+19
1.69123412766534e+19
1.69123595000188e+19
1.69123722100051e+19
1.69123790544994e+19
1.691237966652e+19
1.69123736638645e+19
1.69123606483838e+19
1.69123402053161e+19
1.6912311902811e+19
1.69122752911341e+19
1.69122299020777e+19
1.69121752482956e+19
1.69121108226668e+19
1.69120360968847e+19
1.69119505217927e+19
1.69118535259668e+19
1.69117445146873e+19
1.69116228690887e+19
1.69114879464194e+19
1.69113390775188e+19
1.69111755672723e+19
1.69109966928439e+19
1.69108017033476e+19
1.69105898180142e+19
1.69103602262214e+19
1.69101120855336e+19
1.69098445215456e+19
1.6909556625906e+19
1.69092474562061e+19
1.69089160335809e+19
1.69085613427413e+19
1.69081823305061e+19
1.69077779042208e+19
1.69073469307618e+19
1.69068882358413e+19
1.6906400601825e+19
1.69058827670578e+19
1.69053334245628e+19
1.69047512205819e+19
1.69041347534486e+19
1.69034825721173e+19
1.69027931748768e+19
1.69020650082814e+19
1.69012964649549e+19
1.6900485883407e+19
1.68996315457074e+19
1.68987316767239e+19
1.68977844424982e+19
1.6896787949103e+19
1.68957402411802e+19
1.68946393007381e+19
1.68934830451153e+19
1.68922693273005e+19
1.68909959330705e+19
1.68896605802368e+19
1.68882609179306e+19
1.68867945251191e+19
1.68852589090536e+19
1.68836515053955e+19
1.68819696755096e+19
1.68802107068641e+19
1.68783718118894e+19
1.68764501270219e+19
1.68744427113563e+19
1.68723465475054e+19
1.68701585390253e+19
1.68678755123034e+19
1.68654942143129e+19
1.68630113136157e+19
1.68604233991103e+19
1.68577269816617e+19
1.68549184928181e+19
1.68519942867348e+19
1.68489506395146e+19
1.68457837505884e+19
1.68424897431403e+19
1.683906466624e+19
1.68355044948071e+19
1.6831805133013e+19
1.68279624144759e+19
1.6823972106115e+19
1.68198299088003e+19
1.68155314618411e+19
1.68110723442e+19
1.68064480798307e+19
1.68016541393919e+19
1.67966859464146e+19
1.67915388796e+19
1.67862082799934e+19
1.67806894536986e+19
1.67749776801593e+19
1.67690682158465e+19
1.67629563030813e+19
1.67566371753483e+19
1.67501060669721e+19
1.67433582195057e+19
1.67363888918813e+19
1.67291933683747e+19
1.67217669702894e+19
1.67141050642969e+19
1.67062030760758e+19
1.66980565000434e+19
1.66896609136715e+19
1.6681011988962e+19
1.6672105508421e+19
1.66629373775015e+19
1.66535036425396e+19
1.66438005048652e+19
1.66338243397107e+19
1.66235717128839e+19
1.6613039400046e+19
1.66022244064992e+19
1.65911239881649e+19
1.65797356734919e+19
1.65680572858862e+19
1.65560869671442e+19
1.6543823201597e+19
1.65312648431384e+19
1.65184111405569e+19
1.65052617689125e+19
1.64918168554751e+19
1.64780770136918e+19
1.64640433712793e+19
1.64497176084903e+19
1.64351019876008e+19
1.64201993951921e+19
1.6405013371086e+19
1.63895481548975e+19
1.63738087186136e+19
1.63578008194734e+19
1.6341531035579e+19
1.63250068273248e+19
1.6308236577532e+19
1.62912296601346e+19
1.62739964851438e+19
1.6256548571873e+19
1.6238898588825e+19
1.62210604362317e+19
1.6203049301971e+19
1.61848817658867e+19
1.61665758703771e+19
1.61481512454758e+19
1.61296291829771e+19
1.61110327563707e+19
1.60923869078977e+19
1.60737186028224e+19
1.60550569501364e+19
1.60364333905819e+19
1.60178818350921e+19
1.59994388367414e+19
1.59811437307015e+19
1.59630387969808e+19
1.59451693525852e+19
1.59275838090525e+19
1.59103336359866e+19
1.5893472682117e+19
1.58770560730931e+19
1.58611403950319e+19
1.58457832356378e+19
1.58310423622154e+19
1.5816973833279e+19
1.58036306082967e+19
1.57910623466804e+19
1.57793147866809e+19
1.57684292057791e+19
1.57584419379708e+19
1.57493842047312e+19
1.57412821291249e+19
1.57341569883022e+19
1.57280256396455e+19
1.57229010036093e+19
1.57187925890716e+19
1.57157069624606e+19
1.57136482117978e+19
1.57126189349065e+19
)
;

boundaryField
{
    electrode
    {
        type            zeroGradient;
    }
    ground
    {
        type            zeroGradient;
    }
    otherfaces
    {
        type            empty;
    }
}


// ************************************************************************* //
