/*--------------------------------*- C++ -*----------------------------------*\
| =========                 |                                                 |
| \\      /  F ield         | foam-extend: Open Source CFD                    |
|  \\    /   O peration     | Version:     4.1                                |
|   \\  /    A nd           | Web:         http://www.foam-extend.org         |
|    \\/     M anipulation  |                                                 |
\*---------------------------------------------------------------------------*/
FoamFile
{
    version     2.0;
    format      ascii;
    class       volScalarField;
    location    "1.50999999960559e-05";
    object      eCollisionFrequencyMean;
}
// * * * * * * * * * * * * * * * * * * * * * * * * * * * * * * * * * * * * * //

dimensions      [0 0 -1 0 0 0 0];

internalField   nonuniform List<scalar> 
500
(
31647257354.7808
32288594869.1516
32340299019.0374
32705356142.4011
33006362559.1548
33209133238.1363
33335812348.9903
33426755400.5028
33498737957.7046
33558691000.7654
33610671014.0897
33656635497.3017
33697764500.3398
33735250051.5519
33769048033.1904
33799742301.0382
33827853232.249
33853717706.2369
33877553258.8468
33899610467.3403
33920041355.7756
33939001287.4098
33956635890.6264
33973053395.878
33988377568.977
34002678630.9649
34016058266.348
34028597770.3887
34040366895.3164
34051459924.6767
34061927918.5
34071826194.3538
34081224923.9827
34090145513.7533
34098614589.6213
34106660199.2759
34114352226.6574
34121720740.7429
34128811708.713
34135623763.3656
34142084829.6002
34148171014.5305
34154026963.0251
34159733601.4956
34165319864.8468
34170795741.4103
34176160390.1815
34181407481.5388
34186525498.1594
34191507369.9456
34196347503.0695
34201047573.0396
34205611584.1837
34210039987.6884
34214331808.1003
34218487367.0974
34222509840.2183
34226401500.2121
34230162276.6865
34233795279.625
34237303922.4067
34240690439.7197
34243959339.872
34247116245.4279
34250167607.8411
34253117433.7394
34255969155.4444
34258726905.4946
34261394917.4951
34263976691.2
34266476884.3343
34268900789.8553
34271251913.0681
34273531723.6266
34275738137.6141
34277871719.3222
34279934875.5464
34281930732.8431
34283862687.3836
34285733934.045
34287547183.1709
34289305462.5718
34291011013.3287
34292665378.7577
34294271971.8656
34295832926.46
34297350476.6278
34298827823.137
34300267099.2306
34301670333.7188
34303039589.1102
34304376561.1734
34305683445.5192
34306962305.3158
34308214733.5368
34309441499.2267
34310644215.7869
34311823539.3162
34312976227.9456
34314096873.3918
34315184550.7252
34316242677.382
34317273048.8153
34318278472.259
34319260298.4297
34320218488.2306
34321153581.6374
34322066460.231
34322956977.4798
34323825348.5685
34324672298.8157
34325497861.8484
34326302981.9324
34327088031.0393
34327853354.7008
34328599267.0747
34329326227.6478
34330034933.1231
34330725679.5675
34331399593.9107
34332057229.9237
34332698793.977
34333325560.2812
34333938616.1396
34334539452.4071
34335129294.7439
34335707730.614
34336269398.6498
34336810584.0566
34337333580.1638
34337840425.3369
34338333007.191
34338812761.2193
34339280577.7178
34339736403.3727
34340181098.1574
34340614444.943
34341036935.5129
34341448814.0766
34341850738.0047
34342242272.2282
34342623692.6489
34342994975.2757
34343355869.8181
34343706802.35
34344047824.7932
34344379192.0827
34344700638.3597
34345012031.5515
34345313844.1303
34345606099.6162
34345889451.2389
34346163934.1489
34346429681.6532
34346686879.5059
34346936049.1153
34347177934.9361
34347413474.7832
34347643072.0268
34347867589.8933
34348088010.1994
34348305612.9841
34348516568.9222
34348713842.759
34348898383.6317
34349073229.3504
34349240401.2406
34349401411.0283
34349557361.0667
34349709054.8735
34349856657.1691
34350000496.0433
34350141289.4153
34350278840.4985
34350413679.7103
34350545498.9192
34350674590.4527
34350800692.2574
34350923826.3173
34351043471.8633
34351159932.8556
34351273188.0252
34351383574.8543
34351490772.7342
34351595059.14
34351696253.8816
34351794288.3241
34351888511.7619
34351979224.7413
34352066412.8427
34352149887.1685
34352229078.0739
34352304447.436
34352376148.4907
34352444310.8065
34352508933.3241
34352570270.2683
34352628681.1732
34352684742.6242
34352739001.297
34352792140.8796
34352844653.5512
34352897464.0895
34352952073.1581
34353010048.0644
34353070598.9763
34353125676.0045
34353172657.5333
34353214521.3807
34353254039.3275
34353292932.7036
34353332238.4964
34353371775.4962
34353410926.7651
34353448461.6232
34353481939.5474
34353508241.4727
34353528377.3561
34353549604.0888
34353574361.3567
34353601152.3159
34353628944.3999
34353656678.0241
34353683880.5132
34353710306.5338
34353735627.6204
34353759566.0475
34353781702.8544
34353802200.5818
34353820618.7724
34353837030.9803
34353851661.3743
34353864121.8714
34353874712.9077
34353883162.3672
34353889571.8118
34353893930.2453
34353896608.6901
34353897140.5233
34353895794.6512
34353892449.5785
34353887229.8365
34353880207.1557
34353871444.0771
34353860617.3036
34353848044.2681
34353833857.1809
34353818467.3795
34353801402.1582
34353782786.2294
34353763244.1282
34353742885.785
34353721854.0983
34353700827.9064
34353680172.5025
34353661372.9823
34353645310.7577
34353633596.2917
34353624356.9844
34353610099.5403
34353589478.0545
34353565323.362
34353540528.3035
34353516617.3656
34353494444.5646
34353474443.928
34353456133.0328
34353438820.6249
34353420500.1216
34353398281.4959
34353368842.8687
34353334893.0696
34353304077.5382
34353277557.5599
34353253737.8466
34353231144.2071
34353209039.3212
34353186629.6734
34353163411.7566
34353138688.1164
34353112244.7932
34353083879.1293
34353053496.4627
34353021054.2931
34352986845.5319
34352950628.9437
34352912185.4554
34352871580.1955
34352829235.8117
34352785662.1717
34352740866.188
34352695367.1004
34352649501.4687
34352604003.2519
34352559792.7904
34352515479.0364
34352466661.5731
34352410069.4331
34352347095.5487
34352279034.648
34352207781.0854
34352134368.9715
34352058906.1788
34351982091.9424
34351903825.1277
34351824214.364
34351743533.1774
34351662136.5097
34351579919.5027
34351496639.2676
34351412832.5536
34351328235.0308
34351242429.3779
34351155366.4031
34351066343.6901
34350974009.1485
34350876707.6152
34350771764.0257
34350656202.6638
34350533111.3005
34350409948.9711
34350287565.5885
34350164445.0532
34350039488.5345
34349911792.4747
34349780325.6155
34349644817.6915
34349504737.3163
34349359641.485
34349208835.5073
34349051840.2359
34348888676.2482
34348719740.1241
34348544665.4862
34348363091.5563
34348175051.9642
34347980572.8267
34347779746.8612
34347572297.9105
34347357919.1563
34347136514.7691
34346908113.2062
34346672742.816
34346430708.9201
34346182068.9283
34345926924.8325
34345664884.7405
34345395574.7314
34345118615.4157
34344834328.5013
34344542838.845
34344243762.5146
34343936715.8468
34343620716.9263
34343295172.4697
34342958087.1237
34342607592.0106
34342241046.059
34341860166.0844
34341471457.803
34341076924.7107
34340674827.2089
34340264224.7022
34339844037.7854
34339413552.9462
34338972198.2206
34338519402.3288
34338054639.2127
34337577551.4787
34337087892.1417
34336584931.773
34336068097.1889
34335537111.1082
34334992031.1885
34334432824.6092
34333859290.8911
34333270725.2622
34332666358.2425
34332046495.5356
34331411116.2092
34330759436.2062
34330090976.7417
34329405599.8884
34328702086.0772
34327979809.1096
34327237992.0221
34326474834.9926
34325688399.3186
34324876180.4615
34324036773.9537
34323174534.0072
34322294030.6711
34321395248.1897
34320476998.3447
34319538407.9851
34318578639.2794
34317596794.8012
34316592732.2024
34315565456.8216
34314513235.2326
34313435113.9419
34312330240.3857
34311197854.2029
34310038070.1714
34308850582.0599
34307634621.9198
34306389603.4714
34305114518.3694
34303808242.5693
34302468101.5614
34301092022.3688
34299677948.1831
34298223183.6822
34296724623.5017
34295179897.212
34293589352.0157
34291956312.3604
34290281308.4463
34288562327.0613
34286796996.4634
34284983018.5635
34283116944.8962
34281195637.1088
34279215187.2032
34277171737.4111
34275061381.8246
34272881668.0644
34270629340.6035
34268301836.5907
34265895301.9302
34263405382.067
34260828047.9739
34258159234.6275
34255396063.0579
34252537256.418
34249580185.6732
34246523858.0657
34243364576.3364
34240095252.769
34236710001.2702
34233205376.5373
34229577966.5203
34225823437.132
34221938411.809
34217921392.4353
34213767278.948
34209470168.0696
34205029405.0284
34200444711.3993
34195711632.6562
34190828336.1561
34185794846.709
34180616801.0167
34175298761.4404
34169852900.6109
34164286059.5085
34158602296.4414
34152801923.1511
34146876278.2478
34140791244.4963
34134443111.6582
34127695257.7904
34120612603.9399
34113240058.1187
34105548225.5047
34097505396.4452
34089069031.0741
34080203825.1511
34070880255.7801
34061031442.0327
34050643484.7485
34039624876.925
34027903733.0256
34015419457.4604
34002082332.0993
33987837664.9266
33972574288.4094
33956184698.5698
33938585407.0788
33919670800.0656
33899276563.1386
33877256609.592
33853420166.8901
33827612738.4031
33799437049.2132
33768696322.7127
33734589025.9307
33697515923.7475
33654722139.4415
33610196450.3087
33557843303.5594
33499014507.6259
33428666323.2131
33344734318.8407
33240433476.3826
33112272745.8174
32910703242.8895
32616751686.5954
32177273806.7979
31523230114.546
)
;

boundaryField
{
    electrode
    {
        type            calculated;
        value           uniform 31647257354.7808;
    }
    ground
    {
        type            calculated;
        value           uniform 31523230114.5459;
    }
    otherfaces
    {
        type            empty;
    }
}


// ************************************************************************* //
