/*--------------------------------*- C++ -*----------------------------------*\
| =========                 |                                                 |
| \\      /  F ield         | foam-extend: Open Source CFD                    |
|  \\    /   O peration     | Version:     4.1                                |
|   \\  /    A nd           | Web:         http://www.foam-extend.org         |
|    \\/     M anipulation  |                                                 |
\*---------------------------------------------------------------------------*/
FoamFile
{
    version     2.0;
    format      ascii;
    class       volScalarField;
    location    "1.50999999960559e-05";
    object      EPotential;
}
// * * * * * * * * * * * * * * * * * * * * * * * * * * * * * * * * * * * * * //

dimensions      [1 2 -3 0 0 -1 0];

internalField   nonuniform List<scalar> 
500
(
9.98007433782966
29.9397860314692
49.8990607728567
69.8578985740341
89.8162994646418
109.774263465544
129.731790617205
149.688880964238
169.645534570432
189.601751512688
209.557531890032
229.512875822004
249.467783453546
269.4222549442
289.376290467816
309.329890198217
329.283054333534
349.235783068801
369.188076632489
389.139935245638
409.091359166949
429.042348644312
448.9929039662
468.943025407809
488.892713287065
508.841967906813
528.790789614024
548.739178739372
568.687135658279
588.634660729237
608.581754355388
628.528416922822
648.474648861512
668.420450584668
688.36582254807
708.310765191376
728.255278995084
748.199364424441
768.143021983466
788.086252161969
808.029055486199
827.971432469356
847.91338365857
867.854909589159
887.796010827682
907.736687930172
927.67694148109
947.616772055726
967.556180254937
987.495166671838
1007.43373192229
1027.37187661575
1047.30960138148
1067.24690684357
1087.18379364294
1107.12026241665
1127.05631381581
1146.99194848901
1166.92716709634
1186.86197029651
1206.79635875726
1226.73033314591
1246.66389413632
1266.5970424027
1286.52977862345
1306.46210347795
1326.39401764766
1346.3255218156
1366.25661666502
1386.18730288131
1406.11758114849
1426.04745215313
1445.97691657912
1465.90597511321
1485.83462843829
1505.76287724027
1525.69072220032
1545.61816400268
1565.54520332613
1585.47184085238
1605.39807725712
1625.32391321893
1645.24934940985
1665.17438650459
1685.09902517096
1705.02326607936
1724.94710989292
1744.87055727702
1764.79360888967
1784.71626539087
1804.6385274332
1824.56039567095
1844.48187075092
1864.40295332133
1884.32364402295
1904.24394349764
1924.16385237992
1944.08337130508
1964.00250090122
1983.92124179693
2003.83959461379
2023.75755997357
2043.67513849124
2063.59233078169
2083.50913745324
2103.42555911388
2123.34159636529
2143.25724980855
2163.17252003868
2183.08740764987
2203.00191323057
2222.91603736811
2242.82978064444
2262.74314364024
2282.65612693109
2302.56873109106
2322.4809566894
2342.39280429366
2362.30427446689
2382.21536777026
2402.12608476073
2422.03642599326
2441.94639201884
2461.85598338634
2481.76520064094
2501.67404432555
2521.58251497971
2541.49061314049
2561.39833934185
2581.3056941152
2601.21267798905
2621.11929148927
2641.02553513908
2660.93140945893
2680.83691496687
2700.7420521781
2720.64682160563
2740.55122375951
2760.4552591478
2780.35892827557
2800.26223164604
2820.16516975936
2840.06774311401
2859.9699522053
2879.87179752708
2899.77327956989
2919.67439882301
2939.57515577251
2959.47555090326
2979.37558469681
2999.27525763358
3019.17457019065
3039.07352284408
3058.97211606656
3078.87035032985
3098.76822610229
3118.66574385137
3138.56290404114
3158.45970713487
3178.35615359234
3198.25224387263
3218.14797843128
3238.04335772319
3257.93838219968
3277.83305231142
3297.72736850553
3317.6213312285
3337.51494092323
3357.40819803202
3377.30110299357
3397.19365624601
3417.08585822383
3436.97770936097
3456.86921008771
3476.76036083379
3496.65116202528
3516.54161408769
3536.43171744286
3556.32147251205
3576.21087971284
3596.09993946224
3615.98865217358
3635.87701825958
3655.76503812934
3675.65271219133
3695.54004085034
3715.42702451052
3735.31366357234
3755.19995843564
3775.08590949654
3794.97151715051
3814.85678178933
3834.74170380411
3854.62628358224
3874.51052151041
3894.39441797164
3914.2779733482
3934.16118801868
3954.04406236094
3973.92659674911
3993.80879155655
4013.69064715292
4033.57216390708
4053.45334218419
4073.33418234858
4093.21468476094
4113.09484978105
4132.97467776509
4152.85416906831
4172.73332404235
4192.61214303791
4212.49062640209
4232.36877448104
4252.2465876173
4272.12406615245
4292.00121042446
4311.8780207703
4331.75449752341
4351.63064101613
4371.50645157735
4391.38192953492
4411.25707521321
4431.13188893551
4451.00637102162
4470.88052179026
4490.75434155668
4510.62783063503
4530.50098933604
4550.3738179693
4570.24631684102
4590.11848625624
4609.99032651666
4629.86183792278
4649.7330207718
4669.60387535973
4689.47440197927
4709.34460092191
4729.21447247589
4749.0840169282
4768.95323456258
4788.82212566153
4808.69069050435
4828.55892936906
4848.42684253053
4868.29443026234
4888.16169283496
4908.02863051755
4927.89524357619
4947.76153227564
4967.62749687763
4987.49313764255
5007.35845482778
5027.22344868937
5047.08811948038
5066.95246745254
5086.81649285464
5106.6801959341
5126.54357693545
5146.4066361019
5166.26937367378
5186.13178989007
5205.99388498693
5225.85565919915
5245.71711275874
5265.57824589632
5285.43905883978
5305.29955181564
5325.15972504771
5345.0195787584
5364.87911316746
5384.73832849328
5404.59722495158
5424.45580275673
5444.3140621205
5464.17200325328
5484.02962636288
5503.88693165575
5523.74391933578
5543.6005896055
5563.45694266489
5583.31297871259
5603.16869794474
5623.02410055611
5642.87918673904
5662.73395668451
5682.58841058109
5702.44254861597
5722.296370974
5742.14987783864
5762.00306939103
5781.85594581094
5801.70850727585
5821.56075396187
5841.41268604285
5861.26430369126
5881.11560707737
5900.96659637007
5920.81727173608
5940.66763334077
5960.51768134742
5980.36741591789
6000.21683721199
6020.06594538814
6039.91474060272
6059.76322301071
6079.61139276512
6099.45925001757
6119.3067949177
6139.15402761379
6159.00094825219
6178.84755697788
6198.69385393394
6218.53983926209
6238.3855131022
6258.23087559278
6278.07592687049
6297.92066707067
6317.76509632681
6337.60921477111
6357.45302253393
6377.29651974432
6397.13970652956
6416.98258301559
6436.82514932667
6456.6674055857
6476.50935191392
6496.35098843125
6516.19231525595
6536.03333250496
6555.87404029362
6575.71443873592
6595.5545279443
6615.39430802987
6635.23377910219
6655.07294126951
6674.91179463852
6694.75033931466
6714.58857540179
6734.42650300256
6754.26412221815
6774.10143314849
6793.93843589207
6813.77513054607
6833.61151720629
6853.44759596724
6873.28336692202
6893.11883016253
6912.95398577923
6932.78883386141
6952.62337449695
6972.45760777252
6992.29153377345
7012.12515258387
7031.95846428659
7051.7914689632
7071.624166694
7091.45655755811
7111.28864163334
7131.12041899631
7150.95188972239
7170.78305388572
7190.61391155921
7210.44446281456
7230.27470772226
7250.10464635161
7269.93427877068
7289.76360504638
7309.59262524442
7329.42133942931
7349.2497476644
7369.07785001184
7388.90564653263
7408.73313728657
7428.5603223323
7448.38720172729
7468.21377552784
7488.04004378909
7507.86600656502
7527.69166390844
7547.51701587102
7567.34206250325
7587.16680385452
7606.99123997304
7626.81537090589
7646.63919669895
7666.46271739698
7686.28593304356
7706.10884368114
7725.93144935099
7745.75375009322
7765.57574594679
7785.39743694948
7805.21882313793
7825.03990454758
7844.86068121273
7864.68115316648
7884.50132044078
7904.32118306638
7924.14074107285
7943.95999448857
7963.77894334071
7983.59758765525
8003.41592745694
8023.23396276932
8043.05169361468
8062.86912001412
8082.68624198753
8102.50305955355
8122.31957272953
8142.13578153163
8161.95168597474
8181.76728607249
8201.58258183732
8221.39757328035
8241.21226041152
8261.02664323944
8280.84072177152
8300.65449601387
8320.46796597132
8340.28113164755
8360.093993045
8379.90655016412
8399.71880300437
8419.53075156441
8439.34239584158
8459.15373583191
8478.96477152985
8498.77550292848
8518.5859300198
8538.39605279473
8558.20587124269
8578.015385352
8597.82459510961
8617.63350050132
8637.44210151158
8657.25039812377
8677.05839031987
8696.86607808085
8716.67346138626
8736.48054021477
8756.28731454353
8776.09378434893
8795.89994960578
8815.70581028829
8835.51136636902
8855.31661782006
8875.12156461178
8894.9262067143
8914.73054409591
8934.53457672485
8954.33830456749
8974.14172759032
8993.94484575783
9013.74765903493
9033.55016738434
9053.3523707695
9073.15426915159
9092.95586249273
9112.75715075271
9132.55813389251
9152.35881187067
9172.15918464721
9191.95925217961
9211.75901442706
9231.5584713463
9251.35762289588
9271.15646903191
9290.95500971242
9310.75324489314
9330.55117453182
9350.34879858393
9370.14611700715
9389.94312975685
9409.73983679091
9429.5362380647
9449.3323335367
9469.12812316227
9488.92360690086
9508.71878470779
9528.51365654386
9548.30822236437
9568.10248213182
9587.89643580148
9607.69008333786
9627.48342469625
9647.27645984338
9667.06918873463
9686.86161133908
9706.65372761233
9726.4455375258
9746.23704103531
9766.02823811448
9785.81912871914
9805.60971282493
9825.39999038864
9845.18996138924
9864.97962578464
9884.76898355174
9904.55803466384
9924.34677910587
)
;

boundaryField
{
    electrode
    {
        type            fixedValue;
        value           uniform 1e-10;
    }
    ground
    {
        type            plasmaPower;
        frequency       100000000;
        nCycles         1;
        power           0.098;
        dampingFactor   0.01;
        amplitude       10587.880259709;
        bias            0;
        value           uniform 9934.24099790737;
    }
    otherfaces
    {
        type            empty;
    }
}


// ************************************************************************* //
