/*--------------------------------*- C++ -*----------------------------------*\
| =========                 |                                                 |
| \\      /  F ield         | foam-extend: Open Source CFD                    |
|  \\    /   O peration     | Version:     4.1                                |
|   \\  /    A nd           | Web:         http://www.foam-extend.org         |
|    \\/     M anipulation  |                                                 |
\*---------------------------------------------------------------------------*/
FoamFile
{
    version     2.0;
    format      ascii;
    class       volVectorField;
    location    "1.50999999960559e-05";
    object      Flux_electronMean;
}
// * * * * * * * * * * * * * * * * * * * * * * * * * * * * * * * * * * * * * //

dimensions      [0 -2 -1 0 0 0 0];

internalField   nonuniform List<vector> 
500
(
(-1.31910991349326e+22 0 0)
(1.81266845477154e+20 0 0)
(-8.46397613690399e+19 0 0)
(-5.65809597503212e+18 0 0)
(-2.57968816537927e+19 0 0)
(-3.01521291156085e+18 0 0)
(-3.0046501111899e+18 0 0)
(-2.96841617225186e+18 0 0)
(-2.94839875754248e+18 0 0)
(-2.93487017847868e+18 0 0)
(-2.92223318494966e+18 0 0)
(-2.90983396047608e+18 0 0)
(-2.89734621147897e+18 0 0)
(-2.88479187241427e+18 0 0)
(-2.8721546139135e+18 0 0)
(-2.85943656605095e+18 0 0)
(-2.84663038674632e+18 0 0)
(-2.83373892973078e+18 0 0)
(-2.82075725024467e+18 0 0)
(-2.80768999008068e+18 0 0)
(-2.7945323018775e+18 0 0)
(-2.78128943891904e+18 0 0)
(-2.76796289605365e+18 0 0)
(-2.75455569880146e+18 0 0)
(-2.74106565941507e+18 0 0)
(-2.72750586085867e+18 0 0)
(-2.71387651602544e+18 0 0)
(-2.7001772418235e+18 0 0)
(-2.68642552416178e+18 0 0)
(-2.67261785492619e+18 0 0)
(-2.65876291104382e+18 0 0)
(-2.64487118839229e+18 0 0)
(-2.63094165112231e+18 0 0)
(-2.61699274078717e+18 0 0)
(-2.60302894499737e+18 0 0)
(-2.5890409516131e+18 0 0)
(-2.57505845909593e+18 0 0)
(-2.56107585428735e+18 0 0)
(-2.5471019697139e+18 0 0)
(-2.5331420256516e+18 0 0)
(-2.51920823079391e+18 0 0)
(-2.50528917924613e+18 0 0)
(-2.49140392873401e+18 0 0)
(-2.47755904517004e+18 0 0)
(-2.46373569284836e+18 0 0)
(-2.44996346336581e+18 0 0)
(-2.43623394172503e+18 0 0)
(-2.42255699893832e+18 0 0)
(-2.40893508947557e+18 0 0)
(-2.39534742618136e+18 0 0)
(-2.38182868421889e+18 0 0)
(-2.36835062702841e+18 0 0)
(-2.35493345980664e+18 0 0)
(-2.34156331513216e+18 0 0)
(-2.32824335416886e+18 0 0)
(-2.31498752969251e+18 0 0)
(-2.30175659594973e+18 0 0)
(-2.2885841226618e+18 0 0)
(-2.27545879236636e+18 0 0)
(-2.26233940835865e+18 0 0)
(-2.24929089664414e+18 0 0)
(-2.23625338986972e+18 0 0)
(-2.22324680183099e+18 0 0)
(-2.21025719455255e+18 0 0)
(-2.1972940841656e+18 0 0)
(-2.18432637935679e+18 0 0)
(-2.17139249560131e+18 0 0)
(-2.15843387813412e+18 0 0)
(-2.14551248202218e+18 0 0)
(-2.13258944873228e+18 0 0)
(-2.11967216262368e+18 0 0)
(-2.10675131665284e+18 0 0)
(-2.09383630420795e+18 0 0)
(-2.0809053788455e+18 0 0)
(-2.06801753185704e+18 0 0)
(-2.05508641305748e+18 0 0)
(-2.04220282900292e+18 0 0)
(-2.02926699628881e+18 0 0)
(-2.01638340891073e+18 0 0)
(-2.00344777982796e+18 0 0)
(-1.99053740311331e+18 0 0)
(-1.97757867470545e+18 0 0)
(-1.96461417346329e+18 0 0)
(-1.95159272060988e+18 0 0)
(-1.93853131278145e+18 0 0)
(-1.9254258594103e+18 0 0)
(-1.91227479002001e+18 0 0)
(-1.89908923959917e+18 0 0)
(-1.8858639980732e+18 0 0)
(-1.87260400550193e+18 0 0)
(-1.85931177262202e+18 0 0)
(-1.84599164355245e+18 0 0)
(-1.8326354908873e+18 0 0)
(-1.8192533208771e+18 0 0)
(-1.80581387598733e+18 0 0)
(-1.79234121927641e+18 0 0)
(-1.77882697135907e+18 0 0)
(-1.76527265251435e+18 0 0)
(-1.75165970861008e+18 0 0)
(-1.73800568928844e+18 0 0)
(-1.72430809367693e+18 0 0)
(-1.71057635514465e+18 0 0)
(-1.6968044338917e+18 0 0)
(-1.68299924547822e+18 0 0)
(-1.66915797119806e+18 0 0)
(-1.65526424953545e+18 0 0)
(-1.64133264120652e+18 0 0)
(-1.62736434926371e+18 0 0)
(-1.61335465570285e+18 0 0)
(-1.599298189289e+18 0 0)
(-1.58520845830035e+18 0 0)
(-1.5710740371054e+18 0 0)
(-1.55691481408696e+18 0 0)
(-1.54272960115177e+18 0 0)
(-1.52850153843614e+18 0 0)
(-1.5142294723386e+18 0 0)
(-1.49990340777316e+18 0 0)
(-1.48556190504761e+18 0 0)
(-1.4711691007578e+18 0 0)
(-1.45673932148992e+18 0 0)
(-1.44226951591728e+18 0 0)
(-1.42776429760455e+18 0 0)
(-1.41324328752607e+18 0 0)
(-1.39866304030604e+18 0 0)
(-1.38403533779839e+18 0 0)
(-1.36938378215745e+18 0 0)
(-1.35467229841095e+18 0 0)
(-1.33991015906597e+18 0 0)
(-1.32510864647199e+18 0 0)
(-1.31026612419874e+18 0 0)
(-1.29537713010309e+18 0 0)
(-1.28044395075677e+18 0 0)
(-1.26543932723625e+18 0 0)
(-1.25041861157369e+18 0 0)
(-1.23531973950548e+18 0 0)
(-1.22012018141797e+18 0 0)
(-1.20488303969245e+18 0 0)
(-1.18959891136181e+18 0 0)
(-1.17426127904372e+18 0 0)
(-1.15886437156893e+18 0 0)
(-1.14339329579953e+18 0 0)
(-1.12786444455371e+18 0 0)
(-1.11226861841191e+18 0 0)
(-1.09660199550237e+18 0 0)
(-1.08088170367926e+18 0 0)
(-1.06509439034251e+18 0 0)
(-1.04923552635498e+18 0 0)
(-1.03331827810551e+18 0 0)
(-1.01732621420313e+18 0 0)
(-1.0012811464259e+18 0 0)
(-9.85172982898768e+17 0 0)
(-9.69009001683049e+17 0 0)
(-9.52784895170145e+17 0 0)
(-9.36505936818517e+17 0 0)
(-9.20171854918176e+17 0 0)
(-9.03790327182076e+17 0 0)
(-8.87360100164899e+17 0 0)
(-8.70894806719897e+17 0 0)
(-8.54403563605479e+17 0 0)
(-8.37882513332268e+17 0 0)
(-8.21332486334495e+17 0 0)
(-8.04770578901772e+17 0 0)
(-7.88178207394506e+17 0 0)
(-7.71580937048744e+17 0 0)
(-7.55021561306446e+17 0 0)
(-7.38442654327391e+17 0 0)
(-7.21812359825369e+17 0 0)
(-7.05208573932319e+17 0 0)
(-6.88624944178448e+17 0 0)
(-6.72071535327642e+17 0 0)
(-6.55547669153774e+17 0 0)
(-6.3905343348601e+17 0 0)
(-6.22590410149232e+17 0 0)
(-6.06165890684072e+17 0 0)
(-5.89776577738481e+17 0 0)
(-5.73427277190332e+17 0 0)
(-5.57122147477454e+17 0 0)
(-5.4086904189059e+17 0 0)
(-5.24667166481032e+17 0 0)
(-5.08533323012984e+17 0 0)
(-4.92435297893185e+17 0 0)
(-4.76402296011896e+17 0 0)
(-4.60462874929342e+17 0 0)
(-4.445390178282e+17 0 0)
(-4.28644577379217e+17 0 0)
(-4.12816373680548e+17 0 0)
(-3.97033582265241e+17 0 0)
(-3.81311683962062e+17 0 0)
(-3.65637872110626e+17 0 0)
(-3.50012726295812e+17 0 0)
(-3.34426964757469e+17 0 0)
(-3.18883912807687e+17 0 0)
(-3.03376102884332e+17 0 0)
(-2.87914698197431e+17 0 0)
(-2.72463627677503e+17 0 0)
(-2.57068383808878e+17 0 0)
(-2.41721753172681e+17 0 0)
(-2.26338659342425e+17 0 0)
(-2.10984258857003e+17 0 0)
(-1.95646371145499e+17 0 0)
(-1.8032551886495e+17 0 0)
(-1.65025945227915e+17 0 0)
(-1.49715038872298e+17 0 0)
(-1.34423707563524e+17 0 0)
(-1.19111872365829e+17 0 0)
(-1.03810145365011e+17 0 0)
(-8.85501002861255e+16 0 0)
(-7.32315854796809e+16 0 0)
(-5.78808117708943e+16 0 0)
(-4.2546438084105e+16 0 0)
(-2.71935626607498e+16 0 0)
(-1.18279694616435e+16 0 0)
(3.56915424306034e+15 0 0)
(1.89412145207256e+16 0 0)
(3.4295465461633e+16 0 0)
(4.9726072411894e+16 0 0)
(6.52151140430666e+16 0 0)
(8.07104793220753e+16 0 0)
(9.62080442586497e+16 0 0)
(1.11701565076569e+17 0 0)
(1.27169908460193e+17 0 0)
(1.42751973961364e+17 0 0)
(1.58359262265295e+17 0 0)
(1.73979437795772e+17 0 0)
(1.89537708972909e+17 0 0)
(2.0514420069171e+17 0 0)
(2.20881974919899e+17 0 0)
(2.36593229557901e+17 0 0)
(2.52210353643496e+17 0 0)
(2.67979784619087e+17 0 0)
(2.83719753604138e+17 0 0)
(2.99427197463413e+17 0 0)
(3.15298301323068e+17 0 0)
(3.310585436777e+17 0 0)
(3.46922303963721e+17 0 0)
(3.62696426650925e+17 0 0)
(3.78620304417229e+17 0 0)
(3.94453433723943e+17 0 0)
(4.10334038299807e+17 0 0)
(4.26198289668907e+17 0 0)
(4.41913219040217e+17 0 0)
(4.58208569979613e+17 0 0)
(4.74500572563279e+17 0 0)
(4.90665253669394e+17 0 0)
(5.06831949781219e+17 0 0)
(5.22963631359331e+17 0 0)
(5.39126683629254e+17 0 0)
(5.55244885288989e+17 0 0)
(5.71400760259956e+17 0 0)
(5.87531161831176e+17 0 0)
(6.03692827604527e+17 0 0)
(6.19839653983114e+17 0 0)
(6.35908108792851e+17 0 0)
(6.52168908200621e+17 0 0)
(6.68316334812068e+17 0 0)
(6.84412837085255e+17 0 0)
(7.00610063044904e+17 0 0)
(7.16793535407241e+17 0 0)
(7.33016436192727e+17 0 0)
(7.49244635633383e+17 0 0)
(7.65498737243285e+17 0 0)
(7.81767233864546e+17 0 0)
(7.98073638268174e+17 0 0)
(8.14508698567167e+17 0 0)
(8.30759289224875e+17 0 0)
(8.46779987628509e+17 0 0)
(8.62816177925012e+17 0 0)
(8.78898136340155e+17 0 0)
(8.95028380840617e+17 0 0)
(9.11100997604614e+17 0 0)
(9.27151039989275e+17 0 0)
(9.43199030666181e+17 0 0)
(9.59317165582144e+17 0 0)
(9.75305614641555e+17 0 0)
(9.91367104769266e+17 0 0)
(1.00742270360659e+18 0 0)
(1.02345394516233e+18 0 0)
(1.0394413094932e+18 0 0)
(1.05544349848494e+18 0 0)
(1.07150663938621e+18 0 0)
(1.08743843355039e+18 0 0)
(1.10342103485984e+18 0 0)
(1.11942835410182e+18 0 0)
(1.13543958814258e+18 0 0)
(1.15132734037282e+18 0 0)
(1.16727578781946e+18 0 0)
(1.18324186821297e+18 0 0)
(1.19920920854115e+18 0 0)
(1.21510275368003e+18 0 0)
(1.23100661991958e+18 0 0)
(1.24694783565275e+18 0 0)
(1.26285728569017e+18 0 0)
(1.27881279113518e+18 0 0)
(1.29465699308871e+18 0 0)
(1.31057160622158e+18 0 0)
(1.32648813773468e+18 0 0)
(1.34239958870906e+18 0 0)
(1.35833778145153e+18 0 0)
(1.37428068111872e+18 0 0)
(1.39017032836777e+18 0 0)
(1.40610819769007e+18 0 0)
(1.42208345128718e+18 0 0)
(1.43805812378488e+18 0 0)
(1.45407779012005e+18 0 0)
(1.47009886951404e+18 0 0)
(1.4861707865058e+18 0 0)
(1.50220203809262e+18 0 0)
(1.51831341041704e+18 0 0)
(1.5344711459949e+18 0 0)
(1.55064996090548e+18 0 0)
(1.56689874406447e+18 0 0)
(1.58316949139243e+18 0 0)
(1.599516273352e+18 0 0)
(1.61588645775469e+18 0 0)
(1.63229181346995e+18 0 0)
(1.64877270138417e+18 0 0)
(1.66532275569915e+18 0 0)
(1.6819256106641e+18 0 0)
(1.69859992765838e+18 0 0)
(1.71532767853285e+18 0 0)
(1.73212885461586e+18 0 0)
(1.74899443818776e+18 0 0)
(1.7659498842959e+18 0 0)
(1.78291097777183e+18 0 0)
(1.79994181922757e+18 0 0)
(1.81705919442578e+18 0 0)
(1.83423016785093e+18 0 0)
(1.85145803529263e+18 0 0)
(1.86875120298941e+18 0 0)
(1.88609531262167e+18 0 0)
(1.90349488591745e+18 0 0)
(1.92093253941897e+18 0 0)
(1.93842417998096e+18 0 0)
(1.9559430143406e+18 0 0)
(1.97351028487646e+18 0 0)
(1.99106978549888e+18 0 0)
(2.00863238307817e+18 0 0)
(2.02624458512339e+18 0 0)
(2.04388713763853e+18 0 0)
(2.0615091379173e+18 0 0)
(2.07914491184015e+18 0 0)
(2.09677404708505e+18 0 0)
(2.11439627697498e+18 0 0)
(2.13198961063249e+18 0 0)
(2.14957077562385e+18 0 0)
(2.16711494593251e+18 0 0)
(2.18463322080927e+18 0 0)
(2.20212610617589e+18 0 0)
(2.21958257951308e+18 0 0)
(2.23699237625649e+18 0 0)
(2.25437648545231e+18 0 0)
(2.27166647068618e+18 0 0)
(2.28888210109329e+18 0 0)
(2.30604461683972e+18 0 0)
(2.32317487858885e+18 0 0)
(2.3402243855044e+18 0 0)
(2.35722649035136e+18 0 0)
(2.37416931880437e+18 0 0)
(2.39104487926637e+18 0 0)
(2.40785664475835e+18 0 0)
(2.42459781060851e+18 0 0)
(2.44126155731881e+18 0 0)
(2.45787603520531e+18 0 0)
(2.47441204224335e+18 0 0)
(2.49089209020694e+18 0 0)
(2.50731521604688e+18 0 0)
(2.52368655276114e+18 0 0)
(2.53999587122839e+18 0 0)
(2.55624840627113e+18 0 0)
(2.57244406716562e+18 0 0)
(2.58859677703822e+18 0 0)
(2.60467285611235e+18 0 0)
(2.62071705020644e+18 0 0)
(2.6367147541124e+18 0 0)
(2.65267035314683e+18 0 0)
(2.66855964565619e+18 0 0)
(2.68440406920885e+18 0 0)
(2.70021612940835e+18 0 0)
(2.71598960730968e+18 0 0)
(2.73170868578789e+18 0 0)
(2.74740583657553e+18 0 0)
(2.7630746274014e+18 0 0)
(2.77869983297849e+18 0 0)
(2.79426940722872e+18 0 0)
(2.80979592620902e+18 0 0)
(2.82528517871183e+18 0 0)
(2.84074211618267e+18 0 0)
(2.85614771311187e+18 0 0)
(2.87152274199885e+18 0 0)
(2.88686823834994e+18 0 0)
(2.90218736709971e+18 0 0)
(2.91744564233e+18 0 0)
(2.93265379986413e+18 0 0)
(2.94781913504334e+18 0 0)
(2.96294683027839e+18 0 0)
(2.97802920074388e+18 0 0)
(2.99306375572031e+18 0 0)
(3.00804741080605e+18 0 0)
(3.02299751015062e+18 0 0)
(3.0379099366369e+18 0 0)
(3.05277253162945e+18 0 0)
(3.06756435333999e+18 0 0)
(3.08230644124793e+18 0 0)
(3.09699512190366e+18 0 0)
(3.11163062845046e+18 0 0)
(3.12620721411077e+18 0 0)
(3.14072944919797e+18 0 0)
(3.15518885860547e+18 0 0)
(3.16960566979333e+18 0 0)
(3.18397910961154e+18 0 0)
(3.19831326927356e+18 0 0)
(3.21258686574318e+18 0 0)
(3.22680463241309e+18 0 0)
(3.24097334109815e+18 0 0)
(3.25509991270321e+18 0 0)
(3.26917571021034e+18 0 0)
(3.28320222919462e+18 0 0)
(3.29717005232899e+18 0 0)
(3.31108166256133e+18 0 0)
(3.3249345911474e+18 0 0)
(3.33874837876638e+18 0 0)
(3.35253524198047e+18 0 0)
(3.36630593654405e+18 0 0)
(3.38005253091618e+18 0 0)
(3.39377291669922e+18 0 0)
(3.40747407703751e+18 0 0)
(3.42116560757076e+18 0 0)
(3.43484287895628e+18 0 0)
(3.44851135838203e+18 0 0)
(3.46216988071774e+18 0 0)
(3.47581615055324e+18 0 0)
(3.48945724286837e+18 0 0)
(3.5030986756928e+18 0 0)
(3.5167385356949e+18 0 0)
(3.53038794940869e+18 0 0)
(3.54404072742097e+18 0 0)
(3.55769565254882e+18 0 0)
(3.57135735735341e+18 0 0)
(3.58503343335892e+18 0 0)
(3.59872405876989e+18 0 0)
(3.61244089189238e+18 0 0)
(3.62618761226745e+18 0 0)
(3.63997182936838e+18 0 0)
(3.65379447041352e+18 0 0)
(3.66766324905322e+18 0 0)
(3.68157613158136e+18 0 0)
(3.69554098707819e+18 0 0)
(3.70955547934452e+18 0 0)
(3.72362070481126e+18 0 0)
(3.73773604609299e+18 0 0)
(3.75190301601502e+18 0 0)
(3.76611281052705e+18 0 0)
(3.78037205335253e+18 0 0)
(3.79467441495351e+18 0 0)
(3.80901985275213e+18 0 0)
(3.82339942230109e+18 0 0)
(3.8378141796266e+18 0 0)
(3.85225200407864e+18 0 0)
(3.86671450428412e+18 0 0)
(3.88118845089474e+18 0 0)
(3.89567597219438e+18 0 0)
(3.91016615577744e+18 0 0)
(3.92465903489735e+18 0 0)
(3.93913700360863e+18 0 0)
(3.95360207848952e+18 0 0)
(3.96803945514307e+18 0 0)
(3.98244618098422e+18 0 0)
(3.99680640666471e+18 0 0)
(4.01112098413698e+18 0 0)
(4.0253723253938e+18 0 0)
(4.03956184745775e+18 0 0)
(4.05367801049421e+18 0 0)
(4.06771763008927e+18 0 0)
(4.08166720840863e+18 0 0)
(4.09552818315605e+18 0 0)
(4.10929236880962e+18 0 0)
(4.12295920778497e+18 0 0)
(4.13652199050866e+18 0 0)
(4.14998074833368e+18 0 0)
(4.16332918207343e+18 0 0)
(4.17657388229548e+18 0 0)
(4.18971072765299e+18 0 0)
(4.20274129207309e+18 0 0)
(4.21567341947388e+18 0 0)
(4.22849667370296e+18 0 0)
(4.24140189125735e+18 0 0)
(4.25389375493842e+18 0 0)
(4.26891668332101e+18 0 0)
(4.27918020644459e+18 0 0)
(4.34989688747133e+18 0 0)
(4.30750152101451e+18 0 0)
(4.86994176794835e+18 0 0)
(4.35487127706828e+18 0 0)
(1.62921646830378e+19 0 0)
(4.60501367624203e+18 0 0)
(2.73299892443825e+19 0 0)
(5.03350046606649e+18 0 0)
(7.87807647416749e+19 0 0)
(-2.50459353400128e+19 0 0)
(9.31638164252454e+21 0 0)
)
;

boundaryField
{
    electrode
    {
        type            calculated;
        value           uniform (-1.9354925764957e+21 0 0);
    }
    ground
    {
        type            calculated;
        value           uniform (4.15901254246122e+20 0 0);
    }
    otherfaces
    {
        type            empty;
    }
}


// ************************************************************************* //
