/*--------------------------------*- C++ -*----------------------------------*\
| =========                 |                                                 |
| \\      /  F ield         | foam-extend: Open Source CFD                    |
|  \\    /   O peration     | Version:     4.1                                |
|   \\  /    A nd           | Web:         http://www.foam-extend.org         |
|    \\/     M anipulation  |                                                 |
\*---------------------------------------------------------------------------*/
FoamFile
{
    version     2.0;
    format      ascii;
    class       volScalarField;
    location    "1.50999999960559e-05";
    object      powerDissipated;
}
// * * * * * * * * * * * * * * * * * * * * * * * * * * * * * * * * * * * * * //

dimensions      [1 2 -3 0 0 0 0];

internalField   nonuniform List<scalar> 
500
(
0.000197959357049948
0.000197932373371897
0.000197916698612909
0.000197887342401272
0.00019785981075093
0.000197818490096574
0.000197773464647208
0.000197717243686472
0.000197655195971646
0.00019758372443974
0.000197504761128159
0.000197416261286215
0.000197322218290742
0.000197221226007886
0.000197118185620577
0.000197003814055372
0.000196889721553759
0.000196760546000436
0.000196634240298363
0.000196490712999833
0.000196351825911997
0.00019619430188173
0.000196042687921116
0.000195871437312994
0.000195707056372673
0.000195522392860437
0.000195345287787892
0.000195147611399439
0.000194957907535118
0.000194747683377081
0.000194545595549806
0.000194323343418161
0.000194109182841446
0.000193875470161597
0.000193649630051442
0.000193405050884235
0.00019316800061462
0.000192913183641711
0.000192665463194417
0.000192401072516582
0.000192143280910845
0.000191869998438579
0.000191602769461119
0.000191321295170118
0.000191045288211104
0.000190756331004981
0.000190472228234054
0.000190176517511475
0.000189885032193308
0.000189583280645158
0.000189285131508846
0.000188978072307387
0.000188673995445483
0.000188362327100478
0.000188053018404467
0.000187737372587563
0.000187423474633102
0.000187104466677851
0.000186786680427035
0.000186464976067604
0.000186144050708624
0.000185820355440263
0.000185497052556788
0.000185172048787482
0.000184847079938947
0.000184521366470632
0.000184195357122953
0.000183869440910788
0.000183542942370947
0.000183217254732499
0.000182890753294819
0.000182565669199665
0.000182239603701436
0.000181915490679829
0.000181590288452034
0.000181267449286031
0.000180943462870635
0.000180622175111127
0.000180299751897549
0.000179980296107961
0.000179659717418362
0.000179342331710987
0.000179023895682431
0.00017870880556539
0.000178392689502127
0.000178080087137877
0.000177766552758326
0.000177456579417239
0.000177145785660892
0.000176838572567803
0.000176530664409052
0.000176226336216463
0.000175921438830394
0.000175620093223658
0.000175318305840695
0.000175020013770127
0.00017472140370673
0.000174426212334219
0.000174130824720439
0.00017383876146197
0.000173546625934542
0.000173257711010948
0.000172968843463315
0.000172683081392588
0.000172397472376228
0.000172114848419354
0.000171832486933718
0.000171552974144166
0.000171273829657341
0.000170997375466308
0.000170721414079358
0.000170447982237721
0.000170175124244564
0.000169904663202457
0.0001696348740172
0.000169367344989327
0.000169100565813016
0.000168835899737574
0.00016857206044859
0.000168310195827819
0.000168049232991477
0.000167790108648349
0.000167531953966286
0.000167275507478185
0.000167020095558829
0.000166766266609005
0.000166513534975668
0.000166262267266843
0.000166012151393468
0.000165763383687853
0.00016551581722063
0.000165269487448135
0.000165024402817516
0.000164780451433363
0.000164537791900856
0.000164296172788453
0.000164055886709143
0.000163816557659916
0.000163578584606156
0.000163341499067678
0.000163105798934309
0.00016287090736326
0.000162637437227915
0.000162404674314957
0.000162173398615364
0.000161942744496706
0.00016171357990328
0.000161484999800268
0.000161257943162915
0.000161031433137264
0.000160806461522083
0.000160581986362742
0.000160359067981933
0.000160136606022842
0.000159915720440551
0.000159695256840096
0.000159476387104399
0.000159257909886047
0.000159041044217631
0.000158824546856526
0.000158609678401602
0.000158395159734227
0.000158182287245729
0.0001579697466895
0.000157758865311749
0.000157548301183141
0.000157339407038327
0.000157130818835564
0.000156923910343372
0.000156717300921948
0.000156512380975651
0.000156307757372181
0.00015610483217887
0.000155902202866672
0.000155701275956014
0.000155500647258815
0.00015530172560313
0.000155103103758994
0.000154906191503447
0.000154709579543106
0.000154514684573904
0.000154320089477715
0.000154127210381902
0.000153934644548234
0.000153743799639411
0.000153553278541631
0.000153364477251737
0.000153176007205454
0.000152989255807076
0.000152802844909929
0.000152618151757884
0.000152433808304272
0.000152251182266764
0.000152068918070544
0.000151888370320355
0.000151708195124166
0.000151529735348988
0.000151351662556059
0.000151175305963729
0.000150999349009292
0.000150825102089414
0.000150651266968539
0.000150479134866223
0.000150307425909053
0.000150137410394066
0.000149967829220569
0.000149799935834685
0.000149632489764877
0.000149466726847391
0.000149301424051743
0.000149137798627386
0.000148974637293886
0.000148813150495428
0.000148652136635795
0.000148492787368542
0.000148333919292223
0.000148176692956684
0.000148019972044333
0.000147864870761455
0.000147710272801778
0.000147557293711087
0.00014740483321734
0.000147253985542896
0.000147103661958301
0.000146954936404307
0.000146806742314582
0.000146660131659628
0.000146514061518278
0.00014636956013609
0.000146225606771746
0.000146083207508186
0.000145941365733065
0.000145801063527949
0.000145661326847003
0.000145523116214509
0.000145385480000722
0.000145249357969445
0.000145113817435045
0.000144979774944061
0.000144846320292896
0.000144714347277621
0.000144582966222331
0.000144453048152712
0.000144323727403331
0.000144195853515757
0.000144068583079946
0.000143942744149595
0.000143817514597324
0.000143693699625436
0.000143570497501008
0.000143448692415098
0.000143327504442978
0.000143207695200962
0.000143088504785044
0.00014297067441346
0.000142853464976776
0.000142737596432249
0.000142622348535254
0.000142508424638162
0.000142395125722071
0.000142283134984214
0.000142171772715897
0.000142061700380331
0.000141952258867966
0.000141844087938203
0.000141736549903078
0.000141630263031077
0.00014152460936959
0.000141420188309343
0.000141316400635329
0.000141213829024587
0.000141111893109547
0.00014101115649183
0.00014091105696159
0.000140812140552672
0.000140713865466941
0.000140616757796436
0.000140520291117443
0.000140424973718235
0.000140330297744851
0.000140236752493815
0.000140143846373587
0.000140052051186779
0.00013996089489895
0.000139870833331575
0.000139781411402636
0.00013969306926099
0.000139605366310505
0.0001395187275518
0.000139432724097686
0.000139347770089553
0.00013926344947564
0.000139180159919186
0.000139097502395308
0.000139015851230036
0.000138934837885425
0.000138854807943919
0.000138775409635823
0.000138696980097254
0.000138619185980872
0.000138542346196322
0.000138466140274962
0.000138390871031921
0.0001383162330748
0.000138242515589538
0.000138169426479397
0.000138097242040271
0.000138025682016055
0.000137955009222598
0.000137884957236493
0.000137815777035981
0.000137747217795675
0.000137679516161051
0.000137612434434709
0.00013754619584575
0.000137480576533189
0.00013741578677713
0.000137351614568774
0.000137288257501201
0.000137225514867177
0.000137163570967257
0.000137102237215216
0.000137041685551852
0.000136981740063245
0.000136922562826817
0.000136863989584038
0.00013680617192845
0.000136748958080001
0.000136692486833504
0.000136636619131197
0.000136581473376542
0.000136526934808218
0.000136473102349681
0.000136419870912186
0.000136367334581574
0.000136315380405087
0.000136264126444797
0.000136213438220197
0.000136163426101276
0.000136113986530087
0.0001360652172917
0.000136017023174366
0.000135969485314315
0.00013592251706301
0.000135876192055514
0.000135830432767853
0.000135785306360004
0.000135740741995583
0.000135696799000224
0.000135653413341177
0.000135610638139462
0.000135568416236484
0.000135526797782212
0.000135485730233846
0.000135445258830438
0.000135405335625317
0.000135366001728286
0.000135327215601933
0.000135289011260297
0.000135251351310373
0.000135214265751398
0.000135177721923521
0.000135141743931741
0.000135106304178972
0.000135071422619964
0.000135037079528719
0.000135003288525298
0.000134970036597258
0.00013493733023582
0.00013490516484915
0.000134873538454888
0.000134842454620324
0.000134811901844133
0.000134781894177605
0.000134752409819564
0.000134723474151681
0.000134695052640924
0.000134667183288064
0.000134639822778062
0.000134613012466596
0.000134586711924621
0.000134560962334399
0.000134535728373327
0.000134511041913056
0.000134486877387745
0.000134463254880615
0.000134440159597544
0.000134417604087123
0.000134395580763292
0.000134374097150039
0.000134353146409676
0.000134332737349427
0.000134312861572002
0.000134293533275793
0.000134274743352193
0.0001342565048853
0.000134238810346312
0.000134221669419861
0.000134205078403883
0.00013418904536073
0.000134173569111399
0.000134158658768892
0.000134144313804324
0.000134130536372703
0.000134117320490381
0.000134104671354854
0.000134092591073502
0.000134081087038058
0.000134070155175378
0.000134059798941394
0.000134050016777247
0.000134040813807731
0.000134032191144987
0.000134024142349519
0.000134016675322021
0.000134009775963768
0.000134003459107003
0.000133997731229026
0.000133992581762446
0.00013398808418008
0.000133984378597869
0.000133980990378044
0.000133978119408391
0.000133975944089377
0.000133974313482663
0.000133973334184191
0.000133972975182232
0.000133973116990452
0.000133973798409393
0.00013397513887403
0.000133976971248079
0.000133979442114929
0.000133982408654532
0.000133985994051254
0.000133990065923226
0.000133994758378607
0.000133999902785747
0.000134005685537489
0.000134011869978731
0.000134018718938188
0.000134025908654249
0.00013403379022745
0.00013404194126394
0.000134050814837565
0.000134059877106728
0.000134069695269481
0.000134079612394733
0.000134090322010199
0.000134101034102012
0.000134112581983338
0.000134124027722986
0.00013413635772295
0.000134148475630502
0.000134161525680206
0.000134174245920258
0.000134187936229489
0.00013420117966913
0.000134215430104565
0.00013422911545319
0.000134243838084547
0.000134257874399116
0.000134272985355775
0.000134287304908622
0.000134302682901915
0.000134317205910711
0.000134332778926013
0.000134347437716255
0.00013436310404088
0.000134377794932495
0.000134393471776754
0.000134408100496616
0.000134423722522357
0.000134438156506858
0.000134453673080352
0.000134467763879676
0.000134483161088826
0.000134496747079864
0.000134512031035856
0.000134524941599145
0.000134540126500909
0.000134552197020216
0.000134567288614801
0.000134578382646837
0.000134593372569839
0.000134603391225835
0.000134618260745753
0.000134627159947578
0.000134641905948964
0.000134649711500722
0.000134664418806737
0.000134671343873814
0.000134686247553417
0.000134692347281301
0.00013470647239953
0.000134709937334645
0.000134721177974875
0.000134722236581736
0.000134726698498744
0.000134687216513999
0.000136514928612509
)
;

boundaryField
{
    electrode
    {
        type            zeroGradient;
    }
    ground
    {
        type            zeroGradient;
    }
    otherfaces
    {
        type            empty;
    }
}


// ************************************************************************* //
