/*--------------------------------*- C++ -*----------------------------------*\
| =========                 |                                                 |
| \\      /  F ield         | foam-extend: Open Source CFD                    |
|  \\    /   O peration     | Version:     4.1                                |
|   \\  /    A nd           | Web:         http://www.foam-extend.org         |
|    \\/     M anipulation  |                                                 |
\*---------------------------------------------------------------------------*/
FoamFile
{
    version     2.0;
    format      ascii;
    class       volScalarField;
    location    "1.50999999960559e-05";
    object      powerDissipatedIonMean;
}
// * * * * * * * * * * * * * * * * * * * * * * * * * * * * * * * * * * * * * //

dimensions      [1 -1 -3 0 0 0 0];

internalField   nonuniform List<scalar> 
500
(
39655393.7301859
39561186.1431264
39476528.8333885
39347628.8589123
39248813.1468704
39117048.3290393
39014674.5393853
38888881.7656702
38791508.9539221
38678911.871227
38592550.0623054
38491504.0649534
38409091.0642991
38312636.639052
38229781.2660814
38135049.5428674
38050802.8609842
37957039.7315683
37871556.3080038
37778525.1905581
37692081.5761841
37599605.66105
37512440.7321385
37420403.4883863
37332736.5744799
37241072.8214111
37153100.5763522
37061764.7624246
36973640.9199088
36882607.5222166
36794447.1846086
36703714.6377765
36615602.922343
36525185.2126414
36437193.7181603
36347126.2332216
36259326.7554895
36169652.998686
36082106.8891829
35992863.1329818
35905614.1309263
35816806.5683002
35729846.6008559
35641432.7101939
35554712.6361184
35466662.763314
35380199.9421876
35292584.8206882
35206587.489709
35119720.9371063
35034555.5069484
34948773.8747074
34864767.7246488
34780262.7641111
34697393.45051
34614014.0767905
34532089.8289875
34449598.5931825
34368380.6295804
34286619.3717186
34206067.6736052
34124991.6956076
34045087.5968128
33964728.8592384
33885502.7350293
33805833.7058957
33727258.9281464
33648279.4904615
33570357.1543771
33492060.530005
33414802.0825907
33337215.7692841
33260655.9594269
33183797.5886789
33107947.6283321
33031809.9906974
32956645.2320733
32881207.1701858
32806719.2255094
32731977.1099389
32658164.855376
32584116.8735732
32510979.3641976
32437623.5120243
32365159.181728
32292492.7583793
32220699.2773565
32148719.1495274
32077593.7073067
32006296.2722053
31935835.6243339
31865216.971103
31795417.586107
31725473.5326736
31656331.5341673
31587057.7148572
31518569.1875261
31449961.2830416
31382122.3406956
31314176.0269072
31246982.7344471
31179693.5336149
31113141.6834184
31046504.752334
30980589.8545342
30914600.1823288
30849317.3548595
30783969.6064167
30719314.0474166
30654603.1570719
30590570.2028021
30526491.192187
30463076.3131082
30399624.3932426
30336823.2472042
30273993.8101828
30211802.1510083
30149590.6387543
30088004.259957
30026406.1462503
29965420.8325911
29904431.6059965
29844043.1564003
29783658.3277334
29723862.537286
29664077.5941659
29604870.2448777
29545680.6795058
29487057.5235638
29428458.7797586
29370415.5252723
29312403.0886978
29254935.5262178
29197504.9277371
29140608.8532265
29083755.6869835
29027426.9387931
28971146.8093007
28915381.2362486
28859669.7803271
28804463.2843168
28749316.1984425
28694664.7075931
28640077.7420997
28585977.2555111
28531946.2162847
28478392.7529577
28424913.447634
28371903.0542702
28318971.3369421
28266500.0683129
28214111.8347079
28162175.8081257
28110326.9920093
28058922.3551305
28007608.9604643
27956731.911539
27905949.9686136
27855596.7539708
27805342.3681637
27755509.2677629
27705778.5738797
27656461.9323286
27607251.1345835
27558447.3624431
27509752.7436585
27461458.2765811
27413276.1038333
27365487.3926005
27317813.9603779
27270527.4672681
27223359.1198017
27176571.3809923
27129904.5501787
27083612.1578221
27037443.3337838
26991642.9298361
26945968.6229172
26900656.8794519
26855473.6703966
26810647.3205383
26765951.8404781
26721607.6624892
26677396.6019998
26633531.424196
26589801.4948047
26546412.1715704
26503160.1376411
26460243.5667743
26417466.232135
26375019.3440229
26332713.5643203
26290733.361204
26248896.0502417
26207379.566734
26166007.6883918
26124952.02313
26084042.5835347
26043444.8541516
26002994.9141365
25962852.3126013
25922858.9863109
25883168.7394638
25843629.1844522
25804388.559584
25765299.9653684
25726506.2692322
25687865.8710054
25649516.4342591
25611321.5073667
25573413.7327606
25535661.6203578
25498192.9707829
25460881.0813127
25423849.0479697
25386974.7864372
25350376.8727639
25313937.717736
25277771.5277271
25241765.0063981
25206028.1444337
25170451.8161309
25135141.9565304
25099993.4466035
25065108.3064952
25030385.2715877
24995922.6039147
24961622.7453394
24927580.3157234
24893701.3457619
24860076.9595157
24826616.6558301
24793408.1969634
24760364.4383358
24727569.856952
24694940.5283977
24662557.7613643
24630340.7532851
24598367.7559681
24566561.0049314
24534995.8154197
24503597.3616761
24472438.0758752
24441445.9623793
24410690.6656125
24380102.9660581
24349749.8009378
24319564.6524619
24289611.8040687
24259827.3847464
24230273.0829068
24200887.6045064
24171730.0920864
24142741.7977242
24113979.3715799
24085386.5455411
24057017.5334618
24028818.5008559
24000841.2977073
23973034.4592028
23945447.5021466
23918031.2510885
23890832.9614981
23863805.7028391
23836994.5415528
23810354.7468651
23783929.2844412
23757675.5279362
23731634.3577961
23705765.185168
23680106.880928
23654620.8422045
23629344.0154033
23604239.7317701
23579343.0681989
23554619.2151935
23530101.4252521
23505756.7037816
23481616.5291449
23457649.6642466
23433885.8641344
23410295.6135932
23386907.0015591
23363692.165012
23340677.5599219
23317836.9488758
23295195.2126027
23272727.7081711
23250457.7756851
23228362.3006208
23206463.1170963
23184738.6098481
23163209.1253498
23141854.5119389
23120693.7082543
23099707.987209
23078914.8728505
23058297.0651254
23037870.7289804
23017619.9323049
22997559.4799699
22977674.7692085
22957979.3024557
22938459.7823553
22919128.4378427
22899973.268733
22881005.2488081
22862213.6332272
22843608.1685113
22825179.333785
22806935.6617791
22788868.8367293
22770986.2216434
22753280.6907226
22735758.4270386
22718413.4895569
22701250.9291764
22684265.9486068
22667462.4532017
22650836.774026
22634391.7078048
22618124.7234358
22602037.493796
22586128.5964131
22570398.6523437
22554847.3389195
22539474.1858641
22524279.9292661
22509263.0480969
22494425.3592313
22479764.2839821
22465282.6842595
22450976.9746178
22436851.0479269
22422900.3027713
22409129.641612
22395533.4592378
22382117.6904895
22368875.711294
22355814.4590944
22342926.3288044
22330219.2371367
22317684.6282834
22305331.406823
22293150.0415998
22281150.410053
22269322.0411621
22257675.7661939
22246200.1497952
22234906.9782735
22223783.8910868
22212843.6708237
22202073.0104116
22191485.5869045
22181067.18561
22170832.4036595
22160766.0979551
22150883.8366383
22141169.5331447
22131639.7117661
22122277.3315621
22113099.8901615
22104089.3742419
22095264.2801263
22086605.6244348
22078132.863476
22069826.0402651
22061705.6211462
22053750.6947921
22045982.7010061
22038379.7211268
22030964.2364469
22023713.3329228
22016650.4374952
22009751.7196577
22003041.5865943
21996495.1574849
21990137.9769726
21983944.0729731
21977939.9676395
21972098.6384493
21966447.7370088
21960959.1179074
21955661.6350091
21950525.8506803
21945581.9572436
21940799.1903347
21936209.1505231
21931779.5684235
21927543.6698907
21923467.4167972
21919585.8649192
21915863.1787419
21912336.3294796
21908967.4369433
21905795.629014
21902780.6356343
21899964.2300213
21897303.5089164
21894842.9887984
21892536.8674961
21890432.7506239
21888481.6300746
21886734.3926636
21885138.5222889
21883748.6792904
21882508.2549487
21881476.084319
21880591.3012688
21879917.254917
21879388.3540511
21879072.9214236
21878900.0881291
21878943.7043265
21879127.3025983
21879530.5354864
21880070.7818273
21880834.0044282
21881731.02922
21882854.7349194
21884108.8235793
21885593.386202
21887204.4186883
21889049.9676422
21891017.6088079
21893224.3141747
21895548.4310279
21898116.4173411
21900796.4638786
21903725.7923101
21906761.3003347
21910052.0015832
21913442.4157358
21917094.493926
21920839.0354606
21924851.9927919
21928949.5652678
21933322.7145855
21937771.5969159
21942503.2100769
21947300.6897712
21952388.1390404
21957530.3286237
21962970.5956397
21968455.073506
21974248.8541525
21980079.6260899
21986238.5923848
21992440.3513047
21999001.4255767
22005610.6350735
22012619.6495697
22019688.9294647
22027190.2040475
22034721.9207153
22042660.4823477
22050572.6381956
22058872.6548219
22067097.5833352
22075703.8224969
22084214.4261991
22093137.838971
22101953.7575356
22111206.3959744
22120330.5817187
22129927.6653234
22139372.3494097
22149318.6076076
22159073.6836789
22169354.2912432
22179401.7449797
22190013.5317974
22200343.078532
22211287.7069934
22221885.2717666
22233169.2526867
22244020.7517179
22255657.3868437
22266742.9137476
22278741.8330748
22290031.2662314
22302406.4830582
22313863.1213817
22326630.0355191
22338206.1450859
22351381.3653361
22363028.046894
22376646.0990284
22388358.7474499
22402583.1836805
22414732.8044892
22430460.1150574
22444304.5200983
22462186.3157639
22477162.7382215
22496318.022464
22511001.8268027
22530109.6105729
22542278.257121
22556786.8728335
)
;

boundaryField
{
    electrode
    {
        type            calculated;
        value           uniform 39650707.8993803;
    }
    ground
    {
        type            calculated;
        value           uniform 22555913.2943902;
    }
    otherfaces
    {
        type            empty;
    }
}


// ************************************************************************* //
