/*--------------------------------*- C++ -*----------------------------------*\
| =========                 |                                                 |
| \\      /  F ield         | foam-extend: Open Source CFD                    |
|  \\    /   O peration     | Version:     4.1                                |
|   \\  /    A nd           | Web:         http://www.foam-extend.org         |
|    \\/     M anipulation  |                                                 |
\*---------------------------------------------------------------------------*/
FoamFile
{
    version     2.0;
    format      ascii;
    class       volVectorField;
    location    "1.50999999960559e-05";
    object      term3;
}
// * * * * * * * * * * * * * * * * * * * * * * * * * * * * * * * * * * * * * //

dimensions      [0 -2 -2 0 0 0 0];

internalField   nonuniform List<vector> 
500
(
(-4.12256116264671e+27 -0 -0)
(-4.12222533975e+27 -0 -0)
(-4.12204507971982e+27 -0 -0)
(-4.12181848497056e+27 -0 -0)
(-4.12163019522983e+27 -0 -0)
(-4.12142839095919e+27 -0 -0)
(-4.12121939315324e+27 -0 -0)
(-4.120990157387e+27 -0 -0)
(-4.12074154391346e+27 -0 -0)
(-4.12047049611257e+27 -0 -0)
(-4.12020801951356e+27 -0 -0)
(-4.11997020446084e+27 -0 -0)
(-4.11975968522774e+27 -0 -0)
(-4.11956353293985e+27 -0 -0)
(-4.11937459861738e+27 -0 -0)
(-4.11918862634464e+27 -0 -0)
(-4.11900699661996e+27 -0 -0)
(-4.11882944904975e+27 -0 -0)
(-4.11865577853277e+27 -0 -0)
(-4.11848557533021e+27 -0 -0)
(-4.11831913730725e+27 -0 -0)
(-4.11815658084248e+27 -0 -0)
(-4.11799788105571e+27 -0 -0)
(-4.1178422431296e+27 -0 -0)
(-4.11768928026882e+27 -0 -0)
(-4.11753863860458e+27 -0 -0)
(-4.11739044686273e+27 -0 -0)
(-4.11724450612186e+27 -0 -0)
(-4.11710091821539e+27 -0 -0)
(-4.11695956333281e+27 -0 -0)
(-4.11682072780783e+27 -0 -0)
(-4.11668429757805e+27 -0 -0)
(-4.11655009771099e+27 -0 -0)
(-4.1164175571191e+27 -0 -0)
(-4.11628666535303e+27 -0 -0)
(-4.1161575724328e+27 -0 -0)
(-4.11603091842934e+27 -0 -0)
(-4.11590671605228e+27 -0 -0)
(-4.11578465999409e+27 -0 -0)
(-4.11566384406396e+27 -0 -0)
(-4.11554387694831e+27 -0 -0)
(-4.11542477016182e+27 -0 -0)
(-4.11530763225315e+27 -0 -0)
(-4.11519354124288e+27 -0 -0)
(-4.11508310369985e+27 -0 -0)
(-4.11497620745396e+27 -0 -0)
(-4.11487141319765e+27 -0 -0)
(-4.11476664372044e+27 -0 -0)
(-4.11466028309858e+27 -0 -0)
(-4.11455185228853e+27 -0 -0)
(-4.11444269071146e+27 -0 -0)
(-4.11433454474857e+27 -0 -0)
(-4.11422824196634e+27 -0 -0)
(-4.11412567288893e+27 -0 -0)
(-4.11403305183093e+27 -0 -0)
(-4.11394560637848e+27 -0 -0)
(-4.11386184677917e+27 -0 -0)
(-4.11378591652493e+27 -0 -0)
(-4.11371458419524e+27 -0 -0)
(-4.11364718460961e+27 -0 -0)
(-4.11358409964126e+27 -0 -0)
(-4.11352389031515e+27 -0 -0)
(-4.11346671668516e+27 -0 -0)
(-4.11341186955302e+27 -0 -0)
(-4.11335962794784e+27 -0 -0)
(-4.11330949779144e+27 -0 -0)
(-4.11326188333552e+27 -0 -0)
(-4.11321627170895e+27 -0 -0)
(-4.11317309023518e+27 -0 -0)
(-4.11313181110064e+27 -0 -0)
(-4.11309301106653e+27 -0 -0)
(-4.11305596474268e+27 -0 -0)
(-4.11302129810431e+27 -0 -0)
(-4.11298818619678e+27 -0 -0)
(-4.11295748204896e+27 -0 -0)
(-4.11292772836485e+27 -0 -0)
(-4.11290121086706e+27 -0 -0)
(-4.11287606750788e+27 -0 -0)
(-4.11285328360688e+27 -0 -0)
(-4.11283098429788e+27 -0 -0)
(-4.11281136794792e+27 -0 -0)
(-4.11279289615597e+27 -0 -0)
(-4.11277765183312e+27 -0 -0)
(-4.1127629352319e+27 -0 -0)
(-4.11275076177472e+27 -0 -0)
(-4.11273860375387e+27 -0 -0)
(-4.11272941885502e+27 -0 -0)
(-4.1127205778806e+27 -0 -0)
(-4.11271505808082e+27 -0 -0)
(-4.11270961177522e+27 -0 -0)
(-4.11270740808283e+27 -0 -0)
(-4.11270499755627e+27 -0 -0)
(-4.11270599479571e+27 -0 -0)
(-4.11270659802919e+27 -0 -0)
(-4.1127106399679e+27 -0 -0)
(-4.11271401381259e+27 -0 -0)
(-4.11272101138753e+27 -0 -0)
(-4.1127273073459e+27 -0 -0)
(-4.11273753930453e+27 -0 -0)
(-4.11274708797749e+27 -0 -0)
(-4.1127608091214e+27 -0 -0)
(-4.11277376355226e+27 -0 -0)
(-4.11279109541887e+27 -0 -0)
(-4.11280742565774e+27 -0 -0)
(-4.11282809664488e+27 -0 -0)
(-4.11284741676911e+27 -0 -0)
(-4.11287110788035e+27 -0 -0)
(-4.11289261837315e+27 -0 -0)
(-4.11291944210886e+27 -0 -0)
(-4.11294457030643e+27 -0 -0)
(-4.11297404841269e+27 -0 -0)
(-4.11300075173063e+27 -0 -0)
(-4.11303211445132e+27 -0 -0)
(-4.11306144007977e+27 -0 -0)
(-4.11309623343935e+27 -0 -0)
(-4.11312841713177e+27 -0 -0)
(-4.113165327997e+27 -0 -0)
(-4.11319875988769e+27 -0 -0)
(-4.11323710791921e+27 -0 -0)
(-4.11327230218025e+27 -0 -0)
(-4.11331305779581e+27 -0 -0)
(-4.11335063542184e+27 -0 -0)
(-4.11339374008837e+27 -0 -0)
(-4.11343318125513e+27 -0 -0)
(-4.1134781639183e+27 -0 -0)
(-4.11351946147693e+27 -0 -0)
(-4.11356663021016e+27 -0 -0)
(-4.11360995250013e+27 -0 -0)
(-4.11365915518137e+27 -0 -0)
(-4.11370427198457e+27 -0 -0)
(-4.1137554017627e+27 -0 -0)
(-4.11380235024973e+27 -0 -0)
(-4.11385547117949e+27 -0 -0)
(-4.11390437500159e+27 -0 -0)
(-4.11395957842624e+27 -0 -0)
(-4.11401051807969e+27 -0 -0)
(-4.11406788621872e+27 -0 -0)
(-4.11412077601475e+27 -0 -0)
(-4.11417997646634e+27 -0 -0)
(-4.11423450789306e+27 -0 -0)
(-4.11429551730297e+27 -0 -0)
(-4.11435082102985e+27 -0 -0)
(-4.11441407641227e+27 -0 -0)
(-4.11447263405014e+27 -0 -0)
(-4.11453755118584e+27 -0 -0)
(-4.11459635335301e+27 -0 -0)
(-4.11466188735041e+27 -0 -0)
(-4.11472258349379e+27 -0 -0)
(-4.1147910651717e+27 -0 -0)
(-4.11485412281667e+27 -0 -0)
(-4.11492387993748e+27 -0 -0)
(-4.11498736673852e+27 -0 -0)
(-4.11505771478941e+27 -0 -0)
(-4.11512214939993e+27 -0 -0)
(-4.11519388791579e+27 -0 -0)
(-4.11525975755507e+27 -0 -0)
(-4.11533301672039e+27 -0 -0)
(-4.11540024136527e+27 -0 -0)
(-4.11547479500993e+27 -0 -0)
(-4.11554311532429e+27 -0 -0)
(-4.11561886675707e+27 -0 -0)
(-4.11568839320664e+27 -0 -0)
(-4.11576543619345e+27 -0 -0)
(-4.11583610785506e+27 -0 -0)
(-4.11591430327478e+27 -0 -0)
(-4.11598605725271e+27 -0 -0)
(-4.1160653942924e+27 -0 -0)
(-4.11613825454715e+27 -0 -0)
(-4.11621877877355e+27 -0 -0)
(-4.11629287126849e+27 -0 -0)
(-4.11637471882577e+27 -0 -0)
(-4.11645013538015e+27 -0 -0)
(-4.11653328436964e+27 -0 -0)
(-4.11660988838793e+27 -0 -0)
(-4.11669408223832e+27 -0 -0)
(-4.11677164152102e+27 -0 -0)
(-4.1168567796654e+27 -0 -0)
(-4.11693520552738e+27 -0 -0)
(-4.11702152515993e+27 -0 -0)
(-4.11710122115002e+27 -0 -0)
(-4.1171883799929e+27 -0 -0)
(-4.1172685946048e+27 -0 -0)
(-4.11735641906309e+27 -0 -0)
(-4.11743766059861e+27 -0 -0)
(-4.117526710811e+27 -0 -0)
(-4.11760894028264e+27 -0 -0)
(-4.11769858403435e+27 -0 -0)
(-4.11778117473082e+27 -0 -0)
(-4.11787114598637e+27 -0 -0)
(-4.1179541951296e+27 -0 -0)
(-4.11804467330161e+27 -0 -0)
(-4.11812825167414e+27 -0 -0)
(-4.1182192855168e+27 -0 -0)
(-4.11830351923667e+27 -0 -0)
(-4.11839523407043e+27 -0 -0)
(-4.11848006209217e+27 -0 -0)
(-4.11857222077208e+27 -0 -0)
(-4.11865750673905e+27 -0 -0)
(-4.11875013746955e+27 -0 -0)
(-4.11883598226291e+27 -0 -0)
(-4.1189291106919e+27 -0 -0)
(-4.11901546946754e+27 -0 -0)
(-4.11910902818399e+27 -0 -0)
(-4.11919582119748e+27 -0 -0)
(-4.11928980252713e+27 -0 -0)
(-4.11937710401781e+27 -0 -0)
(-4.11947169135886e+27 -0 -0)
(-4.11955969253068e+27 -0 -0)
(-4.11965494678434e+27 -0 -0)
(-4.11974356333514e+27 -0 -0)
(-4.11983927702745e+27 -0 -0)
(-4.11992821237132e+27 -0 -0)
(-4.1200241894854e+27 -0 -0)
(-4.12011350443648e+27 -0 -0)
(-4.12020941870473e+27 -0 -0)
(-4.12029943061181e+27 -0 -0)
(-4.12039650158151e+27 -0 -0)
(-4.12048674459984e+27 -0 -0)
(-4.12058327366966e+27 -0 -0)
(-4.12067325471202e+27 -0 -0)
(-4.12077026692877e+27 -0 -0)
(-4.12086128896143e+27 -0 -0)
(-4.1209588838174e+27 -0 -0)
(-4.1210498191065e+27 -0 -0)
(-4.12114682704325e+27 -0 -0)
(-4.12123735246187e+27 -0 -0)
(-4.12133417353769e+27 -0 -0)
(-4.12142484567654e+27 -0 -0)
(-4.12152171120938e+27 -0 -0)
(-4.12161242053597e+27 -0 -0)
(-4.12170920964468e+27 -0 -0)
(-4.12179996986472e+27 -0 -0)
(-4.12189675045436e+27 -0 -0)
(-4.12198753331568e+27 -0 -0)
(-4.12208418676635e+27 -0 -0)
(-4.12217492471127e+27 -0 -0)
(-4.12227145032445e+27 -0 -0)
(-4.12236216699309e+27 -0 -0)
(-4.12245856388482e+27 -0 -0)
(-4.12254926120972e+27 -0 -0)
(-4.1226455494694e+27 -0 -0)
(-4.12273621147196e+27 -0 -0)
(-4.12283238450449e+27 -0 -0)
(-4.12292308877614e+27 -0 -0)
(-4.12301926965715e+27 -0 -0)
(-4.12311014191515e+27 -0 -0)
(-4.12320639816555e+27 -0 -0)
(-4.12329741124834e+27 -0 -0)
(-4.12339362723007e+27 -0 -0)
(-4.12348461366531e+27 -0 -0)
(-4.12358061453353e+27 -0 -0)
(-4.12367148294956e+27 -0 -0)
(-4.123767264552e+27 -0 -0)
(-4.12385808010023e+27 -0 -0)
(-4.12395379758504e+27 -0 -0)
(-4.12404459642639e+27 -0 -0)
(-4.12414000320953e+27 -0 -0)
(-4.12423048026308e+27 -0 -0)
(-4.12432553396696e+27 -0 -0)
(-4.12441590770646e+27 -0 -0)
(-4.12451079522578e+27 -0 -0)
(-4.12460097410661e+27 -0 -0)
(-4.12469538240878e+27 -0 -0)
(-4.12478512012249e+27 -0 -0)
(-4.12487898976693e+27 -0 -0)
(-4.1249683806974e+27 -0 -0)
(-4.12506185116983e+27 -0 -0)
(-4.12515089415802e+27 -0 -0)
(-4.12524376058864e+27 -0 -0)
(-4.12533227195889e+27 -0 -0)
(-4.12542459432233e+27 -0 -0)
(-4.1255128285861e+27 -0 -0)
(-4.12560484071903e+27 -0 -0)
(-4.12569281740076e+27 -0 -0)
(-4.12578432443832e+27 -0 -0)
(-4.12587181642368e+27 -0 -0)
(-4.12596277892326e+27 -0 -0)
(-4.12604992614863e+27 -0 -0)
(-4.1261404963628e+27 -0 -0)
(-4.12622739000335e+27 -0 -0)
(-4.12631753832561e+27 -0 -0)
(-4.12640407988814e+27 -0 -0)
(-4.12649380227376e+27 -0 -0)
(-4.12658007274182e+27 -0 -0)
(-4.12666951115623e+27 -0 -0)
(-4.12675562367502e+27 -0 -0)
(-4.12684481678675e+27 -0 -0)
(-4.12693073070583e+27 -0 -0)
(-4.12701955320619e+27 -0 -0)
(-4.12710506832507e+27 -0 -0)
(-4.12719337400602e+27 -0 -0)
(-4.12727851213337e+27 -0 -0)
(-4.12736619833992e+27 -0 -0)
(-4.12745119467737e+27 -0 -0)
(-4.12753893588092e+27 -0 -0)
(-4.12762360764139e+27 -0 -0)
(-4.12771044919928e+27 -0 -0)
(-4.12779436655806e+27 -0 -0)
(-4.12788073641927e+27 -0 -0)
(-4.12796465978251e+27 -0 -0)
(-4.12805076795512e+27 -0 -0)
(-4.12813415405892e+27 -0 -0)
(-4.12821930403915e+27 -0 -0)
(-4.12830183455232e+27 -0 -0)
(-4.12838617956691e+27 -0 -0)
(-4.12846821102727e+27 -0 -0)
(-4.12855212766045e+27 -0 -0)
(-4.12863376802052e+27 -0 -0)
(-4.12871703265504e+27 -0 -0)
(-4.12879793278864e+27 -0 -0)
(-4.12888034005966e+27 -0 -0)
(-4.12896058997237e+27 -0 -0)
(-4.12904245484918e+27 -0 -0)
(-4.12912242170851e+27 -0 -0)
(-4.12920385011155e+27 -0 -0)
(-4.12928320073713e+27 -0 -0)
(-4.12936375976794e+27 -0 -0)
(-4.12944245045948e+27 -0 -0)
(-4.12952247263971e+27 -0 -0)
(-4.12960083854964e+27 -0 -0)
(-4.129680414418e+27 -0 -0)
(-4.12975831906428e+27 -0 -0)
(-4.12983730349883e+27 -0 -0)
(-4.12991476303795e+27 -0 -0)
(-4.12999326264803e+27 -0 -0)
(-4.13007043041396e+27 -0 -0)
(-4.13014852570711e+27 -0 -0)
(-4.13022537561741e+27 -0 -0)
(-4.13030300718002e+27 -0 -0)
(-4.13037941346133e+27 -0 -0)
(-4.1304563852379e+27 -0 -0)
(-4.13053225535994e+27 -0 -0)
(-4.13060871237961e+27 -0 -0)
(-4.13068363935813e+27 -0 -0)
(-4.13075992935277e+27 -0 -0)
(-4.13083549379733e+27 -0 -0)
(-4.13091123490828e+27 -0 -0)
(-4.13098541310652e+27 -0 -0)
(-4.1310598470275e+27 -0 -0)
(-4.13113368422449e+27 -0 -0)
(-4.13120835527515e+27 -0 -0)
(-4.13128219813663e+27 -0 -0)
(-4.13135604167356e+27 -0 -0)
(-4.13142865324005e+27 -0 -0)
(-4.13150128876374e+27 -0 -0)
(-4.13157308617245e+27 -0 -0)
(-4.13164513488129e+27 -0 -0)
(-4.13171654573137e+27 -0 -0)
(-4.13178806788302e+27 -0 -0)
(-4.13185886946625e+27 -0 -0)
(-4.13192959997659e+27 -0 -0)
(-4.13199965506912e+27 -0 -0)
(-4.13206964229594e+27 -0 -0)
(-4.1321391176564e+27 -0 -0)
(-4.13220854135153e+27 -0 -0)
(-4.13227750925694e+27 -0 -0)
(-4.13234625253395e+27 -0 -0)
(-4.13241447700279e+27 -0 -0)
(-4.13248244513596e+27 -0 -0)
(-4.13255009053091e+27 -0 -0)
(-4.13261755251691e+27 -0 -0)
(-4.13268477450998e+27 -0 -0)
(-4.13275167968827e+27 -0 -0)
(-4.13281834101352e+27 -0 -0)
(-4.13288463394116e+27 -0 -0)
(-4.13295078842766e+27 -0 -0)
(-4.13301658985337e+27 -0 -0)
(-4.13308233624944e+27 -0 -0)
(-4.133147666604e+27 -0 -0)
(-4.1332129610184e+27 -0 -0)
(-4.133277725253e+27 -0 -0)
(-4.13334245006435e+27 -0 -0)
(-4.13340658203956e+27 -0 -0)
(-4.13347078555077e+27 -0 -0)
(-4.13353434640836e+27 -0 -0)
(-4.13359817975204e+27 -0 -0)
(-4.13366141977688e+27 -0 -0)
(-4.13372478046678e+27 -0 -0)
(-4.13378721788892e+27 -0 -0)
(-4.13384975139883e+27 -0 -0)
(-4.13391149606293e+27 -0 -0)
(-4.13397356168392e+27 -0 -0)
(-4.1340348014802e+27 -0 -0)
(-4.13409622285822e+27 -0 -0)
(-4.13415660539496e+27 -0 -0)
(-4.13421714957021e+27 -0 -0)
(-4.13427663513795e+27 -0 -0)
(-4.13433647464155e+27 -0 -0)
(-4.13439533171233e+27 -0 -0)
(-4.13445472291046e+27 -0 -0)
(-4.13451292816787e+27 -0 -0)
(-4.13457160568099e+27 -0 -0)
(-4.13462882622878e+27 -0 -0)
(-4.1346865610532e+27 -0 -0)
(-4.13474289744139e+27 -0 -0)
(-4.13480006465442e+27 -0 -0)
(-4.13485595860893e+27 -0 -0)
(-4.13491268947963e+27 -0 -0)
(-4.13496776256341e+27 -0 -0)
(-4.13502359248375e+27 -0 -0)
(-4.1350778809958e+27 -0 -0)
(-4.13513328243054e+27 -0 -0)
(-4.1351872362799e+27 -0 -0)
(-4.13524227889585e+27 -0 -0)
(-4.13529569587259e+27 -0 -0)
(-4.13535023801527e+27 -0 -0)
(-4.13540319196539e+27 -0 -0)
(-4.13545736068424e+27 -0 -0)
(-4.1355099868453e+27 -0 -0)
(-4.13556379337488e+27 -0 -0)
(-4.13561599192089e+27 -0 -0)
(-4.13566929010367e+27 -0 -0)
(-4.13572087422911e+27 -0 -0)
(-4.13577340751727e+27 -0 -0)
(-4.13582430754967e+27 -0 -0)
(-4.13587626967499e+27 -0 -0)
(-4.13592620307665e+27 -0 -0)
(-4.13597791468636e+27 -0 -0)
(-4.1360283436837e+27 -0 -0)
(-4.1360794893646e+27 -0 -0)
(-4.13612863736095e+27 -0 -0)
(-4.13617849289093e+27 -0 -0)
(-4.13622725428265e+27 -0 -0)
(-4.13627716936819e+27 -0 -0)
(-4.13632583192969e+27 -0 -0)
(-4.13637479766261e+27 -0 -0)
(-4.13642220474997e+27 -0 -0)
(-4.13646985522897e+27 -0 -0)
(-4.13651640514311e+27 -0 -0)
(-4.13656341507559e+27 -0 -0)
(-4.13660954893564e+27 -0 -0)
(-4.13665602302903e+27 -0 -0)
(-4.13670156943405e+27 -0 -0)
(-4.13674729134713e+27 -0 -0)
(-4.13679207426453e+27 -0 -0)
(-4.13683699063358e+27 -0 -0)
(-4.13688106132991e+27 -0 -0)
(-4.13692535673996e+27 -0 -0)
(-4.13696891541254e+27 -0 -0)
(-4.13701273957827e+27 -0 -0)
(-4.13705566137982e+27 -0 -0)
(-4.13709888515268e+27 -0 -0)
(-4.13714122292919e+27 -0 -0)
(-4.13718420509591e+27 -0 -0)
(-4.13722633008727e+27 -0 -0)
(-4.13726937630799e+27 -0 -0)
(-4.1373114274161e+27 -0 -0)
(-4.13735491911385e+27 -0 -0)
(-4.13739751842376e+27 -0 -0)
(-4.13744244857062e+27 -0 -0)
(-4.13748662158542e+27 -0 -0)
(-4.13753401779846e+27 -0 -0)
(-4.13758032714244e+27 -0 -0)
(-4.13763037832613e+27 -0 -0)
(-4.13767802189419e+27 -0 -0)
(-4.13772917580245e+27 -0 -0)
(-4.13777578110577e+27 -0 -0)
(-4.13782571895188e+27 -0 -0)
(-4.13786841215413e+27 -0 -0)
(-4.13791600789869e+27 -0 -0)
(-4.13795586902298e+27 -0 -0)
(-4.13800202272132e+27 -0 -0)
(-4.13803910487203e+27 -0 -0)
(-4.13808530825717e+27 -0 -0)
(-4.13812165306236e+27 -0 -0)
(-4.13816944878593e+27 -0 -0)
(-4.13820416567114e+27 -0 -0)
(-4.13825144746843e+27 -0 -0)
(-4.13828237161674e+27 -0 -0)
(-4.1383291394383e+27 -0 -0)
(-4.13835709896034e+27 -0 -0)
(-4.13840523429933e+27 -0 -0)
(-4.13843044637361e+27 -0 -0)
(-4.13848044529304e+27 -0 -0)
(-4.13850157817576e+27 -0 -0)
(-4.13855381380629e+27 -0 -0)
(-4.13857002582827e+27 -0 -0)
(-4.13862561248233e+27 -0 -0)
(-4.13863689221449e+27 -0 -0)
(-4.13869663299165e+27 -0 -0)
(-4.13870333510569e+27 -0 -0)
(-4.13876666087538e+27 -0 -0)
(-4.13876969262464e+27 -0 -0)
(-4.13883535705165e+27 -0 -0)
(-4.13883689239594e+27 -0 -0)
(-4.13890377311256e+27 -0 -0)
(-4.13890584099448e+27 -0 -0)
(-4.13897354877321e+27 -0 -0)
(-4.13897629554887e+27 -0 -0)
(-4.13904531895656e+27 -0 -0)
(-4.13904909990627e+27 -0 -0)
(-4.139120347332e+27 -0 -0)
(-4.13912640666357e+27 -0 -0)
(-4.13920404135094e+27 -0 -0)
(-4.1392165027007e+27 -0 -0)
(-4.13930876531652e+27 -0 -0)
(-4.13933291928857e+27 -0 -0)
(-4.13946847976625e+27 -0 -0)
(-4.13960545674597e+27 -0 -0)
(-4.13968307196052e+27 -0 -0)
)
;

boundaryField
{
    electrode
    {
        type            calculated;
        value           uniform (-4.12260629016625e+27 -0 -0);
    }
    ground
    {
        type            calculated;
        value           uniform (-4.13965097730044e+27 -0 -0);
    }
    otherfaces
    {
        type            empty;
    }
}


// ************************************************************************* //
