/*--------------------------------*- C++ -*----------------------------------*\
| =========                 |                                                 |
| \\      /  F ield         | foam-extend: Open Source CFD                    |
|  \\    /   O peration     | Version:     4.1                                |
|   \\  /    A nd           | Web:         http://www.foam-extend.org         |
|    \\/     M anipulation  |                                                 |
\*---------------------------------------------------------------------------*/
FoamFile
{
    version     2.0;
    format      ascii;
    class       volScalarField;
    location    "1.49999999935008e-05";
    object      eTempMean;
}
// * * * * * * * * * * * * * * * * * * * * * * * * * * * * * * * * * * * * * //

dimensions      [0 0 0 1 0 0 0];

internalField   nonuniform List<scalar> 
500
(
50286.2824071079
49373.9167740283
48758.1687827172
48271.7090932596
47863.3322687819
47514.5241104657
47218.8753175315
46973.9718245212
46777.7212505896
46627.1403093431
46518.236927184
46446.3598434365
46406.205920917
46392.1622035804
46398.5590390289
46420.0707646555
46451.9048693096
46489.76847412
46530.1212294988
46570.3662938942
46608.6379049048
46643.7696776133
46675.2198236518
46702.936475782
46727.2418817636
46748.5457910551
46767.2666958546
46783.8867131691
46798.8920369035
46812.695481271
46825.5301184992
46837.5229669917
46848.8198376277
46859.5512956673
46869.9064907785
46879.9327040856
46889.4411373022
46898.4714859365
46907.276235918
46915.9243733388
46924.2858617285
46932.2530080236
46939.8804288626
46947.2826209246
46954.5058848049
46961.5450418155
46968.3780565571
46974.9801585329
46981.3463044127
46987.5027581495
46993.4810237152
46999.2938453588
47004.9459982584
47010.4438927746
47015.7937828835
47021.0004968877
47026.0641403573
47030.9822115761
47035.7596509163
47040.4065309083
47044.9288000399
47049.331212765
47053.6202820064
47057.8007861842
47061.8754374726
47065.8469396723
47069.7183317437
47073.4926018717
47077.1727440526
47080.7619561523
47084.263378864
47087.6796098968
47091.0129475069
47094.2657901287
47097.4405682132
47100.539617782
47103.5651836754
47106.5194264255
47109.4044263635
47112.2221845887
47114.9746222268
47117.6635793957
47120.2908045356
47122.8579518052
47125.3665160657
47127.8181296092
47130.2151091139
47132.5597027486
47134.8530529861
47137.0958808261
47139.2893028814
47141.4346343487
47143.5331500065
47145.5860761816
47147.5945983911
47149.5598640327
47151.4829850076
47153.3650380355
47155.2070651919
47157.0100751229
47158.7750447336
47160.5029202504
47162.1946189238
47163.8510303918
47165.4730174011
47167.0614156868
47168.6170352707
47170.1406623298
47171.6330599308
47173.0949686297
47174.5271074183
47175.9301742704
47177.3048470809
47178.6517842746
47179.9716253924
47181.2649916879
47182.5324869881
47183.7746980886
47184.9921954779
47186.1855337621
47187.3552520455
47188.5018743226
47189.6259101407
47190.7278551178
47191.8081914503
47192.8673884061
47193.9059026264
47194.9241786222
47195.9226491023
47196.9017352943
47197.8618471262
47198.8033838411
47199.7267342011
47200.6322767549
47201.5203803618
47202.3914041955
47203.2456981961
47204.0836033945
47204.9054519334
47205.7115675925
47206.5022658821
47207.2778543217
47208.0386326259
47208.7848929788
47209.5169202882
47210.234992224
47210.9393796767
47211.630346721
47212.3081508592
47212.9730431696
47213.6252684962
47214.2650657117
47214.8926677473
47215.5083018529
47216.1121896859
47216.7045474681
47217.285586231
47217.8555118791
47218.4145252227
47218.9628222845
47219.5005942918
47220.0280277948
47220.5453048943
47221.0526032875
47221.5500963643
47222.0379533071
47222.51633923
47222.9854153346
47223.445338902
47223.8962633653
47224.3383386039
47224.771710778
47225.1965225975
47225.6129132833
47226.0210187384
47226.420971567
47226.812901216
47227.196933969
47227.5731930366
47227.9417986666
47228.3028682067
47228.6565160633
47229.0028539568
47229.3419908327
47229.6740329327
47229.9990839722
47230.3172450139
47230.6286146555
47230.933288933
47231.2313616147
47231.5229240029
47231.8080651435
47232.0868717281
47232.359428327
47232.6258172483
47232.8861187732
47233.1404110623
47233.3887702183
47233.6312703692
47233.8679836325
47234.0989802213
47234.3243285261
47234.5440949495
47234.7583442095
47234.9671390767
47235.1705406995
47235.368608467
47235.5614000615
47235.7489707391
47235.9313754065
47236.1086862099
47236.2809448531
47236.4481457355
47236.6103663211
47236.7677200187
47236.9202302963
47237.0679115221
47237.2108104422
47237.3489691
47237.4824248246
47237.6112161995
47237.7353814589
47237.8549545355
47237.9699673196
47238.080451802
47238.1864388517
47238.2879579433
47238.3850373149
47238.4777038563
47238.5659833114
47238.6499001843
47238.7294776811
47238.8047378226
47238.8757014663
47238.9423881449
47239.0048163461
47239.0630032499
47239.1169649063
47239.1667161906
47239.2122707761
47239.2536412545
47239.2908389618
47239.3238741176
47239.3527558257
47239.3774922326
47239.3980896996
47239.4145497672
47239.4269083933
47239.4351779426
47239.4392994201
47239.4392653238
47239.4350755902
47239.4267378853
47239.4143112467
47239.3977829611
47239.3771171899
47239.3523123009
47239.3233619896
47239.2902580029
47239.2529912989
47239.2115516134
47239.1659275519
47239.1161065344
47239.0620748805
47239.0038176932
47238.9413188617
47238.874561211
47238.8035262341
47238.7281943562
47238.6485447418
47238.564555307
47238.4762028048
47238.3834627781
47238.2863094782
47238.1847159035
47238.0786538765
47237.9680939089
47237.853005052
47237.7333553308
47237.6091128613
47237.4802436728
47237.3467094983
47237.2084718076
47237.0654931833
47236.9177316075
47236.7651402929
47236.6077048489
47236.4454018662
47236.2781178363
47236.1057753397
47235.9283799514
47235.7458899721
47235.5582332132
47235.3653548244
47235.1671995076
47234.96370956
47234.7548256015
47234.5404864958
47234.320629413
47234.0951897353
47233.8641009554
47233.6272947817
47233.3847009673
47233.1362473493
47232.8818598606
47232.6214623314
47232.3549766961
47232.0823226483
47231.8034178716
47231.5181778276
47231.2265157729
47230.9283427445
47230.6235674222
47230.3120960829
47229.9938326156
47229.668678495
47229.3365326652
47228.9972914672
47228.6508486371
47228.2970952289
47227.9359196433
47227.5672074462
47227.1908413458
47226.8067011302
47226.4146635583
47226.014602447
47225.60638836
47225.1898887109
47224.7649676887
47224.3314860368
47223.8893011556
47223.438266885
47222.9782334535
47222.5090474292
47222.0305515448
47221.54258471
47221.0449818346
47220.5375737915
47220.0201871953
47219.4926444866
47218.9547636144
47218.406358072
47217.8472367102
47217.2772035896
47216.6960579313
47216.1035939004
47215.4996006055
47214.8838618473
47214.2561559879
47213.6162558952
47212.9639287
47212.2989356791
47211.621031974
47210.9299666572
47210.2254822972
47209.5073148623
47208.7751936579
47208.0288410093
47207.2679721809
47206.4922951111
47205.7015101327
47204.8953098929
47204.0733789217
47203.2353936364
47202.3810218536
47201.5099227947
47200.6217466662
47199.7161342756
47198.7927170537
47197.8511164786
47196.8909439408
47195.9118004223
47194.9132760188
47193.894949712
47192.8563889019
47191.7971492126
47190.7167740742
47189.6147944209
47188.4907281888
47187.3440799
47186.1743401649
47184.9809850897
47183.7634758219
47182.5212578767
47181.2537608727
47179.9603981588
47178.6405660934
47177.2936435525
47175.9189910545
47174.5159504139
47173.0838439881
47171.6219737998
47170.1296211693
47168.6060455115
47167.0504837512
47165.4621499517
47163.8402342465
47162.1839011042
47160.4922881213
47158.7645056071
47156.9996364199
47155.1967343676
47153.354822647
47151.4728926844
47149.5499025769
47147.584775589
47145.5763998313
47143.523627805
47141.4252740715
47139.2801123314
47137.0868678519
47134.8442253871
47132.5510683344
47130.2066756297
47127.8099047325
47125.3585070634
47122.8501655963
47120.2832477799
47117.6562585436
47114.9675433096
47112.2153530062
47109.3978468286
47106.513102662
47103.5591183985
47100.5338124877
47097.4350229945
47094.2605038513
47091.0079178721
47087.6748332979
47084.2588506589
47080.7576707391
47077.1686948804
47073.4887813978
47069.7147322014
47065.843553461
47061.8722567817
47057.7978034613
47053.6174902445
47049.3286059966
47044.9263734911
47040.4042815624
47035.7575778132
47030.9803159095
47026.0624261589
47020.9989711048
47015.7924554969
47010.4427765209
47004.945108147
46999.2931984416
46993.4806387832
46987.5026552498
46981.3465037246
46974.9806797726
46968.3789190006
46961.5462642421
46954.5074844343
46947.2846118613
46939.8828218804
46932.2558098456
46924.2890754969
46915.9280002149
46907.280275897
46898.4759359251
46889.4459893835
46879.9379488923
46869.9121222079
46859.5573083465
46848.8262237669
46837.5297197751
46825.5372322783
46812.7029511284
46798.8998584706
46783.8948810672
46767.2752023065
46748.5546256512
46727.2510318796
46702.9459258976
46675.2295569036
46643.7796798966
46608.6481683654
46570.3768214604
46530.1320407623
46489.7796097806
46451.9163947455
46420.082773361
46398.5716520695
46392.1755664404
46406.2201992277
46446.3752171619
46518.253584741
46627.1584392823
46777.7410341378
46973.993432299
47218.8989189514
47514.5498788666
47863.3603492842
48271.7395913635
48758.2018103306
49373.9523920088
50286.3207432131
)
;

boundaryField
{
    electrode
    {
        type            calculated;
        value           uniform 50286.2826023099;
    }
    ground
    {
        type            calculated;
        value           uniform 50286.3208397535;
    }
    otherfaces
    {
        type            empty;
    }
}


// ************************************************************************* //
