/*--------------------------------*- C++ -*----------------------------------*\
| =========                 |                                                 |
| \\      /  F ield         | foam-extend: Open Source CFD                    |
|  \\    /   O peration     | Version:     4.1                                |
|   \\  /    A nd           | Web:         http://www.foam-extend.org         |
|    \\/     M anipulation  |                                                 |
\*---------------------------------------------------------------------------*/
FoamFile
{
    version     2.0;
    format      ascii;
    class       volVectorField;
    location    "1.49999999935008e-05";
    object      Flux_electronMean;
}
// * * * * * * * * * * * * * * * * * * * * * * * * * * * * * * * * * * * * * //

dimensions      [0 -2 -1 0 0 0 0];

internalField   nonuniform List<vector> 
500
(
(-8.39350393079987e+21 0 0)
(-9.11533512059444e+21 0 0)
(-1.00888568308869e+22 0 0)
(-1.10982683517878e+22 0 0)
(-1.21331595884804e+22 0 0)
(-1.31602834844108e+22 0 0)
(-1.41919576767033e+22 0 0)
(-1.52167253902003e+22 0 0)
(-1.6295029336899e+22 0 0)
(-1.74461589175393e+22 0 0)
(-1.86985724464407e+22 0 0)
(-1.99582032558487e+22 0 0)
(-2.11789933786865e+22 0 0)
(-2.21361790469724e+22 0 0)
(-2.26547242171706e+22 0 0)
(-2.23800417048114e+22 0 0)
(-2.1166562889407e+22 0 0)
(-1.91776603738829e+22 0 0)
(-1.6567329652071e+22 0 0)
(-1.35737208757477e+22 0 0)
(-1.08849399740444e+22 0 0)
(-8.78875373929846e+21 0 0)
(-7.59891302875083e+21 0 0)
(-7.16702906192818e+21 0 0)
(-7.25180997471198e+21 0 0)
(-7.94858071144579e+21 0 0)
(-8.92447555592246e+21 0 0)
(-9.76095433022275e+21 0 0)
(-1.02200214338056e+22 0 0)
(-1.02775351733502e+22 0 0)
(-1.04442897680637e+22 0 0)
(-1.05386769281095e+22 0 0)
(-1.0424794431785e+22 0 0)
(-1.01516728052266e+22 0 0)
(-9.11515913532459e+21 0 0)
(-8.76713760054712e+21 0 0)
(-9.4066419507322e+21 0 0)
(-9.08644338127513e+21 0 0)
(-7.96552437300841e+21 0 0)
(-7.22584855232282e+21 0 0)
(-7.35865670907053e+21 0 0)
(-7.76281338784046e+21 0 0)
(-7.62760566825588e+21 0 0)
(-7.1563815676046e+21 0 0)
(-6.7129384011841e+21 0 0)
(-6.40591417895744e+21 0 0)
(-6.30059338637543e+21 0 0)
(-6.37091730988973e+21 0 0)
(-6.44604670526711e+21 0 0)
(-6.36271009000635e+21 0 0)
(-6.20878642858222e+21 0 0)
(-6.08141964082572e+21 0 0)
(-5.96287491191906e+21 0 0)
(-5.84741651118752e+21 0 0)
(-5.73780274610381e+21 0 0)
(-5.64450277869901e+21 0 0)
(-5.60976726018684e+21 0 0)
(-5.62037656474796e+21 0 0)
(-5.59724953048728e+21 0 0)
(-5.55122932020161e+21 0 0)
(-5.51753879676987e+21 0 0)
(-5.47154804718719e+21 0 0)
(-5.41113975121655e+21 0 0)
(-5.3575438751004e+21 0 0)
(-5.31420353395634e+21 0 0)
(-5.27558934705779e+21 0 0)
(-5.24048556761446e+21 0 0)
(-5.20851335824153e+21 0 0)
(-5.17772196047025e+21 0 0)
(-5.14508165488095e+21 0 0)
(-5.11245654278162e+21 0 0)
(-5.08374713159853e+21 0 0)
(-5.05784993027379e+21 0 0)
(-5.0327361262578e+21 0 0)
(-5.008288831704e+21 0 0)
(-4.98445716430807e+21 0 0)
(-4.96116231984625e+21 0 0)
(-4.93834516885292e+21 0 0)
(-4.91596563446495e+21 0 0)
(-4.89400176204129e+21 0 0)
(-4.8724542200798e+21 0 0)
(-4.85141208666462e+21 0 0)
(-4.83118762262006e+21 0 0)
(-4.81187040399479e+21 0 0)
(-4.79471608381024e+21 0 0)
(-4.77511670944273e+21 0 0)
(-4.74513972511657e+21 0 0)
(-4.71266845630358e+21 0 0)
(-4.68784678016215e+21 0 0)
(-4.66714983078191e+21 0 0)
(-4.64647664605649e+21 0 0)
(-4.62567935788256e+21 0 0)
(-4.60484047721299e+21 0 0)
(-4.58394100671455e+21 0 0)
(-4.56297153411564e+21 0 0)
(-4.54192378658489e+21 0 0)
(-4.52079058669316e+21 0 0)
(-4.49956632520996e+21 0 0)
(-4.47824576823362e+21 0 0)
(-4.45682451151018e+21 0 0)
(-4.4352982188428e+21 0 0)
(-4.4136629117476e+21 0 0)
(-4.39191460431772e+21 0 0)
(-4.37005055851988e+21 0 0)
(-4.34806841073785e+21 0 0)
(-4.32596551963324e+21 0 0)
(-4.30373981099817e+21 0 0)
(-4.28138898613164e+21 0 0)
(-4.25891115777644e+21 0 0)
(-4.23630482398032e+21 0 0)
(-4.21356854170204e+21 0 0)
(-4.19070100741322e+21 0 0)
(-4.16770107508513e+21 0 0)
(-4.14456776178485e+21 0 0)
(-4.12130037787471e+21 0 0)
(-4.09789830549321e+21 0 0)
(-4.07436078494589e+21 0 0)
(-4.05068713490799e+21 0 0)
(-4.02687692286039e+21 0 0)
(-4.00293018618382e+21 0 0)
(-3.97884735027932e+21 0 0)
(-3.95462868337104e+21 0 0)
(-3.93027415028805e+21 0 0)
(-3.90578361840458e+21 0 0)
(-3.88115698783322e+21 0 0)
(-3.85639426282458e+21 0 0)
(-3.83149563308575e+21 0 0)
(-3.80646135008853e+21 0 0)
(-3.78129171543685e+21 0 0)
(-3.75598704760241e+21 0 0)
(-3.73054782415371e+21 0 0)
(-3.7049745566656e+21 0 0)
(-3.67926771302854e+21 0 0)
(-3.65342784726995e+21 0 0)
(-3.62745554625373e+21 0 0)
(-3.60135146950665e+21 0 0)
(-3.57511624036832e+21 0 0)
(-3.548750580999e+21 0 0)
(-3.52225519169601e+21 0 0)
(-3.49563083344144e+21 0 0)
(-3.46887826977549e+21 0 0)
(-3.44199830916844e+21 0 0)
(-3.41499173433921e+21 0 0)
(-3.38785942310078e+21 0 0)
(-3.36060222552149e+21 0 0)
(-3.33322087810341e+21 0 0)
(-3.30571626784409e+21 0 0)
(-3.27808936635167e+21 0 0)
(-3.25034136037222e+21 0 0)
(-3.22247314238668e+21 0 0)
(-3.19448553495561e+21 0 0)
(-3.1663794917379e+21 0 0)
(-3.13815597939596e+21 0 0)
(-3.10981600196918e+21 0 0)
(-3.08136055738795e+21 0 0)
(-3.05279065053915e+21 0 0)
(-3.02410728874556e+21 0 0)
(-2.99531152320189e+21 0 0)
(-2.96640437974787e+21 0 0)
(-2.93738696125431e+21 0 0)
(-2.90826029342698e+21 0 0)
(-2.87902544364052e+21 0 0)
(-2.84968348886484e+21 0 0)
(-2.82023550311854e+21 0 0)
(-2.79068258903322e+21 0 0)
(-2.76102582796659e+21 0 0)
(-2.73126632700115e+21 0 0)
(-2.70140521083747e+21 0 0)
(-2.67144359316229e+21 0 0)
(-2.64138257571595e+21 0 0)
(-2.61122330879938e+21 0 0)
(-2.58096689820017e+21 0 0)
(-2.55061450392361e+21 0 0)
(-2.52016724001661e+21 0 0)
(-2.48962621554038e+21 0 0)
(-2.45899253306557e+21 0 0)
(-2.42826776396403e+21 0 0)
(-2.3974529457281e+21 0 0)
(-2.36654893019847e+21 0 0)
(-2.33555691642061e+21 0 0)
(-2.30447813741692e+21 0 0)
(-2.27331381921105e+21 0 0)
(-2.24206508098446e+21 0 0)
(-2.21073307344636e+21 0 0)
(-2.17931891531854e+21 0 0)
(-2.14782362638533e+21 0 0)
(-2.11624980431778e+21 0 0)
(-2.08459840016833e+21 0 0)
(-2.05286937078231e+21 0 0)
(-2.02106363054355e+21 0 0)
(-1.9891826776499e+21 0 0)
(-1.95722807454163e+21 0 0)
(-1.92520102045625e+21 0 0)
(-1.89310273585221e+21 0 0)
(-1.86093440377736e+21 0 0)
(-1.82869726914578e+21 0 0)
(-1.79639252204886e+21 0 0)
(-1.76402137669336e+21 0 0)
(-1.73158504326039e+21 0 0)
(-1.69908475802564e+21 0 0)
(-1.66652171434532e+21 0 0)
(-1.63389707485556e+21 0 0)
(-1.60121210416268e+21 0 0)
(-1.56846805104101e+21 0 0)
(-1.5356661614365e+21 0 0)
(-1.50280775425889e+21 0 0)
(-1.46989325616485e+21 0 0)
(-1.4369229328319e+21 0 0)
(-1.40392360558545e+21 0 0)
(-1.37083226731541e+21 0 0)
(-1.33714913191092e+21 0 0)
(-1.30423494946962e+21 0 0)
(-1.27210724193061e+21 0 0)
(-1.23823052439618e+21 0 0)
(-1.20399981143336e+21 0 0)
(-1.17066424868472e+21 0 0)
(-1.13721681782371e+21 0 0)
(-1.10365553483115e+21 0 0)
(-1.07008180099854e+21 0 0)
(-1.03648736666796e+21 0 0)
(-1.00281833859803e+21 0 0)
(-9.69107023378381e+20 0 0)
(-9.35395399151751e+20 0 0)
(-9.01658087347678e+20 0 0)
(-8.67887139987948e+20 0 0)
(-8.3408786756942e+20 0 0)
(-8.00260819377877e+20 0 0)
(-7.66406834136562e+20 0 0)
(-7.32526813043411e+20 0 0)
(-6.98621766023477e+20 0 0)
(-6.64692706270419e+20 0 0)
(-6.30740699869662e+20 0 0)
(-5.96766847878891e+20 0 0)
(-5.62772227442728e+20 0 0)
(-5.28757983759143e+20 0 0)
(-4.94725218253203e+20 0 0)
(-4.606751384342e+20 0 0)
(-4.26608892937462e+20 0 0)
(-3.92527614608634e+20 0 0)
(-3.58432530269839e+20 0 0)
(-3.24324796029783e+20 0 0)
(-2.90205585077785e+20 0 0)
(-2.56076316184991e+20 0 0)
(-2.21938112334862e+20 0 0)
(-1.87785659825685e+20 0 0)
(-1.53647468673515e+20 0 0)
(-1.19609431767951e+20 0 0)
(-8.45254811245329e+19 0 0)
(-5.02244601464863e+19 0 0)
(-1.69615832070952e+19 0 0)
(1.71618072398254e+19 0 0)
(5.0424199284289e+19 0 0)
(8.47265236056497e+19 0 0)
(1.19810432722283e+20 0 0)
(1.53847842328802e+20 0 0)
(1.8798606798926e+20 0 0)
(2.22138490168334e+20 0 0)
(2.56276645090232e+20 0 0)
(2.90405875492395e+20 0 0)
(3.24525028616673e+20 0 0)
(3.58632697810681e+20 0 0)
(3.92727726848376e+20 0 0)
(4.26808918262294e+20 0 0)
(4.60875106894768e+20 0 0)
(4.94925104697558e+20 0 0)
(5.28957753369916e+20 0 0)
(5.62971923858461e+20 0 0)
(5.96966443086804e+20 0 0)
(6.30940195703371e+20 0 0)
(6.64892082910309e+20 0 0)
(6.98821017246923e+20 0 0)
(7.32725960801901e+20 0 0)
(7.66605846450721e+20 0 0)
(8.00459696425713e+20 0 0)
(8.34286607224209e+20 0 0)
(8.68085749315012e+20 0 0)
(9.01856534214773e+20 0 0)
(9.35593625752115e+20 0 0)
(9.69305236352746e+20 0 0)
(1.00301648499441e+21 0 0)
(1.03668506527495e+21 0 0)
(1.07027933679219e+21 0 0)
(1.10385300954526e+21 0 0)
(1.13741404600162e+21 0 0)
(1.17086124041905e+21 0 0)
(1.20419670156996e+21 0 0)
(1.23842719444383e+21 0 0)
(1.27230348563446e+21 0 0)
(1.30443108845016e+21 0 0)
(1.33734514064439e+21 0 0)
(1.37102797022235e+21 0 0)
(1.40411908756517e+21 0 0)
(1.43711817967203e+21 0 0)
(1.47008826553706e+21 0 0)
(1.50300252116146e+21 0 0)
(1.53586067323483e+21 0 0)
(1.56866232293871e+21 0 0)
(1.60140610596138e+21 0 0)
(1.6340908251055e+21 0 0)
(1.66671518932378e+21 0 0)
(1.69927796745113e+21 0 0)
(1.731777979458e+21 0 0)
(1.76421403514787e+21 0 0)
(1.79658489652442e+21 0 0)
(1.8288893561753e+21 0 0)
(1.86112620502083e+21 0 0)
(1.89329424224554e+21 0 0)
(1.9253922268973e+21 0 0)
(1.957418980473e+21 0 0)
(1.98937327797245e+21 0 0)
(2.02125391990953e+21 0 0)
(2.05305935303522e+21 0 0)
(2.08478806029416e+21 0 0)
(2.11643914749489e+21 0 0)
(2.14801264717395e+21 0 0)
(2.17950761112906e+21 0 0)
(2.21092144806714e+21 0 0)
(2.24225312100408e+21 0 0)
(2.27350152445838e+21 0 0)
(2.3046655090637e+21 0 0)
(2.33574395383307e+21 0 0)
(2.36673561905311e+21 0 0)
(2.39763929734386e+21 0 0)
(2.42845376521695e+21 0 0)
(2.45917819271217e+21 0 0)
(2.4898115159468e+21 0 0)
(2.52035218236874e+21 0 0)
(2.55079909929808e+21 0 0)
(2.58115113675748e+21 0 0)
(2.61140716760524e+21 0 0)
(2.64156609116727e+21 0 0)
(2.67162673729742e+21 0 0)
(2.70158799553683e+21 0 0)
(2.73144873955956e+21 0 0)
(2.76120786149999e+21 0 0)
(2.79086424516483e+21 0 0)
(2.82041679123942e+21 0 0)
(2.84986439937298e+21 0 0)
(2.87920597610553e+21 0 0)
(2.90844045264258e+21 0 0)
(2.93756673441895e+21 0 0)
(2.96658378247617e+21 0 0)
(2.9954905349924e+21 0 0)
(3.02428592210157e+21 0 0)
(3.05296889681197e+21 0 0)
(3.08153841586537e+21 0 0)
(3.10999348185606e+21 0 0)
(3.1383330652937e+21 0 0)
(3.16655618993354e+21 0 0)
(3.19466184450568e+21 0 0)
(3.22264906677118e+21 0 0)
(3.25051689851004e+21 0 0)
(3.27826450450532e+21 0 0)
(3.30589101298363e+21 0 0)
(3.33339523030277e+21 0 0)
(3.36077618149056e+21 0 0)
(3.38803299304238e+21 0 0)
(3.41516491399878e+21 0 0)
(3.44217107968895e+21 0 0)
(3.469050661724e+21 0 0)
(3.4958028322633e+21 0 0)
(3.52242679742283e+21 0 0)
(3.54892178174501e+21 0 0)
(3.57528704519798e+21 0 0)
(3.60152187060285e+21 0 0)
(3.62762556453569e+21 0 0)
(3.65359745089984e+21 0 0)
(3.6794369128856e+21 0 0)
(3.70514336293831e+21 0 0)
(3.73071624443275e+21 0 0)
(3.7561550695218e+21 0 0)
(3.78145934099934e+21 0 0)
(3.80662858293105e+21 0 0)
(3.83166247756748e+21 0 0)
(3.85656070774984e+21 0 0)
(3.88132303444275e+21 0 0)
(3.9059492616592e+21 0 0)
(3.93043939522013e+21 0 0)
(3.95479354727054e+21 0 0)
(3.97901182825508e+21 0 0)
(4.00309424498705e+21 0 0)
(4.02704056394945e+21 0 0)
(4.05085035472257e+21 0 0)
(4.07452359384259e+21 0 0)
(4.09806070119786e+21 0 0)
(4.12146237559424e+21 0 0)
(4.1447293778742e+21 0 0)
(4.16786228980499e+21 0 0)
(4.19086182313502e+21 0 0)
(4.21372894186414e+21 0 0)
(4.23646481524241e+21 0 0)
(4.25907075142945e+21 0 0)
(4.28154821016878e+21 0 0)
(4.30389859589916e+21 0 0)
(4.32612384679722e+21 0 0)
(4.34822629806904e+21 0 0)
(4.37020801783367e+21 0 0)
(4.39207165668576e+21 0 0)
(4.41381956654436e+21 0 0)
(4.43545448617088e+21 0 0)
(4.45698036911587e+21 0 0)
(4.47840121335337e+21 0 0)
(4.49972133475857e+21 0 0)
(4.52094520810043e+21 0 0)
(4.54207799551605e+21 0 0)
(4.56312528113452e+21 0 0)
(4.58409425772647e+21 0 0)
(4.60499325476612e+21 0 0)
(4.62583170297898e+21 0 0)
(4.64662854879841e+21 0 0)
(4.66730128031434e+21 0 0)
(4.68799787957186e+21 0 0)
(4.71281934107044e+21 0 0)
(4.74529017557949e+21 0 0)
(4.77526660617628e+21 0 0)
(4.79486536037906e+21 0 0)
(4.81201886110766e+21 0 0)
(4.83133545876417e+21 0 0)
(4.85155954370121e+21 0 0)
(4.87260123122872e+21 0 0)
(4.89414829428007e+21 0 0)
(4.91611165725163e+21 0 0)
(4.93849068474362e+21 0 0)
(4.96130729499471e+21 0 0)
(4.9846015728764e+21 0 0)
(5.00843262186652e+21 0 0)
(5.03287939882698e+21 0 0)
(5.05799259011076e+21 0 0)
(5.08388917955303e+21 0 0)
(5.11259804676342e+21 0 0)
(5.14522259462327e+21 0 0)
(5.17786218533319e+21 0 0)
(5.20865282854724e+21 0 0)
(5.24062434277956e+21 0 0)
(5.27572742244273e+21 0 0)
(5.31434091207995e+21 0 0)
(5.35768058557893e+21 0 0)
(5.4112757759899e+21 0 0)
(5.47168316044103e+21 0 0)
(5.51767286032538e+21 0 0)
(5.55136256835151e+21 0 0)
(5.59738173579815e+21 0 0)
(5.62050719599595e+21 0 0)
(5.60989653380756e+21 0 0)
(5.64463183069237e+21 0 0)
(5.73793221067686e+21 0 0)
(5.847545398231e+21 0 0)
(5.96300241895943e+21 0 0)
(6.08154582541467e+21 0 0)
(6.20891147573385e+21 0 0)
(6.36283375609761e+21 0 0)
(6.4461672984759e+21 0 0)
(6.37103417076689e+21 0 0)
(6.30071039463055e+21 0 0)
(6.40603473013879e+21 0 0)
(6.71306072105229e+21 0 0)
(7.1565029254701e+21 0 0)
(7.62772401939077e+21 0 0)
(7.76292507137192e+21 0 0)
(7.35876424975711e+21 0 0)
(7.22596321281055e+21 0 0)
(7.96564926775547e+21 0 0)
(9.08656754228427e+21 0 0)
(9.40675211477438e+21 0 0)
(8.76724460602607e+21 0 0)
(9.11528297940388e+21 0 0)
(1.01517934105812e+22 0 0)
(1.04249053157676e+22 0 0)
(1.05387851746374e+22 0 0)
(1.04443910976111e+22 0 0)
(1.0277629417997e+22 0 0)
(1.02201045823613e+22 0 0)
(9.7610250559736e+21 0 0)
(8.92453286920434e+21 0 0)
(7.948630746162e+21 0 0)
(7.25185725407143e+21 0 0)
(7.16707744779919e+21 0 0)
(7.59896948356373e+21 0 0)
(8.788823827102e+21 0 0)
(1.08850231847701e+22 0 0)
(1.35738150967109e+22 0 0)
(1.65674282378699e+22 0 0)
(1.91777557934172e+22 0 0)
(2.11666486209835e+22 0 0)
(2.23801101253254e+22 0 0)
(2.26547702610107e+22 0 0)
(2.21361998745887e+22 0 0)
(2.11789865965406e+22 0 0)
(1.99581693613283e+22 0 0)
(1.86985131992026e+22 0 0)
(1.7446078832894e+22 0 0)
(1.6294933570324e+22 0 0)
(1.5216620001286e+22 0 0)
(1.41918488270953e+22 0 0)
(1.31601769914476e+22 0 0)
(1.2133059795349e+22 0 0)
(1.10981784888369e+22 0 0)
(1.0088778500822e+22 0 0)
(9.11526879174699e+21 0 0)
(8.39344687754812e+21 0 0)
)
;

boundaryField
{
    electrode
    {
        type            calculated;
        value           uniform (-5.27156210523377e+21 0 0);
    }
    ground
    {
        type            calculated;
        value           uniform (5.2715396039185e+21 0 0);
    }
    otherfaces
    {
        type            empty;
    }
}


// ************************************************************************* //
