/*--------------------------------*- C++ -*----------------------------------*\
| =========                 |                                                 |
| \\      /  F ield         | foam-extend: Open Source CFD                    |
|  \\    /   O peration     | Version:     4.1                                |
|   \\  /    A nd           | Web:         http://www.foam-extend.org         |
|    \\/     M anipulation  |                                                 |
\*---------------------------------------------------------------------------*/
FoamFile
{
    version     2.0;
    format      ascii;
    class       volVectorField;
    location    "1.49999999935008e-05";
    object      Flux_electron;
}
// * * * * * * * * * * * * * * * * * * * * * * * * * * * * * * * * * * * * * //

dimensions      [0 -2 -1 0 0 0 0];

internalField   nonuniform List<vector> 
500
(
(-1.38399652748373e+21 0 0)
(-1.86037541397338e+21 0 0)
(-2.63149566879414e+21 0 0)
(-3.66283136305672e+21 0 0)
(-4.91734738768026e+21 0 0)
(-6.22142405568831e+21 0 0)
(-7.20270640349233e+21 0 0)
(-7.21519366901885e+21 0 0)
(-5.34530755947343e+21 0 0)
(-4.47059143003061e+20 0 0)
(8.69638417486277e+21 0 0)
(2.3197702880106e+22 0 0)
(4.3669971461167e+22 0 0)
(7.01855112032046e+22 0 0)
(1.02059338714981e+23 0 0)
(1.38189237371326e+23 0 0)
(1.77013453047494e+23 0 0)
(2.16696478231082e+23 0 0)
(2.55922182296959e+23 0 0)
(2.93736460203149e+23 0 0)
(3.2909123228763e+23 0 0)
(3.61643581924053e+23 0 0)
(3.91002317101483e+23 0 0)
(4.17469096496952e+23 0 0)
(4.4101657266806e+23 0 0)
(4.61405061553568e+23 0 0)
(4.78753103720535e+23 0 0)
(4.93620392424167e+23 0 0)
(5.06351791739868e+23 0 0)
(5.17195154300739e+23 0 0)
(5.2578385038935e+23 0 0)
(5.32552242636078e+23 0 0)
(5.38017908869501e+23 0 0)
(5.42504029538005e+23 0 0)
(5.46881052698816e+23 0 0)
(5.49560562183731e+23 0 0)
(5.50563998189507e+23 0 0)
(5.52285819891965e+23 0 0)
(5.5453008352496e+23 0 0)
(5.5605348391512e+23 0 0)
(5.56367755751571e+23 0 0)
(5.5625515698827e+23 0 0)
(5.56688870588174e+23 0 0)
(5.57418990868927e+23 0 0)
(5.58033295720478e+23 0 0)
(5.58458730088965e+23 0 0)
(5.58624070388439e+23 0 0)
(5.58561377562705e+23 0 0)
(5.58507094242515e+23 0 0)
(5.58634898526401e+23 0 0)
(5.58815873185566e+23 0 0)
(5.58960109237623e+23 0 0)
(5.59094426176463e+23 0 0)
(5.59222514364648e+23 0 0)
(5.59347134488686e+23 0 0)
(5.59450889278918e+23 0 0)
(5.59474365141748e+23 0 0)
(5.59453646619635e+23 0 0)
(5.59484058763984e+23 0 0)
(5.59530266676116e+23 0 0)
(5.59559979275549e+23 0 0)
(5.59615236547539e+23 0 0)
(5.59682054620658e+23 0 0)
(5.59734517545703e+23 0 0)
(5.59778109063036e+23 0 0)
(5.59817366809147e+23 0 0)
(5.59853013578112e+23 0 0)
(5.59884859232881e+23 0 0)
(5.5991663927187e+23 0 0)
(5.59952368874481e+23 0 0)
(5.59986789320271e+23 0 0)
(5.60016184495139e+23 0 0)
(5.6004351323963e+23 0 0)
(5.60070347749842e+23 0 0)
(5.60096601659225e+23 0 0)
(5.60122257217721e+23 0 0)
(5.60147574077801e+23 0 0)
(5.60172339137152e+23 0 0)
(5.60196779705992e+23 0 0)
(5.6022081683978e+23 0 0)
(5.60244515298994e+23 0 0)
(5.60267717092049e+23 0 0)
(5.6029046366855e+23 0 0)
(5.60311432537472e+23 0 0)
(5.60327324142456e+23 0 0)
(5.60350746024625e+23 0 0)
(5.6039167588401e+23 0 0)
(5.60428599155632e+23 0 0)
(5.60454091048954e+23 0 0)
(5.60478419922998e+23 0 0)
(5.6050323343981e+23 0 0)
(5.60528158853113e+23 0 0)
(5.60553146630638e+23 0 0)
(5.60578193785323e+23 0 0)
(5.60603244190749e+23 0 0)
(5.60628398954432e+23 0 0)
(5.60653496827862e+23 0 0)
(5.60678714472503e+23 0 0)
(5.6070390387592e+23 0 0)
(5.60729137494008e+23 0 0)
(5.60754423493829e+23 0 0)
(5.60779740475039e+23 0 0)
(5.6080507037858e+23 0 0)
(5.60830469324349e+23 0 0)
(5.60855881744573e+23 0 0)
(5.60881416170103e+23 0 0)
(5.60906881794018e+23 0 0)
(5.60932489631854e+23 0 0)
(5.6095810733589e+23 0 0)
(5.609837967315e+23 0 0)
(5.61009519687986e+23 0 0)
(5.61035301209559e+23 0 0)
(5.61061189675515e+23 0 0)
(5.61087039744661e+23 0 0)
(5.61113052451504e+23 0 0)
(5.61139047375958e+23 0 0)
(5.61165123281017e+23 0 0)
(5.61191274743578e+23 0 0)
(5.61217489512273e+23 0 0)
(5.61243765161753e+23 0 0)
(5.61270072005496e+23 0 0)
(5.61296515626925e+23 0 0)
(5.61322972830579e+23 0 0)
(5.61349491248561e+23 0 0)
(5.61376126947958e+23 0 0)
(5.61402767377373e+23 0 0)
(5.61429522224911e+23 0 0)
(5.61456336951311e+23 0 0)
(5.61483212320129e+23 0 0)
(5.61510188590681e+23 0 0)
(5.61537196669698e+23 0 0)
(5.61564310650478e+23 0 0)
(5.61591473906639e+23 0 0)
(5.61618710362486e+23 0 0)
(5.6164605076721e+23 0 0)
(5.61673434804954e+23 0 0)
(5.61700897853456e+23 0 0)
(5.61728420292608e+23 0 0)
(5.61756092638231e+23 0 0)
(5.6178374094794e+23 0 0)
(5.61811508610001e+23 0 0)
(5.61839386125027e+23 0 0)
(5.61867277323425e+23 0 0)
(5.61895291399126e+23 0 0)
(5.61923332088634e+23 0 0)
(5.61951504063473e+23 0 0)
(5.61979706183318e+23 0 0)
(5.62008015982494e+23 0 0)
(5.62036417726494e+23 0 0)
(5.62064829737047e+23 0 0)
(5.62093360398946e+23 0 0)
(5.62121988492465e+23 0 0)
(5.62150645856766e+23 0 0)
(5.62179427460365e+23 0 0)
(5.62208217971397e+23 0 0)
(5.62237163534784e+23 0 0)
(5.62266125814142e+23 0 0)
(5.62295191391681e+23 0 0)
(5.62324339112809e+23 0 0)
(5.62353487029429e+23 0 0)
(5.623828436404e+23 0 0)
(5.62412145257314e+23 0 0)
(5.6244158356011e+23 0 0)
(5.62471117261861e+23 0 0)
(5.62500654065981e+23 0 0)
(5.62530346092996e+23 0 0)
(5.62560030921899e+23 0 0)
(5.62589848866413e+23 0 0)
(5.62619707970852e+23 0 0)
(5.62649634724843e+23 0 0)
(5.62679639784906e+23 0 0)
(5.62709743387697e+23 0 0)
(5.62739839259469e+23 0 0)
(5.62770106142298e+23 0 0)
(5.62800369590033e+23 0 0)
(5.62830739220389e+23 0 0)
(5.62861156518977e+23 0 0)
(5.6289165314147e+23 0 0)
(5.62922201277085e+23 0 0)
(5.6295283685993e+23 0 0)
(5.62983521108156e+23 0 0)
(5.63014292666856e+23 0 0)
(5.63045089448844e+23 0 0)
(5.63075977113735e+23 0 0)
(5.63106950301787e+23 0 0)
(5.63137939783756e+23 0 0)
(5.63169006394762e+23 0 0)
(5.6320016244518e+23 0 0)
(5.63231343563131e+23 0 0)
(5.63262583790193e+23 0 0)
(5.63293928650177e+23 0 0)
(5.63325246401623e+23 0 0)
(5.63356697724374e+23 0 0)
(5.63388177306481e+23 0 0)
(5.63419731348361e+23 0 0)
(5.63451308141512e+23 0 0)
(5.6348298330493e+23 0 0)
(5.63514657599606e+23 0 0)
(5.63546428150864e+23 0 0)
(5.63578249915098e+23 0 0)
(5.63610093801276e+23 0 0)
(5.63642019562731e+23 0 0)
(5.63673993245028e+23 0 0)
(5.63705982500221e+23 0 0)
(5.63738056918924e+23 0 0)
(5.63770135961993e+23 0 0)
(5.6380233158045e+23 0 0)
(5.63834478031928e+23 0 0)
(5.63866680523545e+23 0 0)
(5.63899242102203e+23 0 0)
(5.63932108537034e+23 0 0)
(5.63963543383249e+23 0 0)
(5.63995123691451e+23 0 0)
(5.64028934383766e+23 0 0)
(5.6406216070501e+23 0 0)
(5.64094391233564e+23 0 0)
(5.64127126703337e+23 0 0)
(5.6415982895343e+23 0 0)
(5.64192624114923e+23 0 0)
(5.64225423864463e+23 0 0)
(5.64258242437646e+23 0 0)
(5.64291118173662e+23 0 0)
(5.64324035799373e+23 0 0)
(5.64356984897617e+23 0 0)
(5.64389954819434e+23 0 0)
(5.64423009383507e+23 0 0)
(5.64456062431619e+23 0 0)
(5.64489216047052e+23 0 0)
(5.64522322810773e+23 0 0)
(5.64555513836172e+23 0 0)
(5.64588745006378e+23 0 0)
(5.64622010518265e+23 0 0)
(5.64655280265947e+23 0 0)
(5.64688662554866e+23 0 0)
(5.64721982501441e+23 0 0)
(5.64755433006659e+23 0 0)
(5.64788846743379e+23 0 0)
(5.64822352409167e+23 0 0)
(5.64855836754065e+23 0 0)
(5.64889415577494e+23 0 0)
(5.64922998619335e+23 0 0)
(5.64956584723791e+23 0 0)
(5.64990282579495e+23 0 0)
(5.65023896614083e+23 0 0)
(5.650577002693e+23 0 0)
(5.65091394620645e+23 0 0)
(5.65124982082382e+23 0 0)
(5.65159492878495e+23 0 0)
(5.65192393442796e+23 0 0)
(5.65224819561962e+23 0 0)
(5.65257649030587e+23 0 0)
(5.65290855172296e+23 0 0)
(5.65326915473457e+23 0 0)
(5.65362377704302e+23 0 0)
(5.65396339606402e+23 0 0)
(5.65430354838642e+23 0 0)
(5.6546436778826e+23 0 0)
(5.65498427454841e+23 0 0)
(5.65532477275485e+23 0 0)
(5.65566592814312e+23 0 0)
(5.6560070095962e+23 0 0)
(5.65634849845809e+23 0 0)
(5.6566898634146e+23 0 0)
(5.65703210351805e+23 0 0)
(5.65737362780212e+23 0 0)
(5.65771630336839e+23 0 0)
(5.6580585406568e+23 0 0)
(5.65840081434133e+23 0 0)
(5.65874398945056e+23 0 0)
(5.65908642653029e+23 0 0)
(5.65942994469159e+23 0 0)
(5.6597726318664e+23 0 0)
(5.66011637555768e+23 0 0)
(5.66045971400623e+23 0 0)
(5.66080314560842e+23 0 0)
(5.66114731751925e+23 0 0)
(5.66149104445721e+23 0 0)
(5.66183522856428e+23 0 0)
(5.66217911934606e+23 0 0)
(5.66252399828869e+23 0 0)
(5.6628682536232e+23 0 0)
(5.66321308167854e+23 0 0)
(5.66355738317852e+23 0 0)
(5.66390284781172e+23 0 0)
(5.66424770334733e+23 0 0)
(5.66458936007768e+23 0 0)
(5.66494007919787e+23 0 0)
(5.66529996099586e+23 0 0)
(5.6656369977401e+23 0 0)
(5.66596856247615e+23 0 0)
(5.66631692417983e+23 0 0)
(5.66666280676508e+23 0 0)
(5.66700510709756e+23 0 0)
(5.66734704543588e+23 0 0)
(5.66768855785782e+23 0 0)
(5.66802983225958e+23 0 0)
(5.66837064668121e+23 0 0)
(5.66871037362496e+23 0 0)
(5.66905037917493e+23 0 0)
(5.66938940749482e+23 0 0)
(5.66972813268063e+23 0 0)
(5.67006598908176e+23 0 0)
(5.67040328239001e+23 0 0)
(5.67074076406437e+23 0 0)
(5.67107646290091e+23 0 0)
(5.67141258702049e+23 0 0)
(5.67174795434599e+23 0 0)
(5.67208189152913e+23 0 0)
(5.67241628644736e+23 0 0)
(5.67274928978168e+23 0 0)
(5.67308218773115e+23 0 0)
(5.67341378332465e+23 0 0)
(5.67374534079736e+23 0 0)
(5.67407553572637e+23 0 0)
(5.67440587249159e+23 0 0)
(5.67473501087894e+23 0 0)
(5.67506323658925e+23 0 0)
(5.67539122447357e+23 0 0)
(5.6757184123088e+23 0 0)
(5.67604432394888e+23 0 0)
(5.67637013323532e+23 0 0)
(5.67669505208118e+23 0 0)
(5.67701866389066e+23 0 0)
(5.67734240655803e+23 0 0)
(5.67766441471331e+23 0 0)
(5.6779863451165e+23 0 0)
(5.67830703852562e+23 0 0)
(5.67862717606015e+23 0 0)
(5.67894593970982e+23 0 0)
(5.67926481780441e+23 0 0)
(5.6795816751258e+23 0 0)
(5.6798986495607e+23 0 0)
(5.68021401338912e+23 0 0)
(5.68052918375784e+23 0 0)
(5.6808428479673e+23 0 0)
(5.68115573170636e+23 0 0)
(5.68146787311238e+23 0 0)
(5.68177931957773e+23 0 0)
(5.68208940856859e+23 0 0)
(5.68239868023773e+23 0 0)
(5.68270702783994e+23 0 0)
(5.68301448467518e+23 0 0)
(5.68332085758596e+23 0 0)
(5.68362643573318e+23 0 0)
(5.68393083761693e+23 0 0)
(5.68423438980217e+23 0 0)
(5.68453683269049e+23 0 0)
(5.68483848909606e+23 0 0)
(5.68513875094309e+23 0 0)
(5.68543851874408e+23 0 0)
(5.68573669625888e+23 0 0)
(5.68603448914063e+23 0 0)
(5.6863305811072e+23 0 0)
(5.68662624923645e+23 0 0)
(5.68692034831542e+23 0 0)
(5.68721367263788e+23 0 0)
(5.68750605624304e+23 0 0)
(5.68779714436904e+23 0 0)
(5.68808714807443e+23 0 0)
(5.68837643889295e+23 0 0)
(5.68866420417667e+23 0 0)
(5.6889513627788e+23 0 0)
(5.68923692394696e+23 0 0)
(5.68952170564484e+23 0 0)
(5.68980574797169e+23 0 0)
(5.6900880627051e+23 0 0)
(5.69036974574724e+23 0 0)
(5.69065022219466e+23 0 0)
(5.69092970779673e+23 0 0)
(5.69120764130311e+23 0 0)
(5.69148516985134e+23 0 0)
(5.69176080136585e+23 0 0)
(5.69203591531483e+23 0 0)
(5.69230954386677e+23 0 0)
(5.69258094514189e+23 0 0)
(5.69285118761981e+23 0 0)
(5.693121630564e+23 0 0)
(5.69339290008178e+23 0 0)
(5.69365061230412e+23 0 0)
(5.69391510977291e+23 0 0)
(5.69417877362916e+23 0 0)
(5.69444300555212e+23 0 0)
(5.69470671679736e+23 0 0)
(5.69496975003576e+23 0 0)
(5.69523236553387e+23 0 0)
(5.69549424804402e+23 0 0)
(5.69575529373479e+23 0 0)
(5.696014919172e+23 0 0)
(5.69627477883884e+23 0 0)
(5.69653279981603e+23 0 0)
(5.69679054083685e+23 0 0)
(5.69704747443209e+23 0 0)
(5.69730377479529e+23 0 0)
(5.69755905735335e+23 0 0)
(5.69781382669518e+23 0 0)
(5.69806826887415e+23 0 0)
(5.6983217840445e+23 0 0)
(5.6985748482191e+23 0 0)
(5.69882751551853e+23 0 0)
(5.69907992850452e+23 0 0)
(5.69933163737155e+23 0 0)
(5.69958317666576e+23 0 0)
(5.69983433283262e+23 0 0)
(5.70008570257558e+23 0 0)
(5.70033652121389e+23 0 0)
(5.70058750471112e+23 0 0)
(5.70083855149818e+23 0 0)
(5.70108998887943e+23 0 0)
(5.70134181335301e+23 0 0)
(5.70159387488682e+23 0 0)
(5.70184710053094e+23 0 0)
(5.70209812901025e+23 0 0)
(5.70236229323463e+23 0 0)
(5.7027462175795e+23 0 0)
(5.70317390901348e+23 0 0)
(5.70343523577095e+23 0 0)
(5.70362759185246e+23 0 0)
(5.70387660577934e+23 0 0)
(5.70414591422571e+23 0 0)
(5.70442403185717e+23 0 0)
(5.70470929645828e+23 0 0)
(5.70500175022798e+23 0 0)
(5.70530188811099e+23 0 0)
(5.70560944448985e+23 0 0)
(5.70592533509355e+23 0 0)
(5.70625053052767e+23 0 0)
(5.70658496349391e+23 0 0)
(5.70693103960535e+23 0 0)
(5.70728710236652e+23 0 0)
(5.70767017382747e+23 0 0)
(5.70811023053187e+23 0 0)
(5.70857022076782e+23 0 0)
(5.70899802133396e+23 0 0)
(5.70943402466371e+23 0 0)
(5.70991598668493e+23 0 0)
(5.71044102475837e+23 0 0)
(5.71101629073312e+23 0 0)
(5.7116883423721e+23 0 0)
(5.71251063309929e+23 0 0)
(5.71321351988446e+23 0 0)
(5.71364652876902e+23 0 0)
(5.71424074713882e+23 0 0)
(5.71466382203301e+23 0 0)
(5.71455670402944e+23 0 0)
(5.71487842021231e+23 0 0)
(5.71597566348729e+23 0 0)
(5.71723923329827e+23 0 0)
(5.71848653348878e+23 0 0)
(5.71972619466514e+23 0 0)
(5.72096101520958e+23 0 0)
(5.72242037813156e+23 0 0)
(5.72311387431067e+23 0 0)
(5.72165978320011e+23 0 0)
(5.71972862678111e+23 0 0)
(5.71955838946088e+23 0 0)
(5.72127440794367e+23 0 0)
(5.72396625928237e+23 0 0)
(5.72634236091996e+23 0 0)
(5.72378282200743e+23 0 0)
(5.7132852175564e+23 0 0)
(5.70419380369202e+23 0 0)
(5.70304261324227e+23 0 0)
(5.70339612401999e+23 0 0)
(5.69065460254917e+23 0 0)
(5.66210637187757e+23 0 0)
(5.63995615067317e+23 0 0)
(5.61856298283034e+23 0 0)
(5.57907784832758e+23 0 0)
(5.52887320483551e+23 0 0)
(5.4643994914379e+23 0 0)
(5.38379392746352e+23 0 0)
(5.28695216466311e+23 0 0)
(5.16539306635664e+23 0 0)
(5.0141774965095e+23 0 0)
(4.83159054756338e+23 0 0)
(4.61788536601426e+23 0 0)
(4.37267202795934e+23 0 0)
(4.09301331536219e+23 0 0)
(3.78295697400652e+23 0 0)
(3.45090803847069e+23 0 0)
(3.10439239418983e+23 0 0)
(2.75482579540158e+23 0 0)
(2.41037036541389e+23 0 0)
(2.08235190845999e+23 0 0)
(1.77896362184325e+23 0 0)
(1.50278532193433e+23 0 0)
(1.25531833690891e+23 0 0)
(1.03701667974969e+23 0 0)
(8.4525833045258e+22 0 0)
(6.7867216408629e+22 0 0)
(5.35084931925349e+22 0 0)
(4.13565317776641e+22 0 0)
(3.12705619923084e+22 0 0)
(2.31263733198929e+22 0 0)
(1.67382477121375e+22 0 0)
(1.18863377836768e+22 0 0)
(8.31092534124515e+21 0 0)
(5.76647746527744e+21 0 0)
(4.00190771949836e+21 0 0)
(2.89851015813743e+21 0 0)
)
;

boundaryField
{
    electrode
    {
        type            calculated;
        value           uniform (-4.26395199128121e+20 0 0);
    }
    ground
    {
        type            calculated;
        value           uniform (1.31608253729877e+21 0 0);
    }
    otherfaces
    {
        type            empty;
    }
}


// ************************************************************************* //
