/*--------------------------------*- C++ -*----------------------------------*\
| =========                 |                                                 |
| \\      /  F ield         | foam-extend: Open Source CFD                    |
|  \\    /   O peration     | Version:     4.1                                |
|   \\  /    A nd           | Web:         http://www.foam-extend.org         |
|    \\/     M anipulation  |                                                 |
\*---------------------------------------------------------------------------*/
FoamFile
{
    version     2.0;
    format      ascii;
    class       volScalarField;
    location    "2.50010000204314e-05";
    object      Arm;
}
// * * * * * * * * * * * * * * * * * * * * * * * * * * * * * * * * * * * * * //

dimensions      [0 -3 0 0 0 0 0];

internalField   nonuniform List<scalar> 
500
(
2.41070868775113e+18
2.40430827916124e+18
2.3916097690944e+18
2.3729431801131e+18
2.34916488668463e+18
2.32175813992811e+18
2.29210457989605e+18
2.26121879562319e+18
2.22986443654941e+18
2.19861188930172e+18
2.1679231134747e+18
2.13813222085124e+18
2.10950623683185e+18
2.08222057674206e+18
2.05640641032902e+18
2.0321343260294e+18
2.00943685207894e+18
1.98831356696579e+18
1.96873600554253e+18
1.95065370253452e+18
1.93400374188131e+18
1.91870734292746e+18
1.90468280948452e+18
1.89183837787835e+18
1.88008540687773e+18
1.86932900607874e+18
1.85948146083256e+18
1.85045869469895e+18
1.842184142928e+18
1.83458537481967e+18
1.82759691211218e+18
1.82115729797043e+18
1.81521189945379e+18
1.80970949992651e+18
1.80460542709852e+18
1.79985773926386e+18
1.79543044870436e+18
1.7912897496952e+18
1.78740694916446e+18
1.78375515424479e+18
1.78031166137554e+18
1.77705526039664e+18
1.77396811514172e+18
1.77103354626195e+18
1.76823764015247e+18
1.76556725677477e+18
1.76301160376422e+18
1.76056028139609e+18
1.75820494339185e+18
1.75593730868532e+18
1.7537509149424e+18
1.75163912753636e+18
1.74959691562194e+18
1.74761893137071e+18
1.74570122001609e+18
1.74383944338394e+18
1.7420304570784e+18
1.74027070907421e+18
1.73855767728729e+18
1.73688841386225e+18
1.73526088411712e+18
1.73367260153015e+18
1.73212192395199e+18
1.73060675218863e+18
1.72912603680178e+18
1.727678330397e+18
1.72626271803287e+18
1.72487790567418e+18
1.72352323346089e+18
1.72219740138578e+18
1.72090018657288e+18
1.71963028113285e+18
1.71838777433166e+18
1.71717163686332e+18
1.71598228004522e+18
1.71481964788315e+18
1.71368407888963e+18
1.71257444943276e+18
1.71149020598881e+18
1.71043035970273e+18
1.70939441633826e+18
1.70838144582198e+18
1.7073910074077e+18
1.70642222776071e+18
1.70547471184404e+18
1.7045476369142e+18
1.7036406483478e+18
1.70275296888598e+18
1.70188428015462e+18
1.70103384625065e+18
1.70020138023684e+18
1.699386186158e+18
1.69858800340981e+18
1.69780617401199e+18
1.69704046083408e+18
1.69629024108668e+18
1.69555529906108e+18
1.69483504404423e+18
1.69412928083528e+18
1.69343744797e+18
1.69275936930056e+18
1.69209451032308e+18
1.6914427134266e+18
1.69080346861178e+18
1.69017663541704e+18
1.68956172678848e+18
1.68895861874714e+18
1.68836684536738e+18
1.68778629841609e+18
1.68721653116532e+18
1.68665744999124e+18
1.68610862713223e+18
1.68556998198194e+18
1.68504110498333e+18
1.68452192742037e+18
1.68401205723315e+18
1.68351143610246e+18
1.68301968882508e+18
1.68253676711567e+18
1.68206231205303e+18
1.68159628349668e+18
1.68113833814989e+18
1.68068844499665e+18
1.68024627359741e+18
1.67981180246444e+18
1.67938471387988e+18
1.67896499350294e+18
1.67855233611269e+18
1.67814673541738e+18
1.67774789723797e+18
1.67735582249072e+18
1.67697022774982e+18
1.67659112037551e+18
1.67621822720476e+18
1.67585156209681e+18
1.67549086129e+18
1.67513614408123e+18
1.67478715639542e+18
1.67444392227477e+18
1.67410619694797e+18
1.67377400904376e+18
1.67344712247453e+18
1.6731255694552e+18
1.67280912242315e+18
1.6724978180553e+18
1.67219143593329e+18
1.67189001599252e+18
1.67159334555078e+18
1.67130146816694e+18
1.67101417799497e+18
1.67073152147355e+18
1.67045329948861e+18
1.67017956134649e+18
1.66991011402733e+18
1.66964501009901e+18
1.66938406155109e+18
1.66912732458617e+18
1.66887461716166e+18
1.66862599709971e+18
1.668381288802e+18
1.66814055231972e+18
1.6679036171342e+18
1.66767054391565e+18
1.66744116625868e+18
1.66721554613156e+18
1.66699351893865e+18
1.66677514417556e+18
1.66656026418827e+18
1.66634894060156e+18
1.66614102129758e+18
1.66593656889624e+18
1.66573543810366e+18
1.66553769146584e+18
1.66534318928436e+18
1.66515199441987e+18
1.66496397148153e+18
1.66477918321894e+18
1.66459749844846e+18
1.66441897998228e+18
1.66424350035582e+18
1.66407112248315e+18
1.66390172287715e+18
1.66373536380577e+18
1.66357192555963e+18
1.6634114703526e+18
1.66325388210801e+18
1.66309922264502e+18
1.66294737937364e+18
1.66279841343825e+18
1.66265221631768e+18
1.66250884796412e+18
1.6623682037017e+18
1.66223034262212e+18
1.66209516324681e+18
1.66196272436619e+18
1.66183292779355e+18
1.66170583079877e+18
1.6615813389121e+18
1.66145950862381e+18
1.66134024867479e+18
1.66122361395103e+18
1.66110951701919e+18
1.66099801163621e+18
1.66088901353537e+18
1.66078257480834e+18
1.66067861465018e+18
1.66057718400507e+18
1.66047820554276e+18
1.66038172820644e+18
1.66028767773546e+18
1.66019610233667e+18
1.66010693087859e+18
1.66002020919875e+18
1.65993587005216e+18
1.65985395719473e+18
1.65977440684923e+18
1.65969726139636e+18
1.65962245999894e+18
1.65955004252551e+18
1.6594799523863e+18
1.65941222742811e+18
1.65934681411622e+18
1.65928374834412e+18
1.65922297993308e+18
1.65916454261703e+18
1.65910838922645e+18
1.65905455223976e+18
1.65900298790827e+18
1.65895372547007e+18
1.65890672515581e+18
1.65886201417661e+18
1.65881955603588e+18
1.65877937576855e+18
1.65874144000611e+18
1.65870577147922e+18
1.6586723405749e+18
1.65864116750979e+18
1.65861222616459e+18
1.65858553405391e+18
1.65856106852255e+18
1.65853884501387e+18
1.65851884478924e+18
1.6585010799512e+18
1.65848553583518e+18
1.65847222195467e+18
1.65846112731401e+18
1.65845225870028e+18
1.65844560874473e+18
1.65844118212612e+18
1.65843897584661e+18
1.65843898498873e+18
1.65844121005932e+18
1.65844565493523e+18
1.65845232312703e+18
1.65846121004168e+18
1.65847232320558e+18
1.65848565546244e+18
1.65850121808681e+18
1.6585190010985e+18
1.65853901987653e+18
1.65856126191934e+18
1.65858574575929e+18
1.6586124563201e+18
1.65864141624655e+18
1.65867260817508e+18
1.65870605758594e+18
1.65874174458902e+18
1.65877969906094e+18
1.65881989807773e+18
1.6588623747937e+18
1.65890710415077e+18
1.65895412312791e+18
1.6590034040669e+18
1.65905498714072e+18
1.65910884279222e+18
1.65916501483739e+18
1.65922347112711e+18
1.65928425845272e+18
1.65934734311358e+18
1.65941277548783e+18
1.65948051935905e+18
1.65955062869868e+18
1.65962306501504e+18
1.65969788558793e+18
1.65977505040402e+18
1.65985461991858e+18
1.65993655216897e+18
1.66002091076102e+18
1.66010765205748e+18
1.66019684301246e+18
1.66028843795788e+18
1.66038250772163e+18
1.66047900458598e+18
1.66057800290736e+18
1.66067945322992e+18
1.66078343296449e+18
1.66088989159652e+18
1.66099890979313e+18
1.66111043521827e+18
1.66122455220285e+18
1.66134120727977e+18
1.66146048761672e+18
1.66158233841446e+18
1.66170685103555e+18
1.66183396868726e+18
1.66196378614513e+18
1.66209624594364e+18
1.66223144581814e+18
1.66236932793961e+18
1.66250999337814e+18
1.66265338261677e+18
1.66279960113949e+18
1.66294858855908e+18
1.66310045338825e+18
1.66325513453161e+18
1.66341274454849e+18
1.66357322184392e+18
1.6637366823056e+18
1.6639030636127e+18
1.66407248597578e+18
1.66424488627552e+18
1.66442038855944e+18
1.66459892980781e+18
1.66478063772074e+18
1.66496544913922e+18
1.66515349562002e+18
1.66534471410851e+18
1.66553924011811e+18
1.66573701051666e+18
1.66593816539722e+18
1.66614264218684e+18
1.66635058589274e+18
1.66656193451852e+18
1.66677683935968e+18
1.66699523925774e+18
1.66721729187115e+18
1.66744293798985e+18
1.66767234146148e+18
1.66790544104176e+18
1.66814240293923e+18
1.66838316621703e+18
1.66862790145904e+18
1.66887654894237e+18
1.66912928374474e+18
1.66938604903102e+18
1.66964702528447e+18
1.6699121579816e+18
1.67018163434785e+18
1.67045540188167e+18
1.67073365376304e+18
1.67101634023621e+18
1.67130366077813e+18
1.6715955687115e+18
1.67189227025854e+18
1.67219372187678e+18
1.67250013597616e+18
1.67281147332997e+18
1.6731279532306e+18
1.67344953959775e+18
1.67377646030148e+18
1.67410868259438e+18
1.67444644264598e+18
1.67478971191665e+18
1.67513873567816e+18
1.67549348932149e+18
1.6758542273247e+18
1.6762209302475e+18
1.67659386159195e+18
1.67697300759857e+18
1.67735864207362e+18
1.67775075683419e+18
1.67814963592309e+18
1.6785552780057e+18
1.67896797754471e+18
1.6793877406188e+18
1.67981487355206e+18
1.68024938890204e+18
1.68069160521688e+18
1.68114154426928e+18
1.68159953632505e+18
1.68206561223091e+18
1.6825401159706e+18
1.68302308719071e+18
1.68351488453877e+18
1.68401555715944e+18
1.68452547939313e+18
1.68504471053181e+18
1.6855736414996e+18
1.68611234183498e+18
1.68666122109515e+18
1.6872203595399e+18
1.68779018551112e+18
1.68837079206934e+18
1.68896262667235e+18
1.68956579652778e+18
1.69018076865234e+18
1.69080766637772e+18
1.69144697734132e+18
1.69209884152729e+18
1.69276376894977e+18
1.69344191787559e+18
1.69413382190012e+18
1.69483965828223e+18
1.6955599872968e+18
1.69629500518089e+18
1.69704530208355e+18
1.6978110943125e+18
1.6985930042766e+18
1.69939126915454e+18
1.70020654716501e+18
1.701039098826e+18
1.70188962034029e+18
1.70275839799291e+18
1.70364616889312e+18
1.70455324985008e+18
1.70548041972951e+18
1.70642803197005e+18
1.70739691035889e+18
1.70838744917036e+18
1.70940052226392e+18
1.71043657034514e+18
1.71149652310379e+18
1.71258087608878e+18
1.71369061637362e+18
1.71482629916598e+18
1.71598904601378e+18
1.71717851040052e+18
1.71839475026421e+18
1.71963735734869e+18
1.72090736206791e+18
1.72220467455596e+18
1.72353060489143e+18
1.72488537380349e+18
1.72627028467807e+18
1.72768599320408e+18
1.72913379749738e+18
1.73061460911508e+18
1.7321298764946e+18
1.7336806511242e+18
1.73526903195995e+18
1.73689666446081e+18
1.73856603139553e+18
1.74027917245085e+18
1.74203902981378e+18
1.74384813136462e+18
1.74571002533959e+18
1.74762785868299e+18
1.74960596925352e+18
1.75164831045411e+18
1.75376023411009e+18
1.75594676542246e+18
1.75821454633575e+18
1.76057003199782e+18
1.76302151006781e+18
1.76557732296514e+18
1.76824787179579e+18
1.77104395106151e+18
1.7739786954958e+18
1.77706602672341e+18
1.78032261461375e+18
1.7837663046155e+18
1.78741829901478e+18
1.79130130514759e+18
1.79544221557674e+18
1.7998697178695e+18
1.80461762597893e+18
1.80972191460723e+18
1.81522453730521e+18
1.82117015284307e+18
1.82760998387281e+18
1.83459865918309e+18
1.84219762789834e+18
1.85047237688796e+18
1.85949531684841e+18
1.8693430251123e+18
1.88009955763892e+18
1.89185263019044e+18
1.90469713441776e+18
1.91872169656594e+18
1.93401809680547e+18
1.95066800447775e+18
1.96875021744157e+18
1.98832763511108e+18
2.00945071545271e+18
2.03214793930958e+18
2.05641969358214e+18
2.08223347819164e+18
2.10951868119195e+18
2.13814413619595e+18
2.16793444133286e+18
2.19862253618505e+18
2.22987436061031e+18
2.26122791287364e+18
2.29211280537926e+18
2.321765460814e+18
2.34917133490148e+18
2.37294902354494e+18
2.3916152029726e+18
2.40431341184996e+18
2.41071366298862e+18
)
;

boundaryField
{
    electrode
    {
        type            zeroGradient;
    }
    ground
    {
        type            zeroGradient;
    }
    otherfaces
    {
        type            empty;
    }
}


// ************************************************************************* //
