/*--------------------------------*- C++ -*----------------------------------*\
| =========                 |                                                 |
| \\      /  F ield         | foam-extend: Open Source CFD                    |
|  \\    /   O peration     | Version:     4.1                                |
|   \\  /    A nd           | Web:         http://www.foam-extend.org         |
|    \\/     M anipulation  |                                                 |
\*---------------------------------------------------------------------------*/
FoamFile
{
    version     2.0;
    format      ascii;
    class       volScalarField;
    location    "2.50010000204314e-05";
    object      electronMean;
}
// * * * * * * * * * * * * * * * * * * * * * * * * * * * * * * * * * * * * * //

dimensions      [0 -3 0 0 0 0 0];

internalField   nonuniform List<scalar> 
500
(
6.26408741029456e+15
4.77957722742304e+16
2.12227118598431e+17
7.00189897698273e+17
1.63463209637642e+18
2.63844800029244e+18
3.46955225220846e+18
4.19158409817915e+18
4.82661924781387e+18
5.42406175025083e+18
5.97906833118323e+18
6.52338298532427e+18
7.03868851773633e+18
7.55339560165413e+18
8.04723558045496e+18
8.54249394007253e+18
9.02327579883377e+18
9.50515677678888e+18
9.97594430067791e+18
1.04489309141741e+19
1.09115797417037e+19
1.13777919465017e+19
1.1833551967488e+19
1.2293826328461e+19
1.27439899436603e+19
1.31986123070003e+19
1.36441662783959e+19
1.40934686097845e+19
1.45347967295648e+19
1.49793196478191e+19
1.54165057101201e+19
1.58567801004933e+19
1.6289851310949e+19
1.67262446405214e+19
1.71552729553479e+19
1.75879728968611e+19
1.80131324440994e+19
1.84421388531081e+19
1.88636880554371e+19
1.92889584706862e+19
1.97070630339416e+19
2.01286224743768e+19
2.05433218276201e+19
2.09612597828622e+19
2.13725259144556e+19
2.17869515066475e+19
2.21947366340589e+19
2.26057442076204e+19
2.30100040117847e+19
2.34176440726586e+19
2.38183722229137e+19
2.42226385028063e+19
2.46198718891332e+19
2.50207128849636e+19
2.54145020651068e+19
2.58118708960689e+19
2.620223298709e+19
2.65961097582422e+19
2.69830271354069e+19
2.73734127560991e+19
2.77568473683674e+19
2.81437525833079e+19
2.85236605211381e+19
2.89070948867926e+19
2.92834324605186e+19
2.96633981842545e+19
3.00361313301253e+19
3.04126126719162e+19
3.07817259130505e+19
3.11546883884392e+19
3.15201790273235e+19
3.18895807485916e+19
3.22514427625991e+19
3.26172484798997e+19
3.29754661320325e+19
3.33376501275315e+19
3.36921972538353e+19
3.40507417104377e+19
3.44015862481372e+19
3.47564774298486e+19
3.51035868008861e+19
3.54548110460986e+19
3.57981529123678e+19
3.61456955503058e+19
3.64852410903779e+19
3.68290829651865e+19
3.71648107665099e+19
3.75049257070393e+19
3.78368203814601e+19
3.81731784020242e+19
3.85012258760288e+19
3.88337984473793e+19
3.9157982854727e+19
3.94867451587018e+19
3.9807047495534e+19
4.01319786777245e+19
4.04483778494268e+19
4.0769459655739e+19
4.10819341240567e+19
4.13991488903863e+19
4.1707674119485e+19
4.20210026420918e+19
4.23255538587493e+19
4.26349803526332e+19
4.29355444388205e+19
4.32410536457375e+19
4.35376168700515e+19
4.38391899224201e+19
4.41317386350668e+19
4.4429355500965e+19
4.47178785157034e+19
4.50115208987157e+19
4.52960070231067e+19
4.55856568384699e+19
4.58660939704073e+19
4.61517346221423e+19
4.6428110414354e+19
4.67097269397031e+19
4.69820290022924e+19
4.7259607686999e+19
4.75278238798184e+19
4.78013518712405e+19
4.80654706358509e+19
4.83349355214674e+19
4.85949462407739e+19
4.88603357009935e+19
4.9116228968683e+19
4.93775306300333e+19
4.9629298265537e+19
4.98864997073598e+19
5.01341346704689e+19
5.03872235493578e+19
5.06307197296158e+19
5.08796840084116e+19
5.11190358883523e+19
5.13638641873404e+19
5.15990664555324e+19
5.18397483466875e+19
5.20707956578794e+19
5.23073217102256e+19
5.25342087327157e+19
5.2766570284779e+19
5.29892919246427e+19
5.3217480777517e+19
5.34360323701659e+19
5.36600405784786e+19
5.38744179153839e+19
5.40942376800604e+19
5.43044369210772e+19
5.45200604513048e+19
5.47260781327589e+19
5.49374974276682e+19
5.51393304620203e+19
5.53465369320724e+19
5.55441820973063e+19
5.57471659714844e+19
5.59406187884039e+19
5.61393685054062e+19
5.63286211615301e+19
5.65231221732382e+19
5.67081660409356e+19
5.68984100531391e+19
5.70792468037771e+19
5.72652328927743e+19
5.74418744688525e+19
5.76236246496052e+19
5.77961243004499e+19
5.79736463757399e+19
5.81420072423029e+19
5.83152974729553e+19
5.84795199738728e+19
5.8648572999478e+19
5.88086484741184e+19
5.89734581481409e+19
5.91293816486994e+19
5.92899439537059e+19
5.94417144277033e+19
5.95980258079639e+19
5.97456438036213e+19
5.9897700908788e+19
6.00411678888059e+19
6.01889675850759e+19
6.03282855448943e+19
6.0471824955356e+19
6.06069962250082e+19
6.07462727098607e+19
6.08772998827386e+19
6.10123109902894e+19
6.1139196882508e+19
6.12699403330294e+19
6.1392687910295e+19
6.15191616320925e+19
6.16377739099436e+19
6.17599760965734e+19
6.18744560591565e+19
6.1992385174964e+19
6.21027357672629e+19
6.22163904934176e+19
6.23226146669575e+19
6.24319938078935e+19
6.25340945887723e+19
6.26391969856491e+19
6.27371775170713e+19
6.28380020002403e+19
6.29318655397289e+19
6.3028410931573e+19
6.31181608108756e+19
6.32104259447961e+19
6.3296065531585e+19
6.33840492676769e+19
6.346558193368e+19
6.35492831669147e+19
6.36267122621698e+19
6.37061299259968e+19
6.37794587591339e+19
6.38545918308137e+19
6.39238236450754e+19
6.3994671152376e+19
6.40598091003995e+19
6.4126370126403e+19
6.41874172613287e+19
6.4249690929659e+19
6.43066502091631e+19
6.43646356618489e+19
6.44175099608766e+19
6.44712063309979e+19
6.45199984575891e+19
6.45694048379924e+19
6.46141175495162e+19
6.46592329756982e+19
6.4699868976834e+19
6.47406924212324e+19
6.47772543559742e+19
6.48137847329444e+19
6.48462751656718e+19
6.48785113436526e+19
6.49069327353616e+19
6.49348735557223e+19
6.49592282422844e+19
6.4982872526027e+19
6.50031627083271e+19
6.50225092583398e+19
6.50387370005182e+19
6.50537845921574e+19
6.50659518274638e+19
6.50766991990017e+19
6.50848077395526e+19
6.50912535804869e+19
6.50953051480114e+19
6.50974480078155e+19
6.50974428220918e+19
6.50952845478784e+19
6.50912226052967e+19
6.50847613592751e+19
6.50766424541854e+19
6.50658796926717e+19
6.50537021094115e+19
6.50386391515896e+19
6.50224010837532e+19
6.50030391998642e+19
6.49827387201314e+19
6.49590791432874e+19
6.49347141932703e+19
6.49067581292983e+19
6.48783265136282e+19
6.48460751501871e+19
6.48135745388881e+19
6.4777029042957e+19
6.47404569806718e+19
6.46996184925672e+19
6.46589724204307e+19
6.46138420340964e+19
6.45691193138769e+19
6.45196980653113e+19
6.44708959979755e+19
6.44171848601342e+19
6.43643006938334e+19
6.43063005820754e+19
6.42493315143188e+19
6.41870433037475e+19
6.41259864652369e+19
6.40594110223363e+19
6.39942634607841e+19
6.3923401669659e+19
6.38541603378793e+19
6.37790131231303e+19
6.37056748738676e+19
6.3626243215791e+19
6.35488048112627e+19
6.34650897406339e+19
6.33835478773133e+19
6.32955504688012e+19
6.32099018019704e+19
6.31176231678682e+19
6.30278643308293e+19
6.29313056194206e+19
6.28374332500383e+19
6.27365956343759e+19
6.26386064057737e+19
6.25334910717641e+19
6.2431381731392e+19
6.23219898556128e+19
6.22157572655722e+19
6.21020900143089e+19
6.19917311527799e+19
6.18737897295715e+19
6.17593016505592e+19
6.1637087379188e+19
6.15184671440215e+19
6.13919815659555e+19
6.12692261940574e+19
6.11384711259299e+19
6.10115776055513e+19
6.08765551245456e+19
6.07455204946881e+19
6.06062328875918e+19
6.04710543365535e+19
6.03275040616477e+19
6.01881790004093e+19
6.00403687038243e+19
5.98968948063806e+19
5.97448273709553e+19
5.95972026481416e+19
5.94408812126109e+19
5.92891042061947e+19
5.91285321278462e+19
5.89726022931037e+19
5.88077831336666e+19
5.86477015285376e+19
5.8478639311923e+19
5.83144108924216e+19
5.8141111771921e+19
5.79727452006874e+19
5.77952145391901e+19
5.76227093973367e+19
5.74409509378349e+19
5.72643040845492e+19
5.70783100013791e+19
5.68974681686676e+19
5.67072164766261e+19
5.6522167743206e+19
5.63276593731313e+19
5.61384020783967e+19
5.59396453332273e+19
5.57461881155156e+19
5.55431975467038e+19
5.53455482210524e+19
5.51383353926551e+19
5.49364984410275e+19
5.47250731277664e+19
5.45190517734717e+19
5.43034225701447e+19
5.40932199035439e+19
5.38733948152326e+19
5.3659014304593e+19
5.34350011254881e+19
5.32164466165919e+19
5.29882531505919e+19
5.27655288555038e+19
5.2533163052531e+19
5.2306273639779e+19
5.2069743702482e+19
5.18386942693354e+19
5.15980088629441e+19
5.13628047445113e+19
5.11179733036882e+19
5.08786198475467e+19
5.06296528019691e+19
5.03861553235131e+19
5.01330640555646e+19
4.98854280742219e+19
4.96282246235671e+19
4.93764562516354e+19
4.91151529629682e+19
4.8859259242105e+19
4.85938685376464e+19
4.83338576494741e+19
4.80643919027238e+19
4.78002732552653e+19
4.75267447857695e+19
4.72585289963221e+19
4.69809502184888e+19
4.67086488451198e+19
4.64270326098205e+19
4.61506577944198e+19
4.58650178165252e+19
4.5584581948995e+19
4.52949331899281e+19
4.50104486176938e+19
4.47168076731262e+19
4.44282864991835e+19
4.41306714536317e+19
4.38381248718063e+19
4.3536554020765e+19
4.32399932165947e+19
4.29344865891613e+19
4.26339252144601e+19
4.23245016807712e+19
4.20199534690557e+19
4.17066282905673e+19
4.13981063624115e+19
4.10808953054996e+19
4.0768424422057e+19
4.04473467002181e+19
4.01309514044451e+19
3.98060246835893e+19
3.94857265153779e+19
3.91569690486385e+19
3.88327891036712e+19
3.85002217461565e+19
3.81721790266323e+19
3.78358265900492e+19
3.75039369649084e+19
3.7163827974741e+19
3.68281055178351e+19
3.64842699554094e+19
3.61447300512428e+19
3.57971940840966e+19
3.54538581378265e+19
3.51026409207738e+19
3.47555377490752e+19
3.44006539495592e+19
3.40498158900785e+19
3.36912791583177e+19
3.33367387833716e+19
3.2974562849392e+19
3.26163522254093e+19
3.22505549136753e+19
3.18887002160373e+19
3.15193072363073e+19
3.11538241809132e+19
3.07808707454508e+19
3.04117653374049e+19
3.00352933380269e+19
2.96625682979278e+19
2.92826122320162e+19
2.89062830312181e+19
2.85228586380971e+19
2.81429593266676e+19
2.77560643884054e+19
2.73726386500406e+19
2.69822635977036e+19
2.6595355337462e+19
2.62014894145771e+19
2.58111366809817e+19
2.54137789626631e+19
2.50199993798468e+19
2.46191697466301e+19
2.42219461998363e+19
2.38176915172039e+19
2.3416973448384e+19
2.3009345212236e+19
2.26050957153526e+19
2.21941001980375e+19
2.17863255810377e+19
2.13719122704551e+19
2.09606568360672e+19
2.05427313709078e+19
2.01280429057942e+19
1.97064961426301e+19
1.92884026445557e+19
1.88631450686132e+19
1.84416071080661e+19
1.80126136772023e+19
1.75874655524642e+19
1.71547787053333e+19
1.67257619616722e+19
1.62893818441666e+19
1.58563223041987e+19
1.54160612636479e+19
1.49788869380105e+19
1.45343774773611e+19
1.40930611635902e+19
1.36437723599368e+19
1.31982302571889e+19
1.27436214653119e+19
1.22934697844427e+19
1.18332089849948e+19
1.13774609979621e+19
1.09112623554532e+19
1.04486255881387e+19
9.9756525942495e+18
9.50487711553956e+18
9.02300975901411e+18
8.54223984625903e+18
8.04699526781009e+18
7.55316721562195e+18
7.03847398241072e+18
6.52318084117802e+18
5.97888003000868e+18
5.42388753222577e+18
4.82645869357943e+18
4.19143949330219e+18
3.46942396594552e+18
2.63833737833503e+18
1.63454912732599e+18
7.00152695458751e+17
2.12217692932005e+17
4.77946771515983e+16
6.26455240356713e+15
)
;

boundaryField
{
    electrode
    {
        type            calculated;
        value           uniform 6.26408741029456e+15;
    }
    ground
    {
        type            calculated;
        value           uniform 6.26455240356713e+15;
    }
    otherfaces
    {
        type            empty;
    }
}


// ************************************************************************* //
