/*--------------------------------*- C++ -*----------------------------------*\
| =========                 |                                                 |
| \\      /  F ield         | foam-extend: Open Source CFD                    |
|  \\    /   O peration     | Version:     4.1                                |
|   \\  /    A nd           | Web:         http://www.foam-extend.org         |
|    \\/     M anipulation  |                                                 |
\*---------------------------------------------------------------------------*/
FoamFile
{
    version     2.0;
    format      ascii;
    class       volScalarField;
    location    "2.50010000204314e-05";
    object      eTempMean;
}
// * * * * * * * * * * * * * * * * * * * * * * * * * * * * * * * * * * * * * //

dimensions      [0 0 0 1 0 0 0];

internalField   nonuniform List<scalar> 
500
(
38498.1399276943
39354.8653300067
39921.1451824887
40130.1709525499
40216.8255733349
40246.7173731793
40257.9219025479
40263.9933653045
40266.7513905662
40267.0311386451
40265.5547620873
40262.610340552
40258.6879149247
40253.9775759648
40248.7323036601
40243.1041925637
40237.1875304852
40231.0762171058
40224.8136608438
40218.4386689663
40211.9915770881
40205.4751199207
40198.9302963271
40192.3493490367
40185.7650733992
40179.1733497512
40172.5955854842
40166.0334656971
40159.4995239114
40152.9968645352
40146.5350492775
40140.1144170013
40133.7452249672
40127.4234108704
40121.1604253971
40114.9492436501
40108.8011074062
40102.708364245
40096.6805039409
40090.7108887221
40084.8065853192
40078.9623697787
40073.1833432747
40067.4650442449
40061.8116609956
40056.2186363975
40050.690165665
40045.2210730941
40039.815963404
40034.4690362209
40029.1851686225
40023.9582885596
40018.7931387033
40013.683826795
40008.6346187972
40003.6401231541
39998.7039773261
39993.8213432296
39988.995331261
39984.2215019662
39979.5026637309
39974.834568534
39970.2199955468
39965.6547037509
39961.1415641404
39956.6762662363
39952.2617859562
39947.8937794127
39943.5752574161
39939.3019656836
39935.0768213807
39930.8957532202
39926.7615080339
39922.6702710272
39918.6245511388
39914.6207573124
39910.6612011385
39906.7424769096
39902.8667648023
39899.0307772912
39895.2366457299
39891.4811490399
39887.7664131153
39884.0892441626
39880.4517841378
39876.8508745708
39873.2886455521
39869.7619941345
39866.2730095115
39862.818678066
39859.4010131268
39856.0171238245
39852.6689290139
39849.3536669225
39846.0731660089
39842.8247889416
39839.6102823441
39836.4271126703
39833.2769741415
39830.1574158649
39827.0701009865
39824.012638057
39820.9866720933
39817.9898593847
39815.023831099
39812.0862906429
39809.1788515601
39806.2992741022
39803.4491430728
39800.626281901
39797.8322342678
39795.0648995755
39792.3257765693
39789.6128452458
39786.9275549345
39784.2679604007
39781.6354632535
39779.0281887638
39776.4475003114
39773.8915837543
39771.3617709088
39768.8563008211
39766.37648212
39763.9205981285
39761.4899356718
39759.0828206934
39756.7005205838
39754.3414044354
39752.0067172694
39749.6948724575
39747.4070883236
39745.1418262498
39742.9002753005
39740.680945742
39738.4849936884
39736.3109793229
39734.1600264688
39732.0307439808
39729.9242248691
39727.8391240932
39725.7765063095
39723.7350686305
39721.715849633
39719.7175847033
39717.7412889603
39715.7857334784
39713.8519119543
39711.9386296044
39710.0468590305
39708.1754387013
39706.3253195185
39704.4953736335
39702.6865290392
39700.897691487
39699.1297648094
39697.3816887155
39695.6543424228
39693.9466997623
39692.2596149866
39690.5920956127
39688.9449713982
39687.3172824562
39685.7098346005
39684.1216989937
39682.5536587973
39681.0048150352
39679.4759291158
39677.9661299947
39676.4761581231
39675.0051693911
39673.5538840142
39672.1214843754
39670.7086706112
39669.3146511179
39667.9401056729
39666.5842683672
39665.247798746
39663.9299563723
39662.631380296
39661.3513554321
39660.0905001229
39658.8481243607
39657.624825961
39656.419939652
39655.2340431353
39654.0664951257
39652.9178534856
39651.7875005604
39650.6759745631
39649.5826809549
39648.5081387686
39647.4517761436
39646.4140932454
39645.3945404331
39644.3935995307
39643.4107424264
39642.4464323139
39641.5001624864
39640.5723778708
39639.6625926829
39638.7712338424
39637.8978363765
39637.0428092594
39636.2057080777
39635.3869238934
39634.586032694
39633.8034078405
39633.0386453882
39632.2921009836
39631.5633907519
39630.8528527073
39630.1601226677
39629.4855212683
39628.8287038226
39628.1899736217
39627.5690053942
39626.9660852221
39626.3809069765
39625.8137396999
39625.2642962296
39624.7328286653
39624.2190686657
39623.7232514977
39623.2451273763
39622.7849150155
39622.342382919
39621.9177334103
39621.5107530313
39621.1216278575
39620.7501625079
39620.3965267133
39620.0605431178
39619.7423650214
39619.4418331507
39619.1590845968
39618.8939778284
39618.6466338107
39618.4169287597
39618.2049674508
39618.0106440142
39617.8340467227
39617.6750879188
39617.5338392903
39617.4102311211
39617.304318967
39617.2160504533
39617.1454655984
39617.0925288307
39617.0572721875
39617.0397745023
39617.0398286679
39617.0574351448
39617.0928013724
39617.1458474046
39617.2165415294
39617.3049193203
39617.4109406538
39617.5346580241
39617.676015762
39617.8350837047
39618.0117900343
39618.2062225113
39618.4182927526
39618.6481067147
39618.8955595946
39619.1607751232
39619.4436323742
39619.7442728553
39620.0625594539
39620.3986515492
39620.7523957088
39621.1239693207
39621.5132026385
39621.9202910626
39622.3450484968
39622.7876884764
39623.248008473
39623.7262402326
39624.2221648001
39624.7360321478
39625.2676068318
39625.8171573312
39626.3844315008
39626.9697164479
39627.5727431632
39628.193817776
39628.832654159
39629.4895776359
39630.1642848599
39630.8571205725
39631.5677640192
39632.2965795618
39633.0432289786
39633.8080962688
39634.5908257295
39635.391821306
39636.2107096334
39637.0479148018
39637.9030455525
39638.7765464671
39639.6680084555
39640.5778966052
39641.5057838501
39642.4521561388
39643.4165683098
39644.3995272808
39645.4005697372
39646.4202238721
39647.4580078485
39648.5144712734
39649.5891139345
39650.6825078059
39651.7941336947
39652.9245862645
39654.0733272042
39655.2409741948
39656.4269694515
39657.6319541247
39658.8553504666
39660.0978239853
39661.3587766077
39662.638898549
39663.9375712704
39665.2555099175
39666.5920754884
39667.9480083885
39669.3226490113
39670.7167634105
39672.1296715872
39673.5621653188
39675.013544379
39676.484626415
39677.9746911705
39679.4845827932
39681.0135607454
39682.56249618
39684.1306276138
39685.7188539987
39687.3263921755
39688.9541710223
39690.6013846685
39692.2689930065
39693.9561662551
39695.6638969987
39697.3913308863
39699.1394941307
39700.9075074553
39702.6964312198
39704.5053614791
39706.3353926253
39708.185596487
39710.0571010388
39711.9489553999
39713.8623209663
39715.7962251919
39717.7518627247
39719.7282399841
39721.7265858251
39723.7458850967
39725.7874024747
39727.850099233
39729.935278277
39732.0418749981
39734.1712343865
39736.3222634383
39738.4963532844
39740.6923801193
39742.9117838236
39745.1534080813
39747.4187427303
39749.7065985993
39752.0185142979
39754.3532714938
39756.7124567934
39759.0948251249
39761.502007375
39763.9327362183
39766.3886857202
39768.8685691788
39771.3741033213
39773.9039797859
39776.4599594243
39779.0407102783
39781.6480463659
39784.2806044111
39786.9402590699
39789.6256086467
39792.3385984825
39795.0777792618
39797.8451710322
39800.6392747346
39803.4621911039
39806.3123762334
39809.1920068893
39812.09949827
39815.0370901811
39818.0031688857
39821.0000310381
39824.0260452802
39827.0835556114
39830.170917323
39833.2905219797
39836.4407057016
39839.6239190492
39842.8384681087
39846.0868868241
39849.3674284042
39852.682729796
39856.030962228
39859.4148870858
39862.8325859868
39866.2869495029
39869.7759640306
39873.3026437539
39876.8648988164
39880.4658318357
39884.1033140556
39887.7805047257
39891.4952609556
39895.250775993
39899.0449241877
39902.880926025
39906.7566486805
39910.6753796047
39914.6349386302
39918.6387311434
39922.6844461016
39926.7756740054
39930.9099059247
39935.0909609254
39939.3160911863
39943.5893658278
39947.9078689188
39952.2758529593
39956.690303442
39961.1555640001
39965.6686595083
39970.2339000817
39974.8484166856
39979.5164529951
39984.2352310333
39989.0089993138
39993.8349512251
39998.7175255002
40003.6536124392
40008.6480500218
40013.6972003322
40018.8064546837
40023.9715475984
40029.1983704715
40034.4821805232
40039.8290541849
40045.2341124369
40050.703151564
40056.2315698306
40061.8245466813
40067.4778838739
40073.1961305387
40078.9750941087
40084.8192390734
40090.7234756116
40096.6930294477
40102.7208284235
40108.8135017467
40114.9615576596
40121.1726558179
40127.4355607159
40133.7572964219
40140.1264011028
40146.5469310992
40153.00864403
40159.5112247401
40166.0451104634
40172.6071659462
40179.184845356
40185.7764905275
40192.3606974125
40198.9415842822
40205.4863366713
40212.0027165307
40218.4497517266
40224.824686846
40231.0872027782
40237.1986003279
40243.1153990115
40248.7438351332
40253.9896833287
40258.7006552387
40262.624763374
40265.5733113237
40267.0519852809
40266.7819044821
40264.0400063309
40257.973466729
40246.7765207056
40216.589631324
40128.964109574
39921.2030434894
39360.5888919544
38506.2176287786
)
;

boundaryField
{
    electrode
    {
        type            calculated;
        value           uniform 38501.3843821971;
    }
    ground
    {
        type            calculated;
        value           uniform 38509.8886905693;
    }
    otherfaces
    {
        type            empty;
    }
}


// ************************************************************************* //
