/*--------------------------------*- C++ -*----------------------------------*\
| =========                 |                                                 |
| \\      /  F ield         | foam-extend: Open Source CFD                    |
|  \\    /   O peration     | Version:     4.1                                |
|   \\  /    A nd           | Web:         http://www.foam-extend.org         |
|    \\/     M anipulation  |                                                 |
\*---------------------------------------------------------------------------*/
FoamFile
{
    version     2.0;
    format      ascii;
    class       volScalarField;
    location    "2.50010000204314e-05";
    object      powerDissipatedElectron;
}
// * * * * * * * * * * * * * * * * * * * * * * * * * * * * * * * * * * * * * //

dimensions      [1 -1 -3 0 0 0 0];

internalField   nonuniform List<scalar> 
500
(
-356745182.48547
187676744.601219
2827628568.40749
-639525195.118627
-1021360278.79228
98949100.911189
-217580478.443146
-81804441.1479534
248235363.919756
57929733.8268477
162139767.891545
59601815.0759109
91694895.9808719
136647298.004779
17188799.6884659
115872056.987715
58846753.6473433
57655394.6941311
78270444.6914862
42531139.8418301
82307863.9278944
31830907.5779066
74263291.5309132
44646345.146633
43419966.0801033
64546263.5934082
29402015.3063839
59119673.8437678
36165634.9796306
45122674.4369679
42676002.7295216
35903084.5180287
46202900.6912986
27849138.2986753
48590273.5767769
25444689.4781762
42219555.2434637
31759570.0814232
31235625.2748975
37558971.321072
25797098.2409138
36604722.3510862
26620993.432382
32181449.8316374
28431714.3231281
28179701.5551588
30019631.8126517
24062126.301227
31844867.5705117
20799485.7132881
31757742.6487385
20717794.7639521
28401544.4390088
23220194.5811587
24008992.4715445
25208336.9552536
21512013.0076006
24929958.2758564
21121108.6077186
23314020.6878737
21394723.9648128
21515670.5326586
21827752.4118746
19557256.0548274
22576380.5911629
17601927.7510597
23094147.7874559
16459575.3435091
22514265.7871172
16653535.3057104
20768429.5388689
17599309.8501813
18830036.7314822
18225512.1426576
17626080.7558536
18051463.2906576
17190505.0392179
17377534.7134633
17087748.4119323
16553315.4204783
17128045.3385151
15612990.575295
17327575.5179457
14577587.3230625
17565318.9264437
13703595.9720942
17502221.7159379
13305836.0480073
16919129.6196886
13423331.6488033
15971114.8240145
13726285.0313715
15058686.888072
13844303.4660072
14451489.2166213
13666003.9439689
14126327.2143115
13304833.6277846
13952999.2922537
12873702.3155444
13869887.2990473
12387210.1274385
13874354.9455995
11845566.7679374
13921521.7861326
11325696.2285787
13886304.4494589
10964520.8295647
13648722.8840196
10835402.4424797
13207523.6671782
10869073.5508864
12690551.9267026
10913905.0500344
12244627.8266137
10860663.579329
11928283.9691885
10697546.6422225
11714361.5187742
10468075.8903762
11557604.2556716
10205025.11869
11442451.9566661
9911760.74407141
11369267.9688008
9592603.29574916
11319821.4522078
9283699.99556902
11245095.3700697
9041472.70646086
11091757.339556
8901224.6504613
10847836.8661656
8844099.57235296
10553452.174355
8812204.00358309
10267942.523397
8750678.15797907
10029316.2598529
8641347.82852562
9840841.75786423
8495168.25146911
9687615.99184318
8329490.89002014
9558878.45762677
8151335.7693796
9453073.26613099
7960309.48336074
9367795.17870757
7761687.43017846
9290059.31795301
7574948.2938165
9195848.72721627
7423206.9606772
9064643.87003385
7317104.17983734
8894750.20278566
7245321.08687624
8704494.08384799
7182978.8201454
8517993.56280129
7108897.06547575
8351424.43770756
7014739.0660473
8205444.03113277
6905407.99979233
8079693.49614619
6788330.19055235
7966055.98649027
6664957.46542238
7863436.36251838
6534872.2079107
7770807.50566745
6399275.40994305
7683807.77006713
6265909.39658855
7593117.74556251
6145404.03030949
7488277.29003407
6045021.55402582
7365481.40995404
5963705.6342712
7230009.33431939
5892954.07930379
7092213.15210973
5822253.15835787
6961140.50765994
5744930.07527504
6840477.21156686
5659969.98322284
6729136.00356314
5569450.9092663
6624684.10931246
5475327.0175748
6525806.52098765
5378148.5166208
6432460.7885241
5277779.28803287
6343991.4396187
5175697.00942517
6257491.73828455
5076173.83778909
6167961.19313098
4984122.18224482
6071270.16690443
4902033.83514488
5966495.4811549
4828555.57580066
5856562.39323382
4759459.67277087
5746326.42075076
4689952.76705091
5639682.89861051
4617475.06209478
5537926.88966402
4541671.37993064
5440576.49710002
4463392.36162021
5346715.82290142
4383280.54171552
5255766.37235072
4301529.36441518
5167894.25597843
4217849.62251344
5082782.23850846
4133284.96574263
4998706.84660745
4050093.65747017
4912926.49355015
3970806.32674916
4823467.7818627
3896685.77758613
4729570.0471549
3827345.46456756
4632818.51444008
3760382.20759074
4535714.51651294
3693296.80404306
4440410.91907857
3624713.3017254
4347395.63077991
3554341.55016757
4256890.3663748
3482379.96263959
4168178.96312794
3409265.7194123
4081261.00252159
3334886.92439293
3996238.7040949
3258819.31503428
3913185.36431471
3182018.34430337
3830632.1687872
3105659.45030099
3747094.72062931
3031445.74236071
3660889.65350989
2960480.29108317
3571465.69097543
2892698.92795001
3479744.07608631
2826504.07740467
3387305.39632123
2760443.59339307
3295650.92621752
2693000.18630992
3205674.10424718
2623896.39515425
3117277.95109709
2553346.55490563
3030038.25979833
2481608.03174544
2944040.35906225
2408376.52783959
2859384.39917747
2333691.37877314
2775896.97538846
2257876.97011262
2692727.4468019
2182087.41518912
2608407.5469342
2107864.2953334
2521336.22889605
2036305.61245615
2431115.45059144
1967122.96055262
2338576.70140642
1899036.53766908
2245314.17086694
1830433.33432787
2152679.86824611
1760228.91578967
2061277.37780421
1688235.38327752
1970848.84121243
1614695.90892068
1881170.89005022
1539629.72315445
1792327.62675322
1462819.32204913
1704543.18078205
1384242.75414408
1617483.41267522
1304446.7828336
1530002.98425269
1224780.70603637
1440376.05982287
1146775.7668639
1347408.96353061
1071042.43922342
1251248.67527544
996715.880869239
1153323.00665419
922120.106766384
1055360.10621473
845790.0622038
958274.49063387
767253.791147059
861973.927072404
686838.127810848
765984.252293536
604863.198190492
670150.579042518
521186.962031679
574593.362837904
435640.431975506
479218.532403117
348812.779678502
383208.657800598
262271.779471027
285103.793506989
177093.240184542
183029.430977068
93170.6432996847
77410.570983255
9142.40814321237
-31680.8523978947
-80527.2760526159
-140454.761920718
-172103.020152327
-246450.591611157
-266615.663673131
-351218.484997436
-362463.438695368
-456442.063895959
-459781.821032827
-563528.217291082
-558786.786505065
-672444.564597149
-659253.934820761
-783820.556433333
-759721.903157872
-899694.632939185
-857707.373005285
-1022262.71336412
-952510.650327022
-1151021.73022776
-1046913.86559729
-1280795.07044485
-1146560.88065328
-1404903.81535236
-1255900.92552354
-1520625.93918185
-1374708.79992163
-1631256.50572105
-1498688.70380763
-1743018.60737716
-1623971.76531235
-1859988.06363203
-1749063.29892235
-1982498.25602102
-1874074.75047684
-2111127.40248372
-1996232.68945199
-2250416.90372764
-2109207.28885517
-2406599.37415137
-2208753.32853815
-2579935.5853808
-2302405.01693049
-2757644.196336
-2409140.39907084
-2919148.20145807
-2545843.54132333
-3053278.96529329
-2713514.61111899
-3167987.18783475
-2897523.41754258
-3282102.66731411
-3081557.95784028
-3407680.59153996
-3259316.77023122
-3545609.48545081
-3430791.35740636
-3697876.83180093
-3587817.74084309
-3880538.63627356
-3710993.11583682
-4114758.18630024
-3792445.90309936
-4395480.29970094
-3865323.89134193
-4672642.39981962
-3992837.86709375
-4885148.21075252
-4211926.87250015
-5016904.1008763
-4501288.97799199
-5110228.50772259
-4808066.47418761
-5217692.24534002
-5098967.90320397
-5355218.31835987
-5374780.85186724
-5524223.85509583
-5623794.10684397
-5758890.74846914
-5786400.37404292
-6131007.78977489
-5811384.49978231
-6635154.77391197
-5782663.68832113
-7125157.44420895
-5895894.00540888
-7429209.1783357
-6258701.62108024
-7517728.93143097
-6788827.96698802
-7534296.1285995
-7337381.67344507
-7598492.4752686
-7844132.88563807
-7717388.97633163
-8328157.72852812
-7928848.31548307
-8673468.24888668
-8464436.57146057
-8640343.28813352
-9437914.85965137
-8313590.19227603
-10496217.8834255
-8263672.70664589
-11074818.6825921
-8872711.87799711
-11057683.4918633
-9916988.64411116
-10869385.0652089
-10981425.3838628
-10800508.2544855
-12047138.6733311
-10751465.7610204
-13066295.8563993
-11162485.5094069
-13257787.1359382
-12859826.1111637
-12193161.3948368
-15347750.4235079
-11326437.6028076
-16832987.1592956
-12264909.7055189
-16621817.661364
-14457853.7878134
-16074100.2113656
-16718373.7451753
-15419911.265079
-19615002.9896243
-14532555.0758268
-21736535.2318646
-16545264.2014515
-19787018.0913221
-22687420.8408823
-15948972.9796842
-27394980.0228736
-17396618.7916517
-27192977.1869045
-21671298.6278206
-26294850.456501
-27784082.9015705
-22116963.0358414
-38531022.2097092
-19086132.369667
-38835455.4239397
-34605748.2964849
-25228312.6299047
-51533620.706467
-28407848.0806982
-57297381.0301533
-32716788.6174372
-60051955.6584506
-80045483.7231988
-7204474.66589404
-133526943.648815
-123968825.147001
-190799672.986443
-328849348.19125
332306512.731693
104182988.250655
1681523857.0083
-201104024.754221
-69230834.9488432
)
;

boundaryField
{
    electrode
    {
        type            calculated;
        value           uniform -914569507.939579;
    }
    ground
    {
        type            calculated;
        value           uniform -314694752.490671;
    }
    otherfaces
    {
        type            empty;
    }
}


// ************************************************************************* //
