/*--------------------------------*- C++ -*----------------------------------*\
| =========                 |                                                 |
| \\      /  F ield         | foam-extend: Open Source CFD                    |
|  \\    /   O peration     | Version:     4.1                                |
|   \\  /    A nd           | Web:         http://www.foam-extend.org         |
|    \\/     M anipulation  |                                                 |
\*---------------------------------------------------------------------------*/
FoamFile
{
    version     2.0;
    format      ascii;
    class       volVectorField;
    location    "2.50010000204314e-05";
    object      term1;
}
// * * * * * * * * * * * * * * * * * * * * * * * * * * * * * * * * * * * * * //

dimensions      [0 -2 -2 0 0 0 0];

internalField   nonuniform List<vector> 
500
(
(-8.96388953393771e+26 0 0)
(-1.33979466071157e+27 0 0)
(-1.39235071695997e+27 0 0)
(-1.20758397244446e+27 0 0)
(-8.49842670152064e+26 0 0)
(-5.34644723756196e+26 0 0)
(-3.51439877248264e+26 0 0)
(-2.45449844667841e+26 0 0)
(-1.84106428645045e+26 0 0)
(-1.44695033889066e+26 0 0)
(-1.18335831782977e+26 0 0)
(-9.84539509896386e+25 0 0)
(-8.47894784965056e+25 0 0)
(-7.30344988296059e+25 0 0)
(-6.46801521341964e+25 0 0)
(-5.71034615877091e+25 0 0)
(-5.14092781999426e+25 0 0)
(-4.61481986552243e+25 0 0)
(-4.21237036893724e+25 0 0)
(-3.81904755086194e+25 0 0)
(-3.52687784658425e+25 0 0)
(-3.21757588360043e+25 0 0)
(-2.9991049634194e+25 0 0)
(-2.75172939950414e+25 0 0)
(-2.58138396525381e+25 0 0)
(-2.38105987494337e+25 0 0)
(-2.24572148094907e+25 0 0)
(-2.07909429642173e+25 0 0)
(-1.97125804550469e+25 0 0)
(-1.82955202562421e+25 0 0)
(-1.743342884308e+25 0 0)
(-1.62057075929033e+25 0 0)
(-1.55187923904613e+25 0 0)
(-1.44357102466176e+25 0 0)
(-1.38885328268488e+25 0 0)
(-1.29282341882499e+25 0 0)
(-1.24838001776281e+25 0 0)
(-1.16329149519608e+25 0 0)
(-1.1267887301629e+25 0 0)
(-1.05068725861915e+25 0 0)
(-1.02115098371282e+25 0 0)
(-9.52057413129426e+24 0 0)
(-9.28682243487272e+24 0 0)
(-8.65361636716372e+24 0 0)
(-8.4718208765269e+24 0 0)
(-7.88772858189976e+24 0 0)
(-7.75073186635792e+24 0 0)
(-7.20777193875244e+24 0 0)
(-7.10909214924989e+24 0 0)
(-6.60305206118446e+24 0 0)
(-6.53455485348516e+24 0 0)
(-6.06403179673617e+24 0 0)
(-6.01841439653378e+24 0 0)
(-5.58102088776191e+24 0 0)
(-5.55467102478606e+24 0 0)
(-5.14557996343762e+24 0 0)
(-5.137462918844e+24 0 0)
(-4.75190114205589e+24 0 0)
(-4.76057086264221e+24 0 0)
(-4.39561813278971e+24 0 0)
(-4.41886986240794e+24 0 0)
(-4.07246913872456e+24 0 0)
(-4.10847246375967e+24 0 0)
(-3.77862159619944e+24 0 0)
(-3.82577967036288e+24 0 0)
(-3.51113817241804e+24 0 0)
(-3.56739192748255e+24 0 0)
(-3.26755227167658e+24 0 0)
(-3.33054681492039e+24 0 0)
(-3.04530487846413e+24 0 0)
(-3.11333215652215e+24 0 0)
(-2.84174868758373e+24 0 0)
(-2.91419600564366e+24 0 0)
(-2.65467356522577e+24 0 0)
(-2.73145663870766e+24 0 0)
(-2.48252541099795e+24 0 0)
(-2.56333898352811e+24 0 0)
(-2.32402809056022e+24 0 0)
(-2.40833322324862e+24 0 0)
(-2.17791725669098e+24 0 0)
(-2.2652291599728e+24 0 0)
(-2.04301887400988e+24 0 0)
(-2.13290992884029e+24 0 0)
(-1.91835735651077e+24 0 0)
(-2.01028711850881e+24 0 0)
(-1.80313345406351e+24 0 0)
(-1.89639263324163e+24 0 0)
(-1.6965616101348e+24 0 0)
(-1.79048018133345e+24 0 0)
(-1.5977949032228e+24 0 0)
(-1.69200368823293e+24 0 0)
(-1.50601421482454e+24 0 0)
(-1.60044520963016e+24 0 0)
(-1.42055983598819e+24 0 0)
(-1.51522647823995e+24 0 0)
(-1.34093450184334e+24 0 0)
(-1.43576735865237e+24 0 0)
(-1.26670608030455e+24 0 0)
(-1.36156596817731e+24 0 0)
(-1.19744818193032e+24 0 0)
(-1.29220248518484e+24 0 0)
(-1.1327587055942e+24 0 0)
(-1.22729016225562e+24 0 0)
(-1.07229303072114e+24 0 0)
(-1.16644775139039e+24 0 0)
(-1.01576135467467e+24 0 0)
(-1.10931893121395e+24 0 0)
(-9.62888581939178e+23 0 0)
(-1.05561277214825e+24 0 0)
(-9.13383007762341e+23 0 0)
(-1.00510902433497e+24 0 0)
(-8.66945511611579e+23 0 0)
(-9.57619427220791e+23 0 0)
(-8.23307634374354e+23 0 0)
(-9.12948568608497e+23 0 0)
(-7.82250125303341e+23 0 0)
(-8.70897304127404e+23 0 0)
(-7.43577326040691e+23 0 0)
(-8.31291779430685e+23 0 0)
(-7.07144599846964e+23 0 0)
(-7.9389582128106e+23 0 0)
(-6.72858638179599e+23 0 0)
(-7.58473299734085e+23 0 0)
(-6.40547133881793e+23 0 0)
(-7.24986727378494e+23 0 0)
(-6.1006152809683e+23 0 0)
(-6.93282775689528e+23 0 0)
(-5.8128614567934e+23 0 0)
(-6.63225498746285e+23 0 0)
(-5.54115495605833e+23 0 0)
(-6.34700789225837e+23 0 0)
(-5.2843998921774e+23 0 0)
(-6.07618220001861e+23 0 0)
(-5.04146996597915e+23 0 0)
(-5.81900090344837e+23 0 0)
(-4.81131390036677e+23 0 0)
(-5.57468966542877e+23 0 0)
(-4.5930391851768e+23 0 0)
(-5.34242487890308e+23 0 0)
(-4.38590259244821e+23 0 0)
(-5.12139383721714e+23 0 0)
(-4.18924177442905e+23 0 0)
(-4.91085271180652e+23 0 0)
(-4.00241995848183e+23 0 0)
(-4.71014345798509e+23 0 0)
(-3.82482418165855e+23 0 0)
(-4.51866191950696e+23 0 0)
(-3.65589117435215e+23 0 0)
(-4.33582278386311e+23 0 0)
(-3.4951228188e+23 0 0)
(-4.16105094359149e+23 0 0)
(-3.34207149241005e+23 0 0)
(-3.99381746696152e+23 0 0)
(-3.19629952159391e+23 0 0)
(-3.83366762110417e+23 0 0)
(-3.05735340024319e+23 0 0)
(-3.68019987871511e+23 0 0)
(-2.92483913472591e+23 0 0)
(-3.53332728112765e+23 0 0)
(-2.79809806722645e+23 0 0)
(-3.39218977720593e+23 0 0)
(-2.67679205467532e+23 0 0)
(-3.25730448994315e+23 0 0)
(-2.56094772258779e+23 0 0)
(-3.12573422489061e+23 0 0)
(-2.45003605399921e+23 0 0)
(-3.00160653941394e+23 0 0)
(-2.34427123491104e+23 0 0)
(-2.88152991039603e+23 0 0)
(-2.24283854731928e+23 0 0)
(-2.76609294471057e+23 0 0)
(-2.14564465577876e+23 0 0)
(-2.65479689570885e+23 0 0)
(-2.05233595118645e+23 0 0)
(-2.54746011051408e+23 0 0)
(-1.9627186981707e+23 0 0)
(-2.44383484062688e+23 0 0)
(-1.87662920881429e+23 0 0)
(-2.34373973301848e+23 0 0)
(-1.79388438435533e+23 0 0)
(-2.24697872625187e+23 0 0)
(-1.71428154675837e+23 0 0)
(-2.15334272909024e+23 0 0)
(-1.63758992106768e+23 0 0)
(-2.06277988599639e+23 0 0)
(-1.56371933024408e+23 0 0)
(-1.97501070737982e+23 0 0)
(-1.4924326548174e+23 0 0)
(-1.88994881965145e+23 0 0)
(-1.42362992268598e+23 0 0)
(-1.80744388181106e+23 0 0)
(-1.35714263428711e+23 0 0)
(-1.72732203930346e+23 0 0)
(-1.29287125891062e+23 0 0)
(-1.64944524760129e+23 0 0)
(-1.23068591228303e+23 0 0)
(-1.57369903605101e+23 0 0)
(-1.17046906715289e+23 0 0)
(-1.49995822072215e+23 0 0)
(-1.11210623877425e+23 0 0)
(-1.42810637604944e+23 0 0)
(-1.0555012083515e+23 0 0)
(-1.35801081587817e+23 0 0)
(-1.00055385636698e+23 0 0)
(-1.28958461257439e+23 0 0)
(-9.47159395347506e+22 0 0)
(-1.22272882580236e+23 0 0)
(-8.9522045110619e+22 0 0)
(-1.15735257972047e+23 0 0)
(-8.44643325042982e+22 0 0)
(-1.09336564393884e+23 0 0)
(-7.95339589374404e+22 0 0)
(-1.03068457418096e+23 0 0)
(-7.47227011279601e+22 0 0)
(-9.69221025534048e+22 0 0)
(-7.00226911043883e+22 0 0)
(-9.08891673595844e+22 0 0)
(-6.54266180784426e+22 0 0)
(-8.49616676200056e+22 0 0)
(-6.09270010530453e+22 0 0)
(-7.91319010955146e+22 0 0)
(-5.65173721978262e+22 0 0)
(-7.33924368262163e+22 0 0)
(-5.21904838185516e+22 0 0)
(-6.77360970741246e+22 0 0)
(-4.79401775124267e+22 0 0)
(-6.21554840852007e+22 0 0)
(-4.37602205094783e+22 0 0)
(-5.66439003553146e+22 0 0)
(-3.96444536101431e+22 0 0)
(-5.11947918347332e+22 0 0)
(-3.55867074229272e+22 0 0)
(-4.58018882574468e+22 0 0)
(-3.15810688896159e+22 0 0)
(-4.04589847472413e+22 0 0)
(-2.76214930036054e+22 0 0)
(-3.51601763146101e+22 0 0)
(-2.37023369196172e+22 0 0)
(-2.98993006490012e+22 0 0)
(-1.98181533505958e+22 0 0)
(-2.46704294991593e+22 0 0)
(-1.59637810343478e+22 0 0)
(-1.94676790495468e+22 0 0)
(-1.21345516712818e+22 0 0)
(-1.42857499065446e+22 0 0)
(-8.32773076728789e+21 0 0)
(-9.12224920428553e+21 0 0)
(-4.56145807977024e+21 0 0)
(-4.0397351955003e+21 0 0)
(-3.80855037222509e+20 0 0)
(4.06138061027321e+20 0 0)
(4.0766346676661e+21 0 0)
(4.58604462203932e+21 0 0)
(9.15677021162668e+21 0 0)
(8.35268107891279e+21 0 0)
(1.43206294141522e+22 0 0)
(1.21593226786839e+22 0 0)
(1.95029077334172e+22 0 0)
(1.59884181480363e+22 0 0)
(2.47059269510885e+22 0 0)
(1.9842862654453e+22 0 0)
(2.99348622546422e+22 0 0)
(2.37274267872618e+22 0 0)
(3.51954750713528e+22 0 0)
(2.76472820010879e+22 0 0)
(4.04937811170226e+22 0 0)
(3.16077481212605e+22 0 0)
(4.58359967067783e+22 0 0)
(3.56143699888379e+22 0 0)
(5.12283243868966e+22 0 0)
(3.96727684699911e+22 0 0)
(5.66771574339467e+22 0 0)
(4.37889321476882e+22 0 0)
(6.21888260835578e+22 0 0)
(4.79687485740606e+22 0 0)
(6.77701926828035e+22 0 0)
(5.22183100715796e+22 0 0)
(7.34279237943383e+22 0 0)
(5.65440064945839e+22 0 0)
(7.91691754104129e+22 0 0)
(6.0952542584541e+22 0 0)
(8.50007672013195e+22 0 0)
(6.54507972592739e+22 0 0)
(9.09300296216735e+22 0 0)
(7.00464908267234e+22 0 0)
(9.6964030454441e+22 0 0)
(7.47467874068402e+22 0 0)
(1.0311036443661e+23 0 0)
(7.95597972339429e+22 0 0)
(1.0937740333707e+23 0 0)
(8.44927453398283e+22 0 0)
(1.15773893244943e+23 0 0)
(8.95533425158501e+22 0 0)
(1.22309124739116e+23 0 0)
(9.47502471425019e+22 0 0)
(1.28992777286155e+23 0 0)
(1.00092295685721e+23 0 0)
(1.35833659933461e+23 0 0)
(1.05588699398257e+23 0 0)
(1.42842663300479e+23 0 0)
(1.11248902897028e+23 0 0)
(1.50030768585213e+23 0 0)
(1.17082836730402e+23 0 0)
(1.57408331739447e+23 0 0)
(1.23101568274055e+23 0 0)
(1.64987998344665e+23 0 0)
(1.29315898710075e+23 0 0)
(1.72780803951691e+23 0 0)
(1.35738600105568e+23 0 0)
(1.80798664418926e+23 0 0)
(1.42383801434057e+23 0 0)
(1.8905428049294e+23 0 0)
(1.49265893802162e+23 0 0)
(1.97559343694685e+23 0 0)
(1.56398792293001e+23 0 0)
(2.06327423329724e+23 0 0)
(1.63796243400881e+23 0 0)
(2.15384548356916e+23 0 0)
(1.71469310536153e+23 0 0)
(2.24734181807736e+23 0 0)
(1.79441910149746e+23 0 0)
(2.344056703195e+23 0 0)
(1.87722116465544e+23 0 0)
(2.44415374182149e+23 0 0)
(1.96331742677893e+23 0 0)
(2.54776151522387e+23 0 0)
(2.05289770163145e+23 0 0)
(2.65517708153401e+23 0 0)
(2.14615763162895e+23 0 0)
(2.76657194816349e+23 0 0)
(2.24319110471603e+23 0 0)
(2.88211262478192e+23 0 0)
(2.34452515157174e+23 0 0)
(3.00234677769693e+23 0 0)
(2.45012925334311e+23 0 0)
(3.12644980949585e+23 0 0)
(2.56120975973423e+23 0 0)
(3.25833096288551e+23 0 0)
(2.67702742171678e+23 0 0)
(3.39308796266405e+23 0 0)
(2.79848403639269e+23 0 0)
(3.53409755018248e+23 0 0)
(2.92540905768086e+23 0 0)
(3.68073402672743e+23 0 0)
(3.05814126622513e+23 0 0)
(3.83400725680447e+23 0 0)
(3.19728374469151e+23 0 0)
(3.99401479015157e+23 0 0)
(3.34315838432103e+23 0 0)
(4.16121852824739e+23 0 0)
(3.49618038724296e+23 0 0)
(4.33610317753655e+23 0 0)
(3.65678065412157e+23 0 0)
(4.51919586735577e+23 0 0)
(3.82543550673758e+23 0 0)
(4.71102754747213e+23 0 0)
(4.00270655851708e+23 0 0)
(4.9121086642007e+23 0 0)
(4.18925477129446e+23 0 0)
(5.12293972579519e+23 0 0)
(4.3857961597434e+23 0 0)
(5.34408141390933e+23 0 0)
(4.59303559232029e+23 0 0)
(5.57622283408079e+23 0 0)
(4.81164748760136e+23 0 0)
(5.82018494193278e+23 0 0)
(5.04232206688217e+23 0 0)
(6.07685853008029e+23 0 0)
(5.28583649652399e+23 0 0)
(6.3471630723303e+23 0 0)
(5.54308079163267e+23 0 0)
(6.63205176575974e+23 0 0)
(5.81501900105005e+23 0 0)
(6.93258576420048e+23 0 0)
(6.10264174701927e+23 0 0)
(7.24997875190681e+23 0 0)
(6.40699900018073e+23 0 0)
(7.58556481675734e+23 0 0)
(6.72933935470614e+23 0 0)
(7.94073200869136e+23 0 0)
(7.07136169799752e+23 0 0)
(8.31559369962023e+23 0 0)
(7.43508517914229e+23 0 0)
(8.71220947505422e+23 0 0)
(7.82170113807073e+23 0 0)
(9.13270442132817e+23 0 0)
(8.23279751673085e+23 0 0)
(9.57873881576176e+23 0 0)
(8.67029189363579e+23 0 0)
(1.00524264791751e+24 0 0)
(9.13614340950726e+23 0 0)
(1.05560607597781e+24 0 0)
(9.63260055868612e+23 0 0)
(1.10920314750311e+24 0 0)
(1.01621544821629e+24 0 0)
(1.1663018271437e+24 0 0)
(1.07273540643783e+24 0 0)
(1.22721856817559e+24 0 0)
(1.1330830969592e+24 0 0)
(1.29230680461075e+24 0 0)
(1.19756987483477e+24 0 0)
(1.36191034105383e+24 0 0)
(1.26660364423685e+24 0 0)
(1.43633734888663e+24 0 0)
(1.34067587800287e+24 0 0)
(1.51592115273591e+24 0 0)
(1.42028867928571e+24 0 0)
(1.60110163639756e+24 0 0)
(1.50590951176929e+24 0 0)
(1.69244093432481e+24 0 0)
(1.59801778541193e+24 0 0)
(1.79056865116672e+24 0 0)
(1.69717809287048e+24 0 0)
(1.89612670989208e+24 0 0)
(1.80406061981957e+24 0 0)
(2.00982043437518e+24 0 0)
(1.91937969795196e+24 0 0)
(2.13250489458703e+24 0 0)
(2.04383980940211e+24 0 0)
(2.26519998981991e+24 0 0)
(2.17826027608678e+24 0 0)
(2.40891510056804e+24 0 0)
(2.32377483257408e+24 0 0)
(2.56453726995657e+24 0 0)
(2.48181478516198e+24 0 0)
(2.73301847591614e+24 0 0)
(2.65388441598585e+24 0 0)
(2.91565677106635e+24 0 0)
(2.84140438174675e+24 0 0)
(3.11416332358054e+24 0 0)
(3.04587669027956e+24 0 0)
(3.33041451062792e+24 0 0)
(3.26915901507256e+24 0 0)
(3.56638410509931e+24 0 0)
(3.51343101107229e+24 0 0)
(3.82442633093702e+24 0 0)
(3.7808666992938e+24 0 0)
(4.10765097171169e+24 0 0)
(4.07375718650886e+24 0 0)
(4.41946300448989e+24 0 0)
(4.3953463117155e+24 0 0)
(4.76290127813576e+24 0 0)
(4.75018675802678e+24 0 0)
(5.14104160782394e+24 0 0)
(5.14336570314739e+24 0 0)
(5.55817865354997e+24 0 0)
(5.57989262985188e+24 0 0)
(6.02020194437527e+24 0 0)
(6.06538318632442e+24 0 0)
(6.53368614424224e+24 0 0)
(6.60718963956386e+24 0 0)
(7.10597123745376e+24 0 0)
(7.21349305739409e+24 0 0)
(7.74732997616092e+24 0 0)
(7.89249239060132e+24 0 0)
(8.4710387745498e+24 0 0)
(8.6548350828722e+24 0 0)
(9.29070355809575e+24 0 0)
(9.51726758482269e+24 0 0)
(1.02197509700842e+25 0 0)
(1.05010266790083e+25 0 0)
(1.12767548000568e+25 0 0)
(1.16293934110771e+25 0 0)
(1.24883202633446e+25 0 0)
(1.29314854924388e+25 0 0)
(1.38854350291972e+25 0 0)
(1.44470196708847e+25 0 0)
(1.55100019210946e+25 0 0)
(1.62199884853788e+25 0 0)
(1.74260444882897e+25 0 0)
(1.83045464868739e+25 0 0)
(1.97159568990501e+25 0 0)
(2.07864590632653e+25 0 0)
(2.24747293531722e+25 0 0)
(2.37960307772152e+25 0 0)
(2.58370526092473e+25 0 0)
(2.75062610675228e+25 0 0)
(3.00022216691129e+25 0 0)
(3.21845525830519e+25 0 0)
(3.52585947756512e+25 0 0)
(3.82231850061029e+25 0 0)
(4.20994172420507e+25 0 0)
(4.61846219051516e+25 0 0)
(5.13999144997353e+25 0 0)
(5.71066934610799e+25 0 0)
(6.47174659955278e+25 0 0)
(7.30033738659587e+25 0 0)
(8.48531348911437e+25 0 0)
(9.84349128183591e+25 0 0)
(1.1838556178379e+26 0 0)
(1.44750629802971e+26 0 0)
(1.84105318753315e+26 0 0)
(2.45659259416558e+26 0 0)
(3.51573699744041e+26 0 0)
(5.34912764918329e+26 0 0)
(8.50031560158026e+26 0 0)
(1.20737237940926e+27 0 0)
(1.39219268835711e+27 0 0)
(1.33982442978491e+27 0 0)
(8.96388009399229e+26 0 0)
)
;

boundaryField
{
    electrode
    {
        type            calculated;
        value           uniform (-8.96388953393771e+26 0 0);
    }
    ground
    {
        type            calculated;
        value           uniform (8.96388009399229e+26 0 0);
    }
    otherfaces
    {
        type            empty;
    }
}


// ************************************************************************* //
