/*--------------------------------*- C++ -*----------------------------------*\
| =========                 |                                                 |
| \\      /  F ield         | foam-extend: Open Source CFD                    |
|  \\    /   O peration     | Version:     4.1                                |
|   \\  /    A nd           | Web:         http://www.foam-extend.org         |
|    \\/     M anipulation  |                                                 |
\*---------------------------------------------------------------------------*/
FoamFile
{
    version     2.0;
    format      ascii;
    class       volVectorField;
    location    "2.50010000204314e-05";
    object      totalIonFlux;
}
// * * * * * * * * * * * * * * * * * * * * * * * * * * * * * * * * * * * * * //

dimensions      [0 -2 0 0 0 1 0];

internalField   nonuniform List<vector> 
500
(
(-626.396547426842 0 0)
(-618.347660684523 0 0)
(-622.328835642718 0 0)
(-611.288103261862 0 0)
(-615.318515624275 0 0)
(-616.190713895042 0 0)
(-622.081428067413 0 0)
(-621.156489541905 0 0)
(-623.883322246895 0 0)
(-622.17034106166 0 0)
(-623.723013079233 0 0)
(-621.941147081856 0 0)
(-622.975717416604 0 0)
(-621.204615344727 0 0)
(-621.937903211165 0 0)
(-620.178866283623 0 0)
(-620.73041113517 0 0)
(-618.967580476078 0 0)
(-619.368375530101 0 0)
(-617.621513683594 0 0)
(-617.884904070023 0 0)
(-616.145855798564 0 0)
(-616.290775975335 0 0)
(-614.56159695247 0 0)
(-614.585419131625 0 0)
(-612.870402307643 0 0)
(-612.789922713652 0 0)
(-611.061297033273 0 0)
(-610.90785295089 0 0)
(-609.147341813329 0 0)
(-608.929171065803 0 0)
(-607.137597273259 0 0)
(-606.854173645755 0 0)
(-605.030486536694 0 0)
(-604.685048783568 0 0)
(-602.830954181813 0 0)
(-602.416497152949 0 0)
(-600.542723596254 0 0)
(-600.052839242189 0 0)
(-598.159007619842 0 0)
(-597.603170222492 0 0)
(-595.675607895684 0 0)
(-595.068471811981 0 0)
(-593.097101957959 0 0)
(-592.444248051138 0 0)
(-590.428142100822 0 0)
(-589.730318777556 0 0)
(-587.668801736653 0 0)
(-586.92796428879 0 0)
(-584.821235060362 0 0)
(-584.035430639512 0 0)
(-581.889127270427 0 0)
(-581.052107066145 0 0)
(-578.872505617054 0 0)
(-577.981866922371 0 0)
(-575.768145750286 0 0)
(-574.829286910411 0 0)
(-572.574805028476 0 0)
(-571.595239910492 0 0)
(-569.294966776536 0 0)
(-568.278401538008 0 0)
(-565.931234633623 0 0)
(-564.878954126245 0 0)
(-562.484466354021 0 0)
(-561.398019389576 0 0)
(-558.955905652228 0 0)
(-557.835515958173 0 0)
(-555.34783343878 0 0)
(-554.190886956004 0 0)
(-551.661952711854 0 0)
(-550.46503702623 0 0)
(-547.897952812698 0 0)
(-546.66067827122 0 0)
(-544.05469963103 0 0)
(-542.780312463718 0 0)
(-540.132280955708 0 0)
(-538.824687800032 0 0)
(-536.132253681717 0 0)
(-534.793699329347 0 0)
(-532.056184634278 0 0)
(-530.687798991385 0 0)
(-527.904959908519 0 0)
(-526.507840218125 0 0)
(-523.679495120213 0 0)
(-522.254345107588 0 0)
(-519.381238312572 0 0)
(-517.927359305952 0 0)
(-515.011722017347 0 0)
(-513.527275615553 0 0)
(-510.571798310222 0 0)
(-509.055401499123 0 0)
(-506.061437529703 0 0)
(-504.513580526207 0 0)
(-501.480571803995 0 0)
(-499.903269426911 0 0)
(-496.829841739732 0 0)
(-495.225175360797 0 0)
(-492.110452632164 0 0)
(-490.479772554387 0 0)
(-487.323572778816 0 0)
(-485.667750655703 0 0)
(-482.470104494664 0 0)
(-480.789952664407 0 0)
(-477.550925102614 0 0)
(-475.847079353905 0 0)
(-472.567138027767 0 0)
(-470.839598154284 0 0)
(-467.520003077015 0 0)
(-465.768029015209 0 0)
(-462.4105684863 0 0)
(-460.633289767377 0 0)
(-457.239437398519 0 0)
(-455.436692062019 0 0)
(-452.006978744997 0 0)
(-450.17957097119 0 0)
(-446.713735326631 0 0)
(-444.862953237886 0 0)
(-441.360583457076 0 0)
(-439.487588524547 0 0)
(-435.948572529535 0 0)
(-434.054185633278 0 0)
(-430.478701162665 0 0)
(-428.563569212493 0 0)
(-424.951868114232 0 0)
(-423.016618256104 0 0)
(-419.368984028277 0 0)
(-417.414133682364 0 0)
(-413.731083678353 0 0)
(-411.756809094992 0 0)
(-408.039271164031 0 0)
(-406.045340338352 0 0)
(-402.294553841053 0 0)
(-400.280603434362 0 0)
(-396.497721095604 0 0)
(-394.46367717809 0 0)
(-390.649416720621 0 0)
(-388.595698868461 0 0)
(-384.7503139015 0 0)
(-382.677699066315 0 0)
(-378.801249662797 0 0)
(-376.710564263356 0 0)
(-372.803183267729 0 0)
(-370.695114122283 0 0)
(-366.757095012632 0 0)
(-364.632197120263 0 0)
(-360.663917962383 0 0)
(-358.522704693043 0 0)
(-354.524555931555 0 0)
(-352.367520165199 0 0)
(-348.33994245388 0 0)
(-346.167472140137 0 0)
(-342.111077336801 0 0)
(-339.923343327998 0 0)
(-335.838970471844 0 0)
(-333.635943543103 0 0)
(-329.524562647244 0 0)
(-327.306178699532 0 0)
(-323.16868057891 0 0)
(-320.934690321155 0 0)
(-316.771412878856 0 0)
(-314.522837867345 0 0)
(-310.334735677758 0 0)
(-308.071997251956 0 0)
(-303.857717400507 0 0)
(-301.582496969979 0 0)
(-297.34814945509 0 0)
(-295.058250030246 0 0)
(-290.797902893555 0 0)
(-288.495451726167 0 0)
(-284.211641893571 0 0)
(-281.89676538808 0 0)
(-277.589652515172 0 0)
(-275.262707272188 0 0)
(-270.933229430817 0 0)
(-268.594528847095 0 0)
(-264.243295145924 0 0)
(-261.893195870086 0 0)
(-257.520878263006 0 0)
(-255.159516945792 0 0)
(-250.766813741603 0 0)
(-248.394269781902 0 0)
(-243.981925913173 0 0)
(-241.598355105802 0 0)
(-237.167303928727 0 0)
(-234.77302550969 0 0)
(-230.323427199352 0 0)
(-227.918740989863 0 0)
(-223.451426817889 0 0)
(-221.036790633471 0 0)
(-216.5520727804 0 0)
(-214.127899226162 0 0)
(-209.626169655931 0 0)
(-207.193020373862 0 0)
(-202.674709132036 0 0)
(-200.232953025083 0 0)
(-195.698649701416 0 0)
(-193.248607458938 0 0)
(-188.698835450844 0 0)
(-186.240846743064 0 0)
(-181.676148904286 0 0)
(-179.210554044573 0 0)
(-174.631462682496 0 0)
(-172.158532295504 0 0)
(-167.565777828578 0 0)
(-165.085661710885 0 0)
(-160.479937538419 0 0)
(-157.992837372627 0 0)
(-153.374808563177 0 0)
(-150.880962697412 0 0)
(-146.251244282813 0 0)
(-143.750949806688 0 0)
(-139.110106481299 0 0)
(-136.603703467012 0 0)
(-131.952236303723 0 0)
(-129.44010271015 0 0)
(-124.778507126963 0 0)
(-122.261025081423 0 0)
(-117.589802363411 0 0)
(-115.067333228636 0 0)
(-110.387006133132 0 0)
(-107.859926614379 0 0)
(-103.170996934983 0 0)
(-100.639626038439 0 0)
(-95.942643908448 0 0)
(-93.4073427490791 0 0)
(-88.7028203093718 0 0)
(-86.1639114158424 0 0)
(-81.4524422948597 0 0)
(-78.9101849175724 0 0)
(-74.1923945122192 0 0)
(-71.6470151376675 0 0)
(-66.9235593107744 0 0)
(-64.3752787436361 0 0)
(-59.6467967956717 0 0)
(-57.0958334009458 0 0)
(-52.3629700100967 0 0)
(-49.8095954377308 0 0)
(-45.0729070596667 0 0)
(-42.5174451814974 0 0)
(-37.7774742026568 0 0)
(-35.2202681069307 0 0)
(-30.4775238820254 0 0)
(-27.9189300275055 0 0)
(-23.1739325913677 0 0)
(-20.6142919146028 0 0)
(-15.8675769206224 0 0)
(-13.3072180630651 0 0)
(-8.55931831434798 0 0)
(-5.99857318094772 0 0)
(-1.24989765130861 0 0)
(1.31062061529109 0 0)
(6.05942500396605 0 0)
(8.61991725554505 0 0)
(13.3681735568902 0 0)
(15.9280764387641 0 0)
(20.6753033244451 0 0)
(23.2343809582482 0 0)
(27.9799379184022 0 0)
(30.5379754676707 0 0)
(35.2812064796995 0 0)
(37.8379859704973 0 0)
(42.5782556343953 0 0)
(45.1335246197453 0 0)
(49.8702381331584 0 0)
(52.4236991452705 0 0)
(57.1563080215414 0 0)
(59.7076205670126 0 0)
(64.4356036840161 0 0)
(66.9844245261449 0 0)
(71.7072627708769 0 0)
(74.2532351077439 0 0)
(78.9703971219039 0 0)
(81.5131963294628 0 0)
(86.2241515565718 0 0)
(88.7634155766884 0 0)
(93.4676645347782 0 0)
(96.0030335128447 0 0)
(100.700049308634 0 0)
(103.231172081251 0 0)
(107.920424317334 0 0)
(110.446996545764 0 0)
(115.127896098701 0 0)
(117.649640948167 0 0)
(122.32154923457 0 0)
(124.838274033708 0 0)
(129.500524927278 0 0)
(132.01201597031 0 0)
(136.663918972076 0 0)
(139.169968044944 0 0)
(143.810918723507 0 0)
(146.311223793275 0 0)
(150.940672826942 0 0)
(153.434871257609 0 0)
(158.052285838396 0 0)
(160.540025015045 0 0)
(165.144901754393 0 0)
(167.625844451929 0 0)
(172.217632020037 0 0)
(174.691401437526 0 0)
(179.269622424005 0 0)
(181.735810366527 0 0)
(186.300009456109 0 0)
(188.758216363091 0 0)
(193.307880353091 0 0)
(195.757708121603 0 0)
(200.292380122672 0 0)
(202.733464199094 0 0)
(207.252549703257 0 0)
(209.684617037862 0 0)
(214.187438633607 0 0)
(216.610331307692 0 0)
(221.096151965019 0 0)
(223.509769827485 0 0)
(227.977799283511 0 0)
(230.38199543026 0 0)
(234.831511685914 0 0)
(237.225878126845 0 0)
(241.65665146466 0 0)
(244.040862799966 0 0)
(248.451955200129 0 0)
(250.82569211609 0 0)
(255.216981957757 0 0)
(257.579668867598 0 0)
(261.950661487072 0 0)
(264.301966651693 0 0)
(268.652035510923 0 0)
(270.991455908929 0 0)
(275.320329295225 0 0)
(277.647415484218 0 0)
(281.954745341802 0 0)
(284.268851607639 0 0)
(288.553451098635 0 0)
(290.854478722839 0 0)
(295.116267638667 0 0)
(297.404342039004 0 0)
(301.639804253039 0 0)
(303.913314216071 0 0)
(308.129428129048 0 0)
(310.390944242166 0 0)
(314.5799187501 0 0)
(316.828101711143 0 0)
(320.99131467987 0 0)
(323.225934350699 0 0)
(327.362240440858 0 0)
(329.58215562094 0 0)
(333.69153361678 0 0)
(335.896696348734 0 0)
(339.978719541185 0 0)
(342.168639703463 0 0)
(346.222934560674 0 0)
(348.39703230941 0 0)
(352.423333733216 0 0)
(354.58092708343 0 0)
(358.579030443912 0 0)
(360.719461660813 0 0)
(364.68903495459 0 0)
(366.811876197914 0 0)
(370.75227106433 0 0)
(372.857455929491 0 0)
(376.767691775959 0 0)
(378.855403472349 0 0)
(382.734390157875 0 0)
(384.804767520959 0 0)
(388.651597992828 0 0)
(390.704499178988 0 0)
(394.518580661924 0 0)
(396.55357537017 0 0)
(400.334527524212 0 0)
(402.35105116223 0 0)
(406.098550258369 0 0)
(408.096030026947 0 0)
(411.80977165195 0 0)
(413.787565869093 0 0)
(417.467393770835 0 0)
(419.424652830932 0 0)
(423.0706406044 0 0)
(425.006336495243 0 0)
(428.618611348216 0 0)
(430.531868491527 0 0)
(434.110171810674 0 0)
(436.000701190991 0 0)
(439.544079031871 0 0)
(441.412264632707 0 0)
(444.919265025648 0 0)
(446.765717075421 0 0)
(450.234971788946 0 0)
(452.059940723349 0 0)
(455.490621308642 0 0)
(457.293771037525 0 0)
(460.685556645901 0 0)
(462.466212097525 0 0)
(465.818956301614 0 0)
(467.576399172517 0 0)
(470.889976955899 0 0)
(472.62339465055 0 0)
(475.897933397943 0 0)
(477.60609737906 0 0)
(480.842220346337 0 0)
(482.523466065251 0 0)
(485.721954281792 0 0)
(487.374885049338 0 0)
(490.535746305059 0 0)
(492.160179897088 0 0)
(495.282031102391 0 0)
(496.879046188616 0 0)
(499.959696098168 0 0)
(501.530587936471 0 0)
(504.568271894537 0 0)
(506.113438626759 0 0)
(509.107483773696 0 0)
(510.626310555744 0 0)
(513.576754700188 0 0)
(515.068290016493 0 0)
(517.975238587938 0 0)
(519.43848345038 0 0)
(522.302295096919 0 0)
(523.735652062051 0 0)
(526.557666395269 0 0)
(527.958390319608 0 0)
(530.740771037512 0 0)
(532.106155212567 0 0)
(534.849901133201 0 0)
(536.179454661984 0 0)
(538.882788148444 0 0)
(540.178590095969 0 0)
(542.838034613902 0 0)
(544.102587805858 0 0)
(546.715580429235 0 0)
(547.949545818265 0 0)
(550.515603529056 0 0)
(551.717970889103 0 0)
(554.237551861296 0 0)
(555.407016415324 0 0)
(557.880535545248 0 0)
(559.015422318299 0 0)
(561.4445838473 0 0)
(562.540871062276 0 0)
(564.930024297566 0 0)
(565.982095485573 0 0)
(568.335089500034 0 0)
(569.340510332369 0 0)
(571.655974708536 0 0)
(572.617944684418 0 0)
(574.890288551418 0 0)
(575.813528896724 0 0)
(578.038552604552 0 0)
(578.924273108671 0 0)
(581.101753636492 0 0)
(581.948276148255 0 0)
(584.079023022769 0 0)
(584.884994222764 0 0)
(586.970040346067 0 0)
(587.731458482048 0 0)
(589.7771528008 0 0)
(590.483867290307 0 0)
(592.500342902302 0 0)
(593.143844034972 0 0)
(595.1335515527 0 0)
(595.716790328691 0 0)
(597.671341005519 0 0)
(598.20285120721 0 0)
(600.115181093601 0 0)
(600.5967735036 0 0)
(602.467758347579 0 0)
(602.897280109136 0 0)
(604.726916925258 0 0)
(605.103092858671 0 0)
(606.896457683243 0 0)
(607.205506727955 0 0)
(608.982282598703 0 0)
(609.201475963631 0 0)
(610.977415606441 0 0)
(611.102579356435 0 0)
(612.867165938745 0 0)
(612.911534140068 0 0)
(614.655342141427 0 0)
(614.617668450442 0 0)
(616.342055230443 0 0)
(616.219080247072 0 0)
(617.92215586249 0 0)
(617.701223256466 0 0)
(619.41119493721 0 0)
(619.033517980176 0 0)
(620.796248650175 0 0)
(620.22014326516 0 0)
(622.01896650786 0 0)
(621.242306799511 0 0)
(623.049667952446 0 0)
(621.998607986722 0 0)
(623.780073312371 0 0)
(622.259105397264 0 0)
(623.936175295752 0 0)
(621.25889078864 0 0)
(622.193675476183 0 0)
(616.326253933785 0 0)
(615.476839790521 0 0)
(611.406809059696 0 0)
(622.410037885651 0 0)
(618.419191786067 0 0)
(626.457892663095 0 0)
)
;

boundaryField
{
    electrode
    {
        type            calculated;
        value           uniform (-626.396547426842 0 0);
    }
    ground
    {
        type            calculated;
        value           uniform (626.457892663095 0 0);
    }
    otherfaces
    {
        type            empty;
    }
}


// ************************************************************************* //
