/*--------------------------------*- C++ -*----------------------------------*\
| =========                 |                                                 |
| \\      /  F ield         | foam-extend: Open Source CFD                    |
|  \\    /   O peration     | Version:     4.1                                |
|   \\  /    A nd           | Web:         http://www.foam-extend.org         |
|    \\/     M anipulation  |                                                 |
\*---------------------------------------------------------------------------*/
FoamFile
{
    version     2.0;
    format      ascii;
    class       volVectorField;
    location    "2.50010000204314e-05";
    object      totalElectronFlux;
}
// * * * * * * * * * * * * * * * * * * * * * * * * * * * * * * * * * * * * * //

dimensions      [0 -2 0 0 0 1 0];

internalField   nonuniform List<vector> 
500
(
(403.689194396288 0 0)
(-270.512216412048 0 0)
(-5690.62296106763 0 0)
(1980.74651371233 0 0)
(5096.53716007329 0 0)
(-763.299653977579 0 0)
(2399.09045731796 0 0)
(1148.87223919688 0 0)
(-4270.58366569536 0 0)
(-1191.45027733058 0 0)
(-3815.18130956074 0 0)
(-1583.93956558949 0 0)
(-2644.97510586396 0 0)
(-4388.92702847976 0 0)
(-594.570989891452 0 0)
(-4243.45988917006 0 0)
(-2348.74114425198 0 0)
(-2411.52319900758 0 0)
(-3480.65346085107 0 0)
(-1988.60473926695 0 0)
(-4058.84569952569 0 0)
(-1646.82320962813 0 0)
(-3988.35766699782 0 0)
(-2547.04767448344 0 0)
(-2531.99505965417 0 0)
(-3964.42580487152 0 0)
(-1873.69946475098 0 0)
(-3877.4691941656 0 0)
(-2484.16659845349 0 0)
(-3174.12302393602 0 0)
(-3124.55988353225 0 0)
(-2697.30590952741 0 0)
(-3601.07805893394 0 0)
(-2223.73455132773 0 0)
(-4000.59727670118 0 0)
(-2164.36334816994 0 0)
(-3649.99483075543 0 0)
(-2860.01899128974 0 0)
(-2847.93955891355 0 0)
(-3541.65145553391 0 0)
(-2486.441729895 0 0)
(-3603.15754398361 0 0)
(-2697.30978282538 0 0)
(-3316.35707713272 0 0)
(-3012.74927347212 0 0)
(-3036.80817978667 0 0)
(-3323.53745683315 0 0)
(-2704.83413343053 0 0)
(-3672.46511468637 0 0)
(-2441.84083724506 0 0)
(-3797.13353932181 0 0)
(-2540.76310926372 0 0)
(-3518.4577404567 0 0)
(-2961.58141449017 0 0)
(-3090.9222559765 0 0)
(-3326.05271551127 0 0)
(-2881.99863875431 0 0)
(-3398.71952728085 0 0)
(-2936.57645351112 0 0)
(-3287.95796831048 0 0)
(-3078.43441332678 0 0)
(-3137.34856366143 0 0)
(-3247.25240192121 0 0)
(-2944.18534888982 0 0)
(-3467.57311790527 0 0)
(-2735.90277713084 0 0)
(-3652.86715441664 0 0)
(-2644.41115525268 0 0)
(-3661.11475219407 0 0)
(-2764.0766768957 0 0)
(-3474.19669570517 0 0)
(-3009.09982751199 0 0)
(-3246.09669732229 0 0)
(-3201.4065070171 0 0)
(-3132.38358952164 0 0)
(-3255.43111555721 0 0)
(-3144.53315875724 0 0)
(-3218.91353748388 0 0)
(-3212.90498906279 0 0)
(-3148.98755688223 0 0)
(-3308.58145383652 0 0)
(-3048.25119371062 0 0)
(-3436.68559200033 0 0)
(-2920.6296699271 0 0)
(-3572.48646393315 0 0)
(-2819.1016948772 0 0)
(-3644.91236577236 0 0)
(-2811.29338683431 0 0)
(-3606.00268842521 0 0)
(-2909.97487543607 0 0)
(-3486.2029907467 0 0)
(-3047.70339154179 0 0)
(-3369.32671216959 0 0)
(-3144.25871673758 0 0)
(-3314.08876448886 0 0)
(-3173.85197193989 0 0)
(-3317.28593718058 0 0)
(-3159.89643687837 0 0)
(-3352.48773408247 0 0)
(-3126.06017600385 0 0)
(-3408.51660312689 0 0)
(-3074.39871038348 0 0)
(-3486.5442955007 0 0)
(-3004.9150378496 0 0)
(-3575.38566894052 0 0)
(-2937.69663046672 0 0)
(-3641.7736172775 0 0)
(-2908.98794942529 0 0)
(-3653.05238546373 0 0)
(-2939.53397417087 0 0)
(-3607.96800552788 0 0)
(-3012.31699573127 0 0)
(-3540.10904884833 0 0)
(-3086.97198978016 0 0)
(-3489.01835961646 0 0)
(-3133.57502171242 0 0)
(-3471.17270220678 0 0)
(-3148.37225569865 0 0)
(-3479.87025539181 0 0)
(-3142.7234516509 0 0)
(-3503.48860003543 0 0)
(-3124.85430574731 0 0)
(-3538.80500630737 0 0)
(-3094.94580198715 0 0)
(-3586.6150267803 0 0)
(-3054.2287312479 0 0)
(-3641.01260755158 0 0)
(-3014.52995919146 0 0)
(-3685.8455144808 0 0)
(-2994.75693189458 0 0)
(-3703.42453975848 0 0)
(-3007.22287897639 0 0)
(-3689.70772666979 0 0)
(-3046.38140276206 0 0)
(-3657.93817719054 0 0)
(-3093.18054503214 0 0)
(-3627.92031415397 0 0)
(-3128.96682153858 0 0)
(-3612.29767945521 0 0)
(-3147.20579051812 0 0)
(-3612.26938657388 0 0)
(-3151.29765739563 0 0)
(-3623.04312938636 0 0)
(-3146.82478488461 0 0)
(-3641.53725441855 0 0)
(-3135.85478632863 0 0)
(-3667.93344930001 0 0)
(-3118.10536359908 0 0)
(-3701.63865989394 0 0)
(-3095.7927232912 0 0)
(-3737.3719563509 0 0)
(-3076.98320835732 0 0)
(-3765.38774177424 0 0)
(-3071.38628623632 0 0)
(-3777.31886083501 0 0)
(-3083.69049200418 0 0)
(-3772.52603985605 0 0)
(-3109.46233189461 0 0)
(-3758.57004746569 0 0)
(-3138.61428187776 0 0)
(-3745.65947273449 0 0)
(-3162.26448359078 0 0)
(-3740.31749216213 0 0)
(-3176.90597772497 0 0)
(-3743.38179343827 0 0)
(-3183.85227786206 0 0)
(-3752.65496749815 0 0)
(-3185.61532823951 0 0)
(-3766.39708097898 0 0)
(-3183.24968196756 0 0)
(-3784.5342395251 0 0)
(-3176.48732276745 0 0)
(-3806.94694156704 0 0)
(-3166.10645923505 0 0)
(-3831.49049513027 0 0)
(-3155.93560345636 0 0)
(-3853.32869001615 0 0)
(-3151.48505815801 0 0)
(-3867.15671378789 0 0)
(-3156.56272765068 0 0)
(-3871.02687344225 0 0)
(-3170.71434845251 0 0)
(-3867.66419192902 0 0)
(-3189.63339958853 0 0)
(-3862.40811127246 0 0)
(-3207.93006301964 0 0)
(-3859.95293654654 0 0)
(-3222.13287845289 0 0)
(-3862.22912296189 0 0)
(-3231.68324786192 0 0)
(-3868.73487358385 0 0)
(-3237.62802590384 0 0)
(-3878.31544902511 0 0)
(-3240.85614781743 0 0)
(-3890.50580120049 0 0)
(-3241.50309980379 0 0)
(-3905.49124417594 0 0)
(-3239.43618309382 0 0)
(-3922.92872587345 0 0)
(-3235.60018845536 0 0)
(-3940.96067964843 0 0)
(-3232.71284990112 0 0)
(-3956.39218841923 0 0)
(-3234.00033437572 0 0)
(-3966.60584592887 0 0)
(-3241.14992115235 0 0)
(-3971.04770161445 0 0)
(-3253.3729069217 0 0)
(-3971.61216429271 0 0)
(-3267.98784038991 0 0)
(-3971.41070784028 0 0)
(-3281.9064212865 0 0)
(-3973.02789619336 0 0)
(-3293.41841922722 0 0)
(-3977.33018304049 0 0)
(-3302.29956266896 0 0)
(-3984.05464186718 0 0)
(-3309.07843002872 0 0)
(-3992.68930106735 0 0)
(-3314.08074152356 0 0)
(-4003.04559577101 0 0)
(-3317.33586850842 0 0)
(-4015.3291603677 0 0)
(-3318.57666085714 0 0)
(-4029.4116701052 0 0)
(-3318.58409596181 0 0)
(-4043.93735050331 0 0)
(-3319.19645657589 0 0)
(-4056.70799069627 0 0)
(-3322.58712223874 0 0)
(-4066.03090075665 0 0)
(-3329.86466175311 0 0)
(-4071.32192996556 0 0)
(-3340.86846031845 0 0)
(-4073.73392554441 0 0)
(-3353.70303077968 0 0)
(-4075.37630398199 0 0)
(-3366.29559656351 0 0)
(-4078.11091157542 0 0)
(-3377.36883527378 0 0)
(-4082.45163997065 0 0)
(-3386.7492591048 0 0)
(-4088.57675353387 0 0)
(-3394.47898092035 0 0)
(-4096.06380957031 0 0)
(-3400.94029008187 0 0)
(-4104.96688167642 0 0)
(-3405.89499185134 0 0)
(-4115.5231269798 0 0)
(-3408.95803545443 0 0)
(-4127.86168778301 0 0)
(-3410.7801345178 0 0)
(-4140.86677877719 0 0)
(-3412.64072341625 0 0)
(-4152.90433520562 0 0)
(-3416.46530676369 0 0)
(-4162.11100498974 0 0)
(-3423.67899433193 0 0)
(-4167.56449660877 0 0)
(-3434.48073069674 0 0)
(-4170.05788927956 0 0)
(-3447.48555701052 0 0)
(-4171.08416410373 0 0)
(-3461.01816982313 0 0)
(-4172.63098275834 0 0)
(-3473.2311537151 0 0)
(-4175.85131830986 0 0)
(-3483.61766595445 0 0)
(-4180.86326166968 0 0)
(-3492.38303287934 0 0)
(-4187.2763752815 0 0)
(-3499.67936351311 0 0)
(-4195.34823708312 0 0)
(-3505.13805098688 0 0)
(-4205.32457045783 0 0)
(-3508.52412934114 0 0)
(-4217.4150260977 0 0)
(-3509.99661960107 0 0)
(-4230.82141077576 0 0)
(-3510.96113234214 0 0)
(-4243.55806853315 0 0)
(-3513.90595378757 0 0)
(-4253.01015550879 0 0)
(-3520.98493897155 0 0)
(-4257.81633594027 0 0)
(-3532.72936171136 0 0)
(-4258.34262033423 0 0)
(-3547.80546285012 0 0)
(-4256.70087766951 0 0)
(-3563.71881226736 0 0)
(-4255.43814332727 0 0)
(-3578.19178602467 0 0)
(-4256.18385740291 0 0)
(-3590.40499912714 0 0)
(-4259.11938042281 0 0)
(-3600.42904195674 0 0)
(-4264.10682437257 0 0)
(-3608.29231112255 0 0)
(-4271.42764930718 0 0)
(-3613.43145635388 0 0)
(-4281.85853101525 0 0)
(-3615.12051045853 0 0)
(-4295.79126861433 0 0)
(-3613.53714219178 0 0)
(-4311.97510870225 0 0)
(-3611.07219117644 0 0)
(-4327.10086176429 0 0)
(-3611.71968736149 0 0)
(-4337.13918390109 0 0)
(-3618.95998144214 0 0)
(-4339.68731986116 0 0)
(-3633.60415745413 0 0)
(-4335.56217858513 0 0)
(-3653.24204147273 0 0)
(-4328.4343166142 0 0)
(-3673.67631526034 0 0)
(-4322.30171639021 0 0)
(-3691.68668900511 0 0)
(-4319.35957306007 0 0)
(-3706.22507003799 0 0)
(-4319.8144380924 0 0)
(-3717.41079617199 0 0)
(-4323.50776480978 0 0)
(-3724.89273377475 0 0)
(-4331.34311287701 0 0)
(-3727.23861612499 0 0)
(-4345.12992694628 0 0)
(-3723.21184558853 0 0)
(-4365.19761005319 0 0)
(-3714.05567179791 0 0)
(-4387.99557707713 0 0)
(-3705.13918204127 0 0)
(-4406.71223764204 0 0)
(-3704.04285452844 0 0)
(-4414.51353625171 0 0)
(-3715.7292714141 0 0)
(-4409.04124757703 0 0)
(-3739.08815214782 0 0)
(-4394.32498674774 0 0)
(-3767.61637475586 0 0)
(-4377.68211211245 0 0)
(-3794.20094210984 0 0)
(-4364.75129261749 0 0)
(-3815.09491927084 0 0)
(-4357.20014598342 0 0)
(-3830.06794813629 0 0)
(-4354.85782491345 0 0)
(-3839.37388167245 0 0)
(-4359.06290791906 0 0)
(-3840.86737125066 0 0)
(-4373.38140914175 0 0)
(-3831.13012750961 0 0)
(-4400.3662194697 0 0)
(-3810.5199506724 0 0)
(-4435.71062966464 0 0)
(-3787.51378973595 0 0)
(-4467.52180832892 0 0)
(-3776.57739617152 0 0)
(-4481.61709258418 0 0)
(-3788.51582546986 0 0)
(-4471.737428748 0 0)
(-3822.1446187439 0 0)
(-4444.3135733219 0 0)
(-3865.52629100772 0 0)
(-4412.835838881 0 0)
(-3905.26155633862 0 0)
(-4387.5161776045 0 0)
(-3935.1829763659 0 0)
(-4371.66060176047 0 0)
(-3955.79398373135 0 0)
(-4364.71126732378 0 0)
(-3966.77964558884 0 0)
(-4370.30142356031 0 0)
(-3961.81724474608 0 0)
(-4396.41850609305 0 0)
(-3933.85901388956 0 0)
(-4446.04030383239 0 0)
(-3886.83313457307 0 0)
(-4505.53000707439 0 0)
(-3842.97514834874 0 0)
(-4546.90543386105 0 0)
(-3830.90058155875 0 0)
(-4546.95771967109 0 0)
(-3862.67729937583 0 0)
(-4506.60593958347 0 0)
(-3924.66893294081 0 0)
(-4448.84256188602 0 0)
(-3990.53562169397 0 0)
(-4398.16377254981 0 0)
(-4043.02387841106 0 0)
(-4363.64949817162 0 0)
(-4079.82515162285 0 0)
(-4343.46308488929 0 0)
(-4100.4722686244 0 0)
(-4342.21889402133 0 0)
(-4092.04547962197 0 0)
(-4376.98519304656 0 0)
(-4037.19774158751 0 0)
(-4457.64904106428 0 0)
(-3943.60762604611 0 0)
(-4558.53295324081 0 0)
(-3859.43274478799 0 0)
(-4621.87979256626 0 0)
(-3842.05627389372 0 0)
(-4607.25060796105 0 0)
(-3906.25122276789 0 0)
(-4526.73016218807 0 0)
(-4013.53369515329 0 0)
(-4428.99521712302 0 0)
(-4113.9974462582 0 0)
(-4351.19712595494 0 0)
(-4187.55661846992 0 0)
(-4296.89340945538 0 0)
(-4237.52046349821 0 0)
(-4268.34001013496 0 0)
(-4249.62941124364 0 0)
(-4296.43915974938 0 0)
(-4180.88023629598 0 0)
(-4420.59594089862 0 0)
(-4021.72854936184 0 0)
(-4603.49431798746 0 0)
(-3857.4520700749 0 0)
(-4726.17054123589 0 0)
(-3808.8658462392 0 0)
(-4700.57365042205 0 0)
(-3910.28066285959 0 0)
(-4554.88803607461 0 0)
(-4082.4198015176 0 0)
(-4390.79324848014 0 0)
(-4234.84660824863 0 0)
(-4262.20965648559 0 0)
(-4346.06678455422 0 0)
(-4162.07974802476 0 0)
(-4421.30180265977 0 0)
(-4121.14443310172 0 0)
(-4385.80333409644 0 0)
(-4254.58473963152 0 0)
(-4154.74529277321 0 0)
(-4569.46049345185 0 0)
(-3835.43825323772 0 0)
(-4842.41517278853 0 0)
(-3692.33434225575 0 0)
(-4844.77192304497 0 0)
(-3834.77740745779 0 0)
(-4607.85364206289 0 0)
(-4108.80264025452 0 0)
(-4338.48660823749 0 0)
(-4344.62067088797 0 0)
(-4122.0704597336 0 0)
(-4553.56261129022 0 0)
(-3921.35946983816 0 0)
(-4685.05290858228 0 0)
(-3925.40988812511 0 0)
(-4465.93268485715 0 0)
(-4361.95568226459 0 0)
(-3885.67668262944 0 0)
(-4933.7409155647 0 0)
(-3472.50787577473 0 0)
(-5051.32301777274 0 0)
(-3617.61550575395 0 0)
(-4686.53778438879 0 0)
(-4037.89690821633 0 0)
(-4287.09255886188 0 0)
(-4411.92138166323 0 0)
(-3863.56948956801 0 0)
(-4888.14372318715 0 0)
(-3448.78445571106 0 0)
(-5004.36343819425 0 0)
(-3773.27230174955 0 0)
(-4180.77377894376 0 0)
(-4872.86929079271 0 0)
(-3180.34551385783 0 0)
(-5337.42243098531 0 0)
(-3286.48917750513 0 0)
(-4868.41551747513 0 0)
(-3780.48455337615 0 0)
(-4316.25215710097 0 0)
(-4487.54951241016 0 0)
(-3269.54642023406 0 0)
(-5639.21726887038 0 0)
(-2619.66771340563 0 0)
(-4867.54236705778 0 0)
(-4322.88597177931 0 0)
(-2798.25021043243 0 0)
(-5407.59373154732 0 0)
(-2749.47079024763 0 0)
(-5090.43360099902 0 0)
(-2602.30681728718 0 0)
(-4154.52470872194 0 0)
(-5120.19403120847 0 0)
(-369.910170920092 0 0)
(-5559.37859490236 0 0)
(-4147.67658324511 0 0)
(-4338.00808680935 0 0)
(-4068.8195540616 0 0)
(1859.45291529576 0 0)
(288.715293560914 0 0)
(2860.77723209891 0 0)
(-248.754143589043 0 0)
(-68.9737957203537 0 0)
)
;

boundaryField
{
    electrode
    {
        type            calculated;
        value           uniform (938.865038878314 0 0);
    }
    ground
    {
        type            calculated;
        value           uniform (-287.453823647499 0 0);
    }
    otherfaces
    {
        type            empty;
    }
}


// ************************************************************************* //
