/*--------------------------------*- C++ -*----------------------------------*\
| =========                 |                                                 |
| \\      /  F ield         | foam-extend: Open Source CFD                    |
|  \\    /   O peration     | Version:     4.1                                |
|   \\  /    A nd           | Web:         http://www.foam-extend.org         |
|    \\/     M anipulation  |                                                 |
\*---------------------------------------------------------------------------*/
FoamFile
{
    version     2.0;
    format      ascii;
    class       volScalarField;
    location    "3.00132501849462e-06";
    object      Arp1;
}
// * * * * * * * * * * * * * * * * * * * * * * * * * * * * * * * * * * * * * //

dimensions      [0 -3 0 0 0 0 0];

internalField   nonuniform List<scalar> 
500
(
2.90315760373897e+19
2.94410598721149e+19
2.95745886226565e+19
2.98070205936833e+19
2.99639006894103e+19
3.01952590731665e+19
3.0376069781306e+19
3.06150459665621e+19
3.08190716056661e+19
3.10571633662193e+19
3.12729473594468e+19
3.15173367092269e+19
3.17509370926031e+19
3.2006588032838e+19
3.22596398213543e+19
3.25343399733927e+19
3.28068323939812e+19
3.30893061312104e+19
3.33735420614008e+19
3.36690916012301e+19
3.39696674963301e+19
3.42836989480418e+19
3.46090752804462e+19
3.49426892760678e+19
3.52800675042882e+19
3.56267702097914e+19
3.5982132022345e+19
3.63470996963119e+19
3.67233531540192e+19
3.71071916194557e+19
3.74939335661004e+19
3.78915170425353e+19
3.83017663231801e+19
3.87253609492528e+19
3.91626223248923e+19
3.96169620235565e+19
4.00841736213213e+19
4.05611954537598e+19
4.10516770504406e+19
4.15567607488097e+19
4.2077816716743e+19
4.26138974851072e+19
4.31666311511337e+19
4.3737475184939e+19
4.43219541294256e+19
4.4918332377588e+19
4.55257695746712e+19
4.61398825560676e+19
4.6768566616331e+19
4.74201084264118e+19
4.80948534536774e+19
4.87935216911762e+19
4.95164248269157e+19
5.02653925672473e+19
5.1038414527382e+19
5.18321422962868e+19
5.2646815337535e+19
5.34796770141971e+19
5.43225621906361e+19
5.51790587751093e+19
5.60672716395302e+19
5.69916480971664e+19
5.79491868836381e+19
5.89403208452832e+19
5.99618771250804e+19
6.10055976497224e+19
6.20572031685909e+19
6.31257967397154e+19
6.42358520747523e+19
6.53900105668481e+19
6.65816166702179e+19
6.7799850084923e+19
6.90236862064736e+19
7.02596467961674e+19
7.15384639266095e+19
7.28634215836948e+19
7.42160999346498e+19
7.55712066167561e+19
7.69308711967632e+19
7.8329171886986e+19
7.97692551330239e+19
8.12231339780415e+19
8.26650723040913e+19
8.41235996728222e+19
8.56234796376783e+19
8.71348233350749e+19
8.86254860930844e+19
9.01134017794017e+19
9.16312793952236e+19
9.31599374687025e+19
9.46638908931292e+19
9.61555751519903e+19
9.76678963887978e+19
9.91878788128394e+19
1.00681796508558e+20
1.02156317123588e+20
1.0364197207149e+20
1.05134239920384e+20
1.06607726566004e+20
1.08060873407774e+20
1.09516897640166e+20
1.10972997135815e+20
1.12407008291419e+20
1.13798396542246e+20
1.15158696176585e+20
1.16516263525401e+20
1.17874369447e+20
1.19221535617663e+20
1.20539018216555e+20
1.21830723230903e+20
1.23123064771779e+20
1.24420086978498e+20
1.25702965597628e+20
1.26957418398585e+20
1.28170994203049e+20
1.29342782409026e+20
1.30491465548649e+20
1.316316241506e+20
1.32767987721234e+20
1.3390517543835e+20
1.3504825379173e+20
1.36180208536122e+20
1.37280194746334e+20
1.38346155783749e+20
1.39377857679025e+20
1.40382613745985e+20
1.41371616236775e+20
1.42350328848421e+20
1.4332287416328e+20
1.44294461962439e+20
1.45257481925911e+20
1.46200027939071e+20
1.47122646579381e+20
1.4802731379958e+20
1.48913015050711e+20
1.49780225332219e+20
1.50629574856303e+20
1.51463886390778e+20
1.52290346153059e+20
1.53108075025918e+20
1.53909696309274e+20
1.54693754670081e+20
1.55462711911514e+20
1.56218349711776e+20
1.56961826460772e+20
1.57694295970706e+20
1.58416413004212e+20
1.59129075011474e+20
1.59831589496284e+20
1.60519239916463e+20
1.61189397060045e+20
1.61844207981268e+20
1.6248634205607e+20
1.63117327298975e+20
1.63738027364127e+20
1.64349445492233e+20
1.64952745128383e+20
1.65546810108958e+20
1.66129814484922e+20
1.6670197303307e+20
1.67263332594782e+20
1.67813564646814e+20
1.68353585014728e+20
1.68884067861621e+20
1.69404455313399e+20
1.69914574956593e+20
1.70415119603158e+20
1.70906875023089e+20
1.71390222291975e+20
1.71865321474791e+20
1.72332237545027e+20
1.72790895106073e+20
1.73241084619646e+20
1.73683158215742e+20
1.74117876645637e+20
1.74545425581003e+20
1.74965211110498e+20
1.7537720242836e+20
1.75781983758787e+20
1.76179685275394e+20
1.76570235498063e+20
1.76953466669966e+20
1.77329366367651e+20
1.77698148825369e+20
1.78060037899238e+20
1.78415167583567e+20
1.7876361774022e+20
1.79105454532698e+20
1.79440742608058e+20
1.79769545483184e+20
1.80091926926569e+20
1.80407950140467e+20
1.80717578265049e+20
1.81020676862026e+20
1.81317387659949e+20
1.81607952867963e+20
1.81892434514435e+20
1.82170878426662e+20
1.82443292558381e+20
1.82709656037512e+20
1.82969996668582e+20
1.8322440596325e+20
1.83472971978484e+20
1.83715755459902e+20
1.83952803180263e+20
1.84184159453941e+20
1.84409867727959e+20
1.84629969635026e+20
1.84844508639592e+20
1.85053545452245e+20
1.85257125940651e+20
1.8545528077899e+20
1.85648073823027e+20
1.85835593897973e+20
1.86017882965747e+20
1.86194933544576e+20
1.86366750001874e+20
1.86533347852639e+20
1.8669474116546e+20
1.86850941931535e+20
1.87001962601104e+20
1.87147816160057e+20
1.87288515596171e+20
1.87424076025622e+20
1.87554587279447e+20
1.87680093527224e+20
1.87800533324854e+20
1.87915886546592e+20
1.88026162668583e+20
1.8813136945896e+20
1.88231516402361e+20
1.88326621035962e+20
1.88416711216739e+20
1.88501806504321e+20
1.8858190583172e+20
1.8865700421103e+20
1.88727102755263e+20
1.88792206313754e+20
1.88852318406506e+20
1.88907444532334e+20
1.88957589728218e+20
1.89002755338165e+20
1.89042945267053e+20
1.89078163029916e+20
1.89108410116029e+20
1.89133688629749e+20
1.89153999836016e+20
1.8916934641704e+20
1.89179748282317e+20
1.89185136556265e+20
1.89185600705199e+20
1.8918112147249e+20
1.89171649116874e+20
1.8915721809682e+20
1.89137829069961e+20
1.89113477726833e+20
1.89084162126841e+20
1.890498812113e+20
1.8901063368673e+20
1.88966417618739e+20
1.88917231241634e+20
1.88863072658876e+20
1.88803938810705e+20
1.88739826847846e+20
1.88670732810001e+20
1.88596652221952e+20
1.8851759539449e+20
1.88433629559916e+20
1.88344853064601e+20
1.88251172006237e+20
1.88152416337603e+20
1.88048565933698e+20
1.87939638926871e+20
1.87825639742949e+20
1.87706562723443e+20
1.87582398309587e+20
1.87453136542682e+20
1.8731876757314e+20
1.87179280265147e+20
1.87034664249709e+20
1.86884908274201e+20
1.86729975565026e+20
1.86569826718772e+20
1.86404460476644e+20
1.86233867716607e+20
1.86057995583411e+20
1.85876795800445e+20
1.85690249624181e+20
1.85498332489304e+20
1.85301006236565e+20
1.85098229319673e+20
1.84889962189525e+20
1.84676165896458e+20
1.84456801158033e+20
1.84231828095086e+20
1.84001204889725e+20
1.83764889210691e+20
1.83522838462477e+20
1.83275008092117e+20
1.83021319980125e+20
1.82761540233194e+20
1.82495261381245e+20
1.8222260385034e+20
1.81944018408257e+20
1.81659543781611e+20
1.8136906327799e+20
1.81072481132626e+20
1.80769727607892e+20
1.80460742064396e+20
1.80145465270884e+20
1.79823838525871e+20
1.79495801883922e+20
1.79161293964926e+20
1.78820253119227e+20
1.78472617127667e+20
1.78118323764806e+20
1.77757297155772e+20
1.7738932878941e+20
1.77013742969249e+20
1.76629594660418e+20
1.7623742975703e+20
1.75838460220252e+20
1.75432783743776e+20
1.75019972338804e+20
1.7459972097556e+20
1.74172085221086e+20
1.73737076799041e+20
1.7329452575848e+20
1.72844147815063e+20
1.72385718763731e+20
1.71919162319786e+20
1.71444423499712e+20
1.70961360434279e+20
1.70469784694503e+20
1.6996904593804e+20
1.6945705325211e+20
1.68932301993956e+20
1.68396684582926e+20
1.67852258596327e+20
1.67298873725419e+20
1.66736133038917e+20
1.66164213668843e+20
1.65582652634662e+20
1.64990778245743e+20
1.64388985177979e+20
1.63777645550934e+20
1.63156479454801e+20
1.62524866511824e+20
1.61881941381912e+20
1.61225869280113e+20
1.60553169278954e+20
1.59862083878289e+20
1.59156611222788e+20
1.58441520544405e+20
1.57717645141191e+20
1.56983848418322e+20
1.5623875767948e+20
1.55481204890154e+20
1.54709967087068e+20
1.53925760958457e+20
1.53129355174869e+20
1.52319840234361e+20
1.51498158023412e+20
1.50662171542861e+20
1.49802535571051e+20
1.48919982542779e+20
1.48022857328903e+20
1.47111651659233e+20
1.46186441467964e+20
1.4524806697286e+20
1.44294751553419e+20
1.43328850582689e+20
1.4235520532422e+20
1.41373851314945e+20
1.40382346871222e+20
1.39373944866551e+20
1.38325424985667e+20
1.37234775697836e+20
1.36123135408864e+20
1.34995506164174e+20
1.33857653316807e+20
1.32717529418052e+20
1.31576545761598e+20
1.30432907062247e+20
1.29282831081276e+20
1.28104064634359e+20
1.26866086375061e+20
1.25586048468718e+20
1.24294076247863e+20
1.22996339627352e+20
1.21703193254336e+20
1.20406092948133e+20
1.19063987396606e+20
1.17688534062047e+20
1.16319596868743e+20
1.14960143466224e+20
1.13601383502529e+20
1.1218469705033e+20
1.10716036947444e+20
1.09254235726121e+20
1.07807638437802e+20
1.06346656843316e+20
1.04833250937722e+20
1.03306852807766e+20
1.01818703399507e+20
1.00350909866276e+20
9.88333922220637e+19
9.72824154486598e+19
9.57669006006471e+19
9.42850992612813e+19
9.27648447329468e+19
9.12097825496464e+19
8.96934233169039e+19
8.82197444627584e+19
8.67184798770568e+19
8.51876683526686e+19
8.36956100019833e+19
8.22590611536298e+19
8.08132655900327e+19
7.93413089857631e+19
7.79084152700057e+19
7.65336189906875e+19
7.51912736680759e+19
7.38314850658053e+19
7.24804113439275e+19
7.11746582216819e+19
6.99234961757482e+19
6.87110875353123e+19
6.74912318517506e+19
6.62782268352764e+19
6.51065290788881e+19
6.39755850323517e+19
6.28948677446299e+19
6.18536345583385e+19
6.08102059695137e+19
5.97726296264487e+19
5.87686001570855e+19
5.77974361844756e+19
5.68637118156519e+19
5.59662153580009e+19
5.51058633481986e+19
5.42681703878551e+19
5.34297855894091e+19
5.26027502028798e+19
5.18003595998058e+19
5.10239829715776e+19
5.02719953325908e+19
4.95413699466902e+19
4.88337195550214e+19
4.81493393222685e+19
4.74878940111995e+19
4.68484655130437e+19
4.62295398712995e+19
4.56172162152743e+19
4.50108133429138e+19
4.44233376897681e+19
4.38513821780057e+19
4.32908824091099e+19
4.27432197630371e+19
4.22114060837172e+19
4.16955193719788e+19
4.11955103900083e+19
4.07099738916194e+19
4.02395588707662e+19
3.97817318585112e+19
3.93322915444118e+19
3.88948780572858e+19
3.84721713826468e+19
3.80645275365644e+19
3.76709435644853e+19
3.72874309261405e+19
3.69046559853868e+19
3.65252559827986e+19
3.61551057409048e+19
3.57970044763687e+19
3.544826250994e+19
3.51109947108486e+19
3.47819413652687e+19
3.44590920838907e+19
3.41395168661582e+19
3.38323337581548e+19
3.35318507281197e+19
3.32451923283225e+19
3.2961723177067e+19
3.26941558606132e+19
3.24205206300575e+19
3.21625280658898e+19
3.18987837976328e+19
3.16612365696957e+19
3.14114273642652e+19
3.1194435037483e+19
3.09538989588692e+19
3.07572083561068e+19
3.0516665808977e+19
3.03337426589138e+19
3.00932537269169e+19
2.99369141063951e+19
2.96943861284665e+19
2.95686261110859e+19
2.92026477980533e+19
)
;

boundaryField
{
    electrode
    {
        type            zeroGradient;
    }
    ground
    {
        type            zeroGradient;
    }
    otherfaces
    {
        type            empty;
    }
}


// ************************************************************************* //
