/*--------------------------------*- C++ -*----------------------------------*\
| =========                 |                                                 |
| \\      /  F ield         | foam-extend: Open Source CFD                    |
|  \\    /   O peration     | Version:     4.1                                |
|   \\  /    A nd           | Web:         http://www.foam-extend.org         |
|    \\/     M anipulation  |                                                 |
\*---------------------------------------------------------------------------*/
FoamFile
{
    version     2.0;
    format      ascii;
    class       volScalarField;
    location    "1.50099999934947e-05";
    object      electronMean;
}
// * * * * * * * * * * * * * * * * * * * * * * * * * * * * * * * * * * * * * //

dimensions      [0 -3 0 0 0 0 0];

internalField   nonuniform List<scalar> 
500
(
3.92559829412184e+15
5.25062885221771e+15
6.91089498159766e+15
8.96404936096359e+15
1.14714621698309e+16
1.44969895550035e+16
1.81056683990185e+16
2.23622664645916e+16
2.73298141321766e+16
3.30682403780631e+16
3.96332855009344e+16
4.70756714024885e+16
5.54405831707748e+16
6.47675275743896e+16
7.509071842269e+16
8.64397881644571e+16
9.88408005706687e+16
1.12317620316906e+17
1.268936092985e+17
1.42593317743948e+17
1.59444264020497e+17
1.77478979245229e+17
1.96737238732364e+17
2.17268388992446e+17
2.39133842977196e+17
2.62409333994188e+17
2.8718677675251e+17
3.13576070325655e+17
3.41706948627344e+17
3.71730862859837e+17
4.03822834977641e+17
4.38183362261353e+17
4.75039156960143e+17
5.14639174326297e+17
5.57244884832784e+17
6.03117452216536e+17
6.52503172907543e+17
7.05618178930523e+17
7.62628939992764e+17
8.23624348589965e+17
8.88591145272408e+17
9.57405850960246e+17
1.02983318255174e+18
1.10552297819359e+18
1.18402518004088e+18
1.26482286435722e+18
1.347358016174e+18
1.43106140700771e+18
1.5153870272766e+18
1.59983402729969e+18
1.68396769591005e+18
1.76742965087453e+18
1.84993743105717e+18
1.93128206283555e+18
2.01131856061867e+18
2.08996048523645e+18
2.16716698361241e+18
2.24292751710204e+18
2.31725411107782e+18
2.39017223822457e+18
2.46172583424212e+18
2.5319765148781e+18
2.60098395260937e+18
2.66880696850622e+18
2.73551818325708e+18
2.80119267577877e+18
2.86588481527715e+18
2.92962620884266e+18
2.99244421370475e+18
3.05438068089462e+18
3.11549064072891e+18
3.17582787683817e+18
3.23543860189321e+18
3.29436262687419e+18
3.35263461311725e+18
3.41028439132886e+18
3.46733665172853e+18
3.52381246099148e+18
3.57973328796873e+18
3.6351227517259e+18
3.69000432969169e+18
3.74439933184873e+18
3.79832687372726e+18
3.85180477043355e+18
3.904850559325e+18
3.95748134574555e+18
4.00971254729463e+18
4.06155735398206e+18
4.11302724104395e+18
4.16413248133093e+18
4.21488223451987e+18
4.26528447631892e+18
4.31534613485943e+18
4.3650733842855e+18
4.41447182714476e+18
4.46354656779505e+18
4.51230226745162e+18
4.56074319390979e+18
4.60887326654466e+18
4.65669609806268e+18
4.7042150347392e+18
4.75143319769449e+18
4.79835353083065e+18
4.84497887757654e+18
4.89131214199889e+18
4.93735642328366e+18
4.98311466547404e+18
5.02858891577004e+18
5.07378015422759e+18
5.11868881242375e+18
5.16331516785455e+18
5.20765941730178e+18
5.25172167869937e+18
5.29550199608693e+18
5.33900034500892e+18
5.38221663737652e+18
5.42515072593243e+18
5.46780240840709e+18
5.51017143133182e+18
5.55225749367147e+18
5.59406025013141e+18
5.63557931432249e+18
5.67681426167644e+18
5.71776463222461e+18
5.75842993317221e+18
5.798809641343e+18
5.83890320541936e+18
5.87871004812858e+18
5.9182295682477e+18
5.95746114252363e+18
5.99640412748091e+18
6.03505786104031e+18
6.07342166408684e+18
6.11149484195435e+18
6.14927668586101e+18
6.18676647422816e+18
6.22396347395022e+18
6.26086694159758e+18
6.29747612453442e+18
6.33379026195583e+18
6.36980858598253e+18
6.4055303227011e+18
6.44095469308895e+18
6.47608091388638e+18
6.5109081983906e+18
6.54543575729142e+18
6.57966279936544e+18
6.61358853221436e+18
6.64721216291709e+18
6.68053289869442e+18
6.71354994750745e+18
6.74626251867527e+18
6.77866982337129e+18
6.81077107521266e+18
6.84256549070367e+18
6.87405228972725e+18
6.90523069599157e+18
6.93609993748164e+18
6.96665924684043e+18
6.9969078618147e+18
7.02684502557513e+18
7.05646998711035e+18
7.08578200157296e+18
7.11478033059791e+18
7.14346424261521e+18
7.17183301316372e+18
7.19988592516381e+18
7.22762226920393e+18
7.25504134379269e+18
7.28214245561791e+18
7.30892491978275e+18
7.33538806002827e+18
7.36153120900325e+18
7.38735370843713e+18
7.41285490936824e+18
7.43803417227135e+18
7.46289086730441e+18
7.48742437443649e+18
7.5116340836565e+18
7.53551939509169e+18
7.55907971921901e+18
7.58231447695475e+18
7.60522309982155e+18
7.62780503013052e+18
7.65005972102397e+18
7.6719866366838e+18
7.69358525240642e+18
7.71485505476919e+18
7.7357955417437e+18
7.75640622277721e+18
7.77668661884002e+18
7.79663626249229e+18
7.81625469799141e+18
7.83554148137655e+18
7.85449618056812e+18
7.8731183754423e+18
7.89140765790782e+18
7.90936363200841e+18
7.92698591395599e+18
7.94427413222256e+18
7.96122792759566e+18
7.97784695326175e+18
7.99413087486913e+18
8.01007937058916e+18
8.02569213116607e+18
8.04096885997378e+18
8.05590927309599e+18
8.07051309932117e+18
8.08478008022297e+18
8.09870997022034e+18
8.11230253657696e+18
8.1255575594801e+18
8.13847483204861e+18
8.15105416040551e+18
8.1632953636834e+18
8.17519827406573e+18
8.18676273680038e+18
8.19798861023555e+18
8.20887576578014e+18
8.219424088236e+18
8.22963347640983e+18
8.23950383234088e+18
8.24903505392033e+18
8.2582270697723e+18
8.26707984925157e+18
8.27559334047911e+18
8.28376744523759e+18
8.29160205136937e+18
8.29909704623447e+18
8.30625231474438e+18
8.31306774186764e+18
8.31954321417768e+18
8.32567862051692e+18
8.33147385277417e+18
8.33692880650503e+18
8.34204338148848e+18
8.34681748226181e+18
8.35125101838318e+18
8.35534390475824e+18
8.35909606186639e+18
8.36250741605433e+18
8.36557789974806e+18
8.36830745165945e+18
8.37069601691708e+18
8.37274354723849e+18
8.37445000092119e+18
8.3758153436482e+18
8.37683954992032e+18
8.37752257581004e+18
8.37786434656643e+18
8.37786503308892e+18
8.37752463532776e+18
8.37684298276214e+18
8.37582014914289e+18
8.37445617848707e+18
8.37275109622099e+18
8.37070493651738e+18
8.36831774092311e+18
8.36558955759307e+18
8.36252044123313e+18
8.35911045300427e+18
8.35535966032064e+18
8.35126813671165e+18
8.34683596153844e+18
8.34206321977592e+18
8.33695000170041e+18
8.33149640265415e+18
8.32570252271669e+18
8.31956846619834e+18
8.31309434108085e+18
8.3062802583908e+18
8.29912633142256e+18
8.29163267508375e+18
8.28379940434088e+18
8.27562663178725e+18
8.26711446952267e+18
8.25826301570451e+18
8.24907232216672e+18
8.23954241931495e+18
8.2296733783003e+18
8.21946530108701e+18
8.20891828550037e+18
8.19803243254922e+18
8.18680785726897e+18
8.17524468805884e+18
8.16334306640035e+18
8.15110314686175e+18
8.13852509707431e+18
8.12560909773116e+18
8.11235534253789e+18
8.09876403818031e+18
8.08483540430237e+18
8.07056967344461e+18
8.0559670910288e+18
8.04102791529531e+18
8.0257524172521e+18
8.01014088066796e+18
7.99419360196614e+18
7.97791089023449e+18
7.96129306711068e+18
7.9443404667732e+18
7.927053435854e+18
7.90943233338074e+18
7.89147753069991e+18
7.8731894114304e+18
7.85456837133753e+18
7.8356148183489e+18
7.81632917239013e+18
7.79671186536295e+18
7.77676334105629e+18
7.75648405503335e+18
7.73587447455206e+18
7.71493507846758e+18
7.69366635714578e+18
7.67206881243777e+18
7.65014295760264e+18
7.62788931715016e+18
7.60530842673435e+18
7.5824008330116e+18
7.55916709352334e+18
7.53560777656329e+18
7.51172346102757e+18
7.48751473627967e+18
7.46298220200202e+18
7.4381264680473e+18
7.41294815426846e+18
7.38744789032818e+18
7.36162631557886e+18
7.33548407882219e+18
7.3090218381397e+18
7.28224026073097e+18
7.25514002267693e+18
7.22772180870034e+18
7.199986311958e+18
7.1719342337562e+18
7.14356628335834e+18
7.11488317767077e+18
7.08588564098954e+18
7.05657440471816e+18
7.02695020707134e+18
6.99701379271717e+18
6.96676591252011e+18
6.93620732313945e+18
6.90533878668535e+18
6.8741610703412e+18
6.84267494598741e+18
6.81088118973345e+18
6.77878058156333e+18
6.74637390481003e+18
6.71366194571718e+18
6.68064549295199e+18
6.64732533705615e+18
6.61370226991142e+18
6.57977708416768e+18
6.54555057259241e+18
6.51102352744508e+18
6.47619673980249e+18
6.44107099884914e+18
6.40564709114672e+18
6.36992579982248e+18
6.33390790376787e+18
6.29759417676389e+18
6.26098538656095e+18
6.22408229383776e+18
6.1868856511176e+18
6.14939620169298e+18
6.11161467855968e+18
6.0735418031869e+18
6.03517828423016e+18
5.99652481624899e+18
5.95758207825113e+18
5.91835073220952e+18
5.87883142149676e+18
5.83902476925574e+18
5.79893137660814e+18
5.75855182075565e+18
5.71788665289377e+18
5.67693639612845e+18
5.63570154315824e+18
5.59418255386542e+18
5.55237985274668e+18
5.51029382610206e+18
5.46792481916291e+18
5.42527313289609e+18
5.38233902069072e+18
5.33912268475872e+18
5.2956242723044e+18
5.25184387135791e+18
5.20778150631894e+18
5.1634371331183e+18
5.11881063376653e+18
5.07390181144964e+18
5.02871038868098e+18
4.983235934267e+18
4.93747746928769e+18
4.89143294763454e+18
4.84509942534331e+18
4.79847380262809e+18
4.75155317496439e+18
4.70433469871682e+18
4.65681542985725e+18
4.60899224720947e+18
4.56086180444803e+18
4.51242048885975e+18
4.46366438108528e+18
4.41458921336179e+18
4.36519032453076e+18
4.31546261031538e+18
4.26540046827369e+18
4.21499772444981e+18
4.16424745112183e+18
4.11314167312125e+18
4.06167123115542e+18
4.00982585262153e+18
3.95759406271443e+18
3.90496267217298e+18
3.85191626396929e+18
3.79843773250087e+18
3.74450953979638e+18
3.69011387067085e+18
3.63523161005062e+18
3.57984144862228e+18
3.52391990842346e+18
3.46744336747994e+18
3.41039035441653e+18
3.35273980318409e+18
3.29446702582258e+18
3.23554219352858e+18
3.17593064654916e+18
3.11559257576613e+18
3.05448177088212e+18
2.99254444884612e+18
2.92972557305809e+18
2.86598328150832e+18
2.80129021318478e+18
2.73561476912729e+18
2.66890259165435e+18
2.60107860362964e+18
2.53207017314603e+18
2.46181847140474e+18
2.39026382617125e+18
2.31734461313593e+18
2.24301688531781e+18
2.16725516480988e+18
2.09004741196223e+18
2.01140414380804e+18
1.93136619195817e+18
1.85001997147317e+18
1.76751044243198e+18
1.6840465481338e+18
1.59991071851488e+18
1.5154613105669e+18
1.43113301973378e+18
1.34742669429566e+18
1.26488835259135e+18
1.18408724525158e+18
1.10558142795185e+18
1.02988787720128e+18
9.57456713758936e+17
8.88638168906477e+17
8.23667590590945e+17
7.62668514219122e+17
7.0565424728789e+17
6.52535932807421e+17
6.03147121423917e+17
5.57271689033562e+17
5.14663338174565e+17
4.75060897070044e+17
4.38202882065714e+17
4.03840321717155e+17
3.71746486780566e+17
3.41720863965278e+17
3.1358841679713e+17
2.8719768110637e+17
2.62418911768817e+17
2.39142200366403e+17
2.17275624610963e+17
1.96743445125122e+17
1.77484244104272e+17
1.59448671208697e+17
1.42596948115623e+17
1.2689654119832e+17
1.12319929758937e+17
9.88425612893136e+16
8.64410715027508e+16
7.50915929851066e+16
6.47680587152169e+16
5.54408324541182e+16
4.70756960414106e+16
3.9633137766813e+16
3.30679670826526e+16
2.73294562618935e+16
2.23618589635886e+16
1.81052401097037e+16
1.44965633609993e+16
1.14710553444228e+16
8.96367408003518e+15
6.9105589608005e+15
5.25033604555463e+15
3.92534966000377e+15
)
;

boundaryField
{
    electrode
    {
        type            calculated;
        value           uniform 3.40352630185338e+15;
    }
    ground
    {
        type            calculated;
        value           uniform 3.40329900552156e+15;
    }
    otherfaces
    {
        type            empty;
    }
}


// ************************************************************************* //
