/*--------------------------------*- C++ -*----------------------------------*\
| =========                 |                                                 |
| \\      /  F ield         | foam-extend: Open Source CFD                    |
|  \\    /   O peration     | Version:     4.1                                |
|   \\  /    A nd           | Web:         http://www.foam-extend.org         |
|    \\/     M anipulation  |                                                 |
\*---------------------------------------------------------------------------*/
FoamFile
{
    version     2.0;
    format      ascii;
    class       volVectorField;
    location    "1.09518999959607e-05";
    object      Flux_Arm;
}
// * * * * * * * * * * * * * * * * * * * * * * * * * * * * * * * * * * * * * //

dimensions      [0 -2 -1 0 0 0 0];

internalField   nonuniform List<vector> 
500
(
(-3.07673792232965e+17 -0 -0)
(-9.2276575128859e+17 -0 -0)
(-1.53702225708757e+18 -0 -0)
(-2.14985996091613e+18 -0 -0)
(-2.76079155472973e+18 -0 -0)
(-3.36939871877833e+18 -0 -0)
(-3.97533735094177e+18 -0 -0)
(-4.57822700300649e+18 -0 -0)
(-5.17764855616379e+18 -0 -0)
(-5.7732140755735e+18 -0 -0)
(-6.36442621319231e+18 -0 -0)
(-6.95034803386318e+18 -0 -0)
(-7.52956380085691e+18 -0 -0)
(-8.10040054610603e+18 -0 -0)
(-8.6608823070199e+18 -0 -0)
(-9.20863807376296e+18 -0 -0)
(-9.74062188159922e+18 -0 -0)
(-1.02525679473589e+19 -0 -0)
(-1.07412661670465e+19 -0 -0)
(-1.12057363351885e+19 -0 -0)
(-1.16457375130806e+19 -0 -0)
(-1.2061549887774e+19 -0 -0)
(-1.2453750558943e+19 -0 -0)
(-1.28230418001684e+19 -0 -0)
(-1.3170156940262e+19 -0 -0)
(-1.34957704666336e+19 -0 -0)
(-1.38004611441767e+19 -0 -0)
(-1.40846905173928e+19 -0 -0)
(-1.43469800413513e+19 -0 -0)
(-1.45853110631532e+19 -0 -0)
(-1.4799373997837e+19 -0 -0)
(-1.49892711390965e+19 -0 -0)
(-1.51553155511729e+19 -0 -0)
(-1.52981516333202e+19 -0 -0)
(-1.54187166797102e+19 -0 -0)
(-1.55180535681474e+19 -0 -0)
(-1.55970404873311e+19 -0 -0)
(-1.56563900339328e+19 -0 -0)
(-1.56968130245908e+19 -0 -0)
(-1.57191095636364e+19 -0 -0)
(-1.57241770373961e+19 -0 -0)
(-1.571296463294e+19 -0 -0)
(-1.56863829940778e+19 -0 -0)
(-1.56452635432241e+19 -0 -0)
(-1.55903946867606e+19 -0 -0)
(-1.55225529245584e+19 -0 -0)
(-1.54424969863295e+19 -0 -0)
(-1.53509519324157e+19 -0 -0)
(-1.52486172997085e+19 -0 -0)
(-1.51362024006128e+19 -0 -0)
(-1.50144369705732e+19 -0 -0)
(-1.48840306878385e+19 -0 -0)
(-1.47456389265519e+19 -0 -0)
(-1.45998740701578e+19 -0 -0)
(-1.44473262642563e+19 -0 -0)
(-1.42885675027826e+19 -0 -0)
(-1.41241496819299e+19 -0 -0)
(-1.3954603654382e+19 -0 -0)
(-1.37804384631719e+19 -0 -0)
(-1.36021418310449e+19 -0 -0)
(-1.34201811314808e+19 -0 -0)
(-1.3235002963544e+19 -0 -0)
(-1.30470318577387e+19 -0 -0)
(-1.28566706641097e+19 -0 -0)
(-1.26643028385147e+19 -0 -0)
(-1.24702931887977e+19 -0 -0)
(-1.22749877472189e+19 -0 -0)
(-1.20787140928687e+19 -0 -0)
(-1.18817816263138e+19 -0 -0)
(-1.16844821366848e+19 -0 -0)
(-1.14870903263175e+19 -0 -0)
(-1.12898644733002e+19 -0 -0)
(-1.10930467317627e+19 -0 -0)
(-1.08968637149639e+19 -0 -0)
(-1.07015273835658e+19 -0 -0)
(-1.05072352719464e+19 -0 -0)
(-1.03141706507234e+19 -0 -0)
(-1.0122504303823e+19 -0 -0)
(-9.93239583087258e+18 -0 -0)
(-9.74399022869022e+18 -0 -0)
(-9.55741680849216e+18 -0 -0)
(-9.37279395401207e+18 -0 -0)
(-9.19023168136991e+18 -0 -0)
(-9.00983080655688e+18 -0 -0)
(-8.83168250361861e+18 -0 -0)
(-8.65586855055635e+18 -0 -0)
(-8.48246185001643e+18 -0 -0)
(-8.31152692923924e+18 -0 -0)
(-8.1431202989744e+18 -0 -0)
(-7.97729080452686e+18 -0 -0)
(-7.81408007803866e+18 -0 -0)
(-7.65352317158557e+18 -0 -0)
(-7.49564862428743e+18 -0 -0)
(-7.34047882159639e+18 -0 -0)
(-7.18803059134311e+18 -0 -0)
(-7.03831548415752e+18 -0 -0)
(-6.89133997398842e+18 -0 -0)
(-6.74710585818361e+18 -0 -0)
(-6.60561066443145e+18 -0 -0)
(-6.466847738587e+18 -0 -0)
(-6.33080671728378e+18 -0 -0)
(-6.19747376009097e+18 -0 -0)
(-6.06683175696458e+18 -0 -0)
(-5.93886053066691e+18 -0 -0)
(-5.81353720886435e+18 -0 -0)
(-5.69083645271102e+18 -0 -0)
(-5.57073051505657e+18 -0 -0)
(-5.45318965901384e+18 -0 -0)
(-5.33818216423779e+18 -0 -0)
(-5.22567450122561e+18 -0 -0)
(-5.11563180595835e+18 -0 -0)
(-5.0080177174471e+18 -0 -0)
(-4.9027947345923e+18 -0 -0)
(-4.79992428366506e+18 -0 -0)
(-4.69936672093246e+18 -0 -0)
(-4.60108184136475e+18 -0 -0)
(-4.50502865731979e+18 -0 -0)
(-4.41116562234422e+18 -0 -0)
(-4.31945084034449e+18 -0 -0)
(-4.22984201262488e+18 -0 -0)
(-4.14229665466229e+18 -0 -0)
(-4.05677216786149e+18 -0 -0)
(-3.97322582453638e+18 -0 -0)
(-3.8916149443886e+18 -0 -0)
(-3.81189703091005e+18 -0 -0)
(-3.73402957483594e+18 -0 -0)
(-3.65797038650096e+18 -0 -0)
(-3.58367759877361e+18 -0 -0)
(-3.51110954059479e+18 -0 -0)
(-3.44022503238892e+18 -0 -0)
(-3.37098327840952e+18 -0 -0)
(-3.30334387665734e+18 -0 -0)
(-3.23726701399616e+18 -0 -0)
(-3.17271339897096e+18 -0 -0)
(-3.10964419798656e+18 -0 -0)
(-3.04802125080065e+18 -0 -0)
(-2.98780695319574e+18 -0 -0)
(-2.92896439120809e+18 -0 -0)
(-2.87145719804781e+18 -0 -0)
(-2.81524971919573e+18 -0 -0)
(-2.7603069560455e+18 -0 -0)
(-2.70659446697953e+18 -0 -0)
(-2.65407873683413e+18 -0 -0)
(-2.60272680774289e+18 -0 -0)
(-2.55250635624725e+18 -0 -0)
(-2.50338587471107e+18 -0 -0)
(-2.45533449782604e+18 -0 -0)
(-2.40832199564581e+18 -0 -0)
(-2.36231890595557e+18 -0 -0)
(-2.31729644734724e+18 -0 -0)
(-2.2732265273649e+18 -0 -0)
(-2.23008177862752e+18 -0 -0)
(-2.18783542672911e+18 -0 -0)
(-2.14646137325972e+18 -0 -0)
(-2.10593416711368e+18 -0 -0)
(-2.06622905749292e+18 -0 -0)
(-2.02732205301432e+18 -0 -0)
(-1.98918967344423e+18 -0 -0)
(-1.95180891976684e+18 -0 -0)
(-1.91515758605418e+18 -0 -0)
(-1.87921420892359e+18 -0 -0)
(-1.84395760693057e+18 -0 -0)
(-1.80936722252086e+18 -0 -0)
(-1.77542334948675e+18 -0 -0)
(-1.74210655833061e+18 -0 -0)
(-1.70939803102966e+18 -0 -0)
(-1.67727965577395e+18 -0 -0)
(-1.64573356687388e+18 -0 -0)
(-1.61474254467804e+18 -0 -0)
(-1.5842899141865e+18 -0 -0)
(-1.55435946126461e+18 -0 -0)
(-1.52493536861599e+18 -0 -0)
(-1.49600228482633e+18 -0 -0)
(-1.46754540317351e+18 -0 -0)
(-1.43955035989971e+18 -0 -0)
(-1.41200307101339e+18 -0 -0)
(-1.38488985171712e+18 -0 -0)
(-1.35819764731672e+18 -0 -0)
(-1.33191367781018e+18 -0 -0)
(-1.30602543065495e+18 -0 -0)
(-1.2805209865839e+18 -0 -0)
(-1.25538858823442e+18 -0 -0)
(-1.23061683409983e+18 -0 -0)
(-1.20619487361347e+18 -0 -0)
(-1.18211193946639e+18 -0 -0)
(-1.1583575510842e+18 -0 -0)
(-1.13492167511772e+18 -0 -0)
(-1.11179459942187e+18 -0 -0)
(-1.08896690612812e+18 -0 -0)
(-1.06642933422044e+18 -0 -0)
(-1.04417291245148e+18 -0 -0)
(-1.02218895351172e+18 -0 -0)
(-1.00046914838292e+18 -0 -0)
(-9.79005143803775e+17 -0 -0)
(-9.5778904026089e+17 -0 -0)
(-9.36813268053116e+17 -0 -0)
(-9.1607008858354e+17 -0 -0)
(-8.95552315070888e+17 -0 -0)
(-8.75252828172451e+17 -0 -0)
(-8.5516485540177e+17 -0 -0)
(-8.35281594545582e+17 -0 -0)
(-8.1559384073168e+17 -0 -0)
(-7.96085598118412e+17 -0 -0)
(-7.76759760840477e+17 -0 -0)
(-7.57633215883841e+17 -0 -0)
(-7.38692328557464e+17 -0 -0)
(-7.19916241858417e+17 -0 -0)
(-7.01300027970959e+17 -0 -0)
(-6.82840071949828e+17 -0 -0)
(-6.64531675243511e+17 -0 -0)
(-6.4636972933422e+17 -0 -0)
(-6.28349359821838e+17 -0 -0)
(-6.1046559344699e+17 -0 -0)
(-5.92713607155097e+17 -0 -0)
(-5.75088817643583e+17 -0 -0)
(-5.57586573215349e+17 -0 -0)
(-5.40202388934535e+17 -0 -0)
(-5.22931842718062e+17 -0 -0)
(-5.05770616744338e+17 -0 -0)
(-4.88714514683211e+17 -0 -0)
(-4.71759517354685e+17 -0 -0)
(-4.54901531069833e+17 -0 -0)
(-4.38136531329801e+17 -0 -0)
(-4.21460598710369e+17 -0 -0)
(-4.048699584255e+17 -0 -0)
(-3.88360928456943e+17 -0 -0)
(-3.71929871797883e+17 -0 -0)
(-3.55573040065026e+17 -0 -0)
(-3.39286872743094e+17 -0 -0)
(-3.23067968707818e+17 -0 -0)
(-3.06912720678917e+17 -0 -0)
(-2.90817705539233e+17 -0 -0)
(-2.74779692840968e+17 -0 -0)
(-2.58795329858642e+17 -0 -0)
(-2.42861360748621e+17 -0 -0)
(-2.26974545976913e+17 -0 -0)
(-2.11131597404539e+17 -0 -0)
(-1.953294526507e+17 -0 -0)
(-1.79564918712105e+17 -0 -0)
(-1.63834806517282e+17 -0 -0)
(-1.48136131283839e+17 -0 -0)
(-1.32465855605063e+17 -0 -0)
(-1.16820995881433e+17 -0 -0)
(-1.01198327794135e+17 -0 -0)
(-8.5594835412897e+16 -0 -0)
(-7.00077107867674e+16 -0 -0)
(-5.44340087926196e+16 -0 -0)
(-3.88709351556904e+16 -0 -0)
(-2.3313916876864e+16 -0 -0)
(-7.76124656060302e+15 -0 -0)
(7.78844204918555e+15 -0 -0)
(2.334101834918e+16 -0 -0)
(3.88981421535559e+16 -0 -0)
(5.44613558230668e+16 -0 -0)
(7.00351009012737e+16 -0 -0)
(8.56222603509857e+16 -0 -0)
(1.01225724469758e+17 -0 -0)
(1.16848442932177e+17 -0 -0)
(1.32493445051043e+17 -0 -0)
(1.48163801967492e+17 -0 -0)
(1.6386257412653e+17 -0 -0)
(1.79592802741831e+17 -0 -0)
(1.9535748655417e+17 -0 -0)
(2.1115988145401e+17 -0 -0)
(2.27003050997789e+17 -0 -0)
(2.42890050500109e+17 -0 -0)
(2.58824236996396e+17 -0 -0)
(2.74808825494256e+17 -0 -0)
(2.90847014288853e+17 -0 -0)
(3.06942101696597e+17 -0 -0)
(3.2309748618544e+17 -0 -0)
(3.3931672098794e+17 -0 -0)
(3.5560319515263e+17 -0 -0)
(3.71960349104856e+17 -0 -0)
(3.88391740556722e+17 -0 -0)
(4.04900987494012e+17 -0 -0)
(4.21491888426193e+17 -0 -0)
(4.3816814219041e+17 -0 -0)
(4.54933484513063e+17 -0 -0)
(4.71791858124464e+17 -0 -0)
(4.8874725293511e+17 -0 -0)
(5.05803650050641e+17 -0 -0)
(5.22965185350624e+17 -0 -0)
(5.40236072906403e+17 -0 -0)
(5.57620731158824e+17 -0 -0)
(5.75123526750845e+17 -0 -0)
(5.92748794892664e+17 -0 -0)
(6.10501191239082e+17 -0 -0)
(6.28385411879281e+17 -0 -0)
(6.46406252742262e+17 -0 -0)
(6.64568627779293e+17 -0 -0)
(6.82877560140662e+17 -0 -0)
(7.01337882937523e+17 -0 -0)
(7.19954620736439e+17 -0 -0)
(7.38731398150791e+17 -0 -0)
(7.57672782296579e+17 -0 -0)
(7.76799876612443e+17 -0 -0)
(7.96126254623756e+17 -0 -0)
(8.15635074078821e+17 -0 -0)
(8.35323420430886e+17 -0 -0)
(8.55207318966781e+17 -0 -0)
(8.75295912055953e+17 -0 -0)
(8.95595988077129e+17 -0 -0)
(9.1611436026308e+17 -0 -0)
(9.36858084981024e+17 -0 -0)
(9.57834624077991e+17 -0 -0)
(9.79051359590311e+17 -0 -0)
(1.00051601146954e+18 -0 -0)
(1.0222365657734e+18 -0 -0)
(1.04422113222377e+18 -0 -0)
(1.06647816641519e+18 -0 -0)
(1.08901645027936e+18 -0 -0)
(1.11184489747025e+18 -0 -0)
(1.13497264251749e+18 -0 -0)
(1.15840922945738e+18 -0 -0)
(1.18216436770398e+18 -0 -0)
(1.20624810027858e+18 -0 -0)
(1.23067083420908e+18 -0 -0)
(1.25544328755376e+18 -0 -0)
(1.28057643042785e+18 -0 -0)
(1.30608165407419e+18 -0 -0)
(1.33197063383019e+18 -0 -0)
(1.35825537238769e+18 -0 -0)
(1.38494832567467e+18 -0 -0)
(1.41206229715006e+18 -0 -0)
(1.43961045709531e+18 -0 -0)
(1.46760627205359e+18 -0 -0)
(1.49606383476269e+18 -0 -0)
(1.52499767645335e+18 -0 -0)
(1.55442267307592e+18 -0 -0)
(1.58435398872866e+18 -0 -0)
(1.61480735369132e+18 -0 -0)
(1.64579906153135e+18 -0 -0)
(1.67734586651148e+18 -0 -0)
(1.70946511696205e+18 -0 -0)
(1.74217441556427e+18 -0 -0)
(1.77549188550572e+18 -0 -0)
(1.8094365180757e+18 -0 -0)
(1.84402759246852e+18 -0 -0)
(1.87928493079139e+18 -0 -0)
(1.91522907216534e+18 -0 -0)
(1.95188108110115e+18 -0 -0)
(1.9892625137701e+18 -0 -0)
(2.02739559978302e+18 -0 -0)
(2.06630325452217e+18 -0 -0)
(2.10600891685095e+18 -0 -0)
(2.14653673648573e+18 -0 -0)
(2.18791148844463e+18 -0 -0)
(2.23015851417393e+18 -0 -0)
(2.2733038181385e+18 -0 -0)
(2.31737426045761e+18 -0 -0)
(2.36239724059497e+18 -0 -0)
(2.40840083474028e+18 -0 -0)
(2.45541387594611e+18 -0 -0)
(2.50346581813355e+18 -0 -0)
(2.55258671306688e+18 -0 -0)
(2.6028074887091e+18 -0 -0)
(2.65415986139372e+18 -0 -0)
(2.70667592583719e+18 -0 -0)
(2.76038872748652e+18 -0 -0)
(2.81533188679043e+18 -0 -0)
(2.87153960095927e+18 -0 -0)
(2.92904703691659e+18 -0 -0)
(2.98788987373456e+18 -0 -0)
(3.04810434926557e+18 -0 -0)
(3.10972739822715e+18 -0 -0)
(3.1727966915276e+18 -0 -0)
(3.23735040693738e+18 -0 -0)
(3.30342734028395e+18 -0 -0)
(3.37106675667564e+18 -0 -0)
(3.4403083984745e+18 -0 -0)
(3.51119278044272e+18 -0 -0)
(3.58376072194907e+18 -0 -0)
(3.65805336975529e+18 -0 -0)
(3.73411235051893e+18 -0 -0)
(3.81197958846573e+18 -0 -0)
(3.89169725862054e+18 -0 -0)
(3.97330773078889e+18 -0 -0)
(4.05685364444515e+18 -0 -0)
(4.14237775030419e+18 -0 -0)
(4.22992263418835e+18 -0 -0)
(4.31953096081592e+18 -0 -0)
(4.4112452531919e+18 -0 -0)
(4.50510769150228e+18 -0 -0)
(4.60116025120762e+18 -0 -0)
(4.69944443662376e+18 -0 -0)
(4.80000123966354e+18 -0 -0)
(4.90287101769345e+18 -0 -0)
(5.00809324207367e+18 -0 -0)
(5.11570646845835e+18 -0 -0)
(5.22574830968688e+18 -0 -0)
(5.3382550542914e+18 -0 -0)
(5.45326160669151e+18 -0 -0)
(5.57080152603014e+18 -0 -0)
(5.69090644120922e+18 -0 -0)
(5.81360618849464e+18 -0 -0)
(5.93892844799471e+18 -0 -0)
(6.06689857106816e+18 -0 -0)
(6.19753950605895e+18 -0 -0)
(6.33087131328615e+18 -0 -0)
(6.46691115271933e+18 -0 -0)
(6.60567292610156e+18 -0 -0)
(6.74716695917884e+18 -0 -0)
(6.89139987222635e+18 -0 -0)
(7.0383742145182e+18 -0 -0)
(7.18808812357922e+18 -0 -0)
(7.34053514956924e+18 -0 -0)
(7.49570378368382e+18 -0 -0)
(7.65357717329074e+18 -0 -0)
(7.81413289114461e+18 -0 -0)
(7.97734242985165e+18 -0 -0)
(8.14317084292602e+18 -0 -0)
(8.31157645310702e+18 -0 -0)
(8.48251033056113e+18 -0 -0)
(8.65591597082016e+18 -0 -0)
(8.83172893806846e+18 -0 -0)
(9.00987634606712e+18 -0 -0)
(9.19027635729653e+18 -0 -0)
(9.37283784967476e+18 -0 -0)
(9.55745997883924e+18 -0 -0)
(9.74403273407139e+18 -0 -0)
(9.93243784472348e+18 -0 -0)
(1.01225458944374e+19 -0 -0)
(1.03142118806587e+19 -0 -0)
(1.0507276264622e+19 -0 -0)
(1.07015682445211e+19 -0 -0)
(1.08969046003844e+19 -0 -0)
(1.10930877306332e+19 -0 -0)
(1.12899057572672e+19 -0 -0)
(1.14871320731602e+19 -0 -0)
(1.16845244987268e+19 -0 -0)
(1.18818248074646e+19 -0 -0)
(1.20787582878266e+19 -0 -0)
(1.22750331221831e+19 -0 -0)
(1.24703399096214e+19 -0 -0)
(1.26643512097752e+19 -0 -0)
(1.28567208448256e+19 -0 -0)
(1.30470840382969e+19 -0 -0)
(1.32350574433785e+19 -0 -0)
(1.34202381954488e+19 -0 -0)
(1.3602201816896e+19 -0 -0)
(1.37805015838655e+19 -0 -0)
(1.3954670211398e+19 -0 -0)
(1.41242200113964e+19 -0 -0)
(1.42886419022834e+19 -0 -0)
(1.44474050978419e+19 -0 -0)
(1.45999576779244e+19 -0 -0)
(1.47457276573485e+19 -0 -0)
(1.48841249313825e+19 -0 -0)
(1.50145371003363e+19 -0 -0)
(1.513630885094e+19 -0 -0)
(1.52487305074782e+19 -0 -0)
(1.53510723050574e+19 -0 -0)
(1.54426250487505e+19 -0 -0)
(1.55226891298099e+19 -0 -0)
(1.55905394672509e+19 -0 -0)
(1.56454174432254e+19 -0 -0)
(1.56865465371182e+19 -0 -0)
(1.57131383353175e+19 -0 -0)
(1.5724361479957e+19 -0 -0)
(1.57193053734616e+19 -0 -0)
(1.5697020819139e+19 -0 -0)
(1.56566104373037e+19 -0 -0)
(1.55972741210083e+19 -0 -0)
(1.55183010652546e+19 -0 -0)
(1.54189786246501e+19 -0 -0)
(1.52984285834464e+19 -0 -0)
(1.51556079811498e+19 -0 -0)
(1.49895793690032e+19 -0 -0)
(1.47996945670184e+19 -0 -0)
(1.45856375914015e+19 -0 -0)
(1.4347310115267e+19 -0 -0)
(1.40850366208213e+19 -0 -0)
(1.38008269572229e+19 -0 -0)
(1.34961439955895e+19 -0 -0)
(1.31705315876915e+19 -0 -0)
(1.28234111808431e+19 -0 -0)
(1.24541079884115e+19 -0 -0)
(1.20618888953214e+19 -0 -0)
(1.16460529605399e+19 -0 -0)
(1.12060256511782e+19 -0 -0)
(1.07415299975745e+19 -0 -0)
(1.0252811014467e+19 -0 -0)
(9.7408522658185e+18 -0 -0)
(9.20885344532606e+18 -0 -0)
(8.66107831139618e+18 -0 -0)
(8.10057965474601e+18 -0 -0)
(7.52972410937938e+18 -0 -0)
(6.95048486912338e+18 -0 -0)
(6.36453481604815e+18 -0 -0)
(5.77329478557914e+18 -0 -0)
(5.17770652358253e+18 -0 -0)
(4.57826864728849e+18 -0 -0)
(3.97536903818845e+18 -0 -0)
(3.36942332165498e+18 -0 -0)
(2.76081033553398e+18 -0 -0)
(2.14987408892144e+18 -0 -0)
(1.53703048416959e+18 -0 -0)
(9.22765238441806e+17 -0 -0)
(3.07670942223617e+17 -0 -0)
)
;

boundaryField
{
    electrode
    {
        type            calculated;
        value           uniform (-0 -0 -0);
    }
    ground
    {
        type            calculated;
        value           uniform (0 -0 -0);
    }
    otherfaces
    {
        type            empty;
    }
}


// ************************************************************************* //
