/*--------------------------------*- C++ -*----------------------------------*\
| =========                 |                                                 |
| \\      /  F ield         | foam-extend: Open Source CFD                    |
|  \\    /   O peration     | Version:     4.1                                |
|   \\  /    A nd           | Web:         http://www.foam-extend.org         |
|    \\/     M anipulation  |                                                 |
\*---------------------------------------------------------------------------*/
FoamFile
{
    version     2.0;
    format      ascii;
    class       volScalarField;
    location    "1.50009999935002e-05";
    object      eDensity;
}
// * * * * * * * * * * * * * * * * * * * * * * * * * * * * * * * * * * * * * //

dimensions      [1 -1 -2 0 0 0 0];

internalField   nonuniform List<scalar> 
500
(
0.0022345404850585
0.00306217595140116
0.00414426364037962
0.00554321876039623
0.00733277296271095
0.00959841734105534
0.0124376800322979
0.0159598330597545
0.0202849225124268
0.0255420746792281
0.0318668647627056
0.0393976058482953
0.0482708935889795
0.0586167699262819
0.0705533411463231
0.0841812524775715
0.0995787149804411
0.116796527779191
0.135854555853635
0.156739952777113
0.179406546382376
0.203776403106953
0.229742235564346
0.257171089934617
0.285909744606947
0.315790864670092
0.346639171825701
0.378276798663334
0.410528518056056
0.443226942768598
0.476216230211865
0.509353721777513
0.542512195550218
0.575582220591124
0.608471121433194
0.641100652119528
0.673406930229531
0.705340926850507
0.736867178001833
0.767961119627381
0.798605428374475
0.82878782358289
0.858503771589572
0.887757965662182
0.91656086725107
0.944924041435215
0.972855786960733
1.00036219329612
1.02745468371477
1.05415293320085
1.08047922345756
1.1064531740195
1.13208990670494
1.15739924624469
1.1823886653742
1.20706979460346
1.23145965480321
1.25557589191081
1.27943409080976
1.30304784585112
1.32642899212009
1.34958774120687
1.37253259116596
1.39527082181055
1.41781009561127
1.44015915576755
1.46232676579998
1.48432083067307
1.50614837659213
1.52781574111685
1.5493288977237
1.57069382246915
1.59191634140853
1.61300164736931
1.63395413860311
1.65477765492397
1.67547557471125
1.69605078503453
1.71650575358288
1.73684266508481
1.75706349050282
1.77717000980301
1.79716383374447
1.81704642373439
1.83681910798394
1.85648309872364
1.87603950765526
1.89548936170445
1.91483362182837
1.93407320849293
1.95320905229585
1.97224218414211
1.99117365179579
2.01000414329703
2.02873384162147
2.04736269536284
2.06589061635147
2.08431749581261
2.1026432017174
2.12086758001248
2.13899045683275
2.15701163952005
2.17493091852528
2.19274806890251
2.21046285142499
2.2280750141678
2.24558429319623
2.26299041389024
2.28029309210647
2.29749203470749
2.31458694058002
2.3315775017589
2.34846340372491
2.36524432651006
2.38191994527668
2.39848993067032
2.41495394937358
2.4313116648823
2.44756273817132
2.46370682774941
2.47974359029903
2.49567268073535
2.5114937529429
2.52720646032418
2.54281045557901
2.55830539115962
2.573690919538
2.58896669398951
2.60413236825346
2.61918759631524
2.63413203381236
2.64896533729499
2.66368716453218
2.67829717500729
2.69279503014646
2.70718039280304
2.7214529276557
2.73561230196996
2.74965818474431
2.76359024725801
2.77740816321705
2.79111160845892
2.80470026175015
2.81817380453074
2.83153192058982
2.84477429643552
2.85790062124608
2.87091058720676
2.88380388947068
2.89658022579914
2.90923929690443
2.92178080676913
2.93420446206801
2.9465099727814
2.9586970520519
2.97076541562957
2.98271478289748
2.99454487624939
3.00625542119737
3.01784614655521
3.02931678420269
3.04066706946965
3.05189674103195
3.06300554080494
3.07399321381393
3.08485950835591
3.09560417621621
3.10622697294764
3.11672765694797
3.1271059899546
3.13736173785237
3.14749466931892
3.15750455627495
3.16739117490669
3.17715430445233
3.18679372746186
3.19630923039298
3.20570060292935
3.21496763851109
3.22411013425062
3.23312789079954
3.24202071202485
3.25078840568679
3.2594307835916
3.26794766067857
3.27633885579884
3.28460419154951
3.29274349417435
3.30075659360477
3.30864332388814
3.31640352243848
3.32403703047292
3.33154369346972
3.33892336048911
3.34617588453235
3.35330112227934
3.36029893461603
3.36716918611674
3.37391174544001
3.38052648530736
3.38701328246838
3.39337201751785
3.39960257495401
3.40570484362143
3.41167871638039
3.4175240901672
3.42324086611209
3.42882894970961
3.43428824996373
3.4396186806518
3.44482015960527
3.4498926087594
3.45483595466145
3.45965012782267
3.46433506335158
3.46889070049008
3.47331698274855
3.47761385842271
3.48178128090343
3.4858192069679
3.48972758370788
3.49350636109698
3.49715552785023
3.50067507502986
3.50406495499597
3.50732511187468
3.51045549692115
3.51345605972611
3.51632674997684
3.51906751936653
3.52167832054598
3.52415910791585
3.52650983727356
3.52873046552953
3.53082095172952
3.53278125652504
3.53461134213825
3.53631117306615
3.53788071588386
3.53931993971064
3.5406288154629
3.54180731613528
3.54285541731232
3.54377309689049
3.544560335581
3.54521711623001
3.54574342446164
3.54613925003915
3.54640457727495
3.54653934211171
3.54654366444746
3.54641748611396
3.54616078833577
3.54577357747573
3.54525586667683
3.54460766321056
3.54382897805165
3.54291982471505
3.54188021939191
3.54071018149007
3.53940973242866
3.53797889552912
3.53641769717905
3.53472616662154
3.53290433502982
3.53095223558496
3.52886990418599
3.52665737886744
3.52431469997946
3.52184190967837
3.5192390523897
3.51650617384833
3.51364332125238
3.51065054375734
3.50752789176734
3.50427541606237
3.50089316766454
3.49738120518139
3.49373958033409
3.48996830946604
3.48606741197641
3.48203694405886
3.47787696443625
3.47358752398457
3.46916867826198
3.46462048843074
3.45994302058573
3.4551363455298
3.45020053989204
3.4451356851049
3.43994186741187
3.4346191785869
3.42916771505876
3.42358757819285
3.41787887541811
3.41204171832404
3.40607622384363
3.39998251380447
3.39376071526629
3.38741096013067
3.38093338546146
3.37432813342469
3.36759535103808
3.36073519012222
3.35374780726662
3.34663336521178
3.3393920306245
3.33202397513211
3.32452937505875
3.31690841220466
3.30916127271674
3.30128814770398
3.29328923328988
3.28516472967195
3.27691484218632
3.26853978100957
3.2600397605344
3.25141500009768
3.24266572353399
3.23379215882422
3.22479453853791
3.2156730998879
3.20642808397075
3.19705973654181
3.18756830745192
3.17795405058974
3.16821722420055
3.15835809006375
3.14837691404008
3.13827396597275
3.12804951935544
3.117703851516
3.1072372432581
3.09664997864938
3.08594234530687
3.07511463393823
3.0641671386652
3.05310015641483
3.04191398697286
3.03060893309993
3.01918530006608
3.00764339558122
2.9959835298123
2.98420601505978
2.97231116540773
2.96029929716505
2.94817072835346
2.93592577821155
2.92356476704628
2.91108801678031
2.89849585027814
2.88578859057529
2.8729665614754
2.86003008723983
2.84697949148492
2.83381509804237
2.82053723039675
2.80714621068555
2.79364236034338
2.78002599924398
2.76629744576502
2.75245701609358
2.7385050241381
2.72444178136794
2.71026759602938
2.69598277313088
2.68158761392992
2.66708241535573
2.65246746967295
2.63774306463152
2.62290948234141
2.60796699888467
2.59291588412406
2.57775640107202
2.56248880544177
2.54711334488655
2.53163025875915
2.51603977742749
2.50034212133584
2.48453750116737
2.46862611640504
2.4526081549174
2.43648379294255
2.42025319302871
2.40391650442464
2.38747386183892
2.37092538432164
2.35427117491169
2.33751131957184
2.32064588641402
2.30367492440983
2.28659846228737
2.26941650805409
2.25212904719725
2.23473604180995
2.21723742954339
2.19963312199081
2.18192300338305
2.1641069290705
2.14618472428295
2.12815618217163
2.1100210626344
2.09177908989105
2.07342995113136
2.05497329435136
2.03640872613733
2.01773581532377
1.9989540748623
1.98006275014811
1.96106053529306
1.94194574053925
1.92271669780423
1.90337183556313
1.88390957259989
1.86432826472727
1.84462617859269
1.82480147199614
1.80485218467335
1.7847762121139
1.76457129615374
1.74423500518756
1.72376471475621
1.70315758606393
1.68241054345292
1.66152020296324
1.64048273078964
1.61929377538537
1.59794850546212
1.5764415217724
1.55476664360104
1.53291703892732
1.51088571249049
1.4886656336177
1.46624938970842
1.44362887443161
1.42079510031659
1.39773823145691
1.37444850135213
1.35091728318193
1.32713633223124
1.30309615664135
1.27878556276447
1.2541917757128
1.22930032014697
1.20409480927479
1.17855689945341
1.15266902418455
1.12641915067234
1.09979946058826
1.07279986364599
1.04540517942032
1.01759601835519
0.98935056821813
0.960649941584141
0.93148396993025
0.901848288988294
0.871736865727116
0.84114112107956
0.81005445730753
0.778477063544992
0.746419489476135
0.713901509986397
0.680949567089741
0.647599119522907
0.613898467115219
0.579911547074156
0.545719524180016
0.511420144466341
0.477127891208725
0.442975839269097
0.409116372252044
0.37571816065289
0.342962758119716
0.31104173933973
0.280151969765786
0.250489333049624
0.222240987905334
0.195578817270988
0.170652321269738
0.147582381685537
0.126455418351385
0.107319919719207
0.0901853082020973
0.0750221134521967
0.0617645343980039
0.0503146606765325
0.0405483014085639
0.0323220363266271
0.0254802344765137
0.0198618857407356
0.0153066955980278
0.0116602168781962
0.00877805219425557
0.00652885895580215
0.00479599345050089
0.0034781070631612
0.00248893660335073
0.00175647192332634
0.00122166945762861
0.000837083600376125
)
;

boundaryField
{
    electrode
    {
        type            energyDensity_wilsonBC5;
        seec            0;
        Tse             22000;
        value           uniform 0.0022345404850585;
    }
    ground
    {
        type            energyDensity_wilsonBC5;
        seec            0;
        Tse             22000;
        value           uniform 0.000837083600376125;
    }
    otherfaces
    {
        type            empty;
    }
}


// ************************************************************************* //
