/*--------------------------------*- C++ -*----------------------------------*\
| =========                 |                                                 |
| \\      /  F ield         | foam-extend: Open Source CFD                    |
|  \\    /   O peration     | Version:     4.1                                |
|   \\  /    A nd           | Web:         http://www.foam-extend.org         |
|    \\/     M anipulation  |                                                 |
\*---------------------------------------------------------------------------*/
FoamFile
{
    version     2.0;
    format      ascii;
    class       volScalarField;
    location    "1.50009999935002e-05";
    object      electron;
}
// * * * * * * * * * * * * * * * * * * * * * * * * * * * * * * * * * * * * * //

dimensions      [0 -3 0 0 0 0 0];

internalField   nonuniform List<scalar> 
500
(
1.25891696409574e+15
1.84302714638041e+15
2.65215013328638e+15
3.75817035247149e+15
5.25074401905992e+15
7.23970685547101e+15
9.85722033738841e+15
1.32592847858213e+16
1.7626323482475e+16
2.31625221311368e+16
3.00935487543601e+16
3.86621906863885e+16
4.91221328418667e+16
6.17299618534756e+16
7.67355171923613e+16
9.43710402208387e+16
1.14839947795073e+17
1.38305389139527e+17
1.64880196639747e+17
1.94619454970848e+17
2.27515766648495e+17
2.63498041932619e+17
3.02433030980289e+17
3.44130800385674e+17
3.88352577732571e+17
4.34821590524979e+17
4.83234231620453e+17
5.33271990497513e+17
5.84613261996263e+17
6.36944113442009e+17
6.89966797386521e+17
7.43405076522823e+17
7.97009917879585e+17
8.50563844976516e+17
9.03880711076973e+17
9.56803490282943e+17
1.00920348204785e+18
1.06098038067313e+18
1.11205990776996e+18
1.1623894709409e+18
1.21193225703132e+18
1.2606634805362e+18
1.30857298646583e+18
1.35566633246294e+18
1.40195969311802e+18
1.44747252388066e+18
1.49222123540475e+18
1.53622041855147e+18
1.57949235292849e+18
1.62207087893763e+18
1.66399400470641e+18
1.70529615521442e+18
1.74600505493697e+18
1.78614078929186e+18
1.82572001391884e+18
1.86476444693732e+18
1.90330285019945e+18
1.94136516131634e+18
1.97897849888603e+18
2.01616679769651e+18
2.05295106901256e+18
2.08934958304651e+18
2.12537784230417e+18
2.16104939477493e+18
2.19637802941642e+18
2.23137882434251e+18
2.26606686808521e+18
2.30045600397828e+18
2.3345586816214e+18
2.36838622808329e+18
2.40194931385034e+18
2.43525840357319e+18
2.46832358430511e+18
2.50115395723558e+18
2.53375746150829e+18
2.56614112460915e+18
2.59831119228317e+18
2.63027311504692e+18
2.66203165249253e+18
2.69359106889251e+18
2.72495524919554e+18
2.7561277459051e+18
2.7871118157234e+18
2.81791045075167e+18
2.84852640737801e+18
2.87896223297335e+18
2.9092202912223e+18
2.93930278793064e+18
2.96921180531928e+18
2.99894935566416e+18
3.02851746576207e+18
3.05791828109082e+18
3.08715392042347e+18
3.11622596719418e+18
3.14513525371282e+18
3.17388219949906e+18
3.20246710984588e+18
3.23089023496831e+18
3.25915177447202e+18
3.28725187960136e+18
3.3151906564117e+18
3.34296816831208e+18
3.37058443893364e+18
3.39803945434826e+18
3.42533316533247e+18
3.4524654900406e+18
3.47943631515885e+18
3.50624549825062e+18
3.53289287005471e+18
3.55937823555083e+18
3.58570137548282e+18
3.61186204849505e+18
3.63785999235414e+18
3.66369492456176e+18
3.68936654451328e+18
3.71487453465748e+18
3.74021856129861e+18
3.76539827593507e+18
3.79041331598527e+18
3.8152633056871e+18
3.83994785776839e+18
3.86446657374767e+18
3.88881904428871e+18
3.9130048510536e+18
3.93702356710545e+18
3.96087475723344e+18
3.98455797862247e+18
4.00807278196603e+18
4.03141871220585e+18
4.05459530835321e+18
4.07760210439247e+18
4.10043863019406e+18
4.12310441161207e+18
4.14559897112781e+18
4.16792182837835e+18
4.19007250022407e+18
4.21205050143541e+18
4.23385534537872e+18
4.25548654413097e+18
4.27694360844229e+18
4.29822604881609e+18
4.31933337569991e+18
4.34026509902358e+18
4.3610207296156e+18
4.38159977899304e+18
4.40200175931758e+18
4.42222618402448e+18
4.4422725681404e+18
4.46214042871067e+18
4.48182928470437e+18
4.50133865688033e+18
4.5206680685403e+18
4.53981704606049e+18
4.55878511827418e+18
4.57757181707043e+18
4.59617667771072e+18
4.61459923881815e+18
4.63283904250012e+18
4.65089563462053e+18
4.6687685650937e+18
4.68645738753217e+18
4.70396165979715e+18
4.72128094431116e+18
4.73841480771066e+18
4.7553628213407e+18
4.77212456144789e+18
4.78869960862819e+18
4.80508754850397e+18
4.82128797195922e+18
4.83730047488138e+18
4.85312465833161e+18
4.86876012886014e+18
4.88420649850158e+18
4.89946338460338e+18
4.9145304100772e+18
4.9294072038842e+18
4.94409340026814e+18
4.95858863955094e+18
4.97289256801332e+18
4.98700483762665e+18
5.00092510680013e+18
5.01465303984805e+18
5.02818830716786e+18
5.0415305856142e+18
5.05467955830545e+18
5.06763491421893e+18
5.08039634927726e+18
5.09296356570535e+18
5.10533627215928e+18
5.11751418400833e+18
5.12949702287511e+18
5.14128451733608e+18
5.15287640247865e+18
5.16427242000331e+18
5.17547231862405e+18
5.18647585376542e+18
5.19728278744927e+18
5.20789288880938e+18
5.21830593380693e+18
5.22852170517113e+18
5.23853999278315e+18
5.24836059344908e+18
5.25798331110682e+18
5.26740795657231e+18
5.27663434758305e+18
5.28566230929858e+18
5.29449167385432e+18
5.303122280428e+18
5.31155397561554e+18
5.3197866129252e+18
5.32782005317757e+18
5.3356541645499e+18
5.34328882213797e+18
5.35072390872406e+18
5.35795931424799e+18
5.36499493562501e+18
5.37183067724954e+18
5.37846645086036e+18
5.38490217603776e+18
5.39113777650641e+18
5.39717316842051e+18
5.40300827766316e+18
5.4086430703801e+18
5.41407751347663e+18
5.41931153420396e+18
5.42434504785752e+18
5.42917797613652e+18
5.43381024191023e+18
5.43824176935228e+18
5.44247248369985e+18
5.44650231156473e+18
5.45033118180221e+18
5.45395902603863e+18
5.45738577879085e+18
5.46061137703661e+18
5.46363576067367e+18
5.46645887309646e+18
5.46908066102612e+18
5.47150107459014e+18
5.47372006738352e+18
5.47573759627452e+18
5.47755362201818e+18
5.47916810955933e+18
5.48058102770985e+18
5.4817923485168e+18
5.48280204725967e+18
5.48361010405391e+18
5.48421650426594e+18
5.48462122791559e+18
5.48482426667243e+18
5.48482564683892e+18
5.48462543168333e+18
5.48422346532976e+18
5.48361982003181e+18
5.48281452302192e+18
5.4818075901579e+18
5.4805990408053e+18
5.47918889852871e+18
5.47757719201749e+18
5.47576395399099e+18
5.47374921995737e+18
5.47153302903291e+18
5.46911542488753e+18
5.46649645502455e+18
5.4636761700368e+18
5.4606546239819e+18
5.45743187468886e+18
5.45400798319062e+18
5.45038301458031e+18
5.44655703746472e+18
5.44253012174961e+18
5.43830233921718e+18
5.43387376448916e+18
5.4292444742557e+18
5.42441454632764e+18
5.41938405947705e+18
5.41415309395815e+18
5.40872173682117e+18
5.40309006167862e+18
5.39725809831696e+18
5.39122587735587e+18
5.3849934733447e+18
5.37856097120667e+18
5.37192844745494e+18
5.36509598267159e+18
5.35806366541319e+18
5.35083159151362e+18
5.34339986436521e+18
5.33576859484745e+18
5.32793790135471e+18
5.31990790933267e+18
5.31167875149732e+18
5.30325056789504e+18
5.29462350586538e+18
5.28579772017244e+18
5.27677337249671e+18
5.26755063172688e+18
5.25812967398148e+18
5.24851068260045e+18
5.23869384787388e+18
5.22867936711504e+18
5.21846744476948e+18
5.2080582921757e+18
5.19745212795413e+18
5.1866491774843e+18
5.17564967293566e+18
5.16445385368916e+18
5.15306196586301e+18
5.1414742621992e+18
5.1296910023731e+18
5.11771245307357e+18
5.10553888728246e+18
5.09317058491009e+18
5.08060783259382e+18
5.06785092308493e+18
5.05490015602518e+18
5.04175583769134e+18
5.02841828051043e+18
5.01488780333594e+18
5.00116473151887e+18
4.98724939682123e+18
4.97314213690144e+18
4.95884329569655e+18
4.94435322335404e+18
4.92967227584436e+18
4.91480081537301e+18
4.89973920998873e+18
4.88448783331474e+18
4.86904706508612e+18
4.85341729068231e+18
4.83759890086014e+18
4.8215922919731e+18
4.80539786575035e+18
4.789016029299e+18
4.77244719501043e+18
4.75569178036501e+18
4.73875020779935e+18
4.72162290482133e+18
4.70431030370117e+18
4.68681284131696e+18
4.66913095920177e+18
4.65126510296075e+18
4.63321572284617e+18
4.61498327338959e+18
4.5965682129891e+18
4.57797100386818e+18
4.55919211172213e+18
4.5402320061301e+18
4.52109116009895e+18
4.50177004975907e+18
4.48226915410842e+18
4.46258895486723e+18
4.44272993636887e+18
4.42269258571651e+18
4.40247739193607e+18
4.38208484597651e+18
4.361515440692e+18
4.34076967007579e+18
4.31984802960901e+18
4.2987510154505e+18
4.27747912447361e+18
4.25603285416259e+18
4.23441270167545e+18
4.21261916392859e+18
4.19065273736373e+18
4.16851391722819e+18
4.14620319761432e+18
4.12372107075077e+18
4.10106802669737e+18
4.07824455301309e+18
4.05525113422038e+18
4.03208825108188e+18
4.00875638057548e+18
3.98525599542065e+18
3.96158756276196e+18
3.937751544436e+18
3.91374839624199e+18
3.88957856688816e+18
3.86524249778449e+18
3.84074062217689e+18
3.81607336441015e+18
3.79124113928566e+18
3.76624435094608e+18
3.74108339258567e+18
3.71575864510945e+18
3.6902704761993e+18
3.66461923982203e+18
3.63880527477494e+18
3.61282890370907e+18
3.58669043205341e+18
3.56039014658579e+18
3.53392831438042e+18
3.50730518131327e+18
3.4805209708769e+18
3.45357588245424e+18
3.42647008957001e+18
3.39920373871447e+18
3.37177694706897e+18
3.34418980062296e+18
3.31644235220961e+18
3.28853461943803e+18
3.26046658258292e+18
3.23223818159684e+18
3.20384931364381e+18
3.17529983073607e+18
3.14658953717741e+18
3.11771818545162e+18
3.08868542038235e+18
3.05949049847967e+18
3.03013196649813e+18
3.00060785893961e+18
2.97091617676939e+18
2.94105502499453e+18
2.91102251409631e+18
2.88081668609524e+18
2.85043547283139e+18
2.81987666692983e+18
2.78913789699785e+18
2.75821660426421e+18
2.72711001869037e+18
2.69581513296724e+18
2.66432867427335e+18
2.63264707181353e+18
2.60076641490204e+18
2.56868234505543e+18
2.53638987242292e+18
2.50388327276257e+18
2.47115608608852e+18
2.43820097179103e+18
2.40500946293465e+18
2.37157218686733e+18
2.33787952997173e+18
2.3039218264008e+18
2.26968889919941e+18
2.23516959991171e+18
2.20035155684513e+18
2.16522133201409e+18
2.12976564653015e+18
2.09397265908483e+18
2.05783104588362e+18
2.02132794357237e+18
1.98444815144535e+18
1.94717413562062e+18
1.909485855637e+18
1.87136053317726e+18
1.83277304433115e+18
1.79369990339589e+18
1.75412516025918e+18
1.71403857677032e+18
1.67342720873712e+18
1.63227108695669e+18
1.59054404110018e+18
1.54821688597611e+18
1.50526492790098e+18
1.46167495998618e+18
1.41744129693041e+18
1.37255616639385e+18
1.32700804843038e+18
1.28078743318985e+18
1.2338934335696e+18
1.18633808274609e+18
1.13814441553523e+18
1.0893434049193e+18
1.0399767582272e+18
9.90101662283967e+17
9.39794268368837e+17
8.89151447751344e+17
8.38290532600628e+17
7.87349579904627e+17
7.36490074258029e+17
6.85898219115011e+17
6.35782325178994e+17
5.86369741680178e+17
5.37904238568646e+17
4.90641250951625e+17
4.44840658915259e+17
4.00759556360255e+17
3.58644453310424e+17
3.18722577903151e+17
2.8119323913339e+17
2.46219810711035e+17
2.13923850920838e+17
1.84381204480056e+17
1.57619322658896e+17
1.33617299563464e+17
1.12308005585068e+17
9.35827794100006e+16
7.72980910805603e+16
6.3282733538872e+16
5.13456984510838e+16
4.12840581726818e+16
3.28903094726261e+16
2.59592480420275e+16
2.02938253982125e+16
1.57094223434312e+16
1.20368060324184e+16
9.12392088653155e+15
6.8366505686149e+15
5.05866999367305e+15
3.69079078262731e+15
)
;

boundaryField
{
    electrode
    {
        type            electronDensity_wilsonBC3_2;
        seec            0;
        value           uniform 1.05042202770485e+15;
    }
    ground
    {
        type            electronDensity_wilsonBC3_2;
        seec            0;
        value           uniform 3.16943763568367e+15;
    }
    otherfaces
    {
        type            empty;
    }
}


// ************************************************************************* //
