/*--------------------------------*- C++ -*----------------------------------*\
| =========                 |                                                 |
| \\      /  F ield         | foam-extend: Open Source CFD                    |
|  \\    /   O peration     | Version:     4.1                                |
|   \\  /    A nd           | Web:         http://www.foam-extend.org         |
|    \\/     M anipulation  |                                                 |
\*---------------------------------------------------------------------------*/
FoamFile
{
    version     2.0;
    format      ascii;
    class       volScalarField;
    location    "1.50009999935002e-05";
    object      EPotential;
}
// * * * * * * * * * * * * * * * * * * * * * * * * * * * * * * * * * * * * * //

dimensions      [1 2 -3 0 0 -1 0];

internalField   nonuniform List<scalar> 
500
(
0.678779786929926
2.00283876309142
3.29249443936018
4.54747037897361
5.76718580642001
6.95126231465534
8.09917551284232
9.21056060367146
10.2849685465406
11.3220785426207
12.3215621547684
13.2831539336346
14.2065855561612
15.091723640004
15.9385205662477
16.7470491196538
17.5175279066196
18.250276311979
18.9457460107645
19.6045586761257
20.2274610619437
20.8153800897515
21.3693545319305
21.8905469956221
22.3802342167023
22.8397881975414
23.2706583933129
23.6743411245613
24.0523634576986
24.4062705384066
24.7376022784753
25.0478628602914
25.338516689912
25.610991636842
25.8666533735101
26.1067803653511
26.3325789316841
26.5451838027322
26.7456627065229
26.9350020158077
27.1141093116902
27.2837928950381
27.4448067310064
27.5978640173253
27.7436203417651
27.8826664680894
28.0155132727247
28.1426018850125
28.2643543085928
28.3811922475059
28.4935022125452
28.6016241189345
28.7058522891709
28.8064366405572
28.9035923052564
28.9975353653406
29.0884875934917
29.1766513445575
29.2622074417212
29.3453175662346
29.4261266451522
29.5047649858248
29.5813492114902
29.6559833489496
29.7287664764803
29.799796170504
29.8691635719176
29.9369518903276
30.0032372643452
30.0680897436209
30.1315744125005
30.1937530639119
30.2546841045149
30.3144210087718
30.3730126005584
30.4305040981817
30.4869374915363
30.5423515220651
30.5967820960337
30.6502628836288
30.7028255532144
30.7544999476038
30.8053142397401
30.855295071754
30.9044676798508
30.9528560074853
31.0004828085557
31.0473697447346
31.0935374814349
31.1390058098974
31.1837937978618
31.2279199901591
31.2714025453632
31.3142581076387
31.3565014196427
31.398146366541
31.439206284803
31.4796940005392
31.5196218534651
31.5590017214491
31.5978450438663
31.6361628433131
31.6739657460815
31.7112640014498
31.7480674995536
31.7843857882757
31.820228089409
31.8556033134162
31.8905200734768
31.9249866989903
31.9590112478988
31.9926015186616
32.0257650614979
32.0585091888387
32.0908409854383
32.1227673176507
32.1542948424778
32.1854300161611
32.2161791022095
32.2465481791422
32.2765431474274
32.306169736581
32.3354335119653
32.3643398806681
32.3928940973653
32.4211012703246
32.4489663668863
32.4764942180606
32.5036895236725
32.53055685725
32.55710067035
32.5833252966574
32.6092349561852
32.634833759266
32.6601257099742
32.6851147099692
32.7098045618059
32.7341989721308
32.7583015548423
32.7821158342326
32.8056452476107
32.8288931480974
32.8518628075391
32.8745574186196
32.8969800975956
32.9191338865214
32.9410217555508
32.9626466051285
32.9840112677387
33.0051185101727
33.0259710355071
33.0465714848257
33.0669224390262
33.0870264204929
33.1068858946907
33.126503271856
33.1458809085481
33.1650211089819
33.1839261264806
33.2025981649267
33.2210393800705
33.239251880719
33.2572377300112
33.2749989466243
33.2925375057129
33.3098553403241
33.3269543423576
33.343836363546
33.3605032164961
33.376956675503
33.3931984776181
33.4092303236058
33.4250538786691
33.4406707733263
33.4560826043593
33.4712909353632
33.486297297709
33.5011031911887
33.5157100848111
33.5301194174021
33.5443325982212
33.5583510077701
33.5721759982741
33.5858088943031
33.5992509935356
33.6125035673236
33.6255678608429
33.6384450940474
33.6511364620462
33.6636431355821
33.6759662616947
33.6881069638595
33.7000663426952
33.7118454764667
33.7234454213698
33.7348672119508
33.7461118615618
33.7571803626885
33.768073687492
33.7787927881532
33.7893385970298
33.7997120271714
33.8099139726318
33.8199453087823
33.829806892699
33.8394995634335
33.8490241423511
33.8583814333289
33.8675722230487
33.8765972814096
33.885457361687
33.894153200787
33.9026855195671
33.9110550230141
33.9192624005382
33.927308326192
33.9351934588985
33.9429184426441
33.9504839068475
33.9578904668425
33.9651387134789
33.9722291993358
33.9791625281042
33.9859392826785
33.9925599614795
33.9990250578784
34.0053350491488
34.0114903945612
34.0174915353408
34.0233388963555
34.0290328851378
34.0345738929512
34.0399622956978
34.045198453661
34.0502827110675
34.0552153973059
34.0599968274855
34.0646273013257
34.0691071042603
34.0734365079212
34.0776157680947
34.0816451272012
34.0855248146953
34.0892550451293
34.0928360195138
34.0962679237125
34.0995509313783
34.1026852042596
34.1056708883134
34.1085080913503
34.111196982757
34.1137376829165
34.1161302062221
34.1183746741711
34.1204711532211
34.1224196955018
34.1242203400393
34.1258731115104
34.1273780236335
34.1287350758857
34.1299442538658
34.1310055290282
34.1319188598858
34.1326841924471
34.1333014568863
34.1337705705756
34.1340914375901
34.1342639461335
34.1342879713676
34.1341633767474
34.1338900067779
34.1334676907161
34.1328962446928
34.1321754688253
34.1313051466994
34.130285045727
34.1291149166245
34.1277944951385
34.1263235146102
34.1247016183391
34.1229284302781
34.1210036338631
34.1189268740586
34.1166977721086
34.1143159369555
34.1117809650062
34.109092439768
34.1062499316014
34.1032529974821
34.1001011809242
34.096794011799
34.0933310060724
34.0897116657451
34.0859354785322
34.0820019175584
34.0779104414124
34.0736604938585
34.0692515035343
34.0646828837438
34.0599540323104
34.0550643312997
34.0500131466754
34.0447998282363
34.039423709265
34.0338841062437
34.0281803185181
34.0223116280953
34.0162772994479
34.0100765790638
34.0037086951113
33.9971728571239
33.9904682558535
33.9835940627823
33.9765494296938
33.9693334885325
33.9619453507863
33.9543841071818
33.9466488274599
33.93873855969
33.9306523298931
33.9223891416965
33.9139479758526
33.9053277897783
33.8965275170222
33.8875460667668
33.8783823233588
33.8690351456914
33.8595033667022
33.849785792703
33.8398812028973
33.8297883487445
33.8195059532579
33.8090327104426
33.7983672845005
33.7875083091411
33.7764543869029
33.7652040884189
33.7537559514364
33.742108480208
33.7302601445733
33.718209379038
33.7059545819924
33.6934941145661
33.6808262998582
33.6679494217082
33.6548617237734
33.6415614084725
33.6280466356622
33.6143155216031
33.6003661376158
33.5861965090231
33.5718046136182
33.557188380262
33.542345687453
33.5272743620332
33.5119721774053
33.4964368517791
33.4806660468625
33.4646573658516
33.4484083515829
33.4319164846636
33.41517918142
33.3981937918581
33.3809575973862
33.3634678086011
33.3457215629705
33.3277159220542
33.3094478692143
33.2909143068048
33.2721120531264
33.2530378396012
33.2336883076871
33.214060005354
33.1941493838076
33.173952794008
33.1534664826166
33.1326865880632
33.1116091364611
33.0902300370836
33.0685450778737
33.0465499206364
33.0242400957259
33.0016109967277
32.9786578748842
32.9553758329596
32.9317598191058
32.907804620014
32.8835048540337
32.8588549636562
32.833849207592
32.8084816527777
32.7827461652502
32.7566364008824
32.7301457955983
32.7032675549769
32.6759946429675
32.648319770008
32.6202353807049
32.5917336404944
32.5628064212316
32.5334452859359
32.5036414728055
32.473385878139
32.4426690375331
32.4114811062195
32.3798118383586
32.347650567174
32.3149861721497
32.2818067926089
32.248098855056
32.2138474274484
32.1790372796103
32.1436527646642
32.1076776216341
32.0710948500238
32.0338866163812
31.99603416993
31.957517757596
31.9183165324498
31.8784084554032
31.8377701878165
31.7963769702522
31.7542024871604
31.7112187141821
31.6673957108846
31.6227010720378
31.5770995486266
31.5305530559469
31.4830202889858
31.4344557119897
31.3848093773986
31.3340286362531
31.2820582910096
31.2288389215425
31.1743058429066
31.1183882190294
31.0610083056349
31.0020829475849
30.9415283717064
30.8792571826302
30.8151712669946
30.7491607480897
30.6811031484022
30.6108614728801
30.5382821005151
30.4631927055968
30.3854046459912
30.3047379938374
30.2210177672586
30.1340390932422
30.043557632952
29.9492889564475
29.8509081679076
29.7480624207568
29.6404050931422
29.5275778588068
29.409162132165
29.2846688650854
29.1535545006808
29.0152283892566
28.8690686910152
28.7144099239991
28.5504988802567
28.3765143281548
28.1915629058203
27.9946921027231
27.7848847354707
27.5610556193869
27.3220338929484
27.0665851806634
26.7934322990936
26.5012462881765
26.1886477004614
25.8542327049017
25.4965893026478
25.1143031074587
24.7059729370481
24.2702396023394
23.8057976213766
23.3114119989158
22.7859300568413
22.2282762842965
21.6375208001426
21.0128269966754
20.3535016842754
19.6589673959718
18.9287416230414
18.1624838155722
17.3599752268887
16.5210900486546
15.6458500407864
14.7342928053614
13.7865413376597
12.8027327998281
11.7831527541119
10.7280236714738
9.63774668835588
8.51259557752182
7.35306519938816
6.15936189354325
)
;

boundaryField
{
    electrode
    {
        type            fixedValue;
        value           uniform 1e-10;
    }
    ground
    {
        type            plasmaPower;
        frequency       10000000000;
        nCycles         1;
        power           0.0245;
        dampingFactor   0.01;
        amplitude       5.5462773616538;
        bias            0;
        value           uniform 5.54584696034931;
    }
    otherfaces
    {
        type            empty;
    }
}


// ************************************************************************* //
