/*--------------------------------*- C++ -*----------------------------------*\
| =========                 |                                                 |
| \\      /  F ield         | foam-extend: Open Source CFD                    |
|  \\    /   O peration     | Version:     4.1                                |
|   \\  /    A nd           | Web:         http://www.foam-extend.org         |
|    \\/     M anipulation  |                                                 |
\*---------------------------------------------------------------------------*/
FoamFile
{
    version     2.0;
    format      ascii;
    class       volVectorField;
    location    "1.50009999935002e-05";
    object      Flux_Ar2p;
}
// * * * * * * * * * * * * * * * * * * * * * * * * * * * * * * * * * * * * * //

dimensions      [0 -2 -1 0 0 0 0];

internalField   nonuniform List<vector> 
500
(
(-5.9707173926081e+18 -0 -0)
(-6.0649810802907e+18 -0 -0)
(-6.04428376668442e+18 -0 -0)
(-6.07194800957202e+18 -0 -0)
(-6.06176951899289e+18 -0 -0)
(-6.07192222717159e+18 -0 -0)
(-6.05383448741536e+18 -0 -0)
(-6.0477764942878e+18 -0 -0)
(-6.04037946964435e+18 -0 -0)
(-6.05664174782748e+18 -0 -0)
(-6.0653221011003e+18 -0 -0)
(-6.07709094940436e+18 -0 -0)
(-6.07303867319949e+18 -0 -0)
(-6.06277403493996e+18 -0 -0)
(-6.04265118021135e+18 -0 -0)
(-6.06151145199948e+18 -0 -0)
(-6.07631872656667e+18 -0 -0)
(-6.07993613019524e+18 -0 -0)
(-6.06836679896769e+18 -0 -0)
(-6.04730297186494e+18 -0 -0)
(-6.06306050363084e+18 -0 -0)
(-6.07551273742115e+18 -0 -0)
(-6.07145260297633e+18 -0 -0)
(-6.05116338115354e+18 -0 -0)
(-6.0480894475329e+18 -0 -0)
(-6.06369404081123e+18 -0 -0)
(-6.06044522268202e+18 -0 -0)
(-6.03952785120236e+18 -0 -0)
(-6.03084712329306e+18 -0 -0)
(-6.04545906457711e+18 -0 -0)
(-6.04114692680857e+18 -0 -0)
(-6.01930863901682e+18 -0 -0)
(-6.00849287264561e+18 -0 -0)
(-6.02108196801895e+18 -0 -0)
(-6.01708361967812e+18 -0 -0)
(-5.99753292274914e+18 -0 -0)
(-5.9781479637692e+18 -0 -0)
(-5.99144722679738e+18 -0 -0)
(-5.99024118465351e+18 -0 -0)
(-5.97732553574626e+18 -0 -0)
(-5.95592815291992e+18 -0 -0)
(-5.95363252495479e+18 -0 -0)
(-5.95859282723725e+18 -0 -0)
(-5.95421032945333e+18 -0 -0)
(-5.94314680665482e+18 -0 -0)
(-5.92753898855934e+18 -0 -0)
(-5.91419012665528e+18 -0 -0)
(-5.92025113949778e+18 -0 -0)
(-5.91783445340579e+18 -0 -0)
(-5.91147577320784e+18 -0 -0)
(-5.90236071618576e+18 -0 -0)
(-5.89084905890042e+18 -0 -0)
(-5.87698975996267e+18 -0 -0)
(-5.87229925129494e+18 -0 -0)
(-5.87151576189994e+18 -0 -0)
(-5.86675346174169e+18 -0 -0)
(-5.86047196749584e+18 -0 -0)
(-5.85275476348824e+18 -0 -0)
(-5.84373433057678e+18 -0 -0)
(-5.83353878615635e+18 -0 -0)
(-5.82227100901022e+18 -0 -0)
(-5.81002085241362e+18 -0 -0)
(-5.80586298863916e+18 -0 -0)
(-5.80018310777354e+18 -0 -0)
(-5.79307467369294e+18 -0 -0)
(-5.78521688185335e+18 -0 -0)
(-5.77671592342525e+18 -0 -0)
(-5.76757510086301e+18 -0 -0)
(-5.75782736727274e+18 -0 -0)
(-5.74750106767559e+18 -0 -0)
(-5.73668158193611e+18 -0 -0)
(-5.72557993215793e+18 -0 -0)
(-5.71430147534292e+18 -0 -0)
(-5.70242610967523e+18 -0 -0)
(-5.68972729880977e+18 -0 -0)
(-5.67677648817956e+18 -0 -0)
(-5.66356163159109e+18 -0 -0)
(-5.65003471847958e+18 -0 -0)
(-5.63617578957478e+18 -0 -0)
(-5.62199671425239e+18 -0 -0)
(-5.60750474105567e+18 -0 -0)
(-5.59270787607531e+18 -0 -0)
(-5.57761284603669e+18 -0 -0)
(-5.56222843427264e+18 -0 -0)
(-5.54656334712259e+18 -0 -0)
(-5.53062602464404e+18 -0 -0)
(-5.514425956174e+18 -0 -0)
(-5.497973181546e+18 -0 -0)
(-5.48120821925857e+18 -0 -0)
(-5.46115035671042e+18 -0 -0)
(-5.44101779526204e+18 -0 -0)
(-5.4208689322593e+18 -0 -0)
(-5.40074622801249e+18 -0 -0)
(-5.38051038437227e+18 -0 -0)
(-5.36004115915568e+18 -0 -0)
(-5.33934340353289e+18 -0 -0)
(-5.31842539533268e+18 -0 -0)
(-5.29729078127055e+18 -0 -0)
(-5.2759433633904e+18 -0 -0)
(-5.25438683372923e+18 -0 -0)
(-5.23262345436616e+18 -0 -0)
(-5.21065741688789e+18 -0 -0)
(-5.18849145903894e+18 -0 -0)
(-5.1661281135523e+18 -0 -0)
(-5.1435705178238e+18 -0 -0)
(-5.12082118172171e+18 -0 -0)
(-5.09788319749575e+18 -0 -0)
(-5.07475897744982e+18 -0 -0)
(-5.05145109228703e+18 -0 -0)
(-5.02796145171673e+18 -0 -0)
(-5.00429289194661e+18 -0 -0)
(-4.98044758594127e+18 -0 -0)
(-4.95642781488375e+18 -0 -0)
(-4.93223557293385e+18 -0 -0)
(-4.90787334061498e+18 -0 -0)
(-4.88334290537012e+18 -0 -0)
(-4.85864616038671e+18 -0 -0)
(-4.83378546490069e+18 -0 -0)
(-4.80876249864154e+18 -0 -0)
(-4.78357900304302e+18 -0 -0)
(-4.75823715119601e+18 -0 -0)
(-4.7327388354345e+18 -0 -0)
(-4.70708526364116e+18 -0 -0)
(-4.68127841117625e+18 -0 -0)
(-4.65532031933025e+18 -0 -0)
(-4.62921238932243e+18 -0 -0)
(-4.60295640102795e+18 -0 -0)
(-4.57655379358733e+18 -0 -0)
(-4.55000644711533e+18 -0 -0)
(-4.52331558209981e+18 -0 -0)
(-4.49648278833346e+18 -0 -0)
(-4.46951003613072e+18 -0 -0)
(-4.44239830980297e+18 -0 -0)
(-4.41514930435402e+18 -0 -0)
(-4.38776473891007e+18 -0 -0)
(-4.36024570189483e+18 -0 -0)
(-4.33259364054373e+18 -0 -0)
(-4.30481002551379e+18 -0 -0)
(-4.27689669611681e+18 -0 -0)
(-4.24885419427318e+18 -0 -0)
(-4.22068470926665e+18 -0 -0)
(-4.19238917086291e+18 -0 -0)
(-4.16396916872891e+18 -0 -0)
(-4.13542566642047e+18 -0 -0)
(-4.10676030163759e+18 -0 -0)
(-4.07797440358877e+18 -0 -0)
(-4.04906902435244e+18 -0 -0)
(-4.020045826302e+18 -0 -0)
(-3.99090586248125e+18 -0 -0)
(-3.96165054568965e+18 -0 -0)
(-3.93228099458934e+18 -0 -0)
(-3.90279863532512e+18 -0 -0)
(-3.87320461102558e+18 -0 -0)
(-3.84350036463678e+18 -0 -0)
(-3.8136870626947e+18 -0 -0)
(-3.78376561464511e+18 -0 -0)
(-3.75373779288544e+18 -0 -0)
(-3.72360450983297e+18 -0 -0)
(-3.69336727159988e+18 -0 -0)
(-3.66302676031256e+18 -0 -0)
(-3.63258505030771e+18 -0 -0)
(-3.60204256401294e+18 -0 -0)
(-3.57140084466892e+18 -0 -0)
(-3.54066114847403e+18 -0 -0)
(-3.50982474763586e+18 -0 -0)
(-3.47889241900528e+18 -0 -0)
(-3.44786598641753e+18 -0 -0)
(-3.41674622995503e+18 -0 -0)
(-3.38553445172944e+18 -0 -0)
(-3.3542319562885e+18 -0 -0)
(-3.3228398206275e+18 -0 -0)
(-3.29135912567063e+18 -0 -0)
(-3.25979119641074e+18 -0 -0)
(-3.22813737564691e+18 -0 -0)
(-3.19639851730919e+18 -0 -0)
(-3.16457596438546e+18 -0 -0)
(-3.13267107050207e+18 -0 -0)
(-3.10068472302555e+18 -0 -0)
(-3.06861828454732e+18 -0 -0)
(-3.03647287373159e+18 -0 -0)
(-3.00424985017961e+18 -0 -0)
(-2.97195013010886e+18 -0 -0)
(-2.93957485090461e+18 -0 -0)
(-2.90712538913283e+18 -0 -0)
(-2.87460270862301e+18 -0 -0)
(-2.8420083792368e+18 -0 -0)
(-2.80934311938884e+18 -0 -0)
(-2.77660831974705e+18 -0 -0)
(-2.74380514464054e+18 -0 -0)
(-2.71093477601496e+18 -0 -0)
(-2.67799818247321e+18 -0 -0)
(-2.64499692414206e+18 -0 -0)
(-2.61193180251844e+18 -0 -0)
(-2.57880401280107e+18 -0 -0)
(-2.54561492380377e+18 -0 -0)
(-2.51236552903988e+18 -0 -0)
(-2.47905719706656e+18 -0 -0)
(-2.44569075514557e+18 -0 -0)
(-2.4122675993765e+18 -0 -0)
(-2.37878891529942e+18 -0 -0)
(-2.34525571025847e+18 -0 -0)
(-2.31166935685981e+18 -0 -0)
(-2.27803070914758e+18 -0 -0)
(-2.24434114058966e+18 -0 -0)
(-2.21060185434784e+18 -0 -0)
(-2.17681373096901e+18 -0 -0)
(-2.14297829270269e+18 -0 -0)
(-2.10909641099969e+18 -0 -0)
(-2.0751694473663e+18 -0 -0)
(-2.04119830536422e+18 -0 -0)
(-2.00718433474044e+18 -0 -0)
(-1.97312873366521e+18 -0 -0)
(-1.93903241441758e+18 -0 -0)
(-1.90489672310572e+18 -0 -0)
(-1.87072272291328e+18 -0 -0)
(-1.83651161822233e+18 -0 -0)
(-1.80226446803395e+18 -0 -0)
(-1.76798258462456e+18 -0 -0)
(-1.7336671970165e+18 -0 -0)
(-1.69931905501413e+18 -0 -0)
(-1.66493319810854e+18 -0 -0)
(-1.63051603846756e+18 -0 -0)
(-1.59607892694768e+18 -0 -0)
(-1.56161064114196e+18 -0 -0)
(-1.52710402306487e+18 -0 -0)
(-1.49256299221371e+18 -0 -0)
(-1.45798721286282e+18 -0 -0)
(-1.42337654969277e+18 -0 -0)
(-1.38873100700393e+18 -0 -0)
(-1.35405072811415e+18 -0 -0)
(-1.31933566309715e+18 -0 -0)
(-1.28458623268128e+18 -0 -0)
(-1.24980271446255e+18 -0 -0)
(-1.21498521277217e+18 -0 -0)
(-1.18013406720651e+18 -0 -0)
(-1.1452496258517e+18 -0 -0)
(-1.11033233298702e+18 -0 -0)
(-1.07538239868199e+18 -0 -0)
(-1.04040033911899e+18 -0 -0)
(-1.00538648181632e+18 -0 -0)
(-9.70340921724261e+17 -0 -0)
(-9.35264424328974e+17 -0 -0)
(-9.0015747224926e+17 -0 -0)
(-8.65020276127782e+17 -0 -0)
(-8.29853106505257e+17 -0 -0)
(-7.94656271320947e+17 -0 -0)
(-7.5943076087992e+17 -0 -0)
(-7.24177714850603e+17 -0 -0)
(-6.8889173706546e+17 -0 -0)
(-6.5358112422878e+17 -0 -0)
(-6.18253520516095e+17 -0 -0)
(-5.82888613437412e+17 -0 -0)
(-5.4749286863782e+17 -0 -0)
(-5.12077680922839e+17 -0 -0)
(-4.76635869117628e+17 -0 -0)
(-4.41168752864222e+17 -0 -0)
(-4.05676441463931e+17 -0 -0)
(-3.70159482242164e+17 -0 -0)
(-3.34618557207523e+17 -0 -0)
(-2.99053764113906e+17 -0 -0)
(-2.63465311369643e+17 -0 -0)
(-2.2785348054947e+17 -0 -0)
(-1.92218938072267e+17 -0 -0)
(-1.56561750360775e+17 -0 -0)
(-1.20881999849607e+17 -0 -0)
(-8.51802954470326e+16 -0 -0)
(-4.94566189632604e+16 -0 -0)
(-1.37110259428776e+16 -0 -0)
(2.22466040141766e+16 -0 -0)
(5.80561282903957e+16 -0 -0)
(9.35178186555527e+16 -0 -0)
(1.29185797169304e+17 -0 -0)
(1.64813269842979e+17 -0 -0)
(2.00400478473143e+17 -0 -0)
(2.35947538834259e+17 -0 -0)
(2.71454578791773e+17 -0 -0)
(3.06922199156388e+17 -0 -0)
(3.42346209810138e+17 -0 -0)
(3.77734541633533e+17 -0 -0)
(4.13100413418877e+17 -0 -0)
(4.48431161203678e+17 -0 -0)
(4.8371919864832e+17 -0 -0)
(5.18970561031087e+17 -0 -0)
(5.54184722531619e+17 -0 -0)
(5.89360242941528e+17 -0 -0)
(6.2449600214148e+17 -0 -0)
(6.5959093158626e+17 -0 -0)
(6.94643980247941e+17 -0 -0)
(7.29653995781148e+17 -0 -0)
(7.64619966235434e+17 -0 -0)
(7.99540790419292e+17 -0 -0)
(8.34415358101856e+17 -0 -0)
(8.692426182655e+17 -0 -0)
(9.04021421296712e+17 -0 -0)
(9.38750856743311e+17 -0 -0)
(9.73429669578511e+17 -0 -0)
(1.00805689044613e+18 -0 -0)
(1.04263134708749e+18 -0 -0)
(1.0771519987067e+18 -0 -0)
(1.11161780602651e+18 -0 -0)
(1.14602766852488e+18 -0 -0)
(1.18038038758549e+18 -0 -0)
(1.21467509130204e+18 -0 -0)
(1.2489104938216e+18 -0 -0)
(1.28308557592632e+18 -0 -0)
(1.31719922585152e+18 -0 -0)
(1.35125040561355e+18 -0 -0)
(1.38523809343926e+18 -0 -0)
(1.41916098381966e+18 -0 -0)
(1.45301817043155e+18 -0 -0)
(1.48680852998392e+18 -0 -0)
(1.5205308224939e+18 -0 -0)
(1.55418415900664e+18 -0 -0)
(1.58776742150566e+18 -0 -0)
(1.62127937457437e+18 -0 -0)
(1.65471891006936e+18 -0 -0)
(1.68808513716746e+18 -0 -0)
(1.72137669184687e+18 -0 -0)
(1.75459272594369e+18 -0 -0)
(1.78773200434579e+18 -0 -0)
(1.82079340837948e+18 -0 -0)
(1.85377595654538e+18 -0 -0)
(1.8866784059275e+18 -0 -0)
(1.91949979112715e+18 -0 -0)
(1.95223886685683e+18 -0 -0)
(1.9848946730522e+18 -0 -0)
(2.01746597008495e+18 -0 -0)
(2.04995166710671e+18 -0 -0)
(2.08235082667792e+18 -0 -0)
(2.11466220578213e+18 -0 -0)
(2.1468845637715e+18 -0 -0)
(2.17901713450156e+18 -0 -0)
(2.21105869130645e+18 -0 -0)
(2.24300801090419e+18 -0 -0)
(2.27486402955144e+18 -0 -0)
(2.30662568364202e+18 -0 -0)
(2.33829176088634e+18 -0 -0)
(2.36986139819235e+18 -0 -0)
(2.40133338479252e+18 -0 -0)
(2.43270670079418e+18 -0 -0)
(2.46397996538928e+18 -0 -0)
(2.4951523540903e+18 -0 -0)
(2.52622268720958e+18 -0 -0)
(2.55718998148844e+18 -0 -0)
(2.58805289472884e+18 -0 -0)
(2.61881064535811e+18 -0 -0)
(2.64946190322184e+18 -0 -0)
(2.68000574021229e+18 -0 -0)
(2.71044104231911e+18 -0 -0)
(2.74076669677984e+18 -0 -0)
(2.77098180976768e+18 -0 -0)
(2.80108511390333e+18 -0 -0)
(2.83107555805676e+18 -0 -0)
(2.86095209059586e+18 -0 -0)
(2.89071389609173e+18 -0 -0)
(2.92035978447374e+18 -0 -0)
(2.94988855506606e+18 -0 -0)
(2.97929923144769e+18 -0 -0)
(3.00859111279098e+18 -0 -0)
(3.03776284733911e+18 -0 -0)
(3.06681355550203e+18 -0 -0)
(3.09574215923498e+18 -0 -0)
(3.12454784228273e+18 -0 -0)
(3.15322959215577e+18 -0 -0)
(3.18178617530306e+18 -0 -0)
(3.21021688601059e+18 -0 -0)
(3.23852081948002e+18 -0 -0)
(3.26669684151395e+18 -0 -0)
(3.29474437304587e+18 -0 -0)
(3.32266214180433e+18 -0 -0)
(3.35044939671635e+18 -0 -0)
(3.37810545624113e+18 -0 -0)
(3.40562918650189e+18 -0 -0)
(3.43301999622419e+18 -0 -0)
(3.46027711007795e+18 -0 -0)
(3.48739930326106e+18 -0 -0)
(3.51438619277235e+18 -0 -0)
(3.54123721080358e+18 -0 -0)
(3.56795105267058e+18 -0 -0)
(3.59452755626783e+18 -0 -0)
(3.62096556735542e+18 -0 -0)
(3.64726512718197e+18 -0 -0)
(3.67342497546576e+18 -0 -0)
(3.69944506656013e+18 -0 -0)
(3.72532433371237e+18 -0 -0)
(3.75106266760773e+18 -0 -0)
(3.77665951506113e+18 -0 -0)
(3.80211444048161e+18 -0 -0)
(3.82742685828799e+18 -0 -0)
(3.8525968905808e+18 -0 -0)
(3.87762363208768e+18 -0 -0)
(3.90250754522937e+18 -0 -0)
(3.92724805692606e+18 -0 -0)
(3.95184474967677e+18 -0 -0)
(3.97629832267092e+18 -0 -0)
(4.00060785824914e+18 -0 -0)
(4.02477417801713e+18 -0 -0)
(4.04879708209807e+18 -0 -0)
(4.07267662474021e+18 -0 -0)
(4.09641313917942e+18 -0 -0)
(4.12000723424474e+18 -0 -0)
(4.14345883299431e+18 -0 -0)
(4.16676883470434e+18 -0 -0)
(4.18993786256085e+18 -0 -0)
(4.21296661550211e+18 -0 -0)
(4.23585572364233e+18 -0 -0)
(4.25860180527838e+18 -0 -0)
(4.28120381940443e+18 -0 -0)
(4.3037808930797e+18 -0 -0)
(4.32648268515704e+18 -0 -0)
(4.34929537393861e+18 -0 -0)
(4.37215993158571e+18 -0 -0)
(4.39506087210527e+18 -0 -0)
(4.41799528874466e+18 -0 -0)
(4.44096556157003e+18 -0 -0)
(4.4639762728287e+18 -0 -0)
(4.48703555900681e+18 -0 -0)
(4.51015294131354e+18 -0 -0)
(4.53334001308958e+18 -0 -0)
(4.55661083432478e+18 -0 -0)
(4.57998167653869e+18 -0 -0)
(4.60347154048572e+18 -0 -0)
(4.62710154178209e+18 -0 -0)
(4.65089149898216e+18 -0 -0)
(4.67489603881754e+18 -0 -0)
(4.69920196527443e+18 -0 -0)
(4.72386213762962e+18 -0 -0)
(4.74562297632336e+18 -0 -0)
(4.76717299799357e+18 -0 -0)
(4.7891704183468e+18 -0 -0)
(4.81156393550933e+18 -0 -0)
(4.83416981867184e+18 -0 -0)
(4.85694287631119e+18 -0 -0)
(4.87991936906588e+18 -0 -0)
(4.90314418116355e+18 -0 -0)
(4.92670402241312e+18 -0 -0)
(4.95060567723408e+18 -0 -0)
(4.97428023149525e+18 -0 -0)
(4.99627014738316e+18 -0 -0)
(5.01738474662535e+18 -0 -0)
(5.03799587897874e+18 -0 -0)
(5.05807881508693e+18 -0 -0)
(5.07760023127357e+18 -0 -0)
(5.09651273260901e+18 -0 -0)
(5.11478196968195e+18 -0 -0)
(5.13247936968023e+18 -0 -0)
(5.15270485583556e+18 -0 -0)
(5.17543510616522e+18 -0 -0)
(5.19478863406594e+18 -0 -0)
(5.21184509215635e+18 -0 -0)
(5.22668429292415e+18 -0 -0)
(5.23907656381202e+18 -0 -0)
(5.2479831373519e+18 -0 -0)
(5.27227186128554e+18 -0 -0)
(5.29333551108372e+18 -0 -0)
(5.30860501558162e+18 -0 -0)
(5.31895036632728e+18 -0 -0)
(5.32243407034744e+18 -0 -0)
(5.33452676345863e+18 -0 -0)
(5.36013017641832e+18 -0 -0)
(5.37538525146548e+18 -0 -0)
(5.38137157861542e+18 -0 -0)
(5.37511627408973e+18 -0 -0)
(5.39795049652049e+18 -0 -0)
(5.41963638201679e+18 -0 -0)
(5.42781273986318e+18 -0 -0)
(5.4197289168845e+18 -0 -0)
(5.43459238937396e+18 -0 -0)
(5.458805005292e+18 -0 -0)
(5.46648581076219e+18 -0 -0)
(5.45581039005547e+18 -0 -0)
(5.47384918918927e+18 -0 -0)
(5.49686952188039e+18 -0 -0)
(5.50263375965353e+18 -0 -0)
(5.48967640757498e+18 -0 -0)
(5.5136762340591e+18 -0 -0)
(5.53565383250884e+18 -0 -0)
(5.54144601331503e+18 -0 -0)
(5.52966141167984e+18 -0 -0)
(5.54977640504265e+18 -0 -0)
(5.57621802452813e+18 -0 -0)
(5.58503967421697e+18 -0 -0)
(5.58252460632135e+18 -0 -0)
(5.57836607243333e+18 -0 -0)
(5.606927521721e+18 -0 -0)
(5.62926850557003e+18 -0 -0)
(5.63887229631786e+18 -0 -0)
(5.6370715158309e+18 -0 -0)
(5.62718860795858e+18 -0 -0)
(5.64589566138478e+18 -0 -0)
(5.67002278585365e+18 -0 -0)
(5.68603499805394e+18 -0 -0)
(5.70293962892899e+18 -0 -0)
(5.69906226474464e+18 -0 -0)
(5.70478625911967e+18 -0 -0)
(5.68475134537668e+18 -0 -0)
(5.71685845025843e+18 -0 -0)
(5.71215584331996e+18 -0 -0)
(5.75250775664563e+18 -0 -0)
(5.68237563652187e+18 -0 -0)
)
;

boundaryField
{
    electrode
    {
        type            calculated;
        value           uniform (-6.0410878953329e+18 -0 -0);
    }
    ground
    {
        type            calculated;
        value           uniform (5.75614942325818e+18 -0 -0);
    }
    otherfaces
    {
        type            empty;
    }
}


// ************************************************************************* //
