/*--------------------------------*- C++ -*----------------------------------*\
| =========                 |                                                 |
| \\      /  F ield         | foam-extend: Open Source CFD                    |
|  \\    /   O peration     | Version:     4.1                                |
|   \\  /    A nd           | Web:         http://www.foam-extend.org         |
|    \\/     M anipulation  |                                                 |
\*---------------------------------------------------------------------------*/
FoamFile
{
    version     2.0;
    format      ascii;
    class       volVectorField;
    location    "1.50009999935002e-05";
    object      totalElectronFlux;
}
// * * * * * * * * * * * * * * * * * * * * * * * * * * * * * * * * * * * * * //

dimensions      [0 -2 0 0 0 1 0];

internalField   nonuniform List<vector> 
500
(
(180.686642704135 0 0)
(185.04442157272 0 0)
(190.590501573507 0 0)
(193.554855821924 0 0)
(192.3901345137 0 0)
(184.623315144252 0 0)
(167.274789222178 0 0)
(136.45242268796 0 0)
(87.8130574448236 0 0)
(15.8653042875081 0 0)
(-85.1284147835498 0 0)
(-220.885737968561 0 0)
(-396.96787103953 0 0)
(-619.290736018249 0 0)
(-891.858400245198 0 0)
(-1218.5823994749 0 0)
(-1601.26984468081 0 0)
(-2038.16552397026 0 0)
(-2527.69796195024 0 0)
(-3065.0118960595 0 0)
(-3644.16189891692 0 0)
(-4258.82054177247 0 0)
(-4899.22683377108 0 0)
(-5555.52008090945 0 0)
(-6219.28230848731 0 0)
(-6881.64492584224 0 0)
(-7535.11511540198 0 0)
(-8171.73596844001 0 0)
(-8785.24124101363 0 0)
(-9372.75569144247 0 0)
(-9928.70301565783 0 0)
(-10447.7562621263 0 0)
(-10929.9541353233 0 0)
(-11377.7181120732 0 0)
(-11788.2519694191 0 0)
(-12158.3647366088 0 0)
(-12490.5141721459 0 0)
(-12788.0911181493 0 0)
(-13053.720443217 0 0)
(-13290.8418698006 0 0)
(-13495.8289271292 0 0)
(-13666.2302939135 0 0)
(-13812.3256752971 0 0)
(-13940.0940512277 0 0)
(-14052.3319552271 0 0)
(-14148.9603678531 0 0)
(-14220.7506263745 0 0)
(-14266.6962308473 0 0)
(-14302.9395455172 0 0)
(-14337.5382612605 0 0)
(-14365.7716205649 0 0)
(-14386.9895167009 0 0)
(-14400.6142404197 0 0)
(-14400.3279848283 0 0)
(-14387.1646625192 0 0)
(-14374.2649057391 0 0)
(-14364.3114107304 0 0)
(-14352.3603471433 0 0)
(-14337.9285491586 0 0)
(-14321.4422570936 0 0)
(-14303.5411940418 0 0)
(-14284.7373678274 0 0)
(-14263.6214672239 0 0)
(-14239.6687883351 0 0)
(-14216.0337554472 0 0)
(-14194.1695681366 0 0)
(-14172.8225740099 0 0)
(-14151.4522980247 0 0)
(-14130.0356881915 0 0)
(-14108.4032762726 0 0)
(-14086.8878074375 0 0)
(-14066.3919769325 0 0)
(-14046.8602413802 0 0)
(-14027.5923764412 0 0)
(-14008.5467036203 0 0)
(-13990.0102898173 0 0)
(-13971.9656124918 0 0)
(-13954.2138168619 0 0)
(-13936.784612084 0 0)
(-13919.7859457197 0 0)
(-13903.2207776626 0 0)
(-13887.0873359466 0 0)
(-13871.3771501962 0 0)
(-13856.0813781639 0 0)
(-13841.19063546 0 0)
(-13826.6945444034 0 0)
(-13812.5804841126 0 0)
(-13798.8243799393 0 0)
(-13785.3956953366 0 0)
(-13772.2485706515 0 0)
(-13759.3707700536 0 0)
(-13747.2051589506 0 0)
(-13735.9394375369 0 0)
(-13724.8151758951 0 0)
(-13713.5579635968 0 0)
(-13702.5025517623 0 0)
(-13691.7330786281 0 0)
(-13681.2460017645 0 0)
(-13671.0299313358 0 0)
(-13661.0768609155 0 0)
(-13651.3789618215 0 0)
(-13641.9272820826 0 0)
(-13632.716654598 0 0)
(-13623.7367685026 0 0)
(-13614.9832536724 0 0)
(-13606.4494660775 0 0)
(-13598.1263369409 0 0)
(-13590.0108596644 0 0)
(-13582.096069595 0 0)
(-13574.3764171515 0 0)
(-13566.8453530509 0 0)
(-13559.500583487 0 0)
(-13552.3346977721 0 0)
(-13545.3424017843 0 0)
(-13538.5214219339 0 0)
(-13531.8655515695 0 0)
(-13525.3714091443 0 0)
(-13519.0347501538 0 0)
(-13512.8510726582 0 0)
(-13506.8154724043 0 0)
(-13500.9282990115 0 0)
(-13495.1812731356 0 0)
(-13489.5728766876 0 0)
(-13484.1007379962 0 0)
(-13478.7609775233 0 0)
(-13473.5501678038 0 0)
(-13468.4644627745 0 0)
(-13463.503031189 0 0)
(-13458.6625762964 0 0)
(-13453.9385175559 0 0)
(-13449.3301477906 0 0)
(-13444.8345581946 0 0)
(-13440.4486566126 0 0)
(-13436.1708999649 0 0)
(-13431.9992131302 0 0)
(-13427.9298626705 0 0)
(-13423.9623952293 0 0)
(-13420.094072791 0 0)
(-13416.3238028561 0 0)
(-13412.6463706573 0 0)
(-13409.0653330971 0 0)
(-13405.5741837644 0 0)
(-13402.1723571077 0 0)
(-13398.860268247 0 0)
(-13395.6335019533 0 0)
(-13392.4920442825 0 0)
(-13389.4330942456 0 0)
(-13386.4562700756 0 0)
(-13383.5602898862 0 0)
(-13380.7436027931 0 0)
(-13378.0031342702 0 0)
(-13375.3397382982 0 0)
(-13372.7518312552 0 0)
(-13370.2361879939 0 0)
(-13367.794379998 0 0)
(-13365.4227604321 0 0)
(-13363.1224168419 0 0)
(-13360.8896377211 0 0)
(-13358.7261680424 0 0)
(-13356.628982347 0 0)
(-13354.5973146692 0 0)
(-13352.6304185422 0 0)
(-13350.7282851158 0 0)
(-13348.887374252 0 0)
(-13347.1103482627 0 0)
(-13345.3935632105 0 0)
(-13343.7366317228 0 0)
(-13342.1390435849 0 0)
(-13340.6005235276 0 0)
(-13339.1190859641 0 0)
(-13337.6949130104 0 0)
(-13336.3266757915 0 0)
(-13335.0146105502 0 0)
(-13333.7561541052 0 0)
(-13332.551985611 0 0)
(-13331.4024166202 0 0)
(-13330.3026346715 0 0)
(-13329.2580890498 0 0)
(-13328.2617312664 0 0)
(-13327.3179292152 0 0)
(-13326.4233081583 0 0)
(-13325.578789259 0 0)
(-13324.7819775122 0 0)
(-13324.0352950927 0 0)
(-13323.3350162503 0 0)
(-13322.6810537694 0 0)
(-13322.0761167843 0 0)
(-13321.5145878693 0 0)
(-13321.0011189899 0 0)
(-13320.5311216713 0 0)
(-13320.1060982299 0 0)
(-13319.7259274693 0 0)
(-13319.3886175476 0 0)
(-13319.0945675677 0 0)
(-13318.8438061907 0 0)
(-13318.6351385187 0 0)
(-13318.4678476155 0 0)
(-13318.3433889892 0 0)
(-13318.2586796656 0 0)
(-13318.2152252917 0 0)
(-13318.2120296824 0 0)
(-13318.248569851 0 0)
(-13318.3255347544 0 0)
(-13318.4408593792 0 0)
(-13318.5950099735 0 0)
(-13318.7884425932 0 0)
(-13319.0188981679 0 0)
(-13319.2876734514 0 0)
(-13319.5944932708 0 0)
(-13319.9371811052 0 0)
(-13320.3181558711 0 0)
(-13320.7351752029 0 0)
(-13321.1877082945 0 0)
(-13321.6781940459 0 0)
(-13322.2026941601 0 0)
(-13322.7634514733 0 0)
(-13323.3586775429 0 0)
(-13323.9885455822 0 0)
(-13324.6602084944 0 0)
(-13325.3805014336 0 0)
(-13326.0891537781 0 0)
(-13326.8221554092 0 0)
(-13327.6711366678 0 0)
(-13328.5456428927 0 0)
(-13329.4108587214 0 0)
(-13330.3187207109 0 0)
(-13331.2601078378 0 0)
(-13332.23416322 0 0)
(-13333.2424049636 0 0)
(-13334.2816486983 0 0)
(-13335.3539494022 0 0)
(-13336.4574273235 0 0)
(-13337.5945189147 0 0)
(-13338.7637015558 0 0)
(-13339.9647861851 0 0)
(-13341.1973304943 0 0)
(-13342.4628003545 0 0)
(-13343.7589915314 0 0)
(-13345.0880744055 0 0)
(-13346.448199919 0 0)
(-13347.8397010541 0 0)
(-13349.2624142101 0 0)
(-13350.7176980462 0 0)
(-13352.2046821607 0 0)
(-13353.7227716914 0 0)
(-13355.2692410659 0 0)
(-13356.848870107 0 0)
(-13358.4771154642 0 0)
(-13360.0877794113 0 0)
(-13361.735843975 0 0)
(-13363.4040050383 0 0)
(-13365.1220653364 0 0)
(-13366.9548919608 0 0)
(-13368.7811271076 0 0)
(-13370.6104579112 0 0)
(-13372.4712324626 0 0)
(-13374.3609599352 0 0)
(-13376.2817793308 0 0)
(-13378.2353140366 0 0)
(-13380.220268049 0 0)
(-13382.2341845508 0 0)
(-13384.2794305474 0 0)
(-13386.35651684 0 0)
(-13388.4649828101 0 0)
(-13390.6033493711 0 0)
(-13392.7731100304 0 0)
(-13394.9744829734 0 0)
(-13397.2046512571 0 0)
(-13399.4685294692 0 0)
(-13401.76289368 0 0)
(-13404.0847466587 0 0)
(-13406.4362340621 0 0)
(-13408.8187518134 0 0)
(-13411.231112749 0 0)
(-13413.6730791668 0 0)
(-13416.1438232328 0 0)
(-13418.6352871611 0 0)
(-13421.2023045782 0 0)
(-13423.8090091513 0 0)
(-13426.3543146994 0 0)
(-13428.9421591991 0 0)
(-13431.6088228196 0 0)
(-13434.2915740621 0 0)
(-13436.9960941378 0 0)
(-13439.7328252648 0 0)
(-13442.4998882731 0 0)
(-13445.2976306402 0 0)
(-13448.1266832823 0 0)
(-13450.9865980967 0 0)
(-13453.8789914509 0 0)
(-13456.8011092075 0 0)
(-13459.7565056688 0 0)
(-13462.7418128426 0 0)
(-13465.7607711798 0 0)
(-13468.811294749 0 0)
(-13471.8943053904 0 0)
(-13475.0096687451 0 0)
(-13478.1581048538 0 0)
(-13481.3398577458 0 0)
(-13484.5544071302 0 0)
(-13487.8027383937 0 0)
(-13491.085053893 0 0)
(-13494.400273041 0 0)
(-13497.7517392172 0 0)
(-13501.1354594349 0 0)
(-13504.555638546 0 0)
(-13508.0100694244 0 0)
(-13511.5007913982 0 0)
(-13515.0255507972 0 0)
(-13518.5880382887 0 0)
(-13522.1866099078 0 0)
(-13525.8208671352 0 0)
(-13529.4935123102 0 0)
(-13533.203247414 0 0)
(-13536.9494206638 0 0)
(-13540.7355988053 0 0)
(-13544.5591652768 0 0)
(-13548.4220537162 0 0)
(-13552.3237404311 0 0)
(-13556.2661622648 0 0)
(-13560.2489088153 0 0)
(-13564.2715793992 0 0)
(-13568.336334638 0 0)
(-13572.4424409429 0 0)
(-13576.5901638751 0 0)
(-13580.7817182299 0 0)
(-13585.0156604552 0 0)
(-13589.2931420472 0 0)
(-13593.6161077731 0 0)
(-13597.9832085372 0 0)
(-13602.3961422913 0 0)
(-13606.8552423411 0 0)
(-13611.3609042986 0 0)
(-13615.9143116711 0 0)
(-13620.5158564012 0 0)
(-13625.1663543535 0 0)
(-13629.8659271608 0 0)
(-13634.6169938216 0 0)
(-13639.4181338336 0 0)
(-13644.272047954 0 0)
(-13649.1787287782 0 0)
(-13654.1375831732 0 0)
(-13659.152927643 0 0)
(-13664.2219838448 0 0)
(-13669.3490246947 0 0)
(-13674.5319919058 0 0)
(-13679.7736163729 0 0)
(-13685.0749175644 0 0)
(-13690.4366399297 0 0)
(-13695.8601528642 0 0)
(-13701.3458059399 0 0)
(-13706.8955921185 0 0)
(-13712.5095495497 0 0)
(-13718.1921398223 0 0)
(-13723.939359576 0 0)
(-13729.7584235064 0 0)
(-13735.6461347042 0 0)
(-13741.6064003483 0 0)
(-13747.6402614415 0 0)
(-13753.7481667954 0 0)
(-13759.9331748048 0 0)
(-13766.1969193576 0 0)
(-13772.5391330115 0 0)
(-13778.9644294395 0 0)
(-13785.4724666584 0 0)
(-13792.0659764857 0 0)
(-13798.7476885761 0 0)
(-13805.5178144168 0 0)
(-13812.3804444733 0 0)
(-13819.3362575003 0 0)
(-13826.3894058109 0 0)
(-13833.53879068 0 0)
(-13840.7916746782 0 0)
(-13848.1469030488 0 0)
(-13855.6077745678 0 0)
(-13863.1783983666 0 0)
(-13870.8608535789 0 0)
(-13878.6572982975 0 0)
(-13886.5730640525 0 0)
(-13894.6085129705 0 0)
(-13902.7695807032 0 0)
(-13911.0578763975 0 0)
(-13919.4774149437 0 0)
(-13928.0333353388 0 0)
(-13936.727208294 0 0)
(-13945.5646033123 0 0)
(-13954.5499717069 0 0)
(-13963.68635671 0 0)
(-13972.979980529 0 0)
(-13982.4344986153 0 0)
(-13992.0549841127 0 0)
(-14001.8473696897 0 0)
(-14011.8156013557 0 0)
(-14021.9676847657 0 0)
(-14032.3066124643 0 0)
(-14042.8405480345 0 0)
(-14053.5758499286 0 0)
(-14064.51812632 0 0)
(-14075.6753119113 0 0)
(-14087.0538707497 0 0)
(-14098.6626942731 0 0)
(-14110.5099745288 0 0)
(-14122.6024899206 0 0)
(-14134.9507739129 0 0)
(-14147.5626728582 0 0)
(-14160.4520493249 0 0)
(-14173.7196490615 0 0)
(-14187.7006803651 0 0)
(-14202.1655309527 0 0)
(-14216.4183717225 0 0)
(-14230.6530853951 0 0)
(-14245.3197790634 0 0)
(-14260.4284736165 0 0)
(-14275.9510679029 0 0)
(-14291.8840559757 0 0)
(-14308.2354030297 0 0)
(-14325.017408998 0 0)
(-14342.2434134199 0 0)
(-14359.9300597713 0 0)
(-14378.0937367396 0 0)
(-14396.750543985 0 0)
(-14415.9202470151 0 0)
(-14435.6268053316 0 0)
(-14455.9925709423 0 0)
(-14477.0584633944 0 0)
(-14498.6582251058 0 0)
(-14520.7829487005 0 0)
(-14543.7122795882 0 0)
(-14567.3609776653 0 0)
(-14590.9600512005 0 0)
(-14614.4338885862 0 0)
(-14638.6829560407 0 0)
(-14663.9516345404 0 0)
(-14689.9412717295 0 0)
(-14716.4761792064 0 0)
(-14742.8560238999 0 0)
(-14767.6338055557 0 0)
(-14791.8818870492 0 0)
(-14818.2615008738 0 0)
(-14845.9342276301 0 0)
(-14873.0762614291 0 0)
(-14899.5562700458 0 0)
(-14925.2582361163 0 0)
(-14949.7277034439 0 0)
(-14971.4748557567 0 0)
(-14984.4179425087 0 0)
(-14989.737733806 0 0)
(-14998.8652109335 0 0)
(-15011.2313195189 0 0)
(-15018.5137854387 0 0)
(-15017.7054642627 0 0)
(-15005.2542401595 0 0)
(-14974.1732643944 0 0)
(-14929.1295003052 0 0)
(-14882.2183390591 0 0)
(-14828.8724039138 0 0)
(-14756.0018455313 0 0)
(-14659.158117476 0 0)
(-14536.8539284151 0 0)
(-14390.2261501423 0 0)
(-14224.9609124328 0 0)
(-14033.5375739553 0 0)
(-13808.6359163586 0 0)
(-13549.6649820568 0 0)
(-13255.5628982885 0 0)
(-12927.1018993768 0 0)
(-12564.6166284303 0 0)
(-12165.3084600745 0 0)
(-11726.8423812236 0 0)
(-11254.2546123238 0 0)
(-10751.539236709 0 0)
(-10219.2920675879 0 0)
(-9661.18448190758 0 0)
(-9084.40922124755 0 0)
(-8494.1641199858 0 0)
(-7895.81643400281 0 0)
(-7296.38206575916 0 0)
(-6702.97895791984 0 0)
(-6121.80859916545 0 0)
(-5559.26094266182 0 0)
(-5018.46460912481 0 0)
(-4505.38924728386 0 0)
(-4023.56788541984 0 0)
(-3574.77472212884 0 0)
(-3161.314607094 0 0)
(-2782.84694557607 0 0)
(-2439.57879625407 0 0)
(-2131.60525310275 0 0)
(-1857.05416413559 0 0)
(-1615.05455986384 0 0)
(-1403.39014912957 0 0)
(-1219.73023360683 0 0)
(-1061.80440942409 0 0)
(-927.720501005638 0 0)
(-814.79336343165 0 0)
(-720.820320763904 0 0)
(-643.293354650301 0 0)
(-580.189794621389 0 0)
(-528.967896736129 0 0)
(-491.056987195302 0 0)
)
;

boundaryField
{
    electrode
    {
        type            calculated;
        value           uniform (129.947914278721 0 0);
    }
    ground
    {
        type            calculated;
        value           uniform (-403.927414108574 0 0);
    }
    otherfaces
    {
        type            empty;
    }
}


// ************************************************************************* //
