/*--------------------------------*- C++ -*----------------------------------*\
| =========                 |                                                 |
| \\      /  F ield         | foam-extend: Open Source CFD                    |
|  \\    /   O peration     | Version:     4.1                                |
|   \\  /    A nd           | Web:         http://www.foam-extend.org         |
|    \\/     M anipulation  |                                                 |
\*---------------------------------------------------------------------------*/
FoamFile
{
    version     2.0;
    format      ascii;
    class       volVectorField;
    location    "1.50009999935002e-05";
    object      totalIonFlux;
}
// * * * * * * * * * * * * * * * * * * * * * * * * * * * * * * * * * * * * * //

dimensions      [0 -2 0 0 0 1 0];

internalField   nonuniform List<vector> 
500
(
(-257.312198816468 0 0)
(-261.630853175193 0 0)
(-260.846697364944 0 0)
(-262.241898271549 0 0)
(-261.938158053449 0 0)
(-262.566416987826 0 0)
(-261.937627861376 0 0)
(-261.858957136241 0 0)
(-261.703846671829 0 0)
(-262.590790805087 0 0)
(-263.14121156053 0 0)
(-263.835809580328 0 0)
(-263.840864167804 0 0)
(-263.580560515552 0 0)
(-262.890029846806 0 0)
(-263.89820244434 0 0)
(-264.730613395962 0 0)
(-265.077726634391 0 0)
(-264.762377952519 0 0)
(-264.031976027621 0 0)
(-264.908943184679 0 0)
(-265.641529418614 0 0)
(-265.651850881777 0 0)
(-264.950210943297 0 0)
(-265.000475047054 0 0)
(-265.86815689965 0 0)
(-265.908082896097 0 0)
(-265.170583974347 0 0)
(-264.967981682015 0 0)
(-265.787438185187 0 0)
(-265.773784848548 0 0)
(-264.987118916311 0 0)
(-264.683656411532 0 0)
(-265.410214714451 0 0)
(-265.404997547418 0 0)
(-264.712583073364 0 0)
(-264.02595392093 0 0)
(-264.782381201837 0 0)
(-264.897914263425 0 0)
(-264.495252032691 0 0)
(-263.716472559702 0 0)
(-263.783264267254 0 0)
(-264.171992296997 0 0)
(-264.14687475503 0 0)
(-263.825393246716 0 0)
(-263.302015666618 0 0)
(-262.878947715683 0 0)
(-263.319314108976 0 0)
(-263.383444577147 0 0)
(-263.272432872946 0 0)
(-263.038841491851 0 0)
(-262.698554884994 0 0)
(-262.253609362883 0 0)
(-262.218096681097 0 0)
(-262.35771425566 0 0)
(-262.320039491541 0 0)
(-262.214630713717 0 0)
(-262.045099250337 0 0)
(-261.817243863826 0 0)
(-261.536670239563 0 0)
(-261.20786037357 0 0)
(-260.834719485291 0 0)
(-260.824800763319 0 0)
(-260.746597691767 0 0)
(-260.604104080825 0 0)
(-260.427689563742 0 0)
(-260.222028272906 0 0)
(-259.987173617159 0 0)
(-259.724512968741 0 0)
(-259.435227876812 0 0)
(-259.123077508516 0 0)
(-258.797507602776 0 0)
(-258.463215471672 0 0)
(-258.101135947724 0 0)
(-257.700917667081 0 0)
(-257.288346169616 0 0)
(-256.8628155096 0 0)
(-256.422088569895 0 0)
(-255.965195856743 0 0)
(-255.492611337562 0 0)
(-255.004601788679 0 0)
(-254.501470604443 0 0)
(-253.983465155788 0 0)
(-253.450928624139 0 0)
(-252.904203049493 0 0)
(-252.343620683208 0 0)
(-251.769564013607 0 0)
(-251.182443093702 0 0)
(-250.579492131433 0 0)
(-249.824305524081 0 0)
(-249.063883464012 0 0)
(-248.300873273063 0 0)
(-247.537201069432 0 0)
(-246.766470028468 0 0)
(-245.983141937615 0 0)
(-245.187404257907 0 0)
(-244.379604010898 0 0)
(-243.559877895838 0 0)
(-242.728371460794 0 0)
(-241.885226859169 0 0)
(-241.030522005134 0 0)
(-240.164425195953 0 0)
(-239.287039317524 0 0)
(-238.398459243167 0 0)
(-237.498809168426 0 0)
(-236.588185741069 0 0)
(-235.66671387751 0 0)
(-234.734488427435 0 0)
(-233.791612857039 0 0)
(-232.83816129935 0 0)
(-231.874251995332 0 0)
(-230.899973691005 0 0)
(-229.915421307718 0 0)
(-228.920677582691 0 0)
(-227.915848931266 0 0)
(-226.901010678357 0 0)
(-225.876244072626 0 0)
(-224.841653046435 0 0)
(-223.797310929421 0 0)
(-222.7432948598 0 0)
(-221.679702995539 0 0)
(-220.606621339235 0 0)
(-219.524104856149 0 0)
(-218.432245113505 0 0)
(-217.331137598572 0 0)
(-216.22084872616 0 0)
(-215.101463353247 0 0)
(-213.973051164251 0 0)
(-212.835703173508 0 0)
(-211.689480245607 0 0)
(-210.534461186364 0 0)
(-209.370743280943 0 0)
(-208.198378273399 0 0)
(-207.017451793613 0 0)
(-205.828051214371 0 0)
(-204.630234898089 0 0)
(-203.424078568444 0 0)
(-202.209659581288 0 0)
(-200.987073135101 0 0)
(-199.756353958967 0 0)
(-198.517614667463 0 0)
(-197.270909136412 0 0)
(-196.016322708821 0 0)
(-194.753911683717 0 0)
(-193.483764501019 0 0)
(-192.205955472397 0 0)
(-190.920546222183 0 0)
(-189.627627507864 0 0)
(-188.327261703664 0 0)
(-187.019528484221 0 0)
(-185.704493963199 0 0)
(-184.382239073836 0 0)
(-183.052831680788 0 0)
(-181.716354096307 0 0)
(-180.372875843473 0 0)
(-179.02245453018 0 0)
(-177.665188834766 0 0)
(-176.30113699012 0 0)
(-174.93038554996 0 0)
(-173.552982262179 0 0)
(-172.169041029325 0 0)
(-170.778597685297 0 0)
(-169.381741354112 0 0)
(-167.978547742737 0 0)
(-166.569093487868 0 0)
(-165.153431870682 0 0)
(-163.731666023188 0 0)
(-162.303849677065 0 0)
(-160.870061476833 0 0)
(-159.430380323625 0 0)
(-157.984874428341 0 0)
(-156.533612294058 0 0)
(-155.076674139291 0 0)
(-153.614141142089 0 0)
(-152.146071317099 0 0)
(-150.672546036411 0 0)
(-149.193647272374 0 0)
(-147.709434873052 0 0)
(-146.219991394088 0 0)
(-144.725387846294 0 0)
(-143.225706789402 0 0)
(-141.721009706154 0 0)
(-140.211368675898 0 0)
(-138.696867238869 0 0)
(-137.177569295868 0 0)
(-135.65356771172 0 0)
(-134.124914760737 0 0)
(-132.591694836368 0 0)
(-131.053981564169 0 0)
(-129.511849441761 0 0)
(-127.965362802472 0 0)
(-126.414614269524 0 0)
(-124.859660232357 0 0)
(-123.300575916241 0 0)
(-121.737444865384 0 0)
(-120.170332693974 0 0)
(-118.599322966656 0 0)
(-117.024473363765 0 0)
(-115.445868784368 0 0)
(-113.863584062493 0 0)
(-112.277685509469 0 0)
(-110.688256921382 0 0)
(-109.095357268809 0 0)
(-107.499070390789 0 0)
(-105.899471971566 0 0)
(-104.296622236599 0 0)
(-102.690612148753 0 0)
(-101.081501481689 0 0)
(-99.4693734869351 0 0)
(-97.8542894570667 0 0)
(-96.2363320610226 0 0)
(-94.6155766966583 0 0)
(-92.9920850375271 0 0)
(-91.3659395445366 0 0)
(-89.737209103769 0 0)
(-88.1059693545679 0 0)
(-86.4722889530041 0 0)
(-84.8362487095745 0 0)
(-83.1979254315019 0 0)
(-81.5573711942931 0 0)
(-79.9143484753025 0 0)
(-78.2691927428383 0 0)
(-76.6225074943677 0 0)
(-74.9737585993774 0 0)
(-73.3225949811563 0 0)
(-71.6692267826779 0 0)
(-70.0136571591076 0 0)
(-68.3558975962124 0 0)
(-66.6959658489586 0 0)
(-65.0338861921674 0 0)
(-63.3696737098486 0 0)
(-61.7033660006923 0 0)
(-60.034993702256 0 0)
(-58.3645791641613 0 0)
(-56.6921560679526 0 0)
(-55.0177584223557 0 0)
(-53.341424849804 0 0)
(-51.6631828182218 0 0)
(-49.9830744223229 0 0)
(-48.301132692727 0 0)
(-46.6173795450413 0 0)
(-44.931869052724 0 0)
(-43.2446417297141 0 0)
(-41.5557250376985 0 0)
(-39.8651493134346 0 0)
(-38.172946728882 0 0)
(-36.4791822082888 0 0)
(-34.7839276963112 0 0)
(-33.0869279032941 0 0)
(-31.3886255829896 0 0)
(-29.6894201017231 0 0)
(-27.9882992262667 0 0)
(-26.2856026536514 0 0)
(-24.5819225629125 0 0)
(-22.8769189861764 0 0)
(-21.1706724672667 0 0)
(-19.4632058312163 0 0)
(-17.754562939032 0 0)
(-16.0447941709298 0 0)
(-14.3339218840245 0 0)
(-12.6219737659702 0 0)
(-10.9089810714884 0 0)
(-9.1949935109742 0 0)
(-7.48003212368383 0 0)
(-5.76411870400236 0 0)
(-4.04730027540907 0 0)
(-2.32959391579191 0 0)
(-0.611020272843595 0 0)
(1.11795854795283 0 0)
(2.83893829259313 0 0)
(4.54295250440686 0 0)
(6.2568301849482 0 0)
(7.96848578766106 0 0)
(9.67791345993779 0 0)
(11.3851010354859 0 0)
(13.0900365786204 0 0)
(14.7927294886732 0 0)
(16.4929554212337 0 0)
(18.1911029114749 0 0)
(19.8878066169146 0 0)
(21.5823992913169 0 0)
(23.2744863064517 0 0)
(24.9643578933349 0 0)
(26.6519724601993 0 0)
(28.3372431061799 0 0)
(30.0200983373817 0 0)
(31.7004691527476 0 0)
(33.3782873852228 0 0)
(35.0534800018432 0 0)
(36.7259807164881 0 0)
(38.3957189522777 0 0)
(40.0626236963517 0 0)
(41.7266267828469 0 0)
(43.3876553082456 0 0)
(45.0456478516533 0 0)
(46.7005264644372 0 0)
(48.3522269000891 0 0)
(50.0006751818539 0 0)
(51.6458036489051 0 0)
(53.2875447142255 0 0)
(54.9258278640526 0 0)
(56.560577889886 0 0)
(58.1917352494678 0 0)
(59.8192205762855 0 0)
(61.4429672889646 0 0)
(63.062904387863 0 0)
(64.6789644248956 0 0)
(66.2910807393748 0 0)
(67.8991731088583 0 0)
(69.5031804323794 0 0)
(71.103031251982 0 0)
(72.6986485595151 0 0)
(74.2899721539887 0 0)
(75.8769309079426 0 0)
(77.4594481142715 0 0)
(79.0374531875825 0 0)
(80.6108859640351 0 0)
(82.1796637112258 0 0)
(83.743728370555 0 0)
(85.3030034554411 0 0)
(86.8574180915692 0 0)
(88.4069079978453 0 0)
(89.9513964780355 0 0)
(91.4908201323038 0 0)
(93.0251022767114 0 0)
(94.5541798913618 0 0)
(96.0779767040133 0 0)
(97.5964236086457 0 0)
(99.1094588818144 0 0)
(100.617006334465 0 0)
(102.118989989239 0 0)
(103.615356534222 0 0)
(105.106030845898 0 0)
(106.590938074231 0 0)
(108.070011067112 0 0)
(109.543182794626 0 0)
(111.010379284687 0 0)
(112.471543276542 0 0)
(113.926601142347 0 0)
(115.375488449216 0 0)
(116.818123796735 0 0)
(118.254452331934 0 0)
(119.684402518924 0 0)
(121.107912299247 0 0)
(122.524902796043 0 0)
(123.935321871551 0 0)
(125.339091612774 0 0)
(126.736153339138 0 0)
(128.126439784981 0 0)
(129.509883974858 0 0)
(130.886429505105 0 0)
(132.256002569239 0 0)
(133.618539832431 0 0)
(134.973978199543 0 0)
(136.322265988693 0 0)
(137.663334118905 0 0)
(138.997113323134 0 0)
(140.323545216561 0 0)
(141.642584697027 0 0)
(142.954156339929 0 0)
(144.258207297 0 0)
(145.554675733884 0 0)
(146.843512496059 0 0)
(148.124659574859 0 0)
(149.398048977886 0 0)
(150.663637913822 0 0)
(151.92137465067 0 0)
(153.171197134858 0 0)
(154.413069793489 0 0)
(155.646925011103 0 0)
(156.87272008965 0 0)
(158.09041606381 0 0)
(159.299953297971 0 0)
(160.50129807341 0 0)
(161.694408586007 0 0)
(162.879222587239 0 0)
(164.05571773265 0 0)
(165.223863604064 0 0)
(166.383596003622 0 0)
(167.534904657909 0 0)
(168.677733657385 0 0)
(169.812083447849 0 0)
(170.937894509555 0 0)
(172.05516455803 0 0)
(173.163844486472 0 0)
(174.263930438216 0 0)
(175.355398633794 0 0)
(176.438231506372 0 0)
(177.512405294219 0 0)
(178.577929840105 0 0)
(179.634768136405 0 0)
(180.682947372522 0 0)
(181.722447573118 0 0)
(182.753256840878 0 0)
(183.775415775911 0 0)
(184.788891076805 0 0)
(185.793730716019 0 0)
(186.789936356136 0 0)
(187.777522321452 0 0)
(188.756516728861 0 0)
(189.726961315147 0 0)
(190.688867176772 0 0)
(191.642291324886 0 0)
(192.587278999494 0 0)
(193.523879887543 0 0)
(194.452141516394 0 0)
(195.371928801938 0 0)
(196.283215692762 0 0)
(197.191475768163 0 0)
(198.103566213529 0 0)
(199.018855961189 0 0)
(199.934651401714 0 0)
(200.850255034289 0 0)
(201.765546078131 0 0)
(202.680646256307 0 0)
(203.595778466748 0 0)
(204.511328137935 0 0)
(205.427743901008 0 0)
(206.345568694408 0 0)
(207.265457405836 0 0)
(208.188164899645 0 0)
(209.114569195264 0 0)
(210.045643194696 0 0)
(210.982299913321 0 0)
(211.927027089784 0 0)
(212.883762650288 0 0)
(213.854899928742 0 0)
(214.693243812854 0 0)
(215.520637162401 0 0)
(216.366862314332 0 0)
(217.229597491372 0 0)
(218.100559922989 0 0)
(218.977731944583 0 0)
(219.862768411124 0 0)
(220.757706289763 0 0)
(221.666454710251 0 0)
(222.5893228442 0 0)
(223.500790270488 0 0)
(224.335507807158 0 0)
(225.129979445214 0 0)
(225.900986781158 0 0)
(226.647497510982 0 0)
(227.368094037424 0 0)
(228.060727105506 0 0)
(228.723922734571 0 0)
(229.360914848412 0 0)
(230.110328439978 0 0)
(230.971085874861 0 0)
(231.680673820122 0 0)
(232.287460579117 0 0)
(232.79514491303 0 0)
(233.19361982854 0 0)
(233.436822687475 0 0)
(234.363944693214 0 0)
(235.147240436311 0 0)
(235.672858151461 0 0)
(235.979704445515 0 0)
(235.982181564801 0 0)
(236.366251762139 0 0)
(237.348261325569 0 0)
(237.871336895545 0 0)
(237.983838792184 0 0)
(237.555034625253 0 0)
(238.411237976655 0 0)
(239.215244661209 0 0)
(239.421757539584 0 0)
(238.910579832374 0 0)
(239.410032376145 0 0)
(240.319295708574 0 0)
(240.498872198922 0 0)
(239.86988336438 0 0)
(240.501864314315 0 0)
(241.350175369373 0 0)
(241.438645562667 0 0)
(240.704566670725 0 0)
(241.58927142213 0 0)
(242.38273538519 0 0)
(242.465628633473 0 0)
(241.7786306634 0 0)
(242.485662293375 0 0)
(243.466913884671 0 0)
(243.677652372177 0 0)
(243.393781535403 0 0)
(243.038388650192 0 0)
(244.109311099819 0 0)
(244.907522224734 0 0)
(245.153186199741 0 0)
(244.902138940038 0 0)
(244.304950748236 0 0)
(244.946019896833 0 0)
(245.829921863412 0 0)
(246.352802051113 0 0)
(246.929188488373 0 0)
(246.588316911203 0 0)
(246.691409505042 0 0)
(245.647463826772 0 0)
(246.906713833751 0 0)
(246.514077703992 0 0)
(248.152157710824 0 0)
(244.886325278411 0 0)
)
;

boundaryField
{
    electrode
    {
        type            calculated;
        value           uniform (-260.338191168142 0 0);
    }
    ground
    {
        type            calculated;
        value           uniform (248.05861869263 0 0);
    }
    otherfaces
    {
        type            empty;
    }
}


// ************************************************************************* //
