/*--------------------------------*- C++ -*----------------------------------*\
| =========                 |                                                 |
| \\      /  F ield         | foam-extend: Open Source CFD                    |
|  \\    /   O peration     | Version:     4.1                                |
|   \\  /    A nd           | Web:         http://www.foam-extend.org         |
|    \\/     M anipulation  |                                                 |
\*---------------------------------------------------------------------------*/
FoamFile
{
    version     2.0;
    format      ascii;
    class       volVectorField;
    location    "2.50010000204314e-05";
    object      velocityelectronMean;
}
// * * * * * * * * * * * * * * * * * * * * * * * * * * * * * * * * * * * * * //

dimensions      [0 1 -1 0 0 0 0];

internalField   nonuniform List<vector> 
500
(
(-2274954.43503969 0 0)
(-568965.748705212 0 0)
(-358765.874958833 0 0)
(-269494.05045444 0 0)
(-144364.652447096 0 0)
(-54086.4185083495 0 0)
(-34001.252000994 0 0)
(-24291.360609347 0 0)
(-18137.1797158035 0 0)
(-11258.0650035784 0 0)
(-8067.88569985149 0 0)
(-5142.96488417102 0 0)
(-3831.42595367685 0 0)
(-2683.9051817131 0 0)
(-2090.91926191601 0 0)
(-1637.48256068375 0 0)
(-1373.05097988813 0 0)
(-1136.70992211114 0 0)
(-983.383639046177 0 0)
(-862.308442820405 0 0)
(-771.874555878216 0 0)
(-695.486918861054 0 0)
(-633.911193195709 0 0)
(-580.742957803574 0 0)
(-536.26765794327 0 0)
(-497.482595549844 0 0)
(-463.627322972913 0 0)
(-433.955828935749 0 0)
(-408.124454733439 0 0)
(-385.049103306867 0 0)
(-364.481648163017 0 0)
(-346.201543138009 0 0)
(-329.92281336664 0 0)
(-315.265051306172 0 0)
(-302.009827110948 0 0)
(-289.930383311101 0 0)
(-278.863718444439 0 0)
(-268.64823609778 0 0)
(-259.190232268671 0 0)
(-250.466391751971 0 0)
(-242.39708161161 0 0)
(-234.860502258667 0 0)
(-227.791025958326 0 0)
(-221.145494670351 0 0)
(-214.882206990492 0 0)
(-208.966273027574 0 0)
(-203.366404188849 0 0)
(-198.055157752133 0 0)
(-193.0083680685 0 0)
(-188.204296614224 0 0)
(-183.623817080927 0 0)
(-179.249934917112 0 0)
(-175.067448564461 0 0)
(-171.06261012018 0 0)
(-167.222899442671 0 0)
(-163.536994738451 0 0)
(-159.994715734172 0 0)
(-156.586922487938 0 0)
(-153.305125212239 0 0)
(-150.141514974921 0 0)
(-147.089055052078 0 0)
(-144.141201313568 0 0)
(-141.292008956986 0 0)
(-138.536012172987 0 0)
(-135.868233926508 0 0)
(-133.284011274441 0 0)
(-130.778957189961 0 0)
(-128.348986755269 0 0)
(-125.990391953441 0 0)
(-123.699721066909 0 0)
(-121.473679619968 0 0)
(-119.309242832553 0 0)
(-117.203691471398 0 0)
(-115.154470916398 0 0)
(-113.158982587182 0 0)
(-111.214883553543 0 0)
(-109.32001837693 0 0)
(-107.472310325493 0 0)
(-105.669772506775 0 0)
(-103.910544188217 0 0)
(-102.192907960722 0 0)
(-100.515360735129 0 0)
(-98.876494444944 0 0)
(-97.2748724404027 0 0)
(-95.7090118670081 0 0)
(-94.1776070481818 0 0)
(-92.6794058353122 0 0)
(-91.2132391108937 0 0)
(-89.7780062645361 0 0)
(-88.372613726704 0 0)
(-86.9960835769009 0 0)
(-85.6474495946136 0 0)
(-84.3257724810946 0 0)
(-83.030162193542 0 0)
(-81.7598883314181 0 0)
(-80.5141939921074 0 0)
(-79.2922619635035 0 0)
(-78.0933500416716 0 0)
(-76.9167652358141 0 0)
(-75.7618227045797 0 0)
(-74.6278995535822 0 0)
(-73.5143835543755 0 0)
(-72.4207002384665 0 0)
(-71.3462830460549 0 0)
(-70.2905752698487 0 0)
(-69.2530821622934 0 0)
(-68.2333085581887 0 0)
(-67.2307611955083 0 0)
(-66.2449697923023 0 0)
(-65.2754793505449 0 0)
(-64.3219142851407 0 0)
(-63.3839326310889 0 0)
(-62.4611041111999 0 0)
(-61.5529946515578 0 0)
(-60.6592482731771 0 0)
(-59.7795116101278 0 0)
(-58.9134365105887 0 0)
(-58.0606964788326 0 0)
(-57.2209653825196 0 0)
(-56.3939409537063 0 0)
(-55.5793211121555 0 0)
(-54.7767940760937 0 0)
(-53.9860723158168 0 0)
(-53.2068961964649 0 0)
(-52.4390122212306 0 0)
(-51.6821902407609 0 0)
(-50.9361946450559 0 0)
(-50.2007737980202 0 0)
(-49.4756868002876 0 0)
(-48.7607106046079 0 0)
(-48.0556201197643 0 0)
(-47.3602065624343 0 0)
(-46.6742511536282 0 0)
(-45.9975382171123 0 0)
(-45.3298983699123 0 0)
(-44.6711918682228 0 0)
(-44.021232436186 0 0)
(-43.3798130013539 0 0)
(-42.746740424064 0 0)
(-42.1218456019082 0 0)
(-41.5049646213119 0 0)
(-40.8959359289769 0 0)
(-40.2946065365692 0 0)
(-39.7008229693281 0 0)
(-39.1144352073551 0 0)
(-38.5352947332711 0 0)
(-37.9632627486483 0 0)
(-37.3982027938945 0 0)
(-36.8399811120869 0 0)
(-36.2884601899954 0 0)
(-35.7435150380884 0 0)
(-35.2050214036385 0 0)
(-34.6728546646493 0 0)
(-34.1468932674349 0 0)
(-33.6270202954885 0 0)
(-33.1131211141314 0 0)
(-32.6050823336928 0 0)
(-32.1027935190983 0 0)
(-31.606146550742 0 0)
(-31.1150380328779 0 0)
(-30.6293621856063 0 0)
(-30.1490196031611 0 0)
(-29.6739078354205 0 0)
(-29.2039303959008 0 0)
(-28.7389925080167 0 0)
(-28.2789984204716 0 0)
(-27.8238567358735 0 0)
(-27.3734771254411 0 0)
(-26.9277692523487 0 0)
(-26.4866480889765 0 0)
(-26.0500264699309 0 0)
(-25.6178208299039 0 0)
(-25.1899464457544 0 0)
(-24.7663240206681 0 0)
(-24.3468694134801 0 0)
(-23.9315077337952 0 0)
(-23.5201589371706 0 0)
(-23.1127498171129 0 0)
(-22.7092018363088 0 0)
(-22.3094470918623 0 0)
(-21.9134008699493 0 0)
(-21.5210061881146 0 0)
(-21.1321676616993 0 0)
(-20.7468512777055 0 0)
(-20.3649436616427 0 0)
(-19.9864388733314 0 0)
(-19.6111794897508 0 0)
(-19.2392279263472 0 0)
(-18.8703355584193 0 0)
(-18.504697766805 0 0)
(-18.141888077596 0 0)
(-17.7823507928417 0 0)
(-17.4249815968954 0 0)
(-17.0683347185424 0 0)
(-16.7168932120421 0 0)
(-16.3696081213971 0 0)
(-16.0249355377943 0 0)
(-15.6828180255402 0 0)
(-15.3413359177764 0 0)
(-15.0063829950648 0 0)
(-14.673311795584 0 0)
(-14.3377914745592 0 0)
(-14.0075272360379 0 0)
(-13.6786540651025 0 0)
(-13.3509762140501 0 0)
(-13.0242561338486 0 0)
(-12.7026735418204 0 0)
(-12.3847084178717 0 0)
(-12.0636770964917 0 0)
(-11.7459628912811 0 0)
(-11.4320750524498 0 0)
(-11.120071798568 0 0)
(-10.8077529886822 0 0)
(-10.4992845843879 0 0)
(-10.1928480908018 0 0)
(-9.88652201582754 0 0)
(-9.58345695602548 0 0)
(-9.28183016439914 0 0)
(-8.98061051989384 0 0)
(-8.68077844438455 0 0)
(-8.38272772424446 0 0)
(-8.08585581499987 0 0)
(-7.79044735435543 0 0)
(-7.49619351073776 0 0)
(-7.20323466733188 0 0)
(-6.91137029316707 0 0)
(-6.62068405441754 0 0)
(-6.3310020831645 0 0)
(-6.04241301940759 0 0)
(-5.75470727663955 0 0)
(-5.46804692833489 0 0)
(-5.18210687830342 0 0)
(-4.89722369234273 0 0)
(-4.61281818195387 0 0)
(-4.32958967355346 0 0)
(-4.0464489638002 0 0)
(-3.76481648762847 0 0)
(-3.48258247218677 0 0)
(-3.20261061213784 0 0)
(-2.92075521058194 0 0)
(-2.6427524683403 0 0)
(-2.36039979082599 0 0)
(-2.08517664261059 0 0)
(-1.80073721008812 0 0)
(-1.53012180068065 0 0)
(-1.2405407599328 0 0)
(-0.978501440787627 0 0)
(-0.677538025352402 0 0)
(-0.389277798499706 0 0)
(-0.157018193517176 0 0)
(0.163761852218114 0 0)
(0.396020024330636 0 0)
(0.684288798008925 0 0)
(0.985251921051403 0 0)
(1.24728893950224 0 0)
(1.53687238223669 0 0)
(1.8074897112132 0 0)
(2.09193147596036 0 0)
(2.36715633417082 0 0)
(2.64951344060055 0 0)
(2.9275184682437 0 0)
(3.2093767677756 0 0)
(3.48935344654311 0 0)
(3.77159088660043 0 0)
(4.05322847965894 0 0)
(4.33637407888745 0 0)
(4.61960734936063 0 0)
(4.90401816343691 0 0)
(5.18890752009422 0 0)
(5.47485425847743 0 0)
(5.76151996536692 0 0)
(6.04923286347624 0 0)
(6.33782873899376 0 0)
(6.62751864098877 0 0)
(6.91821275983616 0 0)
(7.21008459152219 0 0)
(7.5030522014276 0 0)
(7.79731481200573 0 0)
(8.09273278111044 0 0)
(8.38961367369114 0 0)
(8.68767389786571 0 0)
(8.98751624150446 0 0)
(9.28874705466557 0 0)
(9.59038374703337 0 0)
(9.89346044459015 0 0)
(10.1997973796177 0 0)
(10.5062465364051 0 0)
(10.8147273462942 0 0)
(11.1270578896946 0 0)
(11.4390738789174 0 0)
(11.7529757169289 0 0)
(12.0707033514962 0 0)
(12.3917478346214 0 0)
(12.709727577474 0 0)
(13.0313256746162 0 0)
(13.3580606370381 0 0)
(13.6857524086976 0 0)
(14.0146430600503 0 0)
(14.3449230585578 0 0)
(14.680459781111 0 0)
(15.0135472590699 0 0)
(15.3485188517117 0 0)
(15.6900175482581 0 0)
(16.0321528855457 0 0)
(16.3768449904404 0 0)
(16.7241485181864 0 0)
(17.0756084832787 0 0)
(17.432275696977 0 0)
(17.7896658193384 0 0)
(18.1492216940744 0 0)
(18.5120534273938 0 0)
(18.8777127763439 0 0)
(19.2466257837839 0 0)
(19.6185999256638 0 0)
(19.9938823991642 0 0)
(20.3724092200425 0 0)
(20.7543406629152 0 0)
(21.1396811553554 0 0)
(21.5285433657011 0 0)
(21.9209631812439 0 0)
(22.3170344532414 0 0)
(22.7168146402527 0 0)
(23.1203888922303 0 0)
(23.5278247576886 0 0)
(23.9392007797528 0 0)
(24.3545893809878 0 0)
(24.774072019626 0 0)
(25.1977230843884 0 0)
(25.625626402111 0 0)
(26.0578617943525 0 0)
(26.4945128385187 0 0)
(26.9356644202938 0 0)
(27.3814038572696 0 0)
(27.8318143713111 0 0)
(28.2869886180128 0 0)
(28.7470147378183 0 0)
(29.2119868889136 0 0)
(29.6819963305754 0 0)
(30.1571429864597 0 0)
(30.6375215597625 0 0)
(31.1232308694668 0 0)
(31.6143768375022 0 0)
(32.1110593857594 0 0)
(32.6133860892035 0 0)
(33.1214617836933 0 0)
(33.635399893823 0 0)
(34.1553118699092 0 0)
(34.6813125943858 0 0)
(35.2135194797936 0 0)
(35.7520550091474 0 0)
(36.2970407113659 0 0)
(36.8486041429074 0 0)
(37.4068692356175 0 0)
(37.9719723806529 0 0)
(38.5440485620172 0 0)
(39.1232341087565 0 0)
(39.7096690532591 0 0)
(40.3034980974254 0 0)
(40.9048746250541 0 0)
(41.5139514544548 0 0)
(42.1308835359191 0 0)
(42.7558251104184 0 0)
(43.3889483669378 0 0)
(44.0304214668087 0 0)
(44.6804343094812 0 0)
(45.3391953342263 0 0)
(46.0068906034425 0 0)
(46.6836578860051 0 0)
(47.3696692015315 0 0)
(48.0651394238536 0 0)
(48.7702851744573 0 0)
(49.4853211372999 0 0)
(50.2104680418364 0 0)
(50.9459515955587 0 0)
(51.6920096307044 0 0)
(52.448893542698 0 0)
(53.216840011606 0 0)
(53.9960833917911 0 0)
(54.7868723508447 0 0)
(55.5894677386964 0 0)
(56.4041542761545 0 0)
(57.2312506253256 0 0)
(58.07104958417 0 0)
(58.9238674038778 0 0)
(59.7900162057542 0 0)
(60.6698288807938 0 0)
(61.5636524977608 0 0)
(62.471834237647 0 0)
(63.3947500600035 0 0)
(64.3328172007844 0 0)
(65.2864644773269 0 0)
(66.2560422947548 0 0)
(67.2419190188531 0 0)
(68.2445493567408 0 0)
(69.2644146839022 0 0)
(70.3020003134422 0 0)
(71.3577974862773 0 0)
(72.4323142592099 0 0)
(73.5260978164844 0 0)
(74.6397127883481 0 0)
(75.7737343607168 0 0)
(76.9287733470005 0 0)
(78.1054751794683 0 0)
(79.3044947545231 0 0)
(80.5265336002267 0 0)
(81.7723410573677 0 0)
(83.042749575786 0 0)
(84.3384678892924 0 0)
(85.6602609691025 0 0)
(87.0090186435529 0 0)
(88.3856783103854 0 0)
(89.7911920002238 0 0)
(91.2265712579498 0 0)
(92.6928637568307 0 0)
(94.1912011608582 0 0)
(95.7227590235521 0 0)
(97.2887535547763 0 0)
(98.890543864991 0 0)
(100.529554503435 0 0)
(102.207267080924 0 0)
(103.925048065484 0 0)
(105.684449520323 0 0)
(107.487161213818 0 0)
(109.335045973777 0 0)
(111.230094259813 0 0)
(113.174357681709 0 0)
(115.170028196099 0 0)
(117.219483091485 0 0)
(119.3252167359 0 0)
(121.489854320042 0 0)
(123.716105935212 0 0)
(126.007016213234 0 0)
(128.3658190316 0 0)
(130.79599998718 0 0)
(133.301330070062 0 0)
(135.885783370882 0 0)
(138.553814998296 0 0)
(141.310096944624 0 0)
(144.159540530297 0 0)
(147.107658041582 0 0)
(150.160441945759 0 0)
(153.324325953108 0 0)
(156.606435593487 0 0)
(160.014569504098 0 0)
(163.55717354883 0 0)
(167.243427981971 0 0)
(171.083483344714 0 0)
(175.088692436988 0 0)
(179.271582476899 0 0)
(183.64586755913 0 0)
(188.226757241884 0 0)
(193.031269474125 0 0)
(198.078504713224 0 0)
(203.390226220172 0 0)
(208.990553220818 0 0)
(214.907101820522 0 0)
(221.17080382076 0 0)
(227.817027517851 0 0)
(234.886969727588 0 0)
(242.424251432973 0 0)
(250.494253779518 0 0)
(259.218633290672 0 0)
(268.677616055162 0 0)
(278.893616424239 0 0)
(289.961255211216 0 0)
(302.041518464631 0 0)
(315.297583986053 0 0)
(329.95640144817 0 0)
(346.236058745028 0 0)
(364.517360696324 0 0)
(385.085988660024 0 0)
(408.16246015213 0 0)
(433.995109397608 0 0)
(463.668125209123 0 0)
(497.524696429092 0 0)
(536.31154562512 0 0)
(580.788820016463 0 0)
(633.958999237801 0 0)
(695.536933433646 0 0)
(771.926623786403 0 0)
(862.36333248599 0 0)
(983.442351070007 0 0)
(1136.77302595464 0 0)
(1373.11863646368 0 0)
(1637.5551764068 0 0)
(2090.9971470581 0 0)
(2683.9891695503 0 0)
(3831.5166672849 0 0)
(5143.06401780862 0 0)
(8067.99398408024 0 0)
(11258.1842724798 0 0)
(18137.3068039907 0 0)
(24291.4889502118 0 0)
(34001.3550010748 0 0)
(54086.4672788769 0 0)
(144364.666230722 0 0)
(269493.991601509 0 0)
(358765.909134629 0 0)
(568965.80888572 0 0)
(2274953.25970635 0 0)
)
;

boundaryField
{
    electrode
    {
        type            calculated;
        value           uniform (-1174465.73832927 0 0);
    }
    ground
    {
        type            calculated;
        value           uniform (1174465.43941225 0 0);
    }
    otherfaces
    {
        type            empty;
    }
}


// ************************************************************************* //
