/*--------------------------------*- C++ -*----------------------------------*\
| =========                 |                                                 |
| \\      /  F ield         | foam-extend: Open Source CFD                    |
|  \\    /   O peration     | Version:     4.1                                |
|   \\  /    A nd           | Web:         http://www.foam-extend.org         |
|    \\/     M anipulation  |                                                 |
\*---------------------------------------------------------------------------*/
FoamFile
{
    version     2.0;
    format      ascii;
    class       volScalarField;
    location    "1.50009999935002e-05";
    object      eDensity;
}
// * * * * * * * * * * * * * * * * * * * * * * * * * * * * * * * * * * * * * //

dimensions      [1 -1 -2 0 0 0 0];

internalField   nonuniform List<scalar> 
500
(
0.0156149581583593
0.0257479805362843
0.0412845603592667
0.0642905337817095
0.0972004623883442
0.142650865004574
0.203228753332659
0.281147702219599
0.377912304234686
0.494052740102786
0.628996661329248
0.781112987571178
0.947922016617626
1.12641351835344
1.31339192916776
1.5057823121462
1.70085223690257
1.89632679082141
2.09041634171772
2.28178297763587
2.46946802407105
2.65282080443212
2.8314344791269
3.00507864208964
3.17366250374049
3.33720169939557
3.49578015490512
3.64955519540149
3.79871558301266
3.94346670232732
4.08408697205953
4.22085209591442
4.3539341897979
4.48348235048829
4.60974663498301
4.73304953385141
4.85367427056974
4.97182147861846
5.08763355271852
5.20122920702786
5.31274180912849
5.42233517020723
5.53017633505166
5.63641076046198
5.74116342075446
5.8445461094566
5.94665612120001
6.04756733534919
6.14733092615929
6.24599711609214
6.34363202759278
6.44030659012055
6.53608168676006
6.63100805806378
6.72512964501862
6.81848507713827
6.9111086332014
7.00303094445583
7.09427929901644
7.18487811544161
7.27484980661765
7.3642151831347
7.45299276126514
7.54119857669147
7.62884689630733
7.71595076759836
7.80252221841781
7.88857218454852
7.97411052920785
8.0591463240134
8.14368786856897
8.22774282184713
8.3113182193983
8.39442048939267
8.47705564298612
8.55922941857336
8.64094688098265
8.72221296620302
8.8030336740298
8.88341456879698
8.9633587037971
9.04286773119895
9.12194312319945
9.20058618186735
9.27879802122119
9.35657959721522
9.43393170345542
9.5108550001356
9.58735000753506
9.66341713410079
9.73905666416709
9.81426878764385
9.88905359080904
9.96341108034696
10.0373411718926
10.1108437139625
10.183918480139
10.2565651870904
10.328783485212
10.4005729783313
10.4719332166945
10.5428637114493
10.6133639249408
10.6834332922042
10.7530712056878
10.8222770357608
10.891050117805
10.9593897715912
11.027295288958
11.0947659494538
11.1618010106926
11.228399723374
11.2945613158864
11.3602850025018
11.4255699226254
11.4904152489221
11.5548201970982
11.6187839583285
11.6823057107596
11.745384632202
11.8080198922169
11.8702106646289
11.9319561139383
11.9932554112964
12.0541077232848
12.114512221856
12.1744680740295
12.2339744564645
12.293030539701
12.3516355052897
12.4097885327798
12.4674888101242
12.5247355247145
12.5815278738115
12.6378650534744
12.6937462716073
12.7491707342756
12.8041376598343
12.8586462670086
12.9126957854582
12.966285444985
13.0194144875676
13.0720821541064
13.1242876998217
13.1760303807371
13.2273094627873
13.2781242139982
13.3284739154539
13.3783578493231
13.4277753068902
13.4767255852068
13.5252079915784
13.5732218336602
13.6207664319926
13.6678411101322
13.7144452021481
13.7605780456013
13.8062389861745
13.8514273773356
13.8961425799838
13.9403839597407
13.9841508899664
14.0274427534919
14.0702589357569
14.1125988353337
14.1544618512166
14.1958473983652
14.2367548872171
14.2771837507049
14.3171334109484
14.3566033185764
14.3955929072331
14.434101646383
14.472128981371
14.5096744002226
14.5467373609737
14.5833173714462
14.6194138981217
14.6550264713009
14.6901545684575
14.7247977422877
14.7589554790956
14.7926273522386
14.8258128587592
14.8585115962812
14.8907230741195
14.9224469131161
14.9536826273576
14.9844298660769
15.0146881573606
15.0444571713299
15.073736447039
15.1025256809489
15.1308244277665
15.1586324137214
15.185949191293
15.2127744965265
15.239107919116
15.264949252736
15.2902981321098
15.3151545469001
15.3395167452829
15.3633747894894
15.3867342121376
15.4096069205522
15.4319902466381
15.4538822106986
15.4752822310978
15.496190080111
15.5166054930878
15.5365283161727
15.5559582574608
15.5748951429294
15.593338772918
15.6112889705062
15.6287454775474
15.6457081546134
15.6621767687946
15.6781511789945
15.6936311852047
15.7086166025368
15.7231072008715
15.7371028545498
15.7506033632455
15.7636085457438
15.7761182115941
15.7881322264768
15.799650415262
15.8106726381457
15.8211987175493
15.8312285139597
15.8407618990206
15.8497987324965
15.8583388757305
15.8663822138053
15.8739286137586
15.8809779615312
15.8875301837461
15.8935851637657
15.8991428072045
15.9042030234267
15.9087657529196
15.9128309036281
15.916398429619
15.9194682626828
15.9220403886269
15.9241147582066
15.9256914260323
15.9267705214066
15.9273504596037
15.92743342722
15.9270192130935
15.9261060640793
15.9246953442225
15.9227868773706
15.9203806109894
15.9174766067931
15.9140748872718
15.9101755180607
15.9057785380324
15.9008840400519
15.8954920965714
15.889602799793
15.8832162376276
15.876332520151
15.8689517421078
15.861074036431
15.8526995348551
15.8438283576565
15.8344606594791
15.8245965921176
15.8142363020367
15.8033799442331
15.7920277120729
15.7801797592994
15.7678362876586
15.7549974707176
15.7416635361019
15.7278346907833
15.7135111607392
15.6986930966531
15.6833807629695
15.667574389682
15.6512742403745
15.6344805090583
15.6171934687807
15.5994133140873
15.5811403849423
15.5623749141871
15.5431171341295
15.5233672954816
15.5031258133947
15.4823929027504
15.4611688478389
15.4394539820255
15.4172490154544
15.3945559955375
15.3713776738829
15.3477022379525
15.3235242588878
15.2988538289894
15.2736928080057
15.2480412791998
15.2218997230975
15.1952684909113
15.1681481352259
15.1405390385461
15.112441778386
15.0838567838521
15.0547846596809
15.0252258560082
14.9951809870761
14.9646505447036
14.9336351750486
14.9021354048992
14.870151890913
14.8376851904585
14.8047359826476
14.7713048581185
14.7373925136274
14.7029995715981
14.6681267479154
14.6327746958847
14.5969441483734
14.5606357890558
14.5238503687267
14.4865885991565
14.4488512484501
14.4106390564516
14.3719528069879
14.3327932633439
14.2931612263771
14.2530574818928
14.2124828469552
14.1714381289054
14.1299241574153
14.0879417592846
14.0454917782357
14.0025750590853
13.9591924576751
13.9153448321323
13.8710330510866
13.8262579854728
13.78102051204
13.7353215129291
13.6891618719928
13.6425424794201
13.5954642244728
13.5479280023698
13.4999347068621
13.4514852339631
13.4025804780722
13.353221336947
13.3034087010073
13.253143464477
13.2024265128703
13.1512587327367
13.0996410028287
13.0475741994816
12.9950591867949
12.9420968290103
12.8886879732256
12.8348334647492
12.7805341330347
12.7257907989966
12.6706042672763
12.6149753330426
12.5589047699031
12.5023933406914
12.4454417847744
12.3880508268017
12.3302211686802
12.2719534911742
12.2132484463731
12.1541066677386
12.094528755278
12.034515284838
11.9740667963379
11.9131838027328
11.8518667767327
11.790116160476
11.7279323515389
11.6653157142001
11.602266563922
11.5387851774539
11.4748717789531
11.41052654874
11.3457496088539
11.2805410336334
11.2149008329685
11.1488289635904
11.0823253118574
11.015389704436
10.9480218941167
10.8802215657455
10.8119883205843
10.7433216896641
10.6742211115095
10.6046859460991
10.534715454708
10.4643088088476
10.3934650747803
10.3221832206156
10.2504620978852
10.1783004515855
10.1056968994297
10.0326499398676
9.95915793451645
9.88521911446785
9.81083155802783
9.73599320106169
9.6607018144001
9.58495500911837
9.5087502134068
9.43208468483534
9.3549554748829
9.27735944337425
9.19929322696189
9.12075324530351
9.04173567513271
8.9622364587214
8.88225130624576
8.80177446977513
8.72079762455647
8.63931195993829
8.55730969488074
8.47478286639803
8.39172277502137
8.30812038870769
8.22396622908597
8.13925018947298
8.05396151465088
7.9680887699423
7.88161971220299
7.79454123306657
7.70683926779623
7.61849870970373
7.52950327798844
7.43983542962323
7.34947584553561
7.25840271970709
7.1665919496152
7.07401782358578
6.98065261366835
6.88646570270933
6.79142312666235
6.69548727204678
6.59861614937537
6.50076237421984
6.40187166083392
6.30187943489129
6.20071087196431
6.09829568839463
5.99457915295685
5.8895049988436
5.78299288780653
5.67493750531079
5.56521719952946
5.45369410288952
5.34020584030633
5.22456275332699
5.10657060586981
4.98605491264009
4.86284111585319
4.73671116401277
4.6073628755438
4.47437871668596
4.33726074313375
4.19553063847781
4.04874688073174
3.89637103665179
3.73768020351149
3.57186580604911
3.39811606608522
3.21558908549319
3.02348083555375
2.82115398739921
2.60826502915802
2.38497924831805
2.15221665346902
1.91190717031507
1.66722180938313
1.42267475765745
1.18399690131408
0.957711006216926
0.750398180629028
0.567765668001339
0.413719418466655
0.289740650625519
0.194766566711879
0.125609654876243
0.0777539835325396
0.046257197367345
0.0265037755409719
0.0146673995523619
0.00786680983750664
0.00410476773071114
0.0020920372758502
0.00104632084239797
0.000517481519171539
)
;

boundaryField
{
    electrode
    {
        type            energyDensity_wilsonBC5;
        seec            0;
        Tse             22000;
        value           uniform 0.0156149581583593;
    }
    ground
    {
        type            energyDensity_wilsonBC5;
        seec            0;
        Tse             22000;
        value           uniform 0.000517481519171539;
    }
    otherfaces
    {
        type            empty;
    }
}


// ************************************************************************* //
