/*--------------------------------*- C++ -*----------------------------------*\
| =========                 |                                                 |
| \\      /  F ield         | foam-extend: Open Source CFD                    |
|  \\    /   O peration     | Version:     4.1                                |
|   \\  /    A nd           | Web:         http://www.foam-extend.org         |
|    \\/     M anipulation  |                                                 |
\*---------------------------------------------------------------------------*/
FoamFile
{
    version     2.0;
    format      ascii;
    class       volScalarField;
    location    "1.50009999935002e-05";
    object      eTemp;
}
// * * * * * * * * * * * * * * * * * * * * * * * * * * * * * * * * * * * * * //

dimensions      [0 0 0 1 0 0 0];

internalField   nonuniform List<scalar> 
500
(
49219.6040234022
47464.0814524172
46256.0726078502
45333.6818950447
44630.2068623284
44112.9737346094
43759.6454794161
43549.0882056294
43457.7654574871
43460.0686639708
43532.0872025504
43650.8813595105
43796.511449725
43952.8879087823
44108.1330845492
44254.4580267334
44387.7151505738
44506.5724584432
44611.573955804
44704.2823600946
44786.6229549632
44860.5050985708
44927.6144572751
44989.2665792641
45046.4688397685
45099.9661893632
45150.243023523
45197.7064859632
45242.611035227
45285.0746188996
45325.3595276508
45363.7081287703
45400.1068773253
45434.4991559589
45467.0278901578
45497.9300710051
45527.3467974135
45555.3248762003
45581.8895983383
45607.0649060224
45630.9041913408
45653.5036776381
45674.9521999189
45695.3067219019
45714.613212379
45732.9225065471
45750.2891233463
45766.7541970211
45782.3378195249
45797.0646035945
45810.9832952375
45824.1444407594
45836.5837355785
45848.3310709193
45859.4161383969
45869.8678627611
45879.7143041921
45888.98266018
45897.69892125
45905.8877346949
45913.5732222798
45920.7793389666
45927.528771108
45933.8426279449
45939.7413402893
45945.2448438482
45950.3723472288
45955.1423288277
45959.5725786396
45963.6802260204
45967.4817200644
45970.9928917724
45974.228966509
45977.2044452147
45979.9333319862
45982.4293330028
45984.7050230152
45986.772170748
45988.6437487884
45990.3324953259
45991.8487079376
45993.202025562
45994.4023987238
45995.4594242895
45996.3822839532
45997.1797573561
45997.8602265469
45998.4316972696
45998.9018057732
45999.2778347079
45999.5667211072
45999.7750724556
45999.9091726687
45999.9749999908
45999.9782294796
45999.9242541082
45999.8181814498
45999.6648579887
45999.4688687261
45999.2345529984
45998.9660069566
45998.6671030133
45998.3414869229
45997.9925967398
45997.6236629496
45997.2377235136
45996.8376258548
45996.4260411105
45996.0054633637
45995.5782262419
45995.1465007558
45994.7123111649
45994.2775327183
45993.8439069157
45993.4130391505
45992.9864138799
45992.5653900317
45992.1512174458
45991.7450326909
45991.3478735393
45990.9606737072
45990.5842792709
45990.219442893
45989.8668369219
45989.5270505276
45989.2006009749
45988.8879296358
45988.5894159112
45988.3053698476
45988.0360471523
45987.7816425706
45987.5423021385
45987.318116837
45987.1091362264
45986.9153622103
45986.7367597647
45986.5732505142
45986.424725887
45986.2910403564
45986.1720215051
45986.067463939
45985.97714152
45985.9007990735
45985.8381639869
45985.7889384895
45985.7528122972
45985.729452669
45985.7185189325
45985.7196464334
45985.7324695693
45985.7566051983
45985.791664797
45985.8372495411
45985.8929552731
45985.958370355
45986.0330810315
45986.1166677556
45986.2087094272
45986.3087829366
45986.4164636096
45986.5313285203
45986.6529515627
45986.7809134822
45986.9147888351
45987.0541649966
45987.1986203459
45987.347750566
45987.5011386831
45987.6583916299
45987.8190983437
45987.9828802381
45988.1493322928
45988.3180908488
45988.4887590935
45988.6609903057
45988.8343943889
45989.008645301
45989.1833596589
45989.3582309704
45989.5328836734
45989.7070333498
45989.8803119956
45990.0524569401
45990.2231056517
45990.3920195397
45990.5588448359
45990.7233656929
45990.8852329734
45991.0442545166
45991.2000896253
45991.3525697991
45991.5013579408
45991.6463068615
45991.7870891981
45991.9235869745
45992.0554758394
45992.1826425029
45992.3047721097
45992.4217874293
45992.5334449875
45992.6404561817
45992.7440658429
45992.8362838529
45992.9202089352
45993.0028621814
45993.079388235
45993.1489154533
45993.2116123786
45993.2675024931
45993.3164228697
45993.3583239589
45993.3930058939
45993.4203989613
45993.4403710223
45993.452842715
45993.4576512411
45993.4547606566
45993.4440203224
45993.4253704487
45993.3986997609
45993.3639631345
45993.3210217072
45993.2698323082
45993.2103000967
45993.1423716103
45993.0659470686
45992.9809872141
45992.887403913
45992.7851588579
45992.6741651336
45992.5543711605
45992.4257206995
45992.2881582694
45992.1416254892
45991.986080257
45991.8214512135
45991.6476880125
45991.4647627695
45991.2726070022
45991.0711747185
45990.860413453
45990.6402859021
45990.4107225675
45990.17169397
45989.9231295703
45989.6650014248
45989.3972175205
45989.1197650709
45988.8330042392
45988.5355060292
45988.228681483
45987.9124822446
45987.5854186013
45987.2488067972
45986.9021482589
45986.5453262777
45986.1783178184
45985.8010305198
45985.4134149331
45985.0153754126
45984.6068592269
45984.1877765576
45983.7580500758
45983.3175832632
45982.8663026932
45982.404101085
45981.9308890537
45981.4465670582
45980.9510174296
45980.4441390386
45979.9258202491
45979.3959324463
45978.8543456711
45978.3009581968
45977.7356070323
45977.1581765143
45976.5684928938
45975.9664239732
45975.3518125135
45974.724517027
45974.084306748
45973.4310504735
45972.764542611
45972.084625037
45971.391066373
45970.6837051891
45969.9622508037
45969.2265532502
45968.4763769532
45967.7114818442
45966.931563669
45966.1364643803
45965.3258498194
45964.4994537872
45963.6568480955
45962.7974598435
45961.9216908142
45961.0339138288
45960.1266359981
45959.1962928628
45958.2503864922
45957.2871365
45956.3052730047
45955.304488791
45954.2843046181
45953.2444415902
45952.1843928932
45951.1038528327
45950.0023060797
45948.8794166819
45947.734645068
45946.5676226938
45945.3778021063
45944.164787404
45942.9280116485
45941.6670431299
45940.3813016343
45939.070324907
45937.7335166417
45936.3703820348
45934.9803088842
45933.5627701959
45932.1171381537
45930.6428551511
45929.1392760577
45927.6058121603
45926.0418028781
45924.4466309359
45922.8196170454
45921.1601166259
45919.4674338016
45917.7408974532
45915.9797947625
45914.1834297814
45912.3510733499
45910.4820057939
45908.5754836242
45906.6307661019
45904.6470935832
45902.6237082686
45900.5598362985
45898.4547030366
45896.3075244755
45894.117510861
45891.8838679671
45889.6057960185
45887.2824925444
45884.9131505701
45882.4969633517
45880.0331189686
45877.5208081763
45874.9592187819
45872.3475435419
45869.684973981
45866.9707080916
45864.2039442712
45861.3838915059
45858.5097596668
45855.5807724501
45852.5961578001
45849.5551594114
45846.4570271887
45843.3010301652
45840.0864473226
45836.8125798876
45833.4787410936
45830.0842700727
45826.6285220778
45823.1108812425
45819.530751935
45815.8875708957
45812.180797578
45808.4099295002
45804.5744921247
45800.6740514841
45796.7082047462
45792.6765955052
45788.5789038601
45784.4148598511
45780.1842351106
45775.8868567221
45771.5225972236
45767.0913938355
45762.5932225594
45758.0281383381
45753.3962962049
45748.6978911791
45743.9331487311
45739.1023836698
45734.2059807285
45729.2444068112
45724.2182038483
45719.1280024195
45713.9745123152
45708.7585385858
45703.4809710519
45698.1427987757
45692.7451046737
45687.2890768954
45681.7760004199
45676.2072745206
45670.5844015614
45664.9090026967
45659.1828087516
45653.4076771931
45647.5855788934
45641.7186166421
45635.8090166937
45629.8591389618
45623.8714742146
45617.8486541407
45611.7934443441
45605.7087595985
45599.5976517462
45593.4633290814
45587.3091412256
45581.1385979854
45574.955359351
45568.7632463056
45562.5662410637
45556.3685743788
45550.1753889447
45543.991801487
45537.8211470622
45531.667201936
45525.5356181224
45519.4319536547
45513.3613558038
45507.3294233683
45501.3420129107
45495.4050430601
45489.5246353701
45483.7071635821
45477.9591757084
45472.2874953213
45466.6990049744
45461.2008014193
45455.8004148171
45450.5058676319
45445.3255442875
45440.267380345
45435.3392171778
45430.5499637094
45425.9092647746
45421.4268096774
45417.1125846557
45412.9773198233
45409.0325714662
45405.2909835002
45401.7670065342
45398.4715492782
45395.4032212789
45392.5650988818
45389.9870128675
45387.7064139451
45385.7432223067
45384.1079137796
45382.8191776011
45381.9056955346
45381.3908308436
45381.2726318808
45381.5488191354
45382.267544655
45383.5131948257
45385.3766732579
45387.9372851672
45391.1913947969
45395.0516408987
45399.5364676463
45404.8758486296
45411.2722614671
45418.6943614935
45427.1210480365
45436.7180828233
45447.5809540448
45459.7548092499
45473.3476346537
45488.3980814894
45504.9229338553
45522.8958764248
45542.1658416675
45562.4752739815
45583.3920945984
45604.2476715667
45624.1454034811
45641.9643291314
45656.4155370367
45666.1852246918
45670.1199364067
45667.468033712
45658.2164687796
45643.3437704262
45625.1270648085
45607.479111795
45596.3565644892
45600.5249162412
45633.6379358437
45719.4102361805
45902.2968847697
46289.920493298
)
;

boundaryField
{
    electrode
    {
        type            zeroGradient;
    }
    ground
    {
        type            zeroGradient;
    }
    otherfaces
    {
        type            empty;
    }
}


// ************************************************************************* //
