/*--------------------------------*- C++ -*----------------------------------*\
| =========                 |                                                 |
| \\      /  F ield         | foam-extend: Open Source CFD                    |
|  \\    /   O peration     | Version:     4.1                                |
|   \\  /    A nd           | Web:         http://www.foam-extend.org         |
|    \\/     M anipulation  |                                                 |
\*---------------------------------------------------------------------------*/
FoamFile
{
    version     2.0;
    format      ascii;
    class       volScalarField;
    location    "1.50009999935002e-05";
    object      powerDissipatedIon;
}
// * * * * * * * * * * * * * * * * * * * * * * * * * * * * * * * * * * * * * //

dimensions      [1 -1 -3 0 0 0 0];

internalField   nonuniform List<scalar> 
500
(
1533393659.47552
1472888685.4728
1413372425.67626
1348200077.80474
1284421320.87935
1215071349.21566
1146321678.45331
1072485615.52293
998911131.109454
921348960.841963
844506024.728616
765763373.849609
689307181.889785
613821267.478435
542838223.98734
475664686.363201
414811644.306795
359566796.620047
311262583.962741
268914583.825104
232926485.338943
202160462.215532
176512190.228749
154896105.76037
137048166.758617
122065914.348388
109700696.840921
99279270.1938398
90612854.400832
83222243.2850039
77038169.6489789
71669380.8473558
67042247.2179575
62939085.5071446
59415065.2664872
56293654.0191359
53568547.8444592
51077411.8254047
48845939.4602061
46770617.023172
44908275.1844317
43182684.8172336
41632882.2246576
40180172.8953677
38862425.384581
37615096.9654554
36473740.3405299
35377334.4127833
34361052.0653174
33381948.9993816
32481102.1841116
31614321.9938802
30812414.402102
30034507.4995208
29310978.6160223
28605268.6856129
27946378.3241719
27300993.5337587
26696470.3539008
26102222.8927975
25544298.066374
24994430.0064685
24476814.5797252
23965041.1672754
23482159.986781
23003706.4887549
22551450.4370179
22102522.687229
21677493.4843835
21254929.1324537
20854269.6947715
20455387.8146392
20076671.7218852
19699169.6262533
19340349.4301972
18982361.7802261
18641647.8991192
18301539.9758303
17977953.1387597
17654588.4882019
17345910.1039149
17036810.0751308
16741429.1911723
16445489.7624176
16162431.5075882
15878710.2630935
15607105.552365
15334758.7376999
15073828.2827096
14812097.4481563
14561139.9264271
14309341.0466424
14067723.294906
13825237.600983
13592386.3172231
13358652.6084045
13134047.2481141
12908554.8887257
12691721.467075
12474004.8942032
12264510.8901874
12054144.477173
11851594.3195453
11648188.2772162
11452219.2659489
11255415.6498915
11065694.6386194
10875164.2315341
10691384.6362123
10506824.1105006
10328703.2867671
10149832.5857956
9977109.49079244
9803669.61482318
9636102.63997876
9467853.80896508
9305219.30617718
9141939.0498276
8984029.38041528
8825511.07369438
8672133.42432467
8518185.00527049
8369159.93155084
8219602.33471891
8074762.47898471
7929428.63871185
7788618.01746416
7647352.01242572
7510424.84011187
7373080.94151132
7239901.07378337
7106343.01286948
6976783.17416632
6846883.36685913
6720824.19932198
6594463.05435182
6471792.85855642
6348858.15889115
6229471.9486933
6109858.34084705
5993657.69141294
5877266.12943481
5764158.44890732
5650895.82903202
5540794.10010252
5430572.72777624
5323395.00143502
5216132.3733909
5111801.56147365
5007419.77304096
4905863.08580528
4804288.72582249
4705437.66346099
4606601.45191622
4510391.3081349
4414227.72287378
4320597.40453642
4227044.58358193
4135936.43353372
4044935.75162791
3956295.23000671
3867791.36227154
3781566.9869374
3695507.41073219
3611650.41043046
3527985.33818074
3446449.69479657
3365132.08901956
3285874.141759
3206859.11206266
3129837.59713098
3053082.76404621
2978258.60222657
2903723.55212338
2831059.69388105
2758706.11389583
2688167.48259805
2617958.86195577
2549512.12415776
2481413.83031524
2415027.52191631
2349006.53016023
2284650.47582057
2220675.2850838
2158321.24237966
2096362.26454249
2035983.09609945
1976011.69475508
1917581.78529522
1859571.17374521
1803066.00795671
1746990.33757067
1692386.66746973
1638222.09197464
1585498.21346073
1533220.42540385
1482353.69292746
1431942.10942505
1382915.08279531
1334349.65328442
1287132.56958603
1240249.74240963
1194283.1863592
1149589.156593
1106160.05766431
1063174.5644921
1021381.42338177
980129.871989974
940068.081239769
900562.849492319
862223.025743949
824447.891042643
787814.303375515
751757.393042606
716815.074717894
682458.905311945
649196.531233958
616528.150163195
584932.232084181
553940.460925265
523997.649962285
494668.069754951
466369.232832151
438692.127092106
412025.32499871
385990.688961868
360947.775054036
336545.926430168
313118.052984669
290339.621028269
268518.54911619
247356.611976594
227135.12990154
207581.617646896
188953.356403497
171001.656575684
153960.409866371
137605.222469237
122145.501227955
107380.645656064
93497.9880851284
80318.8675962528
68009.0867005874
56411.2040950101
45670.9488469122
35650.7629671873
26476.9299595292
18031.5312338776
10421.2521401673
3547.04949441117
-2501.12642352217
-7803.60285208743
-12291.2749129559
-16026.5278772927
-18954.5330216088
-21121.6795542924
-22490.679068128
-23089.8899548927
-22899.8373922696
-21930.7203337499
-20181.26665934
-17642.9506670594
-14332.7881015509
-10223.6212020723
-5351.30823179115
330.92276425967
6767.68753736132
14025.5202264524
22029.8628912977
30866.5146829458
40441.575033196
50861.6222441828
62011.4071407473
74018.4708616136
86748.0402931714
100347.746564052
114662.449152873
129860.277534318
145765.068036617
162568.486485099
180072.706595099
198488.369334488
217597.015096227
237633.027883938
258355.257161793
280021.265920335
302367.844284806
325671.022468504
349648.789483823
374604.823725007
400226.771702159
426840.944702824
454117.519540417
482405.264508809
511340.218407155
541281.68495738
571781.489100174
603349.685629322
636293.459574985
669961.509367603
704078.845289129
739335.600510856
775176.105113838
812181.939612767
849766.618468193
888536.000956643
927880.418817122
968429.646368857
1009549.12908476
1051896.0819677
1094808.79963984
1138972.8368395
1183695.81000413
1229695.96849009
1276248.40443902
1324106.51373462
1372508.41421029
1422246.34284913
1472518.64630318
1524160.03596129
1576324.97952581
1629894.46644979
1683975.41226108
1739499.1046286
1795520.82360707
1853026.08183679
1911014.58537681
1970530.2829578
2030513.19585505
2092069.8084686
2154076.37932499
2217706.00757607
2281767.11397264
2347503.63364153
2413652.01046073
2481531.14072018
2549801.453192
2619860.86335598
2690289.71105929
2762569.18881014
2835195.43062218
2909737.03160616
2984601.75402121
3061449.85851187
3138596.61731988
3217798.25750861
3297273.2579686
3378878.20915103
3460730.4585099
3544791.44551579
3629072.89224658
3715645.7835836
3802411.63531158
3891555.75217383
3980864.60729684
4072642.90085369
4164557.09675661
4259036.42827319
4353622.23522415
4450873.82842068
4548201.87885616
4648301.3961235
4748446.8272511
4851474.96764186
4954518.0228532
5060560.77634186
5166586.99915881
5275736.18264081
5384837.09540455
5497190.79980332
5609464.1253324
5725127.16844662
5840677.66170858
5959762.49115775
6078702.46505817
6201329.39417341
6323779.324554
6450077.7529816
6576167.27337035
6706276.27632305
6836144.84488351
6970213.99460217
7104012.08363504
7242204.54957142
7380098.41438438
7522590.04879353
7664751.64335812
7811726.86038568
7958344.47163163
8110006.09523205
8261283.92529616
8417851.2344687
8574010.98110141
8735722.42346669
8897005.37906402
9064120.48260342
9230789.7328332
9403591.50461697
9575934.11392256
9754731.48305213
9933061.49332077
10118192.4831876
10302853.80834
10494688.9824591
10686059.4188326
10885005.8811854
11083501.0966055
11290007.302105
11496085.9197877
11710646.9392295
11924816.354825
12147980.3530961
12370803.3486706
12603178.915695
12835281.4403269
13077546.0071605
13319626.4552808
13572536.8000064
13825376.6405054
14089780.2216897
14354259.0180595
14631157.161082
14908784.6453603
15200543.4003823
15493418.6571649
15801049.6753686
16110029.7337389
16435031.9098238
16761769.3020293
17105859.5585051
17452248.5749506
17817554.9517664
18185833.946282
18574835.852332
18967669.5170747
19383321.0512722
19803890.8768205
20249748.5252994
20701915.3246359
21182474.3303638
21671519.5176634
22192733.9613021
22724604.0831349
23292856.6691947
23874907.7443935
24498885.8296751
25140831.2753514
25831771.5746097
26546652.8744026
27320401.591602
28127795.1828151
29006592.5952725
29921568.7322975
30908620.3654578
31938567.4463697
33064423.8466889
34256570.0035086
35570141.435425
36972555.7786633
38530736.2005704
40209181.9940253
42068121.9732728
44050761.3175163
46237454.4748109
48594740.0365633
51247882.9995646
54180580.8717942
57508379.6551146
61128697.4651926
65157735.4271178
69577774.5611544
74612939.2145855
80178236.0279843
86489473.5516734
93497787.1993659
101491551.855049
110403924.005267
120631507.477461
132116091.872167
145387898.019058
160405598.261742
177872245.018738
197726322.474039
220862288.938272
247087804.324167
277440888.056215
311396664.013031
350074903.882788
392361549.886233
439448275.520749
489399956.561453
543618226.391114
599284549.014982
658268261.304653
716953718.909971
778026248.909015
837166990.251083
898117371.722861
956035746.204036
1014652992.72867
)
;

boundaryField
{
    electrode
    {
        type            calculated;
        value           uniform 1562387613.75094;
    }
    ground
    {
        type            calculated;
        value           uniform 1043133813.10534;
    }
    otherfaces
    {
        type            empty;
    }
}


// ************************************************************************* //
