/*--------------------------------*- C++ -*----------------------------------*\
| =========                 |                                                 |
| \\      /  F ield         | foam-extend: Open Source CFD                    |
|  \\    /   O peration     | Version:     4.1                                |
|   \\  /    A nd           | Web:         http://www.foam-extend.org         |
|    \\/     M anipulation  |                                                 |
\*---------------------------------------------------------------------------*/
FoamFile
{
    version     2.0;
    format      ascii;
    class       volVectorField;
    location    "1.50009999935002e-05";
    object      totalElectronFlux;
}
// * * * * * * * * * * * * * * * * * * * * * * * * * * * * * * * * * * * * * //

dimensions      [0 -2 0 0 0 1 0];

internalField   nonuniform List<vector> 
500
(
(282.035919788059 0 0)
(462.368000342818 0 0)
(815.275986554006 0 0)
(1400.0104372929 0 0)
(2302.60093394376 0 0)
(3577.04276052866 0 0)
(5178.44106081534 0 0)
(6893.41271870409 0 0)
(8306.53504999331 0 0)
(8837.72317162269 0 0)
(7900.83915637583 0 0)
(5126.25660804706 0 0)
(543.339404181463 0 0)
(-5366.92570404098 0 0)
(-11828.0827714805 0 0)
(-18030.4089496434 0 0)
(-23406.0905321939 0 0)
(-27716.0205382711 0 0)
(-31031.6595317767 0 0)
(-33564.7749550441 0 0)
(-35548.2075247827 0 0)
(-37198.6730598489 0 0)
(-38656.7479500133 0 0)
(-39932.0999422522 0 0)
(-41106.1982819393 0 0)
(-42131.8029191059 0 0)
(-42980.5944475472 0 0)
(-43777.1891217791 0 0)
(-44339.3671047 0 0)
(-44742.4242377294 0 0)
(-45231.7036281914 0 0)
(-45632.5888518727 0 0)
(-45740.7880017005 0 0)
(-45700.8268645167 0 0)
(-45762.0879849691 0 0)
(-45905.9843997023 0 0)
(-46017.5076222772 0 0)
(-46056.1407542734 0 0)
(-46032.7864280648 0 0)
(-45943.844938775 0 0)
(-45865.9717132632 0 0)
(-45831.8216138729 0 0)
(-45810.8924475639 0 0)
(-45775.7386819947 0 0)
(-45738.0526552939 0 0)
(-45706.1142991761 0 0)
(-45689.005598694 0 0)
(-45653.1636470044 0 0)
(-45584.7030088069 0 0)
(-45511.0186625995 0 0)
(-45470.7789561919 0 0)
(-45437.064111839 0 0)
(-45403.4786588225 0 0)
(-45365.1355844224 0 0)
(-45329.9839627156 0 0)
(-45291.5477013994 0 0)
(-45257.2009963775 0 0)
(-45220.4126219635 0 0)
(-45187.2880331177 0 0)
(-45150.7883248848 0 0)
(-45119.1491130611 0 0)
(-45086.4538666794 0 0)
(-45057.465463577 0 0)
(-45025.2068770693 0 0)
(-44996.9351188577 0 0)
(-44966.2661492251 0 0)
(-44939.5816296913 0 0)
(-44910.4858936437 0 0)
(-44885.3323071612 0 0)
(-44857.8250331473 0 0)
(-44834.09687494 0 0)
(-44808.0654066001 0 0)
(-44785.7675459973 0 0)
(-44760.7216569269 0 0)
(-44739.5972631038 0 0)
(-44716.6335352854 0 0)
(-44695.4689934779 0 0)
(-44671.4083262685 0 0)
(-44655.1674533683 0 0)
(-44637.1222661108 0 0)
(-44619.7885265739 0 0)
(-44599.8304725593 0 0)
(-44583.2587674199 0 0)
(-44564.3482491974 0 0)
(-44548.779345384 0 0)
(-44530.8852906388 0 0)
(-44516.2575887428 0 0)
(-44499.3192430817 0 0)
(-44485.5873974298 0 0)
(-44469.5530306597 0 0)
(-44456.667436384 0 0)
(-44441.4907517442 0 0)
(-44429.403786502 0 0)
(-44415.0439741 0 0)
(-44403.7135189034 0 0)
(-44390.1284831614 0 0)
(-44379.5106944144 0 0)
(-44366.6632566776 0 0)
(-44356.7286750736 0 0)
(-44344.5793154109 0 0)
(-44335.2865100541 0 0)
(-44323.8088006492 0 0)
(-44315.1268028517 0 0)
(-44304.2840480569 0 0)
(-44296.1864647 0 0)
(-44285.9465767844 0 0)
(-44278.4065004779 0 0)
(-44268.7454170295 0 0)
(-44261.7325427287 0 0)
(-44252.6248241163 0 0)
(-44246.1152348965 0 0)
(-44237.5364066473 0 0)
(-44231.507085051 0 0)
(-44223.4339082564 0 0)
(-44217.8637362156 0 0)
(-44210.2775755374 0 0)
(-44205.1431203648 0 0)
(-44198.0223982125 0 0)
(-44193.3078421526 0 0)
(-44186.635086099 0 0)
(-44182.3183023629 0 0)
(-44176.0766450603 0 0)
(-44172.1462670464 0 0)
(-44166.3149220192 0 0)
(-44162.7567122806 0 0)
(-44157.3203258388 0 0)
(-44154.1143121031 0 0)
(-44149.0621672014 0 0)
(-44146.1925725167 0 0)
(-44141.5096994166 0 0)
(-44138.9682629514 0 0)
(-44134.6406331127 0 0)
(-44132.410099393 0 0)
(-44128.4251297865 0 0)
(-44126.5002463724 0 0)
(-44122.846059909 0 0)
(-44121.2089112742 0 0)
(-44117.8746017681 0 0)
(-44116.5214418902 0 0)
(-44113.4950511964 0 0)
(-44112.4106783657 0 0)
(-44109.6859380572 0 0)
(-44108.862706392 0 0)
(-44106.4280171139 0 0)
(-44105.8545830161 0 0)
(-44103.7052695939 0 0)
(-44103.3729781613 0 0)
(-44101.4967592105 0 0)
(-44101.3990687772 0 0)
(-44099.7893435281 0 0)
(-44099.9200869551 0 0)
(-44098.5632658418 0 0)
(-44098.9230159468 0 0)
(-44097.8069853761 0 0)
(-44098.3867567688 0 0)
(-44097.5084125186 0 0)
(-44098.3034688283 0 0)
(-44097.6502814973 0 0)
(-44098.6592381384 0 0)
(-44098.2205630171 0 0)
(-44099.445179255 0 0)
(-44099.2046104028 0 0)
(-44100.650118662 0 0)
(-44100.5882972083 0 0)
(-44102.2626918249 0 0)
(-44102.3652614802 0 0)
(-44104.2737938549 0 0)
(-44104.5188716623 0 0)
(-44106.6734917124 0 0)
(-44107.0374269669 0 0)
(-44109.4598158953 0 0)
(-44109.9107089943 0 0)
(-44112.617758379 0 0)
(-44113.129725904 0 0)
(-44116.1441854553 0 0)
(-44116.6765471536 0 0)
(-44120.0385506122 0 0)
(-44120.5460418563 0 0)
(-44124.2852624211 0 0)
(-44124.7256242905 0 0)
(-44128.8840793128 0 0)
(-44129.2110000978 0 0)
(-44133.8271828944 0 0)
(-44133.9798847646 0 0)
(-44139.1055570847 0 0)
(-44139.0422495584 0 0)
(-44144.7210108537 0 0)
(-44144.3746224498 0 0)
(-44150.6563726396 0 0)
(-44149.9833484334 0 0)
(-44156.9191852092 0 0)
(-44155.8472025077 0 0)
(-44163.4754107623 0 0)
(-44161.9715046562 0 0)
(-44170.3812599802 0 0)
(-44168.3730985593 0 0)
(-44177.5049970883 0 0)
(-44174.9618340475 0 0)
(-44184.9529334776 0 0)
(-44182.2317740189 0 0)
(-44197.9036962204 0 0)
(-44204.2135917928 0 0)
(-44171.2863646835 0 0)
(-44197.90417733 0 0)
(-44210.0389374938 0 0)
(-44207.446599188 0 0)
(-44215.1650465625 0 0)
(-44214.6589748192 0 0)
(-44223.5036462047 0 0)
(-44222.9412553393 0 0)
(-44232.3890005087 0 0)
(-44231.4726091699 0 0)
(-44241.3331916354 0 0)
(-44240.4288523035 0 0)
(-44250.5829437275 0 0)
(-44249.4384453183 0 0)
(-44260.105825177 0 0)
(-44258.7342630288 0 0)
(-44269.7267587026 0 0)
(-44268.3399432216 0 0)
(-44279.6844707107 0 0)
(-44278.0595660072 0 0)
(-44289.7304557465 0 0)
(-44288.1065036194 0 0)
(-44299.9993416485 0 0)
(-44298.3069008115 0 0)
(-44310.4774620246 0 0)
(-44308.7574674519 0 0)
(-44321.1813147331 0 0)
(-44319.4119512079 0 0)
(-44331.9770444688 0 0)
(-44330.3299406556 0 0)
(-44342.9888593833 0 0)
(-44341.4289093122 0 0)
(-44354.2494105789 0 0)
(-44352.675847385 0 0)
(-44365.5903267504 0 0)
(-44364.2702570592 0 0)
(-44377.1520097283 0 0)
(-44375.9595477507 0 0)
(-44388.9059270478 0 0)
(-44387.8924362927 0 0)
(-44400.7915630868 0 0)
(-44400.0067861457 0 0)
(-44412.8543853723 0 0)
(-44412.3115250591 0 0)
(-44424.9752125509 0 0)
(-44424.7799549712 0 0)
(-44440.1950955843 0 0)
(-44431.200908977 0 0)
(-44456.1710040086 0 0)
(-44447.3326602516 0 0)
(-44463.1113431806 0 0)
(-44463.265858748 0 0)
(-44476.2976746154 0 0)
(-44476.199981768 0 0)
(-44489.588784748 0 0)
(-44489.4253377883 0 0)
(-44503.031375655 0 0)
(-44502.8138265557 0 0)
(-44516.6518561545 0 0)
(-44516.455250844 0 0)
(-44530.406323276 0 0)
(-44530.2289115293 0 0)
(-44544.3627832053 0 0)
(-44544.1812459841 0 0)
(-44558.4441018268 0 0)
(-44558.3584370875 0 0)
(-44572.6205241311 0 0)
(-44572.6765990212 0 0)
(-44587.0381444477 0 0)
(-44587.1193236038 0 0)
(-44601.5238949551 0 0)
(-44601.8663664453 0 0)
(-44616.1691094427 0 0)
(-44616.7519010002 0 0)
(-44630.955839895 0 0)
(-44631.7459419968 0 0)
(-44646.0334979215 0 0)
(-44647.0488683163 0 0)
(-44661.0314102655 0 0)
(-44662.4202144038 0 0)
(-44676.3441234418 0 0)
(-44678.0207353136 0 0)
(-44691.8122705058 0 0)
(-44693.8470777698 0 0)
(-44707.2249892251 0 0)
(-44709.786241745 0 0)
(-44723.1992640597 0 0)
(-44725.8167259208 0 0)
(-44738.9349491078 0 0)
(-44742.231270559 0 0)
(-44754.9746796192 0 0)
(-44758.3772322421 0 0)
(-44770.270104998 0 0)
(-44771.9737123216 0 0)
(-44788.3444377386 0 0)
(-44819.3913027473 0 0)
(-44790.9250033214 0 0)
(-44801.9137093863 0 0)
(-44822.4154978865 0 0)
(-44824.5136069549 0 0)
(-44839.4149097644 0 0)
(-44841.9619214335 0 0)
(-44856.3211758887 0 0)
(-44859.624620042 0 0)
(-44873.4087398202 0 0)
(-44877.4382444199 0 0)
(-44890.7346909221 0 0)
(-44895.4416112115 0 0)
(-44908.2445402146 0 0)
(-44913.5690404019 0 0)
(-44925.9752930569 0 0)
(-44931.892782085 0 0)
(-44943.9296651957 0 0)
(-44950.3652002124 0 0)
(-44962.0990594117 0 0)
(-44969.0129594343 0 0)
(-44980.4941962543 0 0)
(-44987.8342312403 0 0)
(-44999.1142000978 0 0)
(-45006.8323064225 0 0)
(-45017.9632266234 0 0)
(-45026.0185747086 0 0)
(-45037.0415419293 0 0)
(-45045.3912698432 0 0)
(-45056.3552473517 0 0)
(-45064.9678127472 0 0)
(-45075.9009459451 0 0)
(-45084.7493600242 0 0)
(-45095.6866601417 0 0)
(-45104.744840514 0 0)
(-45115.7148798944 0 0)
(-45124.961492775 0 0)
(-45135.9898711846 0 0)
(-45145.4038113541 0 0)
(-45156.5186666081 0 0)
(-45166.0859609954 0 0)
(-45177.29877799 0 0)
(-45187.018114682 0 0)
(-45198.3404657573 0 0)
(-45208.2024964887 0 0)
(-45219.6558246065 0 0)
(-45229.6501312932 0 0)
(-45241.2443892597 0 0)
(-45251.3734302666 0 0)
(-45263.1145678823 0 0)
(-45273.3810864852 0 0)
(-45285.2798814393 0 0)
(-45295.6836204283 0 0)
(-45307.7448239231 0 0)
(-45318.2915155287 0 0)
(-45330.5227060323 0 0)
(-45341.2186198067 0 0)
(-45353.6249487067 0 0)
(-45364.4726369898 0 0)
(-45377.0654175014 0 0)
(-45388.0678281306 0 0)
(-45400.8538664417 0 0)
(-45412.0207373255 0 0)
(-45425.0072793991 0 0)
(-45436.3434222761 0 0)
(-45449.5376429771 0 0)
(-45461.0526978972 0 0)
(-45474.4646801521 0 0)
(-45486.1647676117 0 0)
(-45499.8026534163 0 0)
(-45511.6985983027 0 0)
(-45525.5708345703 0 0)
(-45537.6735411447 0 0)
(-45551.7911261113 0 0)
(-45564.1064396762 0 0)
(-45578.4815343112 0 0)
(-45591.0254350666 0 0)
(-45605.6687693107 0 0)
(-45618.4492625821 0 0)
(-45633.3743539544 0 0)
(-45646.4072571996 0 0)
(-45661.62601334 0 0)
(-45674.9252250628 0 0)
(-45690.4551525484 0 0)
(-45704.0354374691 0 0)
(-45719.9101504981 0 0)
(-45733.7467290443 0 0)
(-45749.9341659003 0 0)
(-45764.1893931814 0 0)
(-45780.7397001461 0 0)
(-45795.2468249789 0 0)
(-45812.1552897431 0 0)
(-45827.0035776995 0 0)
(-45844.3015208137 0 0)
(-45859.5194246113 0 0)
(-45877.2370368413 0 0)
(-45892.8479471626 0 0)
(-45911.0120398565 0 0)
(-45927.042286682 0 0)
(-45945.6727635511 0 0)
(-45962.1526736597 0 0)
(-45981.2811479118 0 0)
(-45998.2331401836 0 0)
(-46017.8926431232 0 0)
(-46035.3507659603 0 0)
(-46055.572404129 0 0)
(-46073.5699589299 0 0)
(-46094.3940740159 0 0)
(-46112.9662599709 0 0)
(-46134.4275627979 0 0)
(-46153.6227168258 0 0)
(-46175.7587237642 0 0)
(-46195.6212543782 0 0)
(-46218.4827992403 0 0)
(-46239.0569617361 0 0)
(-46262.6995441595 0 0)
(-46284.0350127205 0 0)
(-46308.5174150678 0 0)
(-46330.6727452628 0 0)
(-46356.0520311095 0 0)
(-46379.0978061405 0 0)
(-46405.4363175139 0 0)
(-46429.4603590082 0 0)
(-46457.1545825351 0 0)
(-46485.2968448749 0 0)
(-46516.3632427265 0 0)
(-46540.7771771324 0 0)
(-46569.3028945818 0 0)
(-46597.3421730113 0 0)
(-46628.5328096577 0 0)
(-46657.1767444223 0 0)
(-46690.0042409265 0 0)
(-46720.5609957122 0 0)
(-46754.9538181762 0 0)
(-46787.1622507996 0 0)
(-46823.4977908766 0 0)
(-46857.6173767597 0 0)
(-46896.2110146788 0 0)
(-46932.3254155066 0 0)
(-46973.0686942413 0 0)
(-47011.9115292988 0 0)
(-47056.3086465005 0 0)
(-47099.2303272879 0 0)
(-47145.6980161915 0 0)
(-47189.7714006863 0 0)
(-47239.9908966728 0 0)
(-47289.2034461244 0 0)
(-47343.9239044026 0 0)
(-47397.6289140404 0 0)
(-47458.0973176496 0 0)
(-47518.8031825027 0 0)
(-47588.1442702557 0 0)
(-47661.1916253614 0 0)
(-47731.8765784216 0 0)
(-47773.0295366684 0 0)
(-47823.9002708859 0 0)
(-47912.2611215231 0 0)
(-48024.9477037605 0 0)
(-48127.0945893647 0 0)
(-48228.1118034698 0 0)
(-48335.814201664 0 0)
(-48461.7824971074 0 0)
(-48576.817892648 0 0)
(-48649.1317849224 0 0)
(-48709.1622989321 0 0)
(-48830.5583099323 0 0)
(-49004.0122607338 0 0)
(-49234.5474986801 0 0)
(-49474.3014458768 0 0)
(-49593.3959156763 0 0)
(-49561.6506236586 0 0)
(-49609.319516266 0 0)
(-49860.5911915455 0 0)
(-50088.0493996615 0 0)
(-50089.4587023198 0 0)
(-50079.071961989 0 0)
(-50107.9596451433 0 0)
(-49969.0404090116 0 0)
(-49763.4403369168 0 0)
(-49436.6198272854 0 0)
(-48910.2329134237 0 0)
(-48206.0279327857 0 0)
(-47226.3071680057 0 0)
(-45930.4284829608 0 0)
(-44281.6647781846 0 0)
(-42225.1149219672 0 0)
(-39747.7955775007 0 0)
(-36892.4053943165 0 0)
(-33733.0067441903 0 0)
(-30416.6865776516 0 0)
(-27115.8478931965 0 0)
(-24013.0277016912 0 0)
(-21244.3567518506 0 0)
(-18894.8726811514 0 0)
(-16936.2572514156 0 0)
(-15279.6637273307 0 0)
(-13802.6879894224 0 0)
(-12386.4892759009 0 0)
(-10966.1864087089 0 0)
(-9540.92404394816 0 0)
(-8158.48455681321 0 0)
(-6866.95747700746 0 0)
(-5899.02873562714 0 0)
)
;

boundaryField
{
    electrode
    {
        type            calculated;
        value           uniform (68.8416514734607 0 0);
    }
    ground
    {
        type            calculated;
        value           uniform (-3074.26327298983 0 0);
    }
    otherfaces
    {
        type            empty;
    }
}


// ************************************************************************* //
