/*--------------------------------*- C++ -*----------------------------------*\
| =========                 |                                                 |
| \\      /  F ield         | foam-extend: Open Source CFD                    |
|  \\    /   O peration     | Version:     4.1                                |
|   \\  /    A nd           | Web:         http://www.foam-extend.org         |
|    \\/     M anipulation  |                                                 |
\*---------------------------------------------------------------------------*/
FoamFile
{
    version     2.0;
    format      ascii;
    class       volScalarField;
    location    "1.50199999961044e-05";
    object      powerDissipatedMean;
}
// * * * * * * * * * * * * * * * * * * * * * * * * * * * * * * * * * * * * * //

dimensions      [1 2 -3 0 0 0 0];

internalField   nonuniform List<scalar> 
500
(
0.000614996915704752
0.000622869949521641
0.000620669823763162
0.000622943363312262
0.000621828398136897
0.000623730313550784
0.000623111544264988
0.000624746291564328
0.00062453835890156
0.000625808484341185
0.000625509431481549
0.000626168720291907
0.000625713064530568
0.000625799141510065
0.000624839123781621
0.000624033433758873
0.000622499900803655
0.000621034342606943
0.000618889002224326
0.000616572481788909
0.000613765093538105
0.000610832616568234
0.000607431959587873
0.000603756640753655
0.000599719744119138
0.000595482462792077
0.000590893498493302
0.000585987877209113
0.000580753064250248
0.000575267133001321
0.000569468695312505
0.000563310515035968
0.000556762670780645
0.000549879027454935
0.000542698440462981
0.000535114435057341
0.000527055700197544
0.000518440056883801
0.000509255435202486
0.000499450658675109
0.000488967515833323
0.000477728030754895
0.000465645698101703
0.000452610524380999
0.000438487330468824
0.000423094063170852
0.000406194277741752
0.000387697485210311
0.000367436384791442
0.000345122336483723
0.000320463262605648
0.000293333358276442
0.000263750601973189
0.000231897118181416
0.000198173643169015
0.000163302245950265
0.00012907077093217
9.75518791500129e-05
7.06752320897334e-05
5.04219499793229e-05
3.87248867897408e-05
3.69035279191941e-05
4.65904318237527e-05
6.78470759819255e-05
9.76466246521321e-05
0.000131474050374675
0.000166922990855905
0.000201764932410696
0.00023038725703376
0.000249831930333775
0.000262210718385669
0.000266156652705535
0.000262006539356442
0.000254295222317188
0.000243292880238581
0.000230545074464949
0.000218763322354088
0.000207481714394443
0.000198073592727533
0.000190165576684677
0.000183250767543562
0.000178137949807173
0.000173561088291266
0.000170019369860254
0.000167241095092565
0.000164147817646013
0.000162037288663481
0.000160452610305896
0.000158074980814819
0.000155759722127463
0.000154059782581241
0.000152137735687636
0.000149619165466473
0.000147194725350313
0.000145328884950683
0.000143713191017304
0.000142066259564174
0.000140394687089683
0.000138725907884597
0.000137017798726965
0.000135196449760688
0.000133329675167912
0.000131568493665065
0.000129919611185573
0.00012831114387565
0.000126715621940029
0.000125119795782971
0.000123533717110416
0.0001219993781305
0.000120527983668133
0.000119087844160976
0.000117660950752522
0.000116255607270414
0.000114881498850106
0.000113535535073303
0.000112211877137335
0.000110911534759493
0.000109637206534615
0.000108389729700901
0.000107169046695505
0.000105974873550381
0.000104806743343973
0.000103664044208405
0.000102546083629137
0.000101451994308925
0.000100380348964228
9.93292645124447e-05
9.8302683826189e-05
9.73130269480027e-05
9.63610062852406e-05
9.54297380636914e-05
9.45095974583056e-05
9.36035989937351e-05
9.27152190711182e-05
9.18454960876063e-05
9.09943458505944e-05
9.01614860438367e-05
8.93466018510035e-05
8.85493401520755e-05
8.77692937734716e-05
8.70060376350147e-05
8.62591598767101e-05
8.5528264928338e-05
8.481295916528e-05
8.41128545143068e-05
8.34275727910936e-05
8.2756747949887e-05
8.21000256083175e-05
8.14570617732956e-05
8.08275218916997e-05
8.02110794019777e-05
7.96074171143754e-05
7.90162299548825e-05
7.84372230117739e-05
7.78701117525746e-05
7.73146244357368e-05
7.677050160328e-05
7.6237488208668e-05
7.57153419610205e-05
7.52038207762942e-05
7.47027164429458e-05
7.4211800443063e-05
7.37308591021736e-05
7.3259686434853e-05
7.27980823063945e-05
7.23458544404797e-05
7.19028151588235e-05
7.14687826227624e-05
7.10435857701932e-05
7.06270493500714e-05
7.02190089179974e-05
6.98193062029105e-05
6.94277857923654e-05
6.90442935377172e-05
6.86686801241075e-05
6.83008072227091e-05
6.79405377928314e-05
6.75877360924462e-05
6.72422727279958e-05
6.69040210829197e-05
6.65728582866256e-05
6.62486653860221e-05
6.59313262101754e-05
6.56207287146836e-05
6.53167636681115e-05
6.501932515006e-05
6.47283100413267e-05
6.44436185041252e-05
6.41651531017381e-05
6.38928195459057e-05
6.36265255930234e-05
6.33661848426382e-05
6.31117048452574e-05
6.2862999667552e-05
6.26199905463753e-05
6.23825972208373e-05
6.21507420447159e-05
6.19243497897951e-05
6.17033471309613e-05
6.14876623990321e-05
6.12772297456358e-05
6.10719813757092e-05
6.08718517550083e-05
6.06767787534994e-05
6.04867019483351e-05
6.0301563075417e-05
6.01213061725664e-05
5.9945876439723e-05
5.97752214940114e-05
5.96092926914786e-05
5.94480416259887e-05
5.92914215208464e-05
5.91393877138417e-05
5.89918967071284e-05
5.88489068114491e-05
5.87103777022893e-05
5.85762704854907e-05
5.84465517068774e-05
5.83211782106492e-05
5.82001159753813e-05
5.80833292175483e-05
5.79707805201461e-05
5.78624310478287e-05
5.77582368253629e-05
5.76581477460472e-05
5.75621230635674e-05
5.74701506652271e-05
5.73821173278455e-05
5.72979276485198e-05
5.72176110087139e-05
5.7141140826923e-05
5.70685493835978e-05
5.69999449485387e-05
5.69353606258239e-05
5.68747686382264e-05
5.68181275929698e-05
5.67653996350077e-05
5.67165510389789e-05
5.66715521001257e-05
5.66303772408531e-05
5.65930045274657e-05
5.65594156621864e-05
5.65295955427007e-05
5.65035318171321e-05
5.64812139791773e-05
5.64626315362605e-05
5.64477734429833e-05
5.64366232131204e-05
5.64290240454533e-05
5.64252877116944e-05
5.64253365936966e-05
5.64291663968299e-05
5.64368654341412e-05
5.64481206535694e-05
5.6463079194702e-05
5.64817617163813e-05
5.65041795830611e-05
5.65303434119535e-05
5.65602637031756e-05
5.65939529066445e-05
5.66314260790251e-05
5.66727014998675e-05
5.6717801122975e-05
5.67667504437082e-05
5.68195792012928e-05
5.68763211043801e-05
5.69370137766826e-05
5.70016988336133e-05
5.70704058033986e-05
5.71431026817805e-05
5.7219679047702e-05
5.73001037000251e-05
5.73844028242438e-05
5.74725446755487e-05
5.75646255904596e-05
5.76607597509354e-05
5.77609588716597e-05
5.78652636942034e-05
5.79737244440118e-05
5.80863851462686e-05
5.82032847555702e-05
5.83244607695378e-05
5.84499489547847e-05
5.8579783466402e-05
5.87140073015378e-05
5.88526542714773e-05
5.89957630359898e-05
5.91433740401009e-05
5.92955291555494e-05
5.94522715136586e-05
5.96136462669938e-05
5.97796999033551e-05
5.99504809794802e-05
6.01260381917512e-05
6.03064239629353e-05
6.04916930036449e-05
6.06819014500035e-05
6.0877107633357e-05
6.10773718335529e-05
6.12827563469337e-05
6.14933268531857e-05
6.17091508940039e-05
6.19302947654796e-05
6.21568298520507e-05
6.23888295784484e-05
6.26263693764945e-05
6.28695267174028e-05
6.311838204585e-05
6.33730142855966e-05
6.36335091082877e-05
6.38999592771934e-05
6.41724512234016e-05
6.44510770979325e-05
6.47359314980893e-05
6.50271115994278e-05
6.5324717726507e-05
6.56288527173176e-05
6.59396227790891e-05
6.62571368071459e-05
6.65815078136392e-05
6.69128510511435e-05
6.72512861391079e-05
6.75969359253909e-05
6.79499269470944e-05
6.83103890200385e-05
6.86784583081976e-05
6.90542733515623e-05
6.94379707131152e-05
6.98296965826625e-05
7.02296063198175e-05
7.06378578870728e-05
7.10546101929752e-05
7.14800277122647e-05
7.19142848686635e-05
7.23575532279959e-05
7.28100146174572e-05
7.32718567796412e-05
7.37432721430608e-05
7.42244609902408e-05
7.47156295901669e-05
7.52169912745649e-05
7.5728775586961e-05
7.6251190482438e-05
7.67844782361356e-05
7.73288816417648e-05
7.78846562874508e-05
7.84520616464309e-05
7.9031368447741e-05
7.96228618603023e-05
8.02268369677414e-05
8.08436001897538e-05
8.14734690435867e-05
8.21167699527044e-05
8.27738380352289e-05
8.34450181829504e-05
8.41306646509657e-05
8.4831144048893e-05
8.55468347151712e-05
8.62781255454561e-05
8.70254103015886e-05
8.77890844964598e-05
8.85695571360714e-05
8.93672470968108e-05
9.01825725783057e-05
9.10159045274695e-05
9.18675502582568e-05
9.27377821380153e-05
9.36266942266839e-05
9.45332663968811e-05
9.5454005045968e-05
9.63858253297334e-05
9.7338336164393e-05
9.83285070420718e-05
9.93556857908975e-05
0.00010040742127027
0.000101479744365426
0.000102574542995158
0.000103693240451396
0.000104836699971267
0.000106005602288301
0.000107200563513044
0.00010842207697678
0.000109670440583074
0.00011094570184804
0.000112247038358823
0.000113571722977638
0.000114918680958556
0.000116293793334939
0.000117700259889914
0.000119128405759814
0.000120569801845218
0.000122042400428465
0.000123577969539695
0.000125165420970725
0.000126762787281604
0.00012835997459507
0.000129970112729479
0.000131620473129302
0.000133383064809281
0.000135251838465755
0.000137075732916576
0.000138786287249296
0.000140457395199238
0.000142131324253639
0.000143780630843253
0.000145398434683316
0.000147265322807994
0.000149691746369441
0.000152215385610695
0.000154142644163594
0.000155844196959059
0.000158161225604624
0.000160545675102157
0.000162134317307637
0.000164244738517152
0.0001673440207078
0.000170126091152971
0.000173667223805504
0.00017824938774958
0.00018336441387682
0.000190280418572575
0.000198191075733837
0.000207598448146389
0.000218886454892892
0.000230674493765953
0.000243430048161269
0.000254448100754614
0.000262174605647364
0.000266349936743046
0.000262431141422937
0.000250069799156112
0.000230645002721611
0.000202035940370172
0.000167188175417433
0.000131722362532077
9.78706350006706e-05
6.80375160559048e-05
4.67394676825222e-05
3.70112320423703e-05
3.87984166795139e-05
5.04694758281783e-05
7.07040669743605e-05
9.75703087676399e-05
0.000129086200053804
0.000163321216423758
0.000198201268753312
0.000231936084409278
0.000263801830931324
0.000293396980013379
0.000320538759867555
0.000345208893661181
0.000367532942211927
0.000387802993771916
0.000406307795534209
0.000423214739400309
0.000438614329171493
0.000452743136713833
0.000465783375933715
0.000477870302722596
0.000489114023651858
0.000499601109065386
0.000509409575992967
0.000518597655421329
0.000527216544732573
0.000535278409785564
0.000542865545566082
0.000550049225631845
0.000556935934585926
0.000563486713716252
0.000569647636579513
0.000575449020986579
0.000580937896194972
0.00058617567444417
0.000591084093851291
0.000595675821015581
0.000599916057151611
0.000603956127645352
0.000607634328853677
0.000611037798559953
0.000613973434968689
0.000616784293879011
0.000619103913236031
0.000621252294974196
0.000622721362002162
0.000624258801958232
0.000625068057562508
0.000626031601880274
0.000625949653310076
0.000626410051413094
0.000625755537960514
0.000626059738044064
0.000624794499588366
0.00062500861793754
0.000623379896086202
0.000624005467487143
0.000622109847739204
0.000623231766687104
0.000620965394737324
0.000623173810165645
0.000615306823300224
)
;

boundaryField
{
    electrode
    {
        type            calculated;
        value           uniform 0.000614996915704752;
    }
    ground
    {
        type            calculated;
        value           uniform 0.000615306823300224;
    }
    otherfaces
    {
        type            empty;
    }
}


// ************************************************************************* //
