/*--------------------------------*- C++ -*----------------------------------*\
| =========                 |                                                 |
| \\      /  F ield         | foam-extend: Open Source CFD                    |
|  \\    /   O peration     | Version:     4.1                                |
|   \\  /    A nd           | Web:         http://www.foam-extend.org         |
|    \\/     M anipulation  |                                                 |
\*---------------------------------------------------------------------------*/
FoamFile
{
    version     2.0;
    format      ascii;
    class       volVectorField;
    location    "2.50010000204314e-05";
    object      totalIonFlux;
}
// * * * * * * * * * * * * * * * * * * * * * * * * * * * * * * * * * * * * * //

dimensions      [0 -2 0 0 0 1 0];

internalField   nonuniform List<vector> 
500
(
(-808.320181146823 0 0)
(-795.266573167705 0 0)
(-800.672414183333 0 0)
(-783.292733101519 0 0)
(-792.72253076386 0 0)
(-796.201338719773 0 0)
(-803.190382229307 0 0)
(-802.180218604858 0 0)
(-805.134898178692 0 0)
(-803.134574875152 0 0)
(-804.807127181871 0 0)
(-802.753017402258 0 0)
(-803.792343488586 0 0)
(-801.771256018461 0 0)
(-802.461255378356 0 0)
(-800.467049100544 0 0)
(-800.896591323291 0 0)
(-798.929949150909 0 0)
(-799.170563411253 0 0)
(-797.187536928345 0 0)
(-797.303192959117 0 0)
(-795.292136327952 0 0)
(-795.276299811547 0 0)
(-793.260768856836 0 0)
(-793.113487251942 0 0)
(-791.084310135096 0 0)
(-790.823775370482 0 0)
(-788.773277907765 0 0)
(-788.400782313191 0 0)
(-786.336574684015 0 0)
(-785.852001918449 0 0)
(-783.76177868044 0 0)
(-783.193435779671 0 0)
(-781.046491960018 0 0)
(-780.418202855768 0 0)
(-778.207266376668 0 0)
(-777.514527203432 0 0)
(-775.251603382672 0 0)
(-774.484821461865 0 0)
(-772.175520611245 0 0)
(-771.336219837322 0 0)
(-768.977380311115 0 0)
(-768.068487899439 0 0)
(-765.662923339693 0 0)
(-764.678728010685 0 0)
(-762.233549037363 0 0)
(-761.172500124694 0 0)
(-758.682866836803 0 0)
(-757.558096111967 0 0)
(-755.008741210678 0 0)
(-753.835611307984 0 0)
(-751.217494074764 0 0)
(-749.999917116841 0 0)
(-747.315665024841 0 0)
(-746.048562155449 0 0)
(-743.30483290592 0 0)
(-741.984403471696 0 0)
(-739.183583557095 0 0)
(-737.81100995797 0 0)
(-734.952397295851 0 0)
(-733.528236868315 0 0)
(-730.61453551659 0 0)
(-729.135250056064 0 0)
(-726.171653283529 0 0)
(-724.634704141689 0 0)
(-721.621671906309 0 0)
(-720.031320913832 0 0)
(-716.962758791304 0 0)
(-715.32768617599 0 0)
(-712.196399431158 0 0)
(-710.522986259442 0 0)
(-707.326391387112 0 0)
(-705.615551402015 0 0)
(-702.356197900094 0 0)
(-700.605287978566 0 0)
(-697.286893453938 0 0)
(-695.494190671417 0 0)
(-692.11835100626 0 0)
(-690.284404616712 0 0)
(-686.851199554443 0 0)
(-684.976544508758 0 0)
(-681.487577151858 0 0)
(-679.570715220105 0 0)
(-676.02927536739 0 0)
(-674.068112748307 0 0)
(-670.476492947142 0 0)
(-668.47143269943 0 0)
(-664.82862991127 0 0)
(-662.7832572198 0 0)
(-659.085848568971 0 0)
(-657.004955263096 0 0)
(-653.249785537903 0 0)
(-651.136580176481 0 0)
(-647.322952905296 0 0)
(-645.177923313354 0 0)
(-641.307536837131 0 0)
(-639.129535553881 0 0)
(-635.204721852292 0 0)
(-632.992937132426 0 0)
(-629.015043198294 0 0)
(-626.769803097326 0 0)
(-622.739363594969 0 0)
(-620.461242810699 0 0)
(-616.379188613123 0 0)
(-614.067884964689 0 0)
(-609.936204267209 0 0)
(-607.590642888786 0 0)
(-603.411471597029 0 0)
(-601.031110115916 0 0)
(-596.805429971728 0 0)
(-594.391258994624 0 0)
(-590.118416639505 0 0)
(-587.672846913088 0 0)
(-583.351266674059 0 0)
(-580.877019512634 0 0)
(-576.50548287578 0 0)
(-574.004376350288 0 0)
(-569.582930016114 0 0)
(-567.055420841877 0 0)
(-562.58530443888 0 0)
(-560.031035712924 0 0)
(-555.513837511591 0 0)
(-552.93253767905 0 0)
(-548.36943256834 0 0)
(-545.761376782176 0 0)
(-541.153063508569 0 0)
(-538.518780465137 0 0)
(-533.866023669152 0 0)
(-531.205702648044 0 0)
(-526.509771424382 0 0)
(-523.823105365997 0 0)
(-519.085597445529 0 0)
(-516.372231358246 0 0)
(-511.594481446327 0 0)
(-508.854622607889 0 0)
(-504.037211281786 0 0)
(-501.271901889537 0 0)
(-496.414639746783 0 0)
(-493.625515947491 0 0)
(-488.727890384211 0 0)
(-485.916574027742 0 0)
(-480.978375463236 0 0)
(-478.145942940389 0 0)
(-473.167613455575 0 0)
(-470.314448011181 0 0)
(-465.296989482917 0 0)
(-462.423107443094 0 0)
(-457.367690151255 0 0)
(-454.473144472284 0 0)
(-449.380745588257 0 0)
(-446.465855366333 0 0)
(-441.337203539159 0 0)
(-438.402432142709 0 0)
(-433.238254493705 0 0)
(-430.283918811815 0 0)
(-425.085178571936 0 0)
(-422.110629371098 0 0)
(-416.878206593882 0 0)
(-413.884648463023 0 0)
(-408.620206691613 0 0)
(-405.607440131699 0 0)
(-400.309102524543 0 0)
(-397.281184101489 0 0)
(-391.956973860703 0 0)
(-388.906905035743 0 0)
(-383.55088433057 0 0)
(-380.483729149573 0 0)
(-375.097228645183 0 0)
(-372.013762857137 0 0)
(-366.596666488359 0 0)
(-363.496988426292 0 0)
(-358.050960889321 0 0)
(-354.935933080859 0 0)
(-349.461491443256 0 0)
(-346.331270443752 0 0)
(-340.829431800107 0 0)
(-337.684115345432 0 0)
(-332.155631258967 0 0)
(-328.995668023235 0 0)
(-323.441480436966 0 0)
(-320.267329398124 0 0)
(-314.687766788614 0 0)
(-311.499699023349 0 0)
(-305.896219650995 0 0)
(-302.694424908629 0 0)
(-297.067412504001 0 0)
(-293.852178076811 0 0)
(-288.202747516457 0 0)
(-284.97414144878 0 0)
(-279.303425253128 0 0)
(-276.061845107439 0 0)
(-270.370284821717 0 0)
(-267.116435724503 0 0)
(-261.404421553479 0 0)
(-258.139062680998 0 0)
(-252.406930338544 0 0)
(-249.130833525095 0 0)
(-243.379028509744 0 0)
(-240.092723276834 0 0)
(-234.321964009293 0 0)
(-231.025857756239 0 0)
(-225.236867128279 0 0)
(-221.931254458464 0 0)
(-216.124932723275 0 0)
(-212.810065623573 0 0)
(-206.987216128615 0 0)
(-203.663518466261 0 0)
(-197.824763066979 0 0)
(-194.492694912948 0 0)
(-188.638785985673 0 0)
(-185.298752848066 0 0)
(-179.430434144717 0 0)
(-176.082655275759 0 0)
(-170.200852856763 0 0)
(-166.845594912184 0 0)
(-160.951153929401 0 0)
(-157.58865728077 0 0)
(-151.682466432071 0 0)
(-148.313037443758 0 0)
(-142.395812819308 0 0)
(-139.019869922048 0 0)
(-133.092222342607 0 0)
(-129.710371030173 0 0)
(-123.772830375878 0 0)
(-120.385643076594 0 0)
(-114.438752726996 0 0)
(-111.04674139727 0 0)
(-105.091129224412 0 0)
(-101.69474419894 0 0)
(-95.7311426050407 0 0)
(-92.3307268086282 0 0)
(-86.3599071720868 0 0)
(-82.9558117440584 0 0)
(-76.9784957362385 0 0)
(-73.5711546526053 0 0)
(-67.588000360829 0 0)
(-64.1778578448547 0 0)
(-58.1895219837184 0 0)
(-54.7770278039989 0 0)
(-48.784212277014 0 0)
(-45.3697315386131 0 0)
(-39.3732054665954 0 0)
(-35.9570406697483 0 0)
(-29.957643859328 0 0)
(-26.5400429842991 0 0)
(-20.5386377937012 0 0)
(-17.1198571076326 0 0)
(-11.1172635397914 0 0)
(-7.69763093847987 0 0)
(-1.69440823547198 0 0)
(1.7252956944179 0 0)
(7.7283398753717 0 0)
(11.1483240929964 0 0)
(17.1504088085467 0 0)
(20.5698431563587 0 0)
(26.5704785311433 0 0)
(29.988943825476 0 0)
(35.987419997214 0 0)
(39.4045431098548 0 0)
(45.4001140171938 0 0)
(48.815528843192 0 0)
(54.8074799192467 0 0)
(58.2207541997263 0 0)
(64.2084499544191 0 0)
(67.6190763461823 0 0)
(73.6019289054264 0 0)
(77.0093932135677 0 0)
(82.9868100898486 0 0)
(86.3906203138257 0 0)
(92.3619248034373 0 0)
(95.7616898934037 0 0)
(101.726112816143 0 0)
(105.12155815309 0 0)
(111.078246669984 0 0)
(114.469104341011 0 0)
(120.417180728012 0 0)
(123.80323681491 0 0)
(129.741872621011 0 0)
(133.122787239519 0 0)
(139.05123893835 0 0)
(142.426566541997 0 0)
(148.344166256693 0 0)
(151.713501858084 0 0)
(157.619571916102 0 0)
(160.982508318596 0 0)
(166.876278469871 0 0)
(170.232441017348 0 0)
(176.113157170572 0 0)
(179.462233595086 0 0)
(185.329111748921 0 0)
(188.670713822463 0 0)
(194.523127645132 0 0)
(197.856640189928 0 0)
(203.694074795638 0 0)
(207.018895208692 0 0)
(212.840869698524 0 0)
(216.15640207801 0 0)
(221.962388662712 0 0)
(225.268064880457 0 0)
(231.057407090008 0 0)
(234.352845265964 0 0)
(240.124708102898 0 0)
(243.409666608998 0 0)
(249.163107434074 0 0)
(252.437414594609 0 0)
(258.171566544868 0 0)
(261.434933398733 0 0)
(267.148964601168 0 0)
(270.401085407227 0 0)
(276.094185620101 0 0)
(279.334676838604 0 0)
(285.006081694146 0 0)
(288.234508312354 0 0)
(293.883410031039 0 0)
(297.099490368373 0 0)
(302.725249110829 0 0)
(305.928562865926 0 0)
(311.530455976606 0 0)
(314.720857499787 0 0)
(320.297671711271 0 0)
(323.474505651574 0 0)
(329.026288132493 0 0)
(332.188644968653 0 0)
(337.714905647548 0 0)
(340.862042198979 0 0)
(346.362572303541 0 0)
(349.493726387731 0 0)
(354.96795249509 0 0)
(358.082480476006 0 0)
(363.529774845001 0 0)
(366.627556654738 0 0)
(372.047026717007 0 0)
(375.127859328388 0 0)
(380.517363930389 0 0)
(383.581199433822 0 0)
(388.940560106934 0 0)
(391.987353877753 0 0)
(397.314261728947 0 0)
(400.339693730593 0 0)
(405.640129879349 0 0)
(408.651993915595 0 0)
(413.916742956023 0 0)
(416.911091933908 0 0)
(422.142088248469 0 0)
(425.119139419756 0 0)
(430.314812642356 0 0)
(433.272917364905 0 0)
(438.433003991934 0 0)
(441.372170616167 0 0)
(446.496529247548 0 0)
(449.41555140603 0 0)
(454.504358621067 0 0)
(457.401892823997 0 0)
(462.455239650065 0 0)
(465.330243307763 0 0)
(470.347749341528 0 0)
(473.199760313047 0 0)
(478.180446472779 0 0)
(481.009524891075 0 0)
(485.952046981836 0 0)
(488.758416319313 0 0)
(493.661488970776 0 0)
(496.445108402707 0 0)
(501.307780646993 0 0)
(504.068241722529 0 0)
(508.889814364004 0 0)
(511.626633302425 0 0)
(516.406257221583 0 0)
(519.119260988943 0 0)
(523.855708459671 0 0)
(526.545044445653 0 0)
(531.236976316991 0 0)
(533.902626001243 0 0)
(538.549190925613 0 0)
(541.190369153507 0 0)
(545.791658341157 0 0)
(548.406647351432 0 0)
(552.963518669462 0 0)
(555.550163282621 0 0)
(560.063473501203 0 0)
(562.620075134318 0 0)
(567.089842306593 0 0)
(569.615789593313 0 0)
(574.040875964393 0 0)
(576.53659786021 0 0)
(580.915159773555 0 0)
(583.381346416687 0 0)
(587.711741415055 0 0)
(590.14851836559 0 0)
(594.4298424852 0 0)
(596.836700875972 0 0)
(601.068335344513 0 0)
(603.444909632478 0 0)
(607.625696677357 0 0)
(609.972357807139 0 0)
(614.100456428789 0 0)
(616.417906451684 0 0)
(620.491765457848 0 0)
(622.779753199606 0 0)
(626.799392444694 0 0)
(629.055800667879 0 0)
(633.02304801747 0 0)
(635.244373954427 0 0)
(639.161683965351 0 0)
(641.344737579285 0 0)
(645.213283700116 0 0)
(647.356898204762 0 0)
(651.175502224453 0 0)
(653.28068167783 0 0)
(657.046650245252 0 0)
(659.114944510164 0 0)
(662.826111581736 0 0)
(664.857809911296 0 0)
(668.513421012373 0 0)
(670.507801547362 0 0)
(674.107315646207 0 0)
(676.064446613304 0 0)
(679.605769917653 0 0)
(681.52727396193 0 0)
(685.007528285945 0 0)
(686.894634768076 0 0)
(690.312804158053 0 0)
(692.163567331397 0 0)
(695.522514707955 0 0)
(697.331338574503 0 0)
(700.636297950217 0 0)
(702.39700503497 0 0)
(705.651714870053 0 0)
(707.361729585727 0 0)
(710.565061103877 0 0)
(712.226445122198 0 0)
(715.374196192477 0 0)
(716.989883639306 0 0)
(720.079376934368 0 0)
(721.649328902393 0 0)
(724.680504104719 0 0)
(726.203732545347 0 0)
(729.175316912429 0 0)
(730.653797437733 0 0)
(733.561185952711 0 0)
(734.998693747041 0 0)
(737.838353413014 0 0)
(739.234310398139 0 0)
(742.009922323146 0 0)
(743.35533604815 0 0)
(746.077320122531 0 0)
(747.360387522642 0 0)
(750.037132124537 0 0)
(751.25329636672 0 0)
(753.882795222621 0 0)
(755.036603904164 0 0)
(757.612096903549 0 0)
(758.706929794639 0 0)
(761.227168415148 0 0)
(762.26107804708 0 0)
(764.726784294057 0 0)
(765.700856195176 0 0)
(768.105855508288 0 0)
(769.027606396276 0 0)
(771.363737087525 0 0)
(772.234825546406 0 0)
(774.508235978963 0 0)
(775.311408364424 0 0)
(777.544297639519 0 0)
(778.256881406395 0 0)
(780.462486597891 0 0)
(781.081579175077 0 0)
(783.252789501824 0 0)
(783.785836397502 0 0)
(785.91849520489 0 0)
(786.361771225434 0 0)
(788.459709280381 0 0)
(788.811513388605 0 0)
(790.86650393228 0 0)
(791.140801620681 0 0)
(793.13762103435 0 0)
(793.329840674374 0 0)
(795.296267660162 0 0)
(795.355063667172 0 0)
(797.336230341128 0 0)
(797.228062649197 0 0)
(799.228515720805 0 0)
(798.949691187305 0 0)
(800.963871478306 0 0)
(800.484491682955 0 0)
(802.522090089594 0 0)
(801.811975934841 0 0)
(803.832384474569 0 0)
(802.825446857993 0 0)
(804.83083199532 0 0)
(803.211746651063 0 0)
(805.184343285064 0 0)
(802.243253520145 0 0)
(803.280336983142 0 0)
(796.308683695605 0 0)
(792.910460871006 0 0)
(783.483469442113 0 0)
(800.84220815394 0 0)
(795.415957899066 0 0)
(808.448633644027 0 0)
)
;

boundaryField
{
    electrode
    {
        type            calculated;
        value           uniform (-808.320181146823 0 0);
    }
    ground
    {
        type            calculated;
        value           uniform (808.448633644027 0 0);
    }
    otherfaces
    {
        type            empty;
    }
}


// ************************************************************************* //
