/*--------------------------------*- C++ -*----------------------------------*\
| =========                 |                                                 |
| \\      /  F ield         | foam-extend: Open Source CFD                    |
|  \\    /   O peration     | Version:     4.1                                |
|   \\  /    A nd           | Web:         http://www.foam-extend.org         |
|    \\/     M anipulation  |                                                 |
\*---------------------------------------------------------------------------*/
FoamFile
{
    version     2.0;
    format      ascii;
    class       volScalarField;
    location    "1.23673874951005e-05";
    object      powerDissipatedElectronMean;
}
// * * * * * * * * * * * * * * * * * * * * * * * * * * * * * * * * * * * * * //

dimensions      [1 -1 -3 0 0 0 0];

internalField   nonuniform List<scalar> 
500
(
-1926405834.28287
-2148618061.44949
-2467578034.14363
-2810177098.50873
-3161306081.13012
-3487293172.31524
-3750955366.51806
-3904470416.10429
-3916811767.27841
-3743854930.47012
-3383027727.26178
-2851182487.53764
-2222677304.37974
-1564141914.09776
-962455139.42383
-483347705.968633
-150936215.654825
59373585.7069921
162006081.511724
205605952.40379
231914085.634462
243588531.056651
256735967.453296
290474700.302984
324832227.267415
342763280.522839
373264252.133285
410141521.053419
412171253.523101
419534856.384102
449351261.22714
456150894.246235
440008331.639284
435951234.766879
444781586.067642
448482680.131656
439673322.966247
425545086.989623
417907911.601579
414900263.147368
411357273.462145
406065001.169347
399587894.328037
391777706.542225
383544726.295065
377131501.981598
371785218.881555
366368954.1339
361087377.303843
355931065.288165
350923611.574145
346103912.435212
341052059.789743
335739163.894171
330837730.382274
326290569.891982
321885683.398517
317771121.381127
313796342.714607
309862968.405704
306022027.069253
302281333.244126
298639747.754131
295092397.763385
291638762.994824
288298917.63099
285067807.018056
281908164.016226
278820231.806367
275816992.662882
272894170.762641
270048746.340396
267278069.273725
264579532.40388
261950603.585113
259388822.133361
256891756.19593
254456992.618185
252082230.749962
249764364.06388
247493967.707355
245266479.432592
243132132.343358
241095062.043907
239073488.792376
237067877.671874
235113343.522533
233204771.481359
231340384.535917
229518953.704956
227739172.715258
225999783.546348
224299590.941943
222637437.658421
221012214.571046
219422856.293612
217868333.811828
216347656.508648
214859873.758278
213404064.698269
211979342.486181
210584855.198717
209219775.336044
207883309.975122
206574688.800947
205293170.846618
204038041.247141
202808606.074456
201604198.723397
200424172.180306
199267904.043491
198134790.448118
197024246.443011
195935714.573183
194868652.660234
193822511.978358
192796791.167342
191790996.845926
190804647.462779
189837277.916656
188888439.597288
187957694.345878
187044620.309398
186148807.390369
185269859.809829
184407392.100785
183561031.363128
182730417.507554
181915198.164611
181115035.058843
180329599.018085
179558569.13536
178801635.785207
178058499.447756
177328866.394033
176612454.638514
175908989.346624
175218202.989188
174539837.36499
173873640.375319
173219368.307473
172576783.962293
171945656.867893
171325762.991379
170716886.790449
170118814.888917
169531343.594898
168954273.292683
168387409.885587
167830565.834831
167283557.590211
166746208.034675
166218343.131543
165699795.908319
165190402.696807
164690004.689729
164198446.419704
163715578.327665
163241255.097561
162775332.487834
162317674.010311
161868144.19684
161426612.050125
160992950.626869
160567035.488592
160148746.447945
159737965.703808
159334579.37308
158938475.530795
158549546.76464
158167687.243386
157792794.488199
157424768.590141
157063512.098823
156708930.764904
156360932.4299
156019426.828597
155684327.211179
155355548.202819
155033006.649933
154716622.78885
154406317.147431
154102013.840452
153803637.874377
153511117.479765
153224381.204872
152943360.856763
152667989.226529
152398201.449823
152133933.633123
151875124.304749
151621713.024123
151373641.638104
151130852.78755
150893291.092133
150660902.784321
150433634.945269
150211436.722732
149994258.362719
149782051.53242
149574768.926306
149372365.364397
149174795.658206
148982016.736633
148793989.859479
148610661.164994
148431955.085589
148258308.047352
148088900.615991
147923265.034315
147763090.427742
147607833.128296
147456443.334412
147309440.361401
147166903.685881
147028733.132565
146894904.56681
146765392.454611
146640170.703752
146519213.967551
146402501.080566
146290009.724152
146181716.652885
146077601.08676
145977644.985687
145881826.77564
145790127.68044
145702533.269924
145619025.435447
145539585.357957
145464200.198478
145392856.599104
145325537.648744
145262233.008125
145202931.544973
145147618.320716
145096284.142261
145048920.164043
145005515.945677
144966062.980401
144930554.210447
144898978.837725
144871327.530485
144847589.964321
144827748.326768
144811778.697762
144799661.469106
144791472.03054
144787372.748749
144787022.205704
144790697.518734
144798403.377505
144809861.098979
144825408.156615
144844885.56357
144868217.036081
144895425.215763
144926534.122775
144961558.866844
145000513.950216
145043410.767469
145090255.713154
145141059.095049
145195831.114373
145254580.908762
145317320.406932
145384060.2749
145454809.048915
145529582.207432
145608396.507622
145691263.114886
145778196.773495
145869214.982864
145964332.664867
146063567.869743
146166941.343704
146274468.956398
146386171.625749
146502071.45552
146622188.401228
146746546.548234
146875168.420277
147008076.761381
147145297.974434
147286858.30044
147432783.934738
147583099.948492
147737908.218181
147897130.199372
148060245.129858
148228307.596786
148401864.319523
148579222.559091
148760849.557362
148947568.285136
149138943.041437
149335049.522164
149535942.829862
149741662.364648
149952252.208854
150167758.003042
150388226.265595
150613704.875893
150844243.108592
151079891.611394
151320702.432931
151566729.03805
151818026.35298
152074650.947476
152336660.500959
152604114.963603
152877075.412263
153155604.417416
153439766.95666
153729628.843808
154025258.485636
154326725.724666
154634102.112232
154947461.620617
155266879.614756
155592433.979127
155924204.732234
156262273.479839
156606724.400123
156957644.166558
157315121.376108
157679246.840672
158050114.532073
158427820.599364
158812463.449747
159204144.814769
159602968.437127
160009041.717125
160422474.033928
160843378.965102
161271871.892119
161708072.295218
162152102.873042
162604088.177606
163064159.427263
163532447.798298
164009090.981714
164494228.398519
164988005.179393
165490569.190863
166002072.998519
166522673.284729
167052531.94737
167591813.314463
168140689.618819
168699335.201501
169267930.308896
169846661.215376
170435718.562714
171035298.619692
171645603.735107
172266842.043316
172899227.708312
173542981.10326
174198329.185655
174865505.449158
175544749.771617
176236311.074475
176940443.720292
177657411.043758
178387482.504055
179130938.357971
179888064.982874
180659158.18641
181444524.889857
182244477.701189
183059341.469644
183889451.034049
184735150.483945
185596796.378217
186474753.62843
187369402.592016
188281132.063534
189210345.875879
190157458.829539
191122900.726347
192107114.24479
193110556.102348
194133699.973589
195177030.933704
196241054.333211
197326276.881708
198433256.658754
199562543.035314
200714705.306912
201890334.793186
203090047.33244
204314473.774464
205564272.950501
206840122.408701
208142726.088474
209472813.048375
210831135.585629
212218476.551202
213635643.688003
215083478.230296
216562846.523266
218074651.532969
219619831.134128
221199352.741293
222814223.544241
224465493.322107
226154245.63996
227881611.70929
229648770.310197
231456941.434491
233307403.441903
235201493.069653
237140463.633375
239126120.486996
241163610.883777
243217815.455756
245288337.366531
247457134.903693
249720139.253135
252027086.525762
254382556.56082
256796034.525502
259270681.01059
261808853.383857
264413030.86225
267085712.439495
269829427.756208
272646798.6652
275540521.756596
278513329.012532
281568333.544176
284709947.695529
287925295.066823
291214271.511429
294614357.945812
298130788.886725
301743645.718018
305453644.932821
309265900.499367
313181822.326241
317193901.136275
321251467.039831
325453349.780363
329950592.113118
334595568.212178
339600916.915078
345023982.605839
350191829.445635
355133961.953858
360271601.453706
365566874.323804
370997299.671761
376573601.751046
382092601.337822
388693719.939717
397130971.115303
405159954.391533
411870542.34078
417413994.740039
421228970.376998
424534015.420923
432501471.82457
446994356.128582
456194257.222345
452908907.444605
444530600.348214
449095325.993703
465804891.413012
459606995.567721
430430472.776479
423792336.514324
422574407.265636
386565316.290146
357037258.706973
340207217.481129
307058021.770491
274641595.426151
262908069.121361
252619862.460656
227456606.502955
184468860.15277
81509147.1908312
-130451903.965473
-466022846.023535
-949664790.388405
-1556680032.1296
-2220425908.34072
-2853033188.9319
-3387078857.89881
-3747947310.10508
-3919017556.5827
-3903531645.58418
-3746355444.36921
-3479289193.20034
-3150632876.16817
-2797786197.88403
-2454375487.42861
-2135216572.42339
-1913016237.27071
)
;

boundaryField
{
    electrode
    {
        type            calculated;
        value           uniform -992225449.180709;
    }
    ground
    {
        type            calculated;
        value           uniform -984245557.894921;
    }
    otherfaces
    {
        type            empty;
    }
}


// ************************************************************************* //
