/*--------------------------------*- C++ -*----------------------------------*\
| =========                 |                                                 |
| \\      /  F ield         | foam-extend: Open Source CFD                    |
|  \\    /   O peration     | Version:     4.1                                |
|   \\  /    A nd           | Web:         http://www.foam-extend.org         |
|    \\/     M anipulation  |                                                 |
\*---------------------------------------------------------------------------*/
FoamFile
{
    version     2.0;
    format      ascii;
    class       volScalarField;
    location    "1.09518999959607e-05";
    object      powerDissipatedIonMean;
}
// * * * * * * * * * * * * * * * * * * * * * * * * * * * * * * * * * * * * * //

dimensions      [1 -1 -3 0 0 0 0];

internalField   nonuniform List<scalar> 
500
(
1167522657.54334
1115733219.13566
1064454391.47957
1009617520.05394
955851078.51763
898926857.252248
842978192.907213
784677395.171742
727579256.772037
669258080.959483
612764195.724685
556484494.491388
502953678.59845
451182272.98062
403107201.052009
358070464.051867
317363064.414997
280364728.493487
247760691.415884
218855007.197249
193869184.800662
172094057.668434
153486835.623445
137407550.310062
123720571.692129
111912104.012828
101833312.211617
93103518.022046
85613543.7516065
79067667.4668071
73409911.4064072
68439490.6749672
64077220.5428762
60155577.7024235
56685767.225805
53590515.1988364
50861589.3811975
48389217.6973856
46158856.0678911
44098710.5044317
42223817.4821459
40493466.6623015
38926141.7331482
37475552.5671638
36151412.5815963
34914553.0307737
33777220.4603467
32704462.3838572
31706786.1051492
30756057.3231263
29870548.8560036
29029637.0029311
28247156.1390686
27499880.2699175
26800177.9786691
26127874.9571285
25495545.0317538
24885199.7209999
24309073.2771047
23750810.6390486
23222241.4588204
22708512.5732533
22220896.5278194
21745473.3703298
21292919.2203807
20850487.078275
20428446.0729375
20014955.9535194
19619784.2058705
19231886.4566154
18860545.1551461
18495432.4503808
18145372.7696605
17800679.4656906
17469736.9393496
17143469.8643949
16829851.5150718
16520329.2140478
16222587.7807438
15928635.045242
15645427.8978103
15365096.0457928
15094444.6735936
14826286.110155
14567138.6256463
14310205.451315
14061686.3712993
13815145.0225547
13576479.5912658
13339590.0527074
13110089.0870354
12882191.4799662
12661239.5379609
12441743.2289965
12228788.6389153
12017162.8946597
11811709.2451492
11607475.6197944
11409074.9954607
11211800.9894189
11020047.9369191
10829341.1643284
10643867.3637002
10459370.7849513
10279840.9066599
10101229.0241256
9927337.08787145
9754312.33862689
9585778.25554782
9418067.75541759
9254634.53101161
9091987.7876137
8933419.63966007
8775606.67506794
8621686.98745743
8468496.15421528
8319025.40791674
8170261.50696226
8025055.61463332
7880538.36838401
7739427.27522952
7598989.9598484
7461816.30567171
7325304.43854998
7191922.33625555
7059192.52632125
6929466.50285009
6800385.44082315
6674189.48901363
6548633.04893469
6425849.80849553
6303702.27033207
6184222.29280964
6065375.63306321
5949096.73622238
5833450.02698981
5720276.71676012
5607735.53540275
5497578.45068849
5388054.36877638
5280829.82716115
5174239.97402917
5069869.52452489
4966136.13983218
4864546.18357576
4763596.26035453
4664717.68053693
4566482.60448503
4470250.44895114
4374665.68681176
4281018.86331804
4188023.6767139
4096904.69363807
4006441.86569172
3917796.57105545
3829812.18419416
3743589.54543548
3658032.73185646
3574184.62362429
3491007.38122348
3409488.38591517
3328645.39396208
3249412.6364233
3170861.05181589
3093874.02980146
3017573.36023026
2942793.78804348
2868705.72390388
2796097.39418302
2724185.68359174
2653714.34555824
2583944.65761937
2515577.88502726
2447917.69819805
2381624.7973608
2316043.30514942
2251795.1769241
2188263.16342866
2126032.25469866
2064522.02130924
2004282.19872673
1944767.46612573
1886493.94434974
1828949.78620925
1772619.0505309
1717021.79574487
1662611.53567015
1608938.72457326
1556427.74914772
1504658.05467383
1454026.25254395
1404139.41599382
1355367.68505798
1307344.46702975
1260414.65370971
1214236.77784335
1169131.6318586
1124781.72483063
1081484.86864765
1038946.72510126
997443.787650268
956694.953897819
916876.768936306
877639.14088139
839658.449872622
802619.988398267
766524.398459302
731158.463490485
696761.824786818
663121.696343989
630443.404942382
598524.074375135
567553.603691962
537343.339404081
508068.9499368
479555.208308282
451963.23921475
425135.341158986
399232.556046877
374089.104214464
349845.104216709
326364.193585751
303773.624204682
281947.948570431
261002.939553748
240824.537471816
221517.637966328
202979.196557177
185303.639233672
168398.541836318
152348.246464528
137070.557999696
122640.097734533
108984.518153331
96169.0990866771
84130.9513967078
72926.3751639717
62501.571397919
52904.2232491986
44089.2484810115
36096.0708628992
28887.9652884526
22496.4484928654
16892.796640286
12100.9633011788
8099.88856307561
4906.32601373592
2506.62040151761
910.22947709117
109.741165399576
110.211866146505
911.645493475098
2508.97940199562
4909.62716506724
8104.13222175324
12106.1471114327
16898.9210239067
22503.5103224723
28895.9647745461
36105.0039712679
44099.1146730204
52915.0189827098
62513.2965405299
72939.0237068421
84144.5224053152
96183.5877677084
108999.924777843
122656.413664582
137087.782357067
152366.374279141
168417.572559863
185323.560801213
203000.01025336
221539.334827694
240847.116584108
261026.393200953
281972.269073333
303798.806294855
326390.234204135
349871.996372457
374116.842395579
399261.126109825
425164.740535597
451993.521883428
479586.312352752
508100.857799636
537376.05959765
567587.117279147
598558.383564106
630478.489048647
663157.559244354
696798.451342518
731195.851018472
766562.526212136
802658.849566328
839698.027130252
877679.464140312
916917.823964964
956736.669997097
997486.167425623
1038989.77827492
1081528.57354112
1124826.07899405
1169176.61433811
1214282.38377663
1260460.86366719
1307391.27353105
1355415.0684901
1404187.3710105
1454074.75827952
1504707.10239806
1556477.32064411
1608988.80988052
1662662.11365874
1717072.85795851
1772670.575385
1829001.76373501
1886546.35724971
1944820.30150811
2004335.43750193
2064575.64889212
2126086.25346415
2188317.5178831
2251849.86735331
2316098.31954842
2381680.11642634
2447973.30729085
2515633.76220593
2584000.78568938
2653770.70710827
2724242.26167755
2796154.16930398
2868762.67937405
2942850.90240792
3017630.61513983
3093931.40633899
3170918.53199581
3249470.19808113
3328703.01895069
3409546.05452889
3491065.07742992
3574242.32397248
3658090.41462842
3743647.18953549
3829869.77731642
3917854.09094793
4006499.28919233
4096961.99631463
4188080.84011541
4281075.86727104
4374722.51243379
4470307.07287133
4566539.0056364
4664773.83269801
4763652.1445546
4864601.77754405
4966191.4244419
5069924.47353008
5174294.57109667
5280884.05156942
5388108.1980204
5497631.85624207
5607788.50077893
5720329.2193452
5833502.04519101
5949148.24255051
6065426.60568553
6184272.70461156
6303752.10584286
6425899.04469737
6548681.66563217
6674237.45868107
6800432.7430814
6929513.11089991
7059238.42135977
7191967.49317427
7325348.84016607
7461859.92705313
7599032.78371157
7739469.27432656
7880579.52478503
8025095.89892998
8170300.89848617
8319063.87559845
8468533.67771483
8621723.53997961
8775642.24164861
8933454.1962318
9092021.31736851
9254667.0037505
9418099.15140181
9585808.54553919
9754341.50814498
9927365.11076359
10101255.8854734
10279866.5754671
10459395.2431849
10643890.5783382
10829363.1178111
11020068.5988567
11211820.3479897
11409093.019926
11607492.2944108
11811724.5385551
12017176.7902786
12228801.1009565
12441754.2444746
12661249.0739519
12882199.5247962
13110095.6059493
13339595.0363402
13576483.0031836
13815146.8509786
14061686.5764699
14310204.0260267
14567135.531072
14826281.3338014
15094438.1781278
15365087.8214368
15645417.9016831
15928623.2727105
16222574.2001522
16520313.8213134
16829834.2692805
17143450.7426206
17469715.8814078
17800656.4544818
18145347.7531861
18495405.4073995
18860516.0282269
19231855.2228791
19619750.80316
20014920.355344
20428408.2105346
20850446.9233313
21292876.6940253
21745428.4371451
22220849.0977
22708462.6074137
23222188.8683213
23750755.3710768
24309015.2098942
24885138.7886369
25495481.1064859
26127807.9600834
26800107.7517305
27499806.7125554
28247079.070279
29029556.3004112
29870464.2992783
30755968.7026988
31706693.0621289
32704364.6028798
33777117.6121764
34914444.9274182
36151298.9027786
37475432.9543898
38926015.6666067
40493333.6449695
42223676.7991147
44098561.2377213
46158697.091384
48389048.0592941
50861408.2023748
53590321.5830029
56685559.8061275
60155354.3579716
64076978.4032092
68439226.8506173
73409623.1513144
79067351.4385657
85613194.9626906
93103130.4206279
101832878.67056
111911615.710505
123720017.729385
137406917.614347
153486108.23656
172093216.772198
193868207.821055
218853868.808668
247759362.322282
280363178.554568
317361259.972248
358068374.828321
403104794.680255
451179526.631173
502950567.931293
556481010.568889
612760325.313825
669253830.554855
727574622.097748
784672394.554568
842972825.928536
898921148.914135
955845027.715724
1009611154.97816
1064447707.1368
1115726244.10757
1167515388.61069
)
;

boundaryField
{
    electrode
    {
        type            calculated;
        value           uniform 1192594071.10182;
    }
    ground
    {
        type            calculated;
        value           uniform 1192586661.07191;
    }
    otherfaces
    {
        type            empty;
    }
}


// ************************************************************************* //
