/*--------------------------------*- C++ -*----------------------------------*\
| =========                 |                                                 |
| \\      /  F ield         | foam-extend: Open Source CFD                    |
|  \\    /   O peration     | Version:     4.1                                |
|   \\  /    A nd           | Web:         http://www.foam-extend.org         |
|    \\/     M anipulation  |                                                 |
\*---------------------------------------------------------------------------*/
FoamFile
{
    version     2.0;
    format      ascii;
    class       volScalarField;
    location    "1.09518999959607e-05";
    object      powerDissipated;
}
// * * * * * * * * * * * * * * * * * * * * * * * * * * * * * * * * * * * * * //

dimensions      [1 2 -3 0 0 0 0];

internalField   nonuniform List<scalar> 
500
(
-0.00359577763677055
-0.00533183139474009
-0.00775591033501618
-0.0106931369339545
-0.0140718621075478
-0.0177489673296752
-0.0215481457593135
-0.0253072771735799
-0.0288802269469906
-0.0321840217881534
-0.0351495906788413
-0.0377058596516736
-0.0397550619586818
-0.0411840246526519
-0.0418883619178761
-0.0418378631047105
-0.0410497461046631
-0.0396307135041147
-0.0377269789395168
-0.0354990016883117
-0.0331115190338077
-0.03068501287625
-0.0283104892537579
-0.0260621615139985
-0.0239661265312711
-0.0220385111094611
-0.0202938431661702
-0.0187215679980059
-0.0173004270729908
-0.0160439948793913
-0.0149199524017971
-0.013901730078078
-0.0129926560994876
-0.0121886405770127
-0.0114688676106282
-0.0108169922289645
-0.0102296616955675
-0.00970397583700329
-0.0092287984392467
-0.00879635795171229
-0.00840182744274383
-0.00804034460515138
-0.00770881203369555
-0.00740644609342101
-0.00712971215245618
-0.00687540865584741
-0.00663991762391425
-0.00642073562367786
-0.00621600847932023
-0.00602481701018239
-0.00584533680849349
-0.0056767501047525
-0.00551871690281546
-0.00537054634468626
-0.00523088644286761
-0.00509895993164
-0.00497386312675242
-0.00485509301035623
-0.00474195971432303
-0.00463413551763768
-0.00453108499878031
-0.00443253280297276
-0.00433802519483771
-0.00424738604940499
-0.00416020726454967
-0.00407633905758217
-0.0039954624212908
-0.00391748544769572
-0.00384213360566115
-0.00376934065698677
-0.00369886947155113
-0.00363067439418449
-0.00356454184320482
-0.00350044722470607
-0.00343821109954848
-0.00337780195309165
-0.00331906220842326
-0.00326203988302777
-0.00320655726020406
-0.00315257863573073
-0.00309998204797899
-0.00304871015039771
-0.00299859546729339
-0.00294964494066544
-0.00290175027640399
-0.00285492524584104
-0.00280907091216059
-0.00276420191601514
-0.00272022703028516
-0.00267716224102517
-0.00263492381718632
-0.00259352751803455
-0.00255289623896156
-0.00251304672457889
-0.00247390667907941
-0.00243549366089419
-0.00239773994240313
-0.0023606633379327
-0.00232419622891956
-0.00228837361339736
-0.00225312406418624
-0.0022184653730522
-0.00218434345940973
-0.00215077379688901
-0.00211770604018018
-0.00208515584776128
-0.00205307579952596
-0.00202148157143716
-0.00199032901527183
-0.00195963295261208
-0.00192935210246724
-0.0018995011923552
-0.00187004095693053
-0.00184098586356699
-0.00181229926725496
-0.00178399469992481
-0.00175603806108481
-0.00172844216717947
-0.00170117500518341
-0.00167424870949818
-0.00164763358480059
-0.00162134078528004
-0.00159534277430424
-0.00156964976153264
-0.0015442362140983
-0.00151911153445651
-0.0014942521559531
-0.00146966662508978
-0.00144533287680616
-0.0014212589962858
-0.00139742443375493
-0.00137383657098856
-0.00135047617950973
-0.00132735019129836
-0.00130444071820596
-0.00128175407490249
-0.00125927351682208
-0.00123700473436166
-0.00121493256461338
-0.00119306174063302
-0.00117137832614755
-0.00114988656789231
-0.00112857352204097
-0.0011074429105224
-0.00108648294639431
-0.00106569658500258
-0.00104507332931865
-0.001024615284924
-0.00100431298209621
-0.000984168167538694
-0.000964172150912092
-0.000944326256614544
-0.000924622462298818
-0.000905061701454571
-0.000885636923814596
-0.000866348340689916
-0.000847189741391858
-0.000828161056615117
-0.000809256797970047
-0.000790476163366124
-0.000771814493319671
-0.000753270852750206
-0.000734840891711213
-0.00071652337009356
-0.000698314735005423
-0.00068021308498638
-0.000662215611199459
-0.000644320204241098
-0.000626524234287083
-0.000608825614384797
-0.000591222052194461
-0.000573711177386701
-0.000556291074300854
-0.000538959343087073
-0.000521714186736241
-0.000504553368760798
-0.000487475017792969
-0.000470477152672454
-0.000453557744388217
-0.000436715260494798
-0.000419947145393484
-0.000403252725483096
-0.00038662868430254
-0.000370075237709682
-0.000353587939945964
-0.000337168662834978
-0.000320811433381932
-0.000304519884023394
-0.000288286033647461
-0.000272115820240723
-0.000255998799197216
-0.00023994381234353
-0.000223937472182462
-0.000207991678841831
-0.000192089675182094
-0.000176247436062309
-0.000160444315241639
-0.000144700353418077
-0.000128990083987557
-0.000113339362543465
-9.77186808992042e-05
-8.21494693830917e-05
-6.64912809675496e-05
-5.05841334878142e-05
-3.5292803298304e-05
-2.0043866397385e-05
-4.78522194228606e-06
1.04833554873334e-05
2.56981032789628e-05
4.09086986362729e-05
5.60602601832022e-05
7.12143366422519e-05
8.63102922748241e-05
0.000101412977615735
0.000116454413913228
0.000131507986777589
0.000146501654136312
0.000161514780476489
0.000176467313781527
0.000191443920457224
0.000206358744171046
0.00022130385468613
0.000236188663321702
0.000251110773457494
0.00026597067996853
0.000280871486479855
0.000295709827396136
0.000310594867507378
0.000325417726683391
0.000340292371452535
0.000355105599055936
0.000369974828552847
0.00038478227906757
0.000399650926546915
0.000414458417049447
0.000429330469904929
0.000444141819588502
0.000459022168623315
0.000473843541427477
0.000488737089077593
0.000503572709612142
0.000518483471924165
0.000533337738530812
0.000548269759621078
0.000563147157582223
0.00057810492880778
0.000593010353549642
0.000607994954977321
0.00062291842471965
0.000638038728204871
0.000652872567476472
0.000668035611022109
0.000683035384373695
0.000698144404421092
0.00071320929238628
0.0007283739009208
0.000743488764956196
0.000758709224972426
0.000773879175577603
0.000789160328729698
0.000804390284547231
0.000819737382276315
0.000835033055730089
0.000850450697623365
0.000865816341021605
0.000881309571331286
0.000896750790267462
0.000912323788239492
0.000927846122844568
0.000943504658460574
0.00095911353510297
0.000974862331623739
0.00099056369746558
0.00100640919413229
0.00102220925609072
0.0010381560636044
0.00105405845704745
0.00107010887861254
0.00108612159986901
0.00110228786769734
0.00111841899673849
0.0011347024201213
0.00115095458112469
0.0011673623184503
0.00118374576246306
0.00120028467855472
0.00121680406941076
0.00123347857452602
0.00125013988236573
0.00126695888925347
0.00128377439483614
0.00130074734786681
0.00131771629443864
0.00133484182539223
0.00135197516585836
0.00136912248589338
0.00138605030822334
0.00140447447449791
0.00142210194910985
0.00143970659093867
0.00145751287413145
0.00147536165471857
0.00149335961600828
0.00151140396136881
0.00152959541862773
0.00154784417618467
0.00156623724612832
0.00158469788065421
0.00160329996428814
0.00162198009307939
0.00164080003679875
0.00165970801709729
0.00167875373137955
0.00169789759867992
0.00171717811250949
0.00173656678843427
0.00175609148303893
0.00177573393825949
0.00179551248840026
0.00181541812470692
0.00183546065587354
0.00185563920229569
0.00187595600524024
0.00189641777231285
0.00191701957762128
0.00193777516137753
0.00195867345684939
0.00197973398067486
0.00200094046330117
0.00202231765755525
0.00204384463971407
0.00206555077967426
0.00208741094573498
0.0021094589371148
0.00213166560640814
0.00215406877269772
0.00217663615603786
0.00219940847116899
0.00222235113362418
0.00224550750535683
0.00226884071056916
0.00229239664827179
0.00231613630908273
0.00234010841584337
0.00236427117255745
0.00238867658656032
0.00241328026146275
0.00243813670354684
0.00246320018661713
0.0024885267887946
0.00251406921167596
0.00253988616700154
0.0025659282661052
0.00259225662526715
0.00261881988116493
0.0026456821927291
0.00267278954188991
0.00270020899495204
0.00272788482536504
0.00275588633451909
0.00278415618034779
0.00281276611969476
0.00284165666400722
0.00287090327250486
0.00290044310622468
0.00293035568149223
0.00296057556978468
0.00299118508393503
0.00302211727551894
0.00305345732571726
0.00308513592898662
0.00311724164839753
0.00314970333032981
0.00318261262669623
0.00321589573963777
0.00324964881905234
0.00328379515842716
0.00331843439594761
0.00335348825505167
0.00338905965710759
0.00342506801564862
0.00346162068752534
0.00349863404340086
0.00353622049537265
0.00357429291848295
0.00361296921257359
0.00365215914561966
0.00369198548422857
0.00373235514118934
0.00377339682903496
0.0038150134257852
0.0038573401432405
0.00390027688756504
0.00394396395674979
0.00398829887108015
0.00403342811231252
0.0040792465492794
0.00412590633721256
0.00417330008427642
0.00422158643463068
0.00427065579483365
0.00432067336075135
0.00437152685449324
0.00442338981022239
0.00447614635135419
0.00452997904897682
0.00458476871917552
0.00464070749355682
0.0046976730303499
0.00475586728547968
0.00481516608269666
0.00487578003764452
0.00493758500402727
0.00500080156100418
0.00506530305814086
0.00513132389405304
0.00519873456830128
0.00526778321324723
0.00533833923558896
0.00541065700685964
0.00548453877380052
0.00556036247756236
0.00563836580937185
0.0057187340947227
0.00580106581971723
0.00588581276510839
0.00597290600695863
0.00606263010518132
0.00615488718778788
0.00625007558195866
0.00634809200626998
0.00644934550810549
0.00655376030793952
0.00666179353162465
0.00677338260704515
0.00688903305100024
0.00700870971673579
0.00713294835361012
0.00726177386937452
0.0073959973052387
0.0075357113689941
0.00768149846364269
0.0078334846934249
0.00799260841303892
0.00815913500443628
0.00833406909935491
0.0085178200060453
0.00871165249546217
0.00891623583097079
0.00913441106444743
0.00936852172859421
0.00961700985919433
0.00987660078830996
0.0101507660488122
0.0104444815233354
0.0107615841970813
0.0111032432633086
0.0114729690670088
0.0118757220904057
0.0123216448356995
0.0128099180786929
0.0133348522840598
0.0138987485273366
0.0145104675268967
0.0151851955573953
0.0159582772559484
0.0168482425815388
0.0178306305468012
0.0188842641978166
0.0200525909231066
0.0214049899433182
0.0229355152601972
0.0246229253811416
0.0265324031836831
0.0286635189341096
0.0310060104930749
0.0335711149653325
0.0363243839399293
0.0391758490697348
0.0420202105727431
0.0446566070669364
0.0467735771679956
0.0479812193094462
0.0477661855382671
0.0456401920803398
0.0412714551457829
0.0346449509293451
0.0262831887127404
0.0171622666551175
0.00854325855733725
0.00156841052316962
-0.00307264817074928
-0.005313193982593
-0.00558914693301852
-0.00461355475937903
-0.00307411128371376
-0.00149521716033744
-0.000148985606386375
0.000866801192755538
0.0015241487493596
)
;

boundaryField
{
    electrode
    {
        type            zeroGradient;
    }
    ground
    {
        type            zeroGradient;
    }
    otherfaces
    {
        type            empty;
    }
}


// ************************************************************************* //
