/*--------------------------------*- C++ -*----------------------------------*\
| =========                 |                                                 |
| \\      /  F ield         | foam-extend: Open Source CFD                    |
|  \\    /   O peration     | Version:     4.1                                |
|   \\  /    A nd           | Web:         http://www.foam-extend.org         |
|    \\/     M anipulation  |                                                 |
\*---------------------------------------------------------------------------*/
FoamFile
{
    version     2.0;
    format      ascii;
    class       volVectorField;
    location    "1.09518999959607e-05";
    object      velocityArp1;
}
// * * * * * * * * * * * * * * * * * * * * * * * * * * * * * * * * * * * * * //

dimensions      [0 1 -1 0 0 0 0];

internalField   nonuniform List<vector> 
500
(
(-4350.62449302305 0 0)
(-4182.65512109007 0 0)
(-4066.50935329803 0 0)
(-3935.8332402399 0 0)
(-3801.9977381952 0 0)
(-3663.5315455106 0 0)
(-3520.7069820247 0 0)
(-3373.3084090215 0 0)
(-3222.21170409924 0 0)
(-3068.36163218593 0 0)
(-2913.56516134023 0 0)
(-2758.6997055019 0 0)
(-2604.69047408269 0 0)
(-2454.22890382453 0 0)
(-2308.01118084356 0 0)
(-2167.78846676333 0 0)
(-2035.26959931635 0 0)
(-1910.54486029794 0 0)
(-1795.16910295554 0 0)
(-1688.70848534065 0 0)
(-1591.3887077014 0 0)
(-1503.28194943577 0 0)
(-1423.19172241515 0 0)
(-1351.12287955264 0 0)
(-1286.08017257288 0 0)
(-1227.49554649069 0 0)
(-1174.28956513065 0 0)
(-1126.53986131373 0 0)
(-1082.85929637789 0 0)
(-1043.02965341212 0 0)
(-1006.99018138231 0 0)
(-973.706871143892 0 0)
(-942.732685815425 0 0)
(-914.164296563284 0 0)
(-887.992395054898 0 0)
(-863.75549829377 0 0)
(-840.979801709913 0 0)
(-819.530031400794 0 0)
(-799.344958332711 0 0)
(-780.327937460111 0 0)
(-762.424018620425 0 0)
(-745.548713137798 0 0)
(-729.530206234543 0 0)
(-714.282944651699 0 0)
(-699.747904589084 0 0)
(-685.868459835618 0 0)
(-672.592181747125 0 0)
(-659.857282954089 0 0)
(-647.626569530902 0 0)
(-635.882830731453 0 0)
(-624.612143808497 0 0)
(-613.757330559199 0 0)
(-603.283059806094 0 0)
(-593.166117365065 0 0)
(-583.387244578164 0 0)
(-573.92351360622 0 0)
(-564.75883406931 0 0)
(-555.873768490198 0 0)
(-547.254660422565 0 0)
(-538.884925468463 0 0)
(-530.75386221244 0 0)
(-522.847208561032 0 0)
(-515.154486651705 0 0)
(-507.663585059347 0 0)
(-500.366905328554 0 0)
(-493.253569236798 0 0)
(-486.316776227281 0 0)
(-479.546969525976 0 0)
(-472.938316972141 0 0)
(-466.482308279703 0 0)
(-460.173907968577 0 0)
(-454.005565007232 0 0)
(-447.972880408469 0 0)
(-442.068959668917 0 0)
(-436.290147846804 0 0)
(-430.630358726146 0 0)
(-425.085804596272 0 0)
(-419.651191699058 0 0)
(-414.324633497762 0 0)
(-409.099218753896 0 0)
(-403.972435599395 0 0)
(-398.940442706858 0 0)
(-394.000989563463 0 0)
(-389.149868758591 0 0)
(-384.385164955314 0 0)
(-379.703008292743 0 0)
(-375.101705514727 0 0)
(-370.577677445691 0 0)
(-366.129425084543 0 0)
(-361.753628525555 0 0)
(-357.44896049128 0 0)
(-353.212333213229 0 0)
(-349.04257143008 0 0)
(-344.936796130041 0 0)
(-340.893966834865 0 0)
(-336.911392677691 0 0)
(-332.988153172526 0 0)
(-329.121727606118 0 0)
(-325.311302478512 0 0)
(-321.554511210802 0 0)
(-317.850636037816 0 0)
(-314.197450403451 0 0)
(-310.594322391752 0 0)
(-307.039152902251 0 0)
(-303.531387201369 0 0)
(-300.069042567732 0 0)
(-296.651633539475 0 0)
(-293.277284097855 0 0)
(-289.945571056609 0 0)
(-286.654716187364 0 0)
(-283.404352643236 0 0)
(-280.192792053091 0 0)
(-277.019718414108 0 0)
(-273.883526043655 0 0)
(-270.783945199787 0 0)
(-267.719446411808 0 0)
(-264.689801639301 0 0)
(-261.693551943158 0 0)
(-258.730507238021 0 0)
(-255.799273880697 0 0)
(-252.899696141282 0 0)
(-250.03044094545 0 0)
(-247.191383937827 0 0)
(-244.381248281324 0 0)
(-241.599938164373 0 0)
(-238.846229297546 0 0)
(-236.120051556937 0 0)
(-233.420229598749 0 0)
(-230.746716896114 0 0)
(-228.098383766024 0 0)
(-225.475205173049 0 0)
(-222.876094143254 0 0)
(-220.301045077666 0 0)
(-217.749011057274 0 0)
(-215.220004341369 0 0)
(-212.713015639747 0 0)
(-210.228073265124 0 0)
(-207.76420318842 0 0)
(-205.3214485671 0 0)
(-202.898868614054 0 0)
(-200.496519803842 0 0)
(-198.113492750629 0 0)
(-195.749856101693 0 0)
(-193.404730053688 0 0)
(-191.078194167367 0 0)
(-188.769396833496 0 0)
(-186.478427339596 0 0)
(-184.20446088288 0 0)
(-181.94759534069 0 0)
(-179.707031543681 0 0)
(-177.482874767539 0 0)
(-175.274350674833 0 0)
(-173.081570542473 0 0)
(-170.903784270248 0 0)
(-168.741107709948 0 0)
(-166.592814755497 0 0)
(-164.45902402573 0 0)
(-162.339033828868 0 0)
(-160.232963288556 0 0)
(-158.140136011605 0 0)
(-156.060668733181 0 0)
(-153.993912207426 0 0)
(-151.939977119352 0 0)
(-149.898244130903 0 0)
(-147.868813152112 0 0)
(-145.851098934633 0 0)
(-143.845184551717 0 0)
(-141.850524413574 0 0)
(-139.867177122087 0 0)
(-137.894644149216 0 0)
(-135.932950204592 0 0)
(-133.981653018523 0 0)
(-132.040731667259 0 0)
(-130.109812118953 0 0)
(-128.188814155755 0 0)
(-126.277446358991 0 0)
(-124.375552436064 0 0)
(-122.482940580775 0 0)
(-120.599359136203 0 0)
(-118.724736371072 0 0)
(-116.858703265309 0 0)
(-115.001330474616 0 0)
(-113.152105544533 0 0)
(-111.311267313357 0 0)
(-109.478132889423 0 0)
(-107.653138984445 0 0)
(-105.835401642746 0 0)
(-104.025584354843 0 0)
(-102.222569303476 0 0)
(-100.427282137138 0 0)
(-98.6383378201411 0 0)
(-96.8569570083973 0 0)
(-95.081447166191 0 0)
(-93.3133602357574 0 0)
(-91.5506665064018 0 0)
(-89.7952842663021 0 0)
(-88.0448069044843 0 0)
(-86.3015504705092 0 0)
(-84.5627053026369 0 0)
(-82.8310339400703 0 0)
(-81.1032727114343 0 0)
(-79.3826715577491 0 0)
(-77.6654747445597 0 0)
(-75.9548271468257 0 0)
(-74.2494557301408 0 0)
(-72.5469786922514 0 0)
(-70.8513618308499 0 0)
(-69.1581501980321 0 0)
(-67.4717635653257 0 0)
(-65.7873633306205 0 0)
(-64.109671668584 0 0)
(-62.4334670432421 0 0)
(-60.7640049091428 0 0)
(-59.0955018530475 0 0)
(-57.4337538844909 0 0)
(-55.7725608215677 0 0)
(-54.1180627647276 0 0)
(-52.4636790890208 0 0)
(-50.8160234596216 0 0)
(-49.1680064230971 0 0)
(-47.5266983764032 0 0)
(-45.8846365479601 0 0)
(-44.2492443158189 0 0)
(-42.6126671754144 0 0)
(-40.9827564288449 0 0)
(-39.3512692800081 0 0)
(-37.7264444456829 0 0)
(-36.0996140857673 0 0)
(-34.479415475395 0 0)
(-32.8568339897817 0 0)
(-31.2408515843009 0 0)
(-29.6221168798876 0 0)
(-28.0099461238236 0 0)
(-26.3946673487464 0 0)
(-24.7858794390164 0 0)
(-23.1736569662875 0 0)
(-21.5678563025514 0 0)
(-19.9583021155937 0 0)
(-18.3550735763872 0 0)
(-16.747799872752 0 0)
(-15.1467635483614 0 0)
(-13.5413977804558 0 0)
(-11.9421282015475 0 0)
(-10.3382599335507 0 0)
(-8.74035678756242 0 0)
(-7.13763216792216 0 0)
(-5.54071778110892 0 0)
(-3.93875006720096 0 0)
(-2.34237580576521 0 0)
(-0.740852508314967 0 0)
(0.855298211285546 0 0)
(2.4568309125397 0 0)
(4.05321626377823 0 0)
(5.65519879973238 0 0)
(7.25210823548168 0 0)
(8.85484184558734 0 0)
(10.4527307668886 0 0)
(12.0566087544677 0 0)
(13.6558905783494 0 0)
(15.2612833069942 0 0)
(16.8623587553375 0 0)
(18.4696483122176 0 0)
(20.0728811296646 0 0)
(21.6824509307785 0 0)
(23.2882694085936 0 0)
(24.9005265418557 0 0)
(26.5093376503655 0 0)
(28.1246597476826 0 0)
(29.7368627301286 0 0)
(31.3556136375408 0 0)
(32.9716163581859 0 0)
(34.5942304707097 0 0)
(36.214466246516 0 0)
(37.8413365903312 0 0)
(39.4662105709582 0 0)
(41.0977437934672 0 0)
(42.7276676967498 0 0)
(44.364285971859 0 0)
(45.9997210632729 0 0)
(47.6418692978218 0 0)
(49.2832532244327 0 0)
(50.9312851268008 0 0)
(52.5789957322017 0 0)
(54.2334157045473 0 0)
(55.8879911067554 0 0)
(57.5492221968505 0 0)
(59.2110360768055 0 0)
(60.8795538821214 0 0)
(62.5490816618421 0 0)
(64.2253858931024 0 0)
(65.9031448918539 0 0)
(67.5876204533187 0 0)
(69.2740499636979 0 0)
(70.9672619134644 0 0)
(72.6628579866228 0 0)
(74.3653244719725 0 0)
(76.0706668190592 0 0)
(77.7816984767892 0 0)
(79.4991157702187 0 0)
(81.2198536511157 0 0)
(82.9477454316407 0 0)
(84.6795549862187 0 0)
(86.4185302069662 0 0)
(88.1619136290976 0 0)
(89.9125280814106 0 0)
(91.6680517693479 0 0)
(93.4308957007994 0 0)
(95.1991389447304 0 0)
(96.9748082022654 0 0)
(98.7563515543821 0 0)
(100.545459995225 0 0)
(102.340914317768 0 0)
(104.14409991418 0 0)
(105.954091070342 0 0)
(107.772006240489 0 0)
(109.597182163014 0 0)
(111.4305031551 0 0)
(113.271532620071 0 0)
(115.120952812753 0 0)
(116.978524498119 0 0)
(118.844759979202 0 0)
(120.719588559618 0 0)
(122.60337956794 0 0)
(124.496204841871 0 0)
(126.398316330084 0 0)
(128.309905919231 0 0)
(130.231130081169 0 0)
(132.162280103433 0 0)
(134.103436223508 0 0)
(136.054972404499 0 0)
(138.016909522854 0 0)
(139.989689827047 0 0)
(141.973288607064 0 0)
(143.968204488156 0 0)
(145.974378956231 0 0)
(147.992357705356 0 0)
(150.022057737651 0 0)
(152.064064318354 0 0)
(154.118277637787 0 0)
(156.185316937991 0 0)
(158.265071643744 0 0)
(160.358190899022 0 0)
(162.46455812921 0 0)
(164.58484970901 0 0)
(166.718946546455 0 0)
(168.867550412319 0 0)
(171.030542806669 0 0)
(173.208649842704 0 0)
(175.401755760115 0 0)
(177.610610609623 0 0)
(179.835103299504 0 0)
(182.07600810721 0 0)
(184.333219936099 0 0)
(186.60753795862 0 0)
(188.898864499607 0 0)
(191.20802424187 0 0)
(193.53492820226 0 0)
(195.880427874553 0 0)
(198.244443948764 0 0)
(200.627856154841 0 0)
(203.03059605847 0 0)
(205.453573055545 0 0)
(207.896730833662 0 0)
(210.361010139257 0 0)
(212.846368042634 0 0)
(215.353778603337 0 0)
(217.88321361195 0 0)
(220.435682346011 0 0)
(223.011172852616 0 0)
(225.610732006087 0 0)
(228.234365634844 0 0)
(230.883160752951 0 0)
(233.557142561132 0 0)
(236.257440863634 0 0)
(238.984102330842 0 0)
(241.738302390275 0 0)
(244.520111420974 0 0)
(247.330753651782 0 0)
(250.170325353204 0 0)
(253.040103264014 0 0)
(255.940211960437 0 0)
(258.87198474241 0 0)
(261.835577484313 0 0)
(264.832383970229 0 0)
(267.862594633627 0 0)
(270.927668463725 0 0)
(274.027833771086 0 0)
(277.164620179906 0 0)
(280.338297740821 0 0)
(283.550472311999 0 0)
(286.80146016062 0 0)
(290.092949883107 0 0)
(293.425308580126 0 0)
(296.800314674758 0 0)
(300.218391785315 0 0)
(303.681416029034 0 0)
(307.18987333134 0 0)
(310.745746487581 0 0)
(314.349590814504 0 0)
(318.003505396953 0 0)
(321.708122711472 0 0)
(325.465669615046 0 0)
(329.276864154718 0 0)
(333.144073217919 0 0)
(337.068110726309 0 0)
(341.051497690116 0 0)
(345.09515516348 0 0)
(349.201774161782 0 0)
(353.37239578406 0 0)
(357.609899310963 0 0)
(361.915460642803 0 0)
(366.292167775833 0 0)
(370.741348591739 0 0)
(375.26632346623 0 0)
(379.868591907059 0 0)
(384.551733480457 0 0)
(389.31744221034 0 0)
(394.169588074976 0 0)
(399.110087320443 0 0)
(404.143147340574 0 0)
(409.271019445875 0 0)
(414.497475587781 0 0)
(419.824991941252 0 0)
(425.260573286703 0 0)
(430.806109142141 0 0)
(436.466892651783 0 0)
(442.246711792259 0 0)
(448.151649431402 0 0)
(454.185364059141 0 0)
(460.354747064207 0 0)
(466.664197738937 0 0)
(473.12126451138 0 0)
(479.730984191832 0 0)
(486.501863022736 0 0)
(493.439731993789 0 0)
(500.554144828751 0 0)
(507.851901201927 0 0)
(515.343876452315 0 0)
(523.037634959744 0 0)
(530.945274466133 0 0)
(539.077301953456 0 0)
(547.447971385183 0 0)
(556.06797360052 0 0)
(564.953885664175 0 0)
(574.119350522249 0 0)
(583.583792284978 0 0)
(593.363284986895 0 0)
(603.480734642787 0 0)
(613.955404615975 0 0)
(624.810913794947 0 0)
(636.082271730598 0 0)
(647.827406511854 0 0)
(660.059514378538 0 0)
(672.795705741995 0 0)
(686.073128493366 0 0)
(699.953503562169 0 0)
(714.489187614185 0 0)
(729.736862347295 0 0)
(745.755257025871 0 0)
(762.630561147273 0 0)
(780.536031045041 0 0)
(799.553801530872 0 0)
(819.73799164118 0 0)
(841.182962877034 0 0)
(863.950948567669 0 0)
(888.177269399736 0 0)
(914.338149665999 0 0)
(942.885107308983 0 0)
(973.826612471414 0 0)
(1007.06496795191 0 0)
(1043.04343414351 0 0)
(1082.78570108522 0 0)
(1126.3533787883 0 0)
(1173.94256111101 0 0)
(1226.9391708151 0 0)
(1285.27533554917 0 0)
(1349.93982106669 0 0)
(1421.60901778918 0 0)
(1501.14057376481 0 0)
(1588.60020688238 0 0)
(1685.16061319971 0 0)
(1790.73474952056 0 0)
(1905.12191908361 0 0)
(2028.77986577789 0 0)
(2160.17277445827 0 0)
(2299.25304505291 0 0)
(2444.3570620903 0 0)
(2593.77391013784 0 0)
(2746.83565225139 0 0)
(2900.88536424515 0 0)
(3055.05253468065 0 0)
(3208.32653721996 0 0)
(3358.96590000416 0 0)
(3506.211450178 0 0)
(3648.86017662856 0 0)
(3787.15208124822 0 0)
(3920.91351374408 0 0)
(4051.52988788786 0 0)
(4167.66495753754 0 0)
(4335.97174709281 0 0)
)
;

boundaryField
{
    electrode
    {
        type            zeroGradient;
    }
    ground
    {
        type            zeroGradient;
    }
    otherfaces
    {
        type            empty;
    }
}


// ************************************************************************* //
