/*--------------------------------*- C++ -*----------------------------------*\
| =========                 |                                                 |
| \\      /  F ield         | foam-extend: Open Source CFD                    |
|  \\    /   O peration     | Version:     4.1                                |
|   \\  /    A nd           | Web:         http://www.foam-extend.org         |
|    \\/     M anipulation  |                                                 |
\*---------------------------------------------------------------------------*/
FoamFile
{
    version     2.0;
    format      ascii;
    class       volScalarField;
    location    "1.50009999935002e-05";
    object      Arp1Mean;
}
// * * * * * * * * * * * * * * * * * * * * * * * * * * * * * * * * * * * * * //

dimensions      [0 -3 0 0 0 0 0];

internalField   nonuniform List<scalar> 
500
(
2.04446081206382e+17
2.0730899846481e+17
2.09264509991444e+17
2.11352042846122e+17
2.13503679568886e+17
2.1565452275255e+17
2.17941935005599e+17
2.20275175776952e+17
2.22805381031095e+17
2.25436454342131e+17
2.28281506139816e+17
2.31220275507037e+17
2.3435919830915e+17
2.37563412815889e+17
2.40923058664843e+17
2.44294435131242e+17
2.47807462778148e+17
2.51397466668959e+17
2.55224149225248e+17
2.59243950833193e+17
2.63579236487888e+17
2.68088382267042e+17
2.72854587375073e+17
2.77712198185096e+17
2.82748013932725e+17
2.8789028590015e+17
2.93305007889789e+17
2.98953105641002e+17
3.04963720778887e+17
3.11170774616656e+17
3.17631497466534e+17
3.24201425820469e+17
3.31046834191251e+17
3.38097243449419e+17
3.45536021565295e+17
3.53188484426648e+17
3.61095716011699e+17
3.69118166746351e+17
3.77415030691649e+17
3.85915564625179e+17
3.9478574503479e+17
4.03830838015846e+17
4.13086889156482e+17
4.2245847319736e+17
4.32077096442021e+17
4.41870116724139e+17
4.51960506968353e+17
4.62142954338338e+17
4.72512567672342e+17
4.82960912569202e+17
4.93599002149813e+17
5.04335763631767e+17
5.15284504516686e+17
5.26267809080396e+17
5.37411286869775e+17
5.48584343652993e+17
5.59877041667569e+17
5.71162155112155e+17
5.82573550051572e+17
5.93983389790057e+17
6.05518653343877e+17
6.17059681423487e+17
6.28697321842035e+17
6.4028829563546e+17
6.51912574839053e+17
6.63444470745358e+17
6.75026780686527e+17
6.86563023327347e+17
6.98166730827625e+17
7.09723399920473e+17
7.2133793365701e+17
7.32888019957927e+17
7.44471869998265e+17
7.55964317427896e+17
7.67469483189818e+17
7.78883202083646e+17
7.90328797580205e+17
8.01694344687802e+17
8.13088784499834e+17
8.24395793659374e+17
8.35720968619864e+17
8.4694708707149e+17
8.58183843818851e+17
8.69324164247037e+17
8.80487780949444e+17
8.91562557417321e+17
9.02658992827598e+17
9.13664759860163e+17
9.24688686872659e+17
9.35617460856035e+17
9.46561200349138e+17
9.57407505678089e+17
9.68266769014293e+17
9.79026799786135e+17
9.89798027609639e+17
1.00046850507478e+18
1.01114903197108e+18
1.02172832195642e+18
1.03231732780287e+18
1.04280390035354e+18
1.05329699792117e+18
1.06368388430358e+18
1.0740771979078e+18
1.08437110221151e+18
1.09467798447936e+18
1.10488342371777e+18
1.11509666403728e+18
1.12520600245581e+18
1.13532153015067e+18
1.14533201211189e+18
1.15534760124209e+18
1.16525724630039e+18
1.17517108398204e+18
1.1849782085912e+18
1.1947886760668e+18
1.20449170770299e+18
1.21419727848212e+18
1.22379472602344e+18
1.23339392115531e+18
1.24288432731464e+18
1.25237570852585e+18
1.26175764528198e+18
1.27113978719432e+18
1.28041184295474e+18
1.28968333789968e+18
1.29884410479694e+18
1.30800354368339e+18
1.31705161710581e+18
1.32609758979946e+18
1.33503155934266e+18
1.34396265357604e+18
1.35278110756329e+18
1.36159590610274e+18
1.37029742866382e+18
1.37899451041623e+18
1.38757767712308e+18
1.39615560949808e+18
1.40461898431687e+18
1.41307632423536e+18
1.42141846710274e+18
1.42975377684838e+18
1.43797325938775e+18
1.44618511493545e+18
1.45428052240776e+18
1.46236751172718e+18
1.47033743925081e+18
1.47829815863515e+18
1.48614120919464e+18
1.49397426249457e+18
1.50168904675546e+18
1.50939304585649e+18
1.51697818324736e+18
1.52455174928323e+18
1.53200586920235e+18
1.53944763392892e+18
1.54676937737818e+18
1.55407798482262e+18
1.5612660059146e+18
1.568440113851e+18
1.57549308137707e+18
1.58253136286668e+18
1.58944796181325e+18
1.59634910672784e+18
1.60312803978093e+18
1.60989075625058e+18
1.61653074526465e+18
1.62315376110913e+18
1.62965354853879e+18
1.63613561263757e+18
1.64249396288572e+18
1.64883384651663e+18
1.65504954725489e+18
1.66124604542528e+18
1.66731790895317e+18
1.67336984145172e+18
1.67929670567462e+18
1.68520291835176e+18
1.69098364818224e+18
1.69674301418035e+18
1.7023765025765e+18
1.7079879234587e+18
1.7134730923284e+18
1.71893549926717e+18
1.72427130025561e+18
1.72958365532683e+18
1.7347690702562e+18
1.73993036837763e+18
1.74496440902272e+18
1.74997368010429e+18
1.7548553872615e+18
1.7597116994602e+18
1.76444014083033e+18
1.76914260516619e+18
1.77371687144633e+18
1.77826464821343e+18
1.78268384719959e+18
1.78707615460471e+18
1.79133940274398e+18
1.7955755280551e+18
1.7996819391877e+18
1.80376125267467e+18
1.80770992446216e+18
1.81163189538753e+18
1.81542189327274e+18
1.81918610832894e+18
1.82281644947895e+18
1.82642263130892e+18
1.82989226977812e+18
1.83334030086544e+18
1.83664812569324e+18
1.83993806300355e+18
1.84308271754743e+18
1.84621474507662e+18
1.84919493979542e+18
1.85216945985122e+18
1.85498374316176e+18
1.85780136746576e+18
1.86044823949565e+18
1.86310974282372e+18
1.86558762391634e+18
1.86809396821653e+18
1.87040133691831e+18
1.87275400591533e+18
1.87489060867207e+18
1.87709613530786e+18
1.87907222027352e+18
1.88104342053452e+18
1.88290741459272e+18
1.88472375457075e+18
1.88642118644877e+18
1.88807627178347e+18
1.88960794341532e+18
1.89110263798136e+18
1.8924684957343e+18
1.89380297242245e+18
1.89500271880114e+18
1.89617701057229e+18
1.89721035658673e+18
1.89822445080764e+18
1.89909115951824e+18
1.89994501190534e+18
1.90064490784582e+18
1.90133844348432e+18
1.90187141125861e+18
1.90240451444815e+18
1.9027704737647e+18
1.90314294178311e+18
1.90334177419492e+18
1.90355449971727e+18
1.90360031652161e+18
1.90360029564036e+18
1.90355444709095e+18
1.90334167590499e+18
1.90314281596445e+18
1.90277030091698e+18
1.90240431387874e+18
1.9018711639729e+18
1.90133816829678e+18
1.90064458624449e+18
1.89994466233214e+18
1.89909076379472e+18
1.89822402705244e+18
1.89720988700437e+18
1.8961765129031e+18
1.89500217567687e+18
1.89380240117144e+18
1.89246787934391e+18
1.89110199352737e+18
1.8896072542238e+18
1.88807555443782e+18
1.88642042471796e+18
1.88472296466941e+18
1.88290658074618e+18
1.88104255984329e+18
1.87907133136038e+18
1.87709518428667e+18
1.87488964383282e+18
1.87275298866514e+18
1.87040030072976e+18
1.86809288228252e+18
1.86558651620272e+18
1.86310858847193e+18
1.86044706101916e+18
1.8578001451856e+18
1.85498249492835e+18
1.85216817020266e+18
1.84919362277816e+18
1.84621338875654e+18
1.84308133277525e+18
1.83993664090601e+18
1.83664667431248e+18
1.83333881334958e+18
1.82989075273666e+18
1.82642107966465e+18
1.82281486794883e+18
1.81918449343249e+18
1.81542024846532e+18
1.8116302182633e+18
1.80770821754756e+18
1.80375951439272e+18
1.79968017142592e+18
1.79557372975596e+18
1.79133757538826e+18
1.78707429749417e+18
1.78268196154549e+18
1.77826273355264e+18
1.77371492882409e+18
1.76914063425931e+18
1.76443814261261e+18
1.75970967367982e+18
1.75485333484857e+18
1.74997160085454e+18
1.74496230385069e+18
1.73992823711102e+18
1.73476691379325e+18
1.72958147353401e+18
1.72426909402393e+18
1.71893326847445e+18
1.71347083787958e+18
1.70798564523957e+18
1.7023742014842e+18
1.69674069012883e+18
1.69098130207097e+18
1.68520055009117e+18
1.6792943161977e+18
1.67336743065655e+18
1.667315477786e+18
1.66124359378618e+18
1.65504707610403e+18
1.64883135576901e+18
1.64249145348625e+18
1.63613308452156e+18
1.62965100266171e+18
1.62315119740067e+18
1.61652816468929e+18
1.60988815874858e+18
1.60312542632172e+18
1.59634647725899e+18
1.58944531729964e+18
1.58252870326967e+18
1.57549040765576e+18
1.5684374259787e+18
1.56126330485955e+18
1.55407527056092e+18
1.54676665087438e+18
1.53944489516634e+18
1.53200311914798e+18
1.52454898792431e+18
1.51697541156065e+18
1.50939026382966e+18
1.50168625536174e+18
1.49397146172825e+18
1.48613840002652e+18
1.47829534107459e+18
1.47033461425477e+18
1.46236467930063e+18
1.45427768354464e+18
1.44618226961623e+18
1.43797040860811e+18
1.42975092058764e+18
1.42141560635685e+18
1.41307345899976e+18
1.40461611557587e+18
1.3961527372554e+18
1.38757480235501e+18
1.3789916331278e+18
1.37029454983842e+18
1.36159302574283e+18
1.3527782266496e+18
1.34395977209418e+18
1.33502867828986e+18
1.32609470915558e+18
1.31704873786474e+18
1.30800066583757e+18
1.29884122932448e+18
1.28968046479438e+18
1.28040897319331e+18
1.27113692075708e+18
1.26175478315624e+18
1.25237285069006e+18
1.2428814747442e+18
1.23339107383328e+18
1.22379188491468e+18
1.21419444357266e+18
1.20448887996383e+18
1.19478585547202e+18
1.18497539610107e+18
1.17516827957873e+18
1.16525445095012e+18
1.15534481490972e+18
1.14532923576444e+18
1.13531876376229e+18
1.12520324698534e+18
1.11509391946808e+18
1.10488069101775e+18
1.09467526367345e+18
1.08436839437961e+18
1.07407450323125e+18
1.06368120319019e+18
1.05329432997468e+18
1.04280124653648e+18
1.03231468826036e+18
1.02172569772533e+18
1.01114642300415e+18
1.00046591225202e+18
9.89795450852978e+17
9.79024240035693e+17
9.68264226240459e+17
9.57404980832075e+17
9.46558693389708e+17
9.35614972734373e+17
9.24686217554958e+17
9.13662310327986e+17
9.02656563122286e+17
8.91560148474244e+17
8.80485392652454e+17
8.69321797507125e+17
8.58181498386384e+17
8.46944763642127e+17
8.35718667135548e+17
8.24393515207211e+17
8.13086529204834e+17
8.01692113615561e+17
7.90326590731432e+17
7.78881020361232e+17
7.67467326347215e+17
7.55962185615199e+17
7.44469763347513e+17
7.3288593995442e+17
7.21335880847034e+17
7.09721375639514e+17
6.98164735244386e+17
6.86561057373505e+17
6.75024844174792e+17
6.63442564289129e+17
6.5191069727448e+17
6.40286447466303e+17
6.28695503685662e+17
6.17057895049088e+17
6.05516899313039e+17
5.93981669264203e+17
5.82571862719915e+17
5.71160501770522e+17
5.59875421167648e+17
5.48582756565282e+17
5.37409733317258e+17
5.26266290246631e+17
5.15283020116851e+17
5.04334314667279e+17
4.93597588858967e+17
4.82959534066982e+17
4.72511223204301e+17
4.62141644482065e+17
4.51959230892644e+17
4.41868875891629e+17
4.32075890630552e+17
4.22457301216414e+17
4.13085749817733e+17
4.03829731257785e+17
3.94784670428759e+17
3.85914522640747e+17
3.7741402014011e+17
3.69117186531289e+17
3.61094764847796e+17
3.53187562119596e+17
3.45535127288441e+17
3.38096376822835e+17
3.31045993587574e+17
3.24200610513884e+17
3.17630706173362e+17
3.11170007140094e+17
3.04962975631494e+17
2.98952382031261e+17
2.9330430419533e+17
2.87889602127811e+17
2.82747349253685e+17
2.77711552693281e+17
2.72853959932387e+17
2.68087771694884e+17
2.63578640589792e+17
2.59243368417225e+17
2.5522357791137e+17
2.51396907242127e+17
2.47806915363065e+17
2.44293900440855e+17
2.40922537656745e+17
2.37562904886075e+17
2.34358701450777e+17
2.31219788588198e+17
2.28281027361103e+17
2.25435982918202e+17
2.22804915558603e+17
2.20274715452927e+17
2.17941480175095e+17
2.15654074508626e+17
2.13503237998768e+17
2.11351609567334e+17
2.09264084673901e+17
2.07308580297305e+17
2.04445672351689e+17
)
;

boundaryField
{
    electrode
    {
        type            calculated;
        value           uniform 2.04446081206382e+17;
    }
    ground
    {
        type            calculated;
        value           uniform 2.04445672351689e+17;
    }
    otherfaces
    {
        type            empty;
    }
}


// ************************************************************************* //
