/*--------------------------------*- C++ -*----------------------------------*\
| =========                 |                                                 |
| \\      /  F ield         | foam-extend: Open Source CFD                    |
|  \\    /   O peration     | Version:     4.1                                |
|   \\  /    A nd           | Web:         http://www.foam-extend.org         |
|    \\/     M anipulation  |                                                 |
\*---------------------------------------------------------------------------*/
FoamFile
{
    version     2.0;
    format      ascii;
    class       volVectorField;
    location    "1.50009999935002e-05";
    object      currentDensity;
}
// * * * * * * * * * * * * * * * * * * * * * * * * * * * * * * * * * * * * * //

dimensions      [0 -2 0 0 0 1 0];

internalField   nonuniform List<vector> 
500
(
(-22.4339540497084 0 0)
(-25.190748595848 0 0)
(-28.7098678503337 0 0)
(-33.5395589175285 0 0)
(-40.0521017153391 0 0)
(-48.5401523795641 0 0)
(-59.4729044273274 0 0)
(-73.2492773629904 0 0)
(-90.4510203175375 0 0)
(-111.576621706992 0 0)
(-137.302392948889 0 0)
(-168.208352681139 0 0)
(-205.029606361182 0 0)
(-248.398021687399 0 0)
(-299.053939468119 0 0)
(-357.599723774431 0 0)
(-424.776565948897 0 0)
(-501.136413306224 0 0)
(-587.265089338049 0 0)
(-683.511122889991 0 0)
(-790.234026340649 0 0)
(-907.504297336544 0 0)
(-1035.37047835291 0 0)
(-1173.69751577657 0 0)
(-1322.13165096379 0 0)
(-1480.34101956823 0 0)
(-1647.57696779531 0 0)
(-1823.29027684096 0 0)
(-2006.26047269589 0 0)
(-2195.40728933558 0 0)
(-2389.56506672452 0 0)
(-2587.66120004423 0 0)
(-2788.66219348559 0 0)
(-2991.52176799354 0 0)
(-3194.57165953449 0 0)
(-3396.16644733969 0 0)
(-3595.43875295238 0 0)
(-3791.71392961185 0 0)
(-3984.03879632027 0 0)
(-4171.86578355179 0 0)
(-4353.71702026912 0 0)
(-4528.40996725395 0 0)
(-4696.03743241597 0 0)
(-4856.65458602688 0 0)
(-5010.13822854314 0 0)
(-5155.86374457927 0 0)
(-5292.91691005562 0 0)
(-5421.39992261094 0 0)
(-5542.05161193848 0 0)
(-5654.87363736979 0 0)
(-5760.31831953091 0 0)
(-5858.3839862312 0 0)
(-5948.59839778139 0 0)
(-6031.60611462561 0 0)
(-6108.04328987171 0 0)
(-6177.774822817 0 0)
(-6241.31422828126 0 0)
(-6299.46813725778 0 0)
(-6352.45066711722 0 0)
(-6400.45946150022 0 0)
(-6443.96239787526 0 0)
(-6482.77894483046 0 0)
(-6517.04958832109 0 0)
(-6547.00444549837 0 0)
(-6573.30270427541 0 0)
(-6597.03690183392 0 0)
(-6618.56633215062 0 0)
(-6637.52779248281 0 0)
(-6654.04108267582 0 0)
(-6668.22801666929 0 0)
(-6680.22531771624 0 0)
(-6690.12760707161 0 0)
(-6698.12094736596 0 0)
(-6704.48792152486 0 0)
(-6709.77934212299 0 0)
(-6714.25624622778 0 0)
(-6717.75880661609 0 0)
(-6720.20401468793 0 0)
(-6721.68152667041 0 0)
(-6722.23515540058 0 0)
(-6721.98681579737 0 0)
(-6721.10109434936 0 0)
(-6719.85146351535 0 0)
(-6718.37822456096 0 0)
(-6716.55010037087 0 0)
(-6714.26353425465 0 0)
(-6711.63861762903 0 0)
(-6708.661172557 0 0)
(-6705.38769607157 0 0)
(-6701.8810287767 0 0)
(-6698.19480920153 0 0)
(-6694.34018978472 0 0)
(-6690.35516457714 0 0)
(-6686.24583555752 0 0)
(-6682.048544491 0 0)
(-6677.77522417706 0 0)
(-6673.46449409379 0 0)
(-6669.10690046414 0 0)
(-6664.69070101007 0 0)
(-6660.16414845509 0 0)
(-6655.57639702661 0 0)
(-6651.06847847368 0 0)
(-6646.80340088001 0 0)
(-6642.60051278848 0 0)
(-6638.26111196883 0 0)
(-6633.84023988025 0 0)
(-6629.43562936185 0 0)
(-6625.04874760928 0 0)
(-6620.69609774442 0 0)
(-6616.36859017097 0 0)
(-6612.0805213457 0 0)
(-6607.82155677925 0 0)
(-6603.60671031486 0 0)
(-6599.42397712183 0 0)
(-6595.28654048552 0 0)
(-6591.18459148514 0 0)
(-6587.12920830755 0 0)
(-6583.1110796045 0 0)
(-6579.14062432251 0 0)
(-6575.20845337826 0 0)
(-6571.32505585806 0 0)
(-6567.47877720986 0 0)
(-6563.68334611011 0 0)
(-6559.92517100002 0 0)
(-6556.21706261507 0 0)
(-6552.54620735991 0 0)
(-6548.92552961457 0 0)
(-6545.34181862285 0 0)
(-6541.80788036179 0 0)
(-6538.31074825867 0 0)
(-6534.86226414339 0 0)
(-6531.45100075939 0 0)
(-6528.08718083242 0 0)
(-6524.75998691817 0 0)
(-6521.47993667782 0 0)
(-6518.23634703775 0 0)
(-6515.03779984563 0 0)
(-6511.87614468195 0 0)
(-6508.75917745432 0 0)
(-6505.6774378904 0 0)
(-6502.64030436339 0 0)
(-6499.63765332031 0 0)
(-6496.67882570044 0 0)
(-6493.75388331366 0 0)
(-6490.87212797206 0 0)
(-6488.02323327643 0 0)
(-6485.21743675278 0 0)
(-6482.44311249113 0 0)
(-6479.71141268912 0 0)
(-6477.01116074407 0 0)
(-6474.3524141812 0 0)
(-6471.72431449031 0 0)
(-6469.13716421179 0 0)
(-6466.58091186885 0 0)
(-6464.06364386646 0 0)
(-6461.57716965408 0 0)
(-6459.12954809899 0 0)
(-6456.71165233496 0 0)
(-6454.33220958693 0 0)
(-6451.98156558892 0 0)
(-6449.66889903473 0 0)
(-6447.38516388716 0 0)
(-6445.13815984419 0 0)
(-6442.92002391368 0 0)
(-6440.73809949865 0 0)
(-6438.58377130807 0 0)
(-6436.465777443 0 0)
(-6434.37509025677 0 0)
(-6432.31966452298 0 0)
(-6430.29156271672 0 0)
(-6428.29795005769 0 0)
(-6426.33155439495 0 0)
(-6424.39910402167 0 0)
(-6422.4931720656 0 0)
(-6420.62041398462 0 0)
(-6418.77488838208 0 0)
(-6416.96116462862 0 0)
(-6415.17432286704 0 0)
(-6413.41973873643 0 0)
(-6411.69009285978 0 0)
(-6409.99377620432 0 0)
(-6408.32178699372 0 0)
(-6406.68203207746 0 0)
(-6405.06683273181 0 0)
(-6403.48335323897 0 0)
(-6401.92369958697 0 0)
(-6400.39582879904 0 0)
(-6398.89179468041 0 0)
(-6397.41835540234 0 0)
(-6395.96954281412 0 0)
(-6394.54951381749 0 0)
(-6393.15521156314 0 0)
(-6391.78881757523 0 0)
(-6390.44797350874 0 0)
(-6389.13360716664 0 0)
(-6387.84675949311 0 0)
(-6386.58394909342 0 0)
(-6385.35067461411 0 0)
(-6384.13768715145 0 0)
(-6382.95855945117 0 0)
(-6381.79412553365 0 0)
(-6380.66953635606 0 0)
(-6379.55182705659 0 0)
(-6378.48229922213 0 0)
(-6377.4102142449 0 0)
(-6376.39630293783 0 0)
(-6375.36803303333 0 0)
(-6374.41078969287 0 0)
(-6373.42402147484 0 0)
(-6372.52481546856 0 0)
(-6371.57740873019 0 0)
(-6370.73736628297 0 0)
(-6369.82791262423 0 0)
(-6369.04772378367 0 0)
(-6368.17440056721 0 0)
(-6367.45437778648 0 0)
(-6366.61715426658 0 0)
(-6365.9572424515 0 0)
(-6365.15510231166 0 0)
(-6364.5560116081 0 0)
(-6363.79227718222 0 0)
(-6363.26710035818 0 0)
(-6362.6015052944 0 0)
(-6362.34672857175 0 0)
(-6361.48421484663 0 0)
(-6359.84649534335 0 0)
(-6360.3191419888 0 0)
(-6359.87522111855 0 0)
(-6359.35257084605 0 0)
(-6358.89381675249 0 0)
(-6358.43713977471 0 0)
(-6358.04026025003 0 0)
(-6357.63394552418 0 0)
(-6357.28698309161 0 0)
(-6356.9236231714 0 0)
(-6356.62336690536 0 0)
(-6356.30503688812 0 0)
(-6356.05162362235 0 0)
(-6355.77585487215 0 0)
(-6355.56776038027 0 0)
(-6355.33672703248 0 0)
(-6355.17300689873 0 0)
(-6354.98650472082 0 0)
(-6354.86807208766 0 0)
(-6354.72505862222 0 0)
(-6354.65007150665 0 0)
(-6354.54953593715 0 0)
(-6354.54027707446 0 0)
(-6354.67040540588 0 0)
(-6353.95939891202 0 0)
(-6354.95115061794 0 0)
(-6354.28647854592 0 0)
(-6354.56255184627 0 0)
(-6354.69191348282 0 0)
(-6354.77150739663 0 0)
(-6354.92050742424 0 0)
(-6355.04633109866 0 0)
(-6355.24278660612 0 0)
(-6355.41382162563 0 0)
(-6355.6549000029 0 0)
(-6355.87216813082 0 0)
(-6356.15834654284 0 0)
(-6356.42208148949 0 0)
(-6356.75255299131 0 0)
(-6357.06397608189 0 0)
(-6357.43891017295 0 0)
(-6357.79649455681 0 0)
(-6358.21517748485 0 0)
(-6358.62074879494 0 0)
(-6359.08167128414 0 0)
(-6359.52906107645 0 0)
(-6360.01979756346 0 0)
(-6360.49268548842 0 0)
(-6361.09130296875 0 0)
(-6362.65411143444 0 0)
(-6362.15119027871 0 0)
(-6362.47139612783 0 0)
(-6363.44609962927 0 0)
(-6364.05738505899 0 0)
(-6364.85610444359 0 0)
(-6365.46469303724 0 0)
(-6366.28422269219 0 0)
(-6366.95036543586 0 0)
(-6367.80513639711 0 0)
(-6368.53258849846 0 0)
(-6369.42416100123 0 0)
(-6370.21310588201 0 0)
(-6371.14277519163 0 0)
(-6371.99244019681 0 0)
(-6372.96129523898 0 0)
(-6373.87260093452 0 0)
(-6374.88188838338 0 0)
(-6375.85277622535 0 0)
(-6376.90518499993 0 0)
(-6377.9351812844 0 0)
(-6379.03202634985 0 0)
(-6380.12080583951 0 0)
(-6381.26366650539 0 0)
(-6382.41023147223 0 0)
(-6383.60185402394 0 0)
(-6384.80531412022 0 0)
(-6386.04718667791 0 0)
(-6387.30693882551 0 0)
(-6388.60040354603 0 0)
(-6389.91700328059 0 0)
(-6391.26362984834 0 0)
(-6392.63646495677 0 0)
(-6394.03726513353 0 0)
(-6395.4674982384 0 0)
(-6396.92394277502 0 0)
(-6398.41032462322 0 0)
(-6399.92382019797 0 0)
(-6401.46797347559 0 0)
(-6403.03856039726 0 0)
(-6404.6412717309 0 0)
(-6406.27049513551 0 0)
(-6407.93182475685 0 0)
(-6409.6200606587 0 0)
(-6411.34193084382 0 0)
(-6413.09006879177 0 0)
(-6414.87235412263 0 0)
(-6416.68197200576 0 0)
(-6418.52571912471 0 0)
(-6420.39711294639 0 0)
(-6422.30386674426 0 0)
(-6424.23787346615 0 0)
(-6426.20845616798 0 0)
(-6428.20671705702 0 0)
(-6430.24126675395 0 0)
(-6432.30491976513 0 0)
(-6434.40463019294 0 0)
(-6436.53446413976 0 0)
(-6438.70125920534 0 0)
(-6440.89749922401 0 0)
(-6443.13301261712 0 0)
(-6445.39751715211 0 0)
(-6447.70153027886 0 0)
(-6450.03600312246 0 0)
(-6452.41035321144 0 0)
(-6454.81542206112 0 0)
(-6457.26097826203 0 0)
(-6459.73815762541 0 0)
(-6462.25714283296 0 0)
(-6464.80752203497 0 0)
(-6467.40044991251 0 0)
(-6470.0260449955 0 0)
(-6472.6942533803 0 0)
(-6475.39617741832 0 0)
(-6478.14137327132 0 0)
(-6480.92082087021 0 0)
(-6483.74455945435 0 0)
(-6486.60341996445 0 0)
(-6489.5074351847 0 0)
(-6492.44685101406 0 0)
(-6495.43260544226 0 0)
(-6498.45463219191 0 0)
(-6501.52377901273 0 0)
(-6504.6299511385 0 0)
(-6507.78414191137 0 0)
(-6510.97623588802 0 0)
(-6514.21678742598 0 0)
(-6517.49649205049 0 0)
(-6520.82626681544 0 0)
(-6524.19519577194 0 0)
(-6527.61416182468 0 0)
(-6531.07445770549 0 0)
(-6534.58588897523 0 0)
(-6538.13831473255 0 0)
(-6541.74364900411 0 0)
(-6545.39039511581 0 0)
(-6549.09055549512 0 0)
(-6552.83379831123 0 0)
(-6556.6305811781 0 0)
(-6560.47104963694 0 0)
(-6564.36618468301 0 0)
(-6568.30477021544 0 0)
(-6572.29936167496 0 0)
(-6576.33769920663 0 0)
(-6580.43206523095 0 0)
(-6584.56990579615 0 0)
(-6588.76499891478 0 0)
(-6593.0033826226 0 0)
(-6597.29813797164 0 0)
(-6601.63587761137 0 0)
(-6606.02932055495 0 0)
(-6610.46509421357 0 0)
(-6614.95529013867 0 0)
(-6619.48661990096 0 0)
(-6624.07052009665 0 0)
(-6628.69233521085 0 0)
(-6633.3646031921 0 0)
(-6638.07117580411 0 0)
(-6642.8243967175 0 0)
(-6647.60747704065 0 0)
(-6652.43332210516 0 0)
(-6657.29462485859 0 0)
(-6662.28355395352 0 0)
(-6667.44412358487 0 0)
(-6672.56822492645 0 0)
(-6677.46162769587 0 0)
(-6682.27394659621 0 0)
(-6687.13180077037 0 0)
(-6692.06481457872 0 0)
(-6697.00439793916 0 0)
(-6701.91364818351 0 0)
(-6706.75802441532 0 0)
(-6711.54693017151 0 0)
(-6716.25997370063 0 0)
(-6720.8965843966 0 0)
(-6725.41998965946 0 0)
(-6729.82231796866 0 0)
(-6734.06219736068 0 0)
(-6738.13474479908 0 0)
(-6742.0361863284 0 0)
(-6745.74999538367 0 0)
(-6749.17985311234 0 0)
(-6752.35416476753 0 0)
(-6755.06403066086 0 0)
(-6757.06600400181 0 0)
(-6758.37076577446 0 0)
(-6759.114678059 0 0)
(-6759.30651790337 0 0)
(-6758.89645665798 0 0)
(-6757.73930174576 0 0)
(-6755.7161120312 0 0)
(-6752.51301619624 0 0)
(-6747.71587800654 0 0)
(-6741.30686387464 0 0)
(-6733.54172171986 0 0)
(-6724.37444913927 0 0)
(-6713.63781357487 0 0)
(-6701.03900076439 0 0)
(-6686.30301264461 0 0)
(-6669.10179608382 0 0)
(-6649.0799238999 0 0)
(-6625.36034588462 0 0)
(-6597.75996118513 0 0)
(-6566.80220322181 0 0)
(-6532.54842572299 0 0)
(-6494.60271669423 0 0)
(-6452.45538931455 0 0)
(-6405.25976930507 0 0)
(-6352.80425648546 0 0)
(-6294.58736139333 0 0)
(-6230.13004461794 0 0)
(-6159.61954311106 0 0)
(-6082.82145297884 0 0)
(-5999.01221806596 0 0)
(-5908.25053347044 0 0)
(-5810.65670300706 0 0)
(-5705.31539058206 0 0)
(-5591.87679610773 0 0)
(-5470.55171934189 0 0)
(-5341.2276174115 0 0)
(-5204.66918088079 0 0)
(-5061.15493862979 0 0)
(-4910.03450241255 0 0)
(-4751.51197309017 0 0)
(-4586.03902240199 0 0)
(-4414.59113751063 0 0)
(-4238.44134908202 0 0)
(-4057.77721377422 0 0)
(-3872.84369951332 0 0)
(-3684.50530275965 0 0)
(-3493.89384926993 0 0)
(-3302.29906801817 0 0)
(-3111.08996436564 0 0)
(-2920.74483293913 0 0)
(-2732.02067724174 0 0)
(-2545.90301239498 0 0)
(-2363.50078908486 0 0)
(-2186.01458150305 0 0)
(-2014.07371041169 0 0)
(-1848.34520264618 0 0)
(-1689.35557127576 0 0)
(-1537.5498436696 0 0)
(-1393.53192566758 0 0)
(-1257.63879510036 0 0)
(-1130.15179475989 0 0)
(-1011.16477244215 0 0)
(-900.737558272789 0 0)
(-798.752187829553 0 0)
(-705.033795912516 0 0)
(-619.422145465203 0 0)
(-541.691890506933 0 0)
(-471.46747117414 0 0)
(-408.451554483747 0 0)
(-352.169404176996 0 0)
(-302.242593151589 0 0)
(-258.159523053149 0 0)
(-219.520753690222 0 0)
(-185.79999759639 0 0)
(-156.617716761583 0 0)
(-131.464775810416 0 0)
(-109.994816215488 0 0)
(-91.7368866122042 0 0)
(-76.3815993366718 0 0)
(-63.5102103692489 0 0)
(-52.8500662878127 0 0)
(-44.339887128083 0 0)
)
;

boundaryField
{
    electrode
    {
        type            calculated;
        value           uniform (-30.814597794799 0 0);
    }
    ground
    {
        type            calculated;
        value           uniform (-31.3696867645764 0 0);
    }
    otherfaces
    {
        type            empty;
    }
}


// ************************************************************************* //
