/*--------------------------------*- C++ -*----------------------------------*\
| =========                 |                                                 |
| \\      /  F ield         | foam-extend: Open Source CFD                    |
|  \\    /   O peration     | Version:     4.1                                |
|   \\  /    A nd           | Web:         http://www.foam-extend.org         |
|    \\/     M anipulation  |                                                 |
\*---------------------------------------------------------------------------*/
FoamFile
{
    version     2.0;
    format      ascii;
    class       volScalarField;
    location    "1.50009999935002e-05";
    object      diffusionAr2p;
}
// * * * * * * * * * * * * * * * * * * * * * * * * * * * * * * * * * * * * * //

dimensions      [0 2 -1 0 0 0 0];

internalField   nonuniform List<scalar> 
500
(
0.00042772435152554
0.000431360326611903
0.000435038284064503
0.000438749994568061
0.00044249619747512
0.000446275831975509
0.000450088223008206
0.000454893146613613
0.000460616635391489
0.000466387635606807
0.000472206211551093
0.000478071463142987
0.00048398178309435
0.000489934085411951
0.000495924030417809
0.000501945381833939
0.000507990746134892
0.000514052697649458
0.00052271427700296
0.000531664911055705
0.000540610723244026
0.000549540430405177
0.000558440306298435
0.000567293249377981
0.000576080036477651
0.000584781830180436
0.0005969572307216
0.000609423486124724
0.000621701881689951
0.000633770751173142
0.000645604120797943
0.000657175052415114
0.000669540948746726
0.000685607979625929
0.000701218862130772
0.000716358873501886
0.000731005833162926
0.000745137431954499
0.000759730836774688
0.000778719467453193
0.000796941035939381
0.000814400171223097
0.000831090251277201
0.000847009283064399
0.000864161104855593
0.000884895314746536
0.00090460741796298
0.000923324481237214
0.000941066434942186
0.000957861953098327
0.000975544244267512
0.000996784235590603
0.00101686331483535
0.00103583452251041
0.00105374755596509
0.00107065674153855
0.00108660920491908
0.00110564618282486
0.00112517473373562
0.00114359425582923
0.00116098009877373
0.00117740992673207
0.00119294905989431
0.00120764661698602
0.0012220405894937
0.00123926994686481
0.00125552374462597
0.00127087694669608
0.00128540297399741
0.00129916997554712
0.00131223838537931
0.00132465925096534
0.00133647204730194
0.0013477060913248
0.00136002846229356
0.00137223510851618
0.00138385528744198
0.00139493490322027
0.00140551433092915
0.00141562738791108
0.00142530107660685
0.00143455648463685
0.00144341238512658
0.00145189102294389
0.00146002120069228
0.00146783133522607
0.00147521251670085
0.00148224060911685
0.00148902027907781
0.00149556669938378
0.00150189349983819
0.00150801315299701
0.00151393697416876
0.00151967563574668
0.00152523852429353
0.00153063464062288
0.00153587221405003
0.00154095947389025
0.00154590413512662
0.00155071249832865
0.00155538906390313
0.00155993627492804
0.00156365193936042
0.00156709950813092
0.00157045951184351
0.00157374146564398
0.00157694896985777
0.001580084853312
0.00158315220199991
0.00158615333041642
0.00158909106738865
0.00159196772741154
0.00159478549639694
0.00159754656025674
0.00160025323348586
0.00160290718766395
0.0016055103515368
0.00160806478243321
0.00161057176618371
0.00161303323153406
0.00161545059289783
0.00161782539327163
0.00162015917565208
0.00162245296870358
0.00162470831542276
0.00162692650164012
0.00162910855602007
0.00163125563581008
0.00163336889825761
0.00163544937202707
0.00163749808578286
0.00163951606818941
0.001641504090745
0.00164346305353101
0.0016453938566288
0.00164729740011971
0.00164917445550207
0.00165102566569112
0.00165285180218518
0.00165465363648254
0.00165643181149848
0.00165818697014824
0.00165991988393012
0.0016616309385933
0.00166332077705301
0.00166499004222453
0.00166663924844004
0.00166826891003177
0.0016698795413319
0.00167147165667266
0.00167304577038623
0.00167460226822179
0.00167614153592847
0.00167766421642154
0.00167917043828405
0.00168066084443126
0.00168213582061231
0.00168359562399331
0.00168504064032342
0.00168647125535179
0.00168788785482757
0.00168929069591686
0.00169068016436882
0.00169205664593261
0.00169342014060821
0.0016947712913109
0.00169611022662371
0.00169743733229581
0.00169875273691025
0.00170005669763312
0.00170134960021358
0.00170263170181774
0.00170390313102864
0.00170516414501239
0.00170641500093509
0.00170765595596284
0.00170888726726174
0.00171010906341486
0.00171132147300523
0.00171252488178201
0.0017137192897452
0.00171490508264396
0.00171608238906134
0.00171725133758038
0.00171841205678415
0.00171956480383873
0.00172070983591024
0.00172184715299867
0.00172297701227013
0.00172409954230767
0.00172521500027739
0.00172632325759623
0.00172742482859641
0.00172851958469488
0.00172960765447468
0.00173068942368496
0.00173176489232574
0.001732834060397
0.00173389718506485
0.00173495439491235
0.00173600594710559
0.00173705171306152
0.0017380918213632
0.00173912665775977
0.00174015609366819
0.00174118025767151
0.00174219940693583
0.0017432134128781
0.00174422266124748
0.0017452270234609
0.00174622688526753
0.00174722186091822
0.00174821259332821
0.00174919869674835
0.00175018081409391
0.00175115843103267
0.0017521321904799
0.00175310157810338
0.00175406749398448
0.00175502903804183
0.0017559873675229
0.00175694158234634
0.00175789296834264
0.00175884113976266
0.00175979008268099
0.00176073658252135
0.00176166880964302
0.00176259795077145
0.00176352464882191
0.0017644486466283
0.00176536994419061
0.00176628841292579
0.00176720443858299
0.00176811789257918
0.00176902903208043
0.00176993772850372
0.00177084436759818
0.00177174869219773
0.00177265121663455
0.0017735518123256
0.00177445060785394
0.00177534773180261
0.00177624331275467
0.00177713722212706
0.00177802997425199
0.0017789211833803
0.00177981123526115
0.00178070000131149
0.00178158812444657
0.00178247714766301
0.00178335974172689
0.00178424722194672
0.00178513213050552
0.00178601601039991
0.00178689976171125
0.00178778287010733
0.00178866584992036
0.00178954857256729
0.00179043129521422
0.00179131376069505
0.00179219635475893
0.00179307907740586
0.00179396205721889
0.00179484542278107
0.00179572930267546
0.00179661356831901
0.00179749860546086
0.00179838415693492
0.00179927086565644
0.00180807919041719
0.00181244407067541
0.00179941822183318
0.00179852752703708
0.00179763644649182
0.00179674382294994
0.00179583872685209
0.00179493285925593
0.0017940295633208
0.00179312498155516
0.00179221924254205
0.00179131118903402
0.00179040172111243
0.00178948968152981
0.00178857597036753
0.00178765968754422
0.00178674160455819
0.00178582082132809
0.00178489785218611
0.00178397218280006
0.00178304432750214
0.00178211351479404
0.00178118013042491
0.0017802437886456
0.00177930474662222
0.00177836261860561
0.00177741753317881
0.00177646923317574
0.00177551771859638
0.0017745628608577
0.00177360453137662
0.00177264273015317
0.00177167720002122
0.00177070806956384
0.00176973508161493
0.00176875823617447
0.00176777727607638
0.00176679220132064
0.00176580288332421
0.00176480932208709
0.00176381113186013
0.00176280844122637
0.00176180112160277
0.00176078891582321
0.00175977169530466
0.00175874958863016
0.00175772208146751
0.00175668943098281
0.0017556512514269
0.00175460741421673
0.00175355791935232
0.00175250250966754
0.00175144105657935
0.0017503734315047
0.00174929950586054
0.00174821902248077
0.00174713185278233
0.00174603799676523
0.0017449370686803
0.00174382893994451
0.00174271348197479
0.00174159043760505
0.00174045967825223
0.00173932107533328
0.00173817424309906
0.00173701918154955
0.00173585550493561
0.00173468308467418
0.00173350153501611
0.00173231098454446
0.00173111079034396
0.00172990095241461
0.00172868108500727
0.00172745105953887
0.00172621061884332
0.00172495924858842
0.00172369682019111
0.00172242307648528
0.00172113776030485
0.00171984035731759
0.00171853061035741
0.00171720826225821
0.00171587279868778
0.00171452409106307
0.00171316162505187
0.00171178501490504
0.00171039387487341
0.00170898769062478
0.00170756620499305
0.00170612903222907
0.00170467540083453
0.00170320505364332
0.0017017173477402
0.00170021189737599
0.00169868805963546
0.00169714544876944
0.00169558329327963
0.00169400095025077
0.00169239803393371
0.00169077364424709
0.0016891272668587
0.00168745800168719
0.00168576533440035
0.00168404823633377
0.00168230606457219
0.00168053791903425
0.0016787428996386
0.00167692010630388
0.00167506863894872
0.00167318734032568
0.00167127518177032
0.00166933113461826
0.00166735404162202
0.00166534248836804
0.00166329531760886
0.00166121124351397
0.00165908872308675
0.00165692634191364
0.00165472242841497
0.00165247543959413
0.00165018357528839
0.00164784503533505
0.00164545789098833
0.00164301995633636
0.00164052917405032
0.00163798322963528
0.00163537955143023
0.00163271556777414
0.00162998613534495
0.00162718341057654
0.00162430019281805
0.00162133339607622
0.00161828147735447
0.0016151419935748
0.00161191044433042
0.00160858117196709
0.00160514851883054
0.00160160644151736
0.00159794889662415
0.00159416868350003
0.00159025847291108
0.00158620977837592
0.00158201359908097
0.00157765964838211
0.00157313673955388
0.00156843149995897
0.00156352309914306
0.00155779240971431
0.00155109014675021
0.00154406385449693
0.00153669270250015
0.00152895958921406
0.00152084471284878
0.00151232287112623
0.00150336204686668
0.00149392353657167
0.00148396323625464
0.00147343691334594
0.00146205538456328
0.0014499489045376
0.00143716209158767
0.00142364685565233
0.00140934224836528
0.00139417484880425
0.00137806262098253
0.00136091645684559
0.00134392729261424
0.00132774035803974
0.00131052771646529
0.00129224564965349
0.00127282870883122
0.00125218945752364
0.00123022464354057
0.0012099679268105
0.00119101427072193
0.00117082544584293
0.00114933934655972
0.00112648988118395
0.00110220118571538
0.00108041600225493
0.0010605348766176
0.00103943549086107
0.00101705528933089
0.000993345410467591
0.000968599216502626
0.000949880417357199
0.000930144912025426
0.000909351682513952
0.000887468968809117
0.000864481983860023
0.000845638716320973
0.000828127247735392
0.000809850967160892
0.000790801773865242
0.000770984361129813
0.000752330496425275
0.000737683086723555
0.000722563777223695
0.000706986519186757
0.00069096532816533
0.000674522963359486
0.000660359926011879
0.00064861322136363
0.000636651525853667
0.00062449560564477
0.000612162883740384
0.000599672519015148
0.000587047785001341
0.000577971107412595
0.000569250283418223
0.000560491334549151
0.000551707633442711
0.000542910045366734
0.000534107635426335
0.000525309629455442
0.000516526410535444
0.000509981340351515
0.000504063112542499
0.000498176194706466
0.000492325280124787
0.000486513486936456
0.000480742904616054
0.000475014593973756
0.000469328908612952
0.000463685977116693
0.000458086506691761
0.000452531526002567
0.000448601738644065
0.000444902532842243
0.000441235183491372
0.000437608080635546
)
;

boundaryField
{
    electrode
    {
        type            zeroGradient;
    }
    ground
    {
        type            zeroGradient;
    }
    otherfaces
    {
        type            empty;
    }
}


// ************************************************************************* //
