/*--------------------------------*- C++ -*----------------------------------*\
| =========                 |                                                 |
| \\      /  F ield         | foam-extend: Open Source CFD                    |
|  \\    /   O peration     | Version:     4.1                                |
|   \\  /    A nd           | Web:         http://www.foam-extend.org         |
|    \\/     M anipulation  |                                                 |
\*---------------------------------------------------------------------------*/
FoamFile
{
    version     2.0;
    format      ascii;
    class       volScalarField;
    location    "1.50009999935002e-05";
    object      EPotential;
}
// * * * * * * * * * * * * * * * * * * * * * * * * * * * * * * * * * * * * * //

dimensions      [1 2 -3 0 0 -1 0];

internalField   nonuniform List<scalar> 
500
(
0.470755339817847
1.39609978077316
2.30505020885098
3.19745817875266
4.07316931289413
4.93202893217754
5.77389181513872
6.59860906830927
7.40603972230509
8.1960368336363
8.96845816544286
9.72315655558912
10.4599945206196
11.1788352831079
11.8795590997196
12.5620561069109
13.2262438665514
13.8720572521089
14.4994590086271
15.1084269410809
15.6989626862155
16.2710822416591
16.8248333440617
17.3602891654699
17.8775672934845
18.3768205529116
18.8582439018913
19.3220582022303
19.768515091919
20.1978875407952
20.6104883333814
21.0066632367105
21.3868009764454
21.7513113141079
22.1006288623814
22.4351924908738
22.7554654618412
23.0619291871274
23.3550900142531
23.6354567780319
23.9035428133165
24.1598472929964
24.4048775220823
24.6391414727878
24.8631492864468
25.077395677663
25.2823620103804
25.4785056922212
25.6662833951018
25.8461342162595
26.018488553448
26.183754128954
26.3423212441593
26.4945536204756
26.6408071857799
26.7814132849111
26.9166926602804
27.0469459677383
27.1724652307991
27.293517266964
27.4103583029496
27.5232195846029
27.6323207626872
27.7378621909767
27.840040437435
27.9390405845419
28.0350468752348
28.1282248494185
28.2187319528118
28.3067073425849
28.3922840383545
28.4755794947489
28.5567084719069
28.6357741768106
28.712880883953
28.7881233760905
28.8615954687449
28.9333782190356
29.0035516812617
29.0721848931564
29.1393477977374
29.2051013974719
29.2695093549451
29.3326270679415
29.3945115101427
29.4552095505276
29.5147697003266
29.5732316524455
29.630637429721
29.6870212203284
29.742420412862
29.7968650184137
29.8503885864152
29.903017612953
29.9547824212104
30.0057065747843
30.0558176902694
30.1051367778902
30.1536889479316
30.2014928259631
30.248571523886
30.2949423918259
30.3406277534118
30.3856435662778
30.4300091329591
30.4737370929829
30.5168446867087
30.5593432545713
30.6012488809468
30.6425718307599
30.6833271599649
30.7235241668603
30.7631769800053
30.802294025596
30.8408885938356
30.8789683222851
30.9165457411115
30.9536277729217
30.9902262573362
31.0263474673815
31.0620026138781
31.0971973785372
31.1319423983136
31.1662428151621
31.2001087412907
31.2335448253841
31.2665606988274
31.2991605583622
31.3313535938099
31.3631435872446
31.3945393223785
31.4255442000964
31.4561666298471
31.4864096614489
31.5162813588349
31.5457844480274
31.5749266735427
31.6037104622697
31.6321432626734
31.6602272249196
31.6879695229864
31.7153720505168
31.7424417263759
31.7691802062063
31.7955941715597
31.821685056868
31.8474593224299
31.8729181969667
31.8980679343669
31.9229095714649
31.9474491693092
31.9716875858701
31.9956307016226
32.0192792073995
32.0426388145889
32.0657100578027
32.0884984897168
32.1110044985576
32.1332334879723
32.1551857091335
32.1768664254743
32.1982757594308
32.2194188423913
32.2402956759147
32.2609112669286
32.2812655034099
32.3013632747965
32.3212043619999
32.3407935434345
32.3601304992915
32.3792199029108
32.3980613393864
32.4166593824887
32.4350135277052
32.4531282544837
32.4710029735072
32.4886420745379
32.5060448882368
32.5232157190716
32.5401538220183
32.5568634204653
32.5733436974827
32.5895987992087
32.6056278407671
32.6214348946453
32.6370190113026
32.6523841930897
32.6675294287847
32.6824586540238
32.697170798605
32.7116697350702
32.7259543359523
32.7400284147248
32.7538907877677
32.7675452143049
32.7809904539195
32.7942302177263
32.8072632062185
32.8200930905197
32.8327185070579
32.8451430975702
32.8573654262864
32.8693891197308
32.8812126574675
32.8928396692843
32.9042685327231
32.9155029043822
32.9265410369289
32.9373866428835
32.9480378211222
32.9584983751031
32.968766214931
32.9788452758365
32.9887332382605
32.9984342154554
33.0079456124477
33.0172717707962
33.0264097704762
33.0353642347392
33.0441318664908
33.0527176240683
33.0611177781177
33.0693376599937
33.0773729940625
33.085229269013
33.0929007173617
33.1003940207897
33.1077079767914
33.114844987711
33.1218035556873
33.1285862241304
33.1351914607992
33.1416218623637
33.1478757944393
33.1539558876509
33.1598603880626
33.1655919706584
33.1711487544744
33.1765334617426
33.1817440802812
33.1867833870903
33.1916492367927
33.1963444652274
33.2008667945914
33.2052191235574
33.20939904037
33.2134095084971
33.2172479915913
33.2209175263909
33.2244153639881
33.2277438366443
33.2309031078444
33.2338911285073
33.236710962416
33.2393598783808
33.2418407168655
33.2441508194287
33.2462929028414
33.2482643749729
33.2500678197841
33.251700708885
33.2531654950831
33.2544597105548
33.2555856766746
33.2565409820635
33.2573278182911
33.2579438249524
33.2583910691786
33.2586672353164
33.2587742743484
33.2587099099886
33.2584759932217
33.2580703021764
33.2574946570186
33.2567469818468
33.2558288053178
33.2547337746079
33.2534679911611
33.2520262977851
33.2504133077716
33.248624026526
33.2466625254898
33.2445241884098
33.2422126591744
33.2397236622009
33.2370604694746
33.2342190929795
33.2312024852718
33.2280068930193
33.2246349993828
33.2210832354761
33.2173540614185
33.2134440472424
33.2093554712128
33.2050850016731
33.2006347705916
33.1960015101201
33.1911872353905
33.1861887136114
33.181007866389
33.1756414731354
33.1700913797951
33.1643543600409
33.1584321972256
33.1523216455049
33.1460244344072
33.1395372886576
33.1328618896062
33.1259949249666
33.1189380308395
33.1116878527368
33.1042459826526
33.0966090195695
33.0887785113154
33.0807510070542
33.0725280092631
33.0641060146924
33.055486478711
33.0466658428104
33.0376455132132
33.0284218737442
33.0189962788971
33.0093650520869
32.9995294934346
32.9894858631241
32.9792354038801
32.9687743096458
32.9581037626189
32.9472198872783
32.936123801762
32.9248115575789
32.9132842051875
32.9015377191899
32.8895730784549
32.877386176537
32.8649779162926
32.8523441059334
32.839485567673
32.8263980194358
32.8130821977906
32.7995337251759
32.7857532470919
32.7717362846232
32.7574833862739
32.7429899657482
32.7282564681765
32.7132781930831
32.6980554752158
32.6825834925676
32.6668624619272
32.650887431773
32.6346584926263
32.6181705546797
32.6014235731009
32.5844123103662
32.5671365764348
32.5495909754333
32.531775161224
32.5136835682933
32.495315682491
32.4766657560333
32.4577330936487
32.4385117513029
32.4190008381583
32.3991941989978
32.3790907314885
32.3586840520309
32.3379728292076
32.3169504326118
32.2956152821973
32.2739604801052
32.2519841759857
32.2296791814571
32.2070433518308
32.1840691827512
32.1607542082363
32.1370905794716
32.1130754790518
32.0887006817681
32.0639629853048
32.0388537521544
32.0133693570337
31.987500709998
31.9612437202988
31.9345888000939
31.9075313448778
31.8800612173929
31.8521732446786
31.823856681814
31.7951057253598
31.7659089562894
31.7362598697057
31.7061462964797
31.6755609491389
31.6444908213658
31.6129277484568
31.5808577740575
31.548271647998
31.5151535741572
31.481491217697
31.4472660018724
31.4124644423097
31.3770674255679
31.3410604536497
31.3044226844488
31.2671375131631
31.2291818767368
31.1905369095143
31.1511771415067
31.1110810810838
31.0702203448879
31.0285702446352
30.9860988811732
30.9427777170536
30.898570550657
30.8534436744701
30.8073547317695
30.7602631688547
30.7121184981051
30.662871969118
30.6124667289048
30.5608487349995
30.507955155489
30.453724201202
30.3980832015533
30.3409586020088
30.2822642014211
30.2219129182122
30.1598082649553
30.0958548935566
30.0299459550644
29.9619719354401
29.8918077704366
29.8193222492494
29.7443658465861
29.6667808967849
29.5863909511864
29.5030186189688
29.4164749185852
29.326566947696
29.2330823508616
29.1357970036398
29.0344616241739
28.9288161435231
28.8185750399805
28.7034439371023
28.5831081755475
28.4572422709239
28.3254959528402
28.1875109666169
28.042902227154
27.8912670061112
27.7321797344666
27.5652059789476
27.3898935947147
27.205789540739
27.0124165691172
26.8092838847169
26.5958850862888
26.3717157428842
26.136271833757
25.8890571030462
25.6295606524802
25.3572755394665
25.0716967733276
24.7723435728711
24.4587523884479
24.1304830420281
23.7870984439788
23.4281850422914
23.0533490103968
22.6622380279194
22.2545312276754
21.8299458876584
21.3882190108518
20.9291166931054
20.4524294407836
19.9579884447123
19.445658815942
18.915348774354
18.3669909497155
17.8005488892851
17.2159998883252
16.6133446380555
15.9925987121845
15.3538056372135
14.6970265209602
14.0223503531913
13.3298766205384
12.6197226043504
11.8920072237733
11.1468600956733
10.3844070078997
9.60477959700484
8.80810468812878
7.9945182254717
7.16415367600771
6.31715511154872
5.45366738464248
4.57383045860313
)
;

boundaryField
{
    electrode
    {
        type            fixedValue;
        value           uniform 1e-10;
    }
    ground
    {
        type            plasmaPower;
        frequency       10000000000;
        nCycles         1;
        power           0.0098;
        dampingFactor   0.01;
        amplitude       4.12616773215067;
        bias            0;
        value           uniform 4.12584753396031;
    }
    otherfaces
    {
        type            empty;
    }
}


// ************************************************************************* //
