/*--------------------------------*- C++ -*----------------------------------*\
| =========                 |                                                 |
| \\      /  F ield         | foam-extend: Open Source CFD                    |
|  \\    /   O peration     | Version:     4.1                                |
|   \\  /    A nd           | Web:         http://www.foam-extend.org         |
|    \\/     M anipulation  |                                                 |
\*---------------------------------------------------------------------------*/
FoamFile
{
    version     2.0;
    format      ascii;
    class       volVectorField;
    location    "1.50009999935002e-05";
    object      Flux_Arm;
}
// * * * * * * * * * * * * * * * * * * * * * * * * * * * * * * * * * * * * * //

dimensions      [0 -2 -1 0 0 0 0];

internalField   nonuniform List<vector> 
500
(
(-5.79075183346254e+17 -0 -0)
(-1.73699610687776e+18 -0 -0)
(-2.89430870121728e+18 -0 -0)
(-4.05070724014304e+18 -0 -0)
(-5.20587110203982e+18 -0 -0)
(-6.35946240692557e+18 -0 -0)
(-7.51112332776052e+18 -0 -0)
(-8.6604738690381e+18 -0 -0)
(-9.80711077307965e+18 -0 -0)
(-1.09506053056342e+19 -0 -0)
(-1.20905002446526e+19 -0 -0)
(-1.32263074118489e+19 -0 -0)
(-1.43575050604383e+19 -0 -0)
(-1.54835341314589e+19 -0 -0)
(-1.66037980900313e+19 -0 -0)
(-1.77176654584925e+19 -0 -0)
(-1.88244684222169e+19 -0 -0)
(-1.99235011880215e+19 -0 -0)
(-2.10140204553298e+19 -0 -0)
(-2.20952465006174e+19 -0 -0)
(-2.31663649177152e+19 -0 -0)
(-2.4226528835796e+19 -0 -0)
(-2.52748607558064e+19 -0 -0)
(-2.63104492690761e+19 -0 -0)
(-2.73323624503942e+19 -0 -0)
(-2.83396733323636e+19 -0 -0)
(-2.93314634083708e+19 -0 -0)
(-3.03068221373442e+19 -0 -0)
(-3.12648554598247e+19 -0 -0)
(-3.22046946186097e+19 -0 -0)
(-3.31255046346581e+19 -0 -0)
(-3.40264917717759e+19 -0 -0)
(-3.49069098414686e+19 -0 -0)
(-3.57660656069216e+19 -0 -0)
(-3.6603323703349e+19 -0 -0)
(-3.74181111986635e+19 -0 -0)
(-3.82099205487716e+19 -0 -0)
(-3.89783092876945e+19 -0 -0)
(-3.97228948996077e+19 -0 -0)
(-4.04433372541945e+19 -0 -0)
(-4.11393656462296e+19 -0 -0)
(-4.18108122119589e+19 -0 -0)
(-4.24575903829843e+19 -0 -0)
(-4.30796773257303e+19 -0 -0)
(-4.36771079695921e+19 -0 -0)
(-4.42499699787556e+19 -0 -0)
(-4.47984000319869e+19 -0 -0)
(-4.53225805042587e+19 -0 -0)
(-4.5822734336374e+19 -0 -0)
(-4.629911845215e+19 -0 -0)
(-4.67520176009361e+19 -0 -0)
(-4.71817386046474e+19 -0 -0)
(-4.75886046653834e+19 -0 -0)
(-4.79729443749917e+19 -0 -0)
(-4.83350948789777e+19 -0 -0)
(-4.86754304378696e+19 -0 -0)
(-4.89943565956232e+19 -0 -0)
(-4.92922858202602e+19 -0 -0)
(-4.95696347982633e+19 -0 -0)
(-4.98268223969737e+19 -0 -0)
(-5.00642683284005e+19 -0 -0)
(-5.02823922602158e+19 -0 -0)
(-5.04816136794772e+19 -0 -0)
(-5.06623516541803e+19 -0 -0)
(-5.0825023701292e+19 -0 -0)
(-5.09700433920601e+19 -0 -0)
(-5.10978176568294e+19 -0 -0)
(-5.12087458063772e+19 -0 -0)
(-5.13032202195216e+19 -0 -0)
(-5.13816271600407e+19 -0 -0)
(-5.14443472267042e+19 -0 -0)
(-5.14917557898448e+19 -0 -0)
(-5.15242232409315e+19 -0 -0)
(-5.15421148473933e+19 -0 -0)
(-5.15457900616362e+19 -0 -0)
(-5.15356015120505e+19 -0 -0)
(-5.15118946963848e+19 -0 -0)
(-5.14750085890823e+19 -0 -0)
(-5.14252763816673e+19 -0 -0)
(-5.13630259313713e+19 -0 -0)
(-5.12885799883388e+19 -0 -0)
(-5.12022561615045e+19 -0 -0)
(-5.11043666365381e+19 -0 -0)
(-5.09952177937122e+19 -0 -0)
(-5.08751101808719e+19 -0 -0)
(-5.0744339052102e+19 -0 -0)
(-5.06031949330576e+19 -0 -0)
(-5.04519638959058e+19 -0 -0)
(-5.02909277669683e+19 -0 -0)
(-5.01203642492387e+19 -0 -0)
(-4.99405469668055e+19 -0 -0)
(-4.97517454997767e+19 -0 -0)
(-4.95542254389805e+19 -0 -0)
(-4.93482484286727e+19 -0 -0)
(-4.91340722069295e+19 -0 -0)
(-4.89119506522416e+19 -0 -0)
(-4.86821337835745e+19 -0 -0)
(-4.8444867765647e+19 -0 -0)
(-4.82003949592659e+19 -0 -0)
(-4.79489540528896e+19 -0 -0)
(-4.76907801413587e+19 -0 -0)
(-4.74261045852098e+19 -0 -0)
(-4.71551546752441e+19 -0 -0)
(-4.68781534869825e+19 -0 -0)
(-4.6595320218898e+19 -0 -0)
(-4.63068706890547e+19 -0 -0)
(-4.60130174554112e+19 -0 -0)
(-4.57139696190696e+19 -0 -0)
(-4.54099327703218e+19 -0 -0)
(-4.51011090096563e+19 -0 -0)
(-4.47876969355074e+19 -0 -0)
(-4.44698916539707e+19 -0 -0)
(-4.41478847630185e+19 -0 -0)
(-4.38218643515179e+19 -0 -0)
(-4.34920150230248e+19 -0 -0)
(-4.31585179209014e+19 -0 -0)
(-4.28215506827578e+19 -0 -0)
(-4.24812874896043e+19 -0 -0)
(-4.2137899083597e+19 -0 -0)
(-4.17915527323537e+19 -0 -0)
(-4.14424122891397e+19 -0 -0)
(-4.10906381800003e+19 -0 -0)
(-4.07363874063151e+19 -0 -0)
(-4.03798135929011e+19 -0 -0)
(-4.00210669917759e+19 -0 -0)
(-3.96602944987241e+19 -0 -0)
(-3.92976396540819e+19 -0 -0)
(-3.89332426746372e+19 -0 -0)
(-3.85672404879476e+19 -0 -0)
(-3.81997667446884e+19 -0 -0)
(-3.78309518438091e+19 -0 -0)
(-3.74609229361615e+19 -0 -0)
(-3.70898039521072e+19 -0 -0)
(-3.67177156618015e+19 -0 -0)
(-3.63447756654251e+19 -0 -0)
(-3.59710984180578e+19 -0 -0)
(-3.55967953054344e+19 -0 -0)
(-3.52219746015019e+19 -0 -0)
(-3.48467415117529e+19 -0 -0)
(-3.44711982624257e+19 -0 -0)
(-3.40954440829799e+19 -0 -0)
(-3.37195752433909e+19 -0 -0)
(-3.33436850805842e+19 -0 -0)
(-3.29678640112395e+19 -0 -0)
(-3.25921996228121e+19 -0 -0)
(-3.22167766726593e+19 -0 -0)
(-3.18416771033762e+19 -0 -0)
(-3.14669801033768e+19 -0 -0)
(-3.10927621294584e+19 -0 -0)
(-3.07190969596392e+19 -0 -0)
(-3.03460556753688e+19 -0 -0)
(-2.99737067421523e+19 -0 -0)
(-2.96021160643827e+19 -0 -0)
(-2.92313469814073e+19 -0 -0)
(-2.8861460303862e+19 -0 -0)
(-2.84925143574728e+19 -0 -0)
(-2.81245650534274e+19 -0 -0)
(-2.77576658782813e+19 -0 -0)
(-2.73918679246379e+19 -0 -0)
(-2.70272199742236e+19 -0 -0)
(-2.66637685166961e+19 -0 -0)
(-2.63015577581295e+19 -0 -0)
(-2.59406296951816e+19 -0 -0)
(-2.55810241396918e+19 -0 -0)
(-2.52227787569378e+19 -0 -0)
(-2.48659291076076e+19 -0 -0)
(-2.45105086495988e+19 -0 -0)
(-2.41565487958959e+19 -0 -0)
(-2.38040789793544e+19 -0 -0)
(-2.34531266721692e+19 -0 -0)
(-2.31037174209123e+19 -0 -0)
(-2.27558748592627e+19 -0 -0)
(-2.24096207539342e+19 -0 -0)
(-2.20649750936458e+19 -0 -0)
(-2.17219560506861e+19 -0 -0)
(-2.13805800304033e+19 -0 -0)
(-2.10408617724631e+19 -0 -0)
(-2.07028143059954e+19 -0 -0)
(-2.03664490064917e+19 -0 -0)
(-2.00317756736777e+19 -0 -0)
(-1.9698802509846e+19 -0 -0)
(-1.9367536173903e+19 -0 -0)
(-1.90379818358692e+19 -0 -0)
(-1.87101431618707e+19 -0 -0)
(-1.83840223817719e+19 -0 -0)
(-1.80596203421161e+19 -0 -0)
(-1.77369365004871e+19 -0 -0)
(-1.74159689691354e+19 -0 -0)
(-1.70967145370918e+19 -0 -0)
(-1.67791687071297e+19 -0 -0)
(-1.64633257573641e+19 -0 -0)
(-1.61491787380161e+19 -0 -0)
(-1.58367195110627e+19 -0 -0)
(-1.5525938754291e+19 -0 -0)
(-1.52168260241922e+19 -0 -0)
(-1.49093697994998e+19 -0 -0)
(-1.46035574761472e+19 -0 -0)
(-1.42993754001889e+19 -0 -0)
(-1.39968088784363e+19 -0 -0)
(-1.36958422709682e+19 -0 -0)
(-1.33964589631776e+19 -0 -0)
(-1.30986413756515e+19 -0 -0)
(-1.28023710463833e+19 -0 -0)
(-1.25076286408558e+19 -0 -0)
(-1.22143939322508e+19 -0 -0)
(-1.19226458956222e+19 -0 -0)
(-1.1632362680123e+19 -0 -0)
(-1.13435216516284e+19 -0 -0)
(-1.10560994289851e+19 -0 -0)
(-1.07700718713016e+19 -0 -0)
(-1.04854141617103e+19 -0 -0)
(-1.02021007699694e+19 -0 -0)
(-9.92010549406081e+18 -0 -0)
(-9.63940150184213e+18 -0 -0)
(-9.35996132248953e+18 -0 -0)
(-9.08175688857645e+18 -0 -0)
(-8.80475957779623e+18 -0 -0)
(-8.52894018634459e+18 -0 -0)
(-8.25426895155195e+18 -0 -0)
(-7.9807156270242e+18 -0 -0)
(-7.70824944153112e+18 -0 -0)
(-7.43683913358365e+18 -0 -0)
(-7.1664529676042e+18 -0 -0)
(-6.8970585657833e+18 -0 -0)
(-6.6286231319915e+18 -0 -0)
(-6.3611144635738e+18 -0 -0)
(-6.09450006847334e+18 -0 -0)
(-5.82874563584188e+18 -0 -0)
(-5.56381644529533e+18 -0 -0)
(-5.29967811033174e+18 -0 -0)
(-5.03629595135177e+18 -0 -0)
(-4.77363495540845e+18 -0 -0)
(-4.51165981832291e+18 -0 -0)
(-4.25033495977896e+18 -0 -0)
(-3.989624539023e+18 -0 -0)
(-3.7294925020061e+18 -0 -0)
(-3.46990255868668e+18 -0 -0)
(-3.21081819413995e+18 -0 -0)
(-2.95220272232362e+18 -0 -0)
(-2.69401927125277e+18 -0 -0)
(-2.43623081376547e+18 -0 -0)
(-2.17880018413583e+18 -0 -0)
(-1.92169006336988e+18 -0 -0)
(-1.66486302622961e+18 -0 -0)
(-1.40828153605567e+18 -0 -0)
(-1.15190797304867e+18 -0 -0)
(-8.95704659045411e+17 -0 -0)
(-6.39633811660731e+17 -0 -0)
(-3.83657468486595e+17 -0 -0)
(-1.27737971102433e+17 -0 -0)
(1.28162415194471e+17 -0 -0)
(3.84081892217405e+17 -0 -0)
(6.40058180428522e+17 -0 -0)
(8.96128964370059e+17 -0 -0)
(1.15233219829453e+18 -0 -0)
(1.40870563939879e+18 -0 -0)
(1.66528698887471e+18 -0 -0)
(1.92211387498342e+18 -0 -0)
(2.17922383273035e+18 -0 -0)
(2.43665428416569e+18 -0 -0)
(2.69444252442691e+18 -0 -0)
(2.95262573763782e+18 -0 -0)
(3.21124094867167e+18 -0 -0)
(3.47032504229128e+18 -0 -0)
(3.72991470624971e+18 -0 -0)
(3.99004642894719e+18 -0 -0)
(4.25075650661562e+18 -0 -0)
(4.51208100367645e+18 -0 -0)
(4.77405576188146e+18 -0 -0)
(5.0367163508899e+18 -0 -0)
(5.30009807117172e+18 -0 -0)
(5.56423594741103e+18 -0 -0)
(5.82916467151147e+18 -0 -0)
(6.0949186270467e+18 -0 -0)
(6.36153251499477e+18 -0 -0)
(6.62904063597168e+18 -0 -0)
(6.89747551114052e+18 -0 -0)
(7.1668693387639e+18 -0 -0)
(7.43725490305282e+18 -0 -0)
(7.70866456936512e+18 -0 -0)
(7.98113009418972e+18 -0 -0)
(8.2546827471492e+18 -0 -0)
(8.52935327791975e+18 -0 -0)
(8.80517195149634e+18 -0 -0)
(9.0821685110469e+18 -0 -0)
(9.36037216356485e+18 -0 -0)
(9.63981156026613e+18 -0 -0)
(9.92051475339208e+18 -0 -0)
(1.02025091879876e+19 -0 -0)
(1.04858217152099e+19 -0 -0)
(1.0770478542559e+19 -0 -0)
(1.10565051892887e+19 -0 -0)
(1.13439264889058e+19 -0 -0)
(1.16327665671484e+19 -0 -0)
(1.19230488040693e+19 -0 -0)
(1.22147958309452e+19 -0 -0)
(1.25080295053629e+19 -0 -0)
(1.2802770864747e+19 -0 -0)
(1.30990401169775e+19 -0 -0)
(1.33968566028659e+19 -0 -0)
(1.36962387923132e+19 -0 -0)
(1.3997204246325e+19 -0 -0)
(1.42997695891287e+19 -0 -0)
(1.46039504844499e+19 -0 -0)
(1.49097615784393e+19 -0 -0)
(1.5217216540427e+19 -0 -0)
(1.55263279862228e+19 -0 -0)
(1.58371074386758e+19 -0 -0)
(1.61495653503878e+19 -0 -0)
(1.64637110194484e+19 -0 -0)
(1.67795525795432e+19 -0 -0)
(1.70970969928926e+19 -0 -0)
(1.74163500042213e+19 -0 -0)
(1.77373160956122e+19 -0 -0)
(1.80599984527789e+19 -0 -0)
(1.83843989769365e+19 -0 -0)
(1.87105182265608e+19 -0 -0)
(1.90383553519138e+19 -0 -0)
(1.9367908115823e+19 -0 -0)
(1.96991728450979e+19 -0 -0)
(2.0032144381454e+19 -0 -0)
(2.03668160586681e+19 -0 -0)
(2.07031796756504e+19 -0 -0)
(2.10412254406086e+19 -0 -0)
(2.13809419598199e+19 -0 -0)
(2.17223162201184e+19 -0 -0)
(2.20653335077314e+19 -0 -0)
(2.2409977379746e+19 -0 -0)
(2.27562296582243e+19 -0 -0)
(2.31040703779927e+19 -0 -0)
(2.34534777588242e+19 -0 -0)
(2.38044281709575e+19 -0 -0)
(2.41568960732802e+19 -0 -0)
(2.45108539912532e+19 -0 -0)
(2.48662725073364e+19 -0 -0)
(2.522312018072e+19 -0 -0)
(2.55813635466916e+19 -0 -0)
(2.59409670727301e+19 -0 -0)
(2.6301893091733e+19 -0 -0)
(2.66641017810836e+19 -0 -0)
(2.70275511500961e+19 -0 -0)
(2.73921969964949e+19 -0 -0)
(2.77579928265592e+19 -0 -0)
(2.81248898642975e+19 -0 -0)
(2.84928370047291e+19 -0 -0)
(2.88617807617881e+19 -0 -0)
(2.92316652422174e+19 -0 -0)
(2.9602432108004e+19 -0 -0)
(2.99740205334327e+19 -0 -0)
(3.03463672004619e+19 -0 -0)
(3.07194062303278e+19 -0 -0)
(3.10930691309038e+19 -0 -0)
(3.14672847921422e+19 -0 -0)
(3.18419794701731e+19 -0 -0)
(3.2217076699189e+19 -0 -0)
(3.25924972795339e+19 -0 -0)
(3.29681592979272e+19 -0 -0)
(3.33439779951348e+19 -0 -0)
(3.37198657824205e+19 -0 -0)
(3.40957322410238e+19 -0 -0)
(3.44714840242105e+19 -0 -0)
(3.48470248624127e+19 -0 -0)
(3.52222555314118e+19 -0 -0)
(3.55970738173682e+19 -0 -0)
(3.59713744945121e+19 -0 -0)
(3.6345049283988e+19 -0 -0)
(3.67179868379138e+19 -0 -0)
(3.70900726803688e+19 -0 -0)
(3.74611892018538e+19 -0 -0)
(3.78312156537257e+19 -0 -0)
(3.82000280912083e+19 -0 -0)
(3.85674993628487e+19 -0 -0)
(3.89334990772986e+19 -0 -0)
(3.92978935804772e+19 -0 -0)
(3.96605459584485e+19 -0 -0)
(4.00213159892667e+19 -0 -0)
(4.03800601250444e+19 -0 -0)
(4.07366314819719e+19 -0 -0)
(4.10908798053503e+19 -0 -0)
(4.14426514727225e+19 -0 -0)
(4.17917894632371e+19 -0 -0)
(4.21381333619023e+19 -0 -0)
(4.2481519331057e+19 -0 -0)
(4.28217800835962e+19 -0 -0)
(4.31587448980098e+19 -0 -0)
(4.34922395877797e+19 -0 -0)
(4.38220865082544e+19 -0 -0)
(4.41481045351438e+19 -0 -0)
(4.44701090544667e+19 -0 -0)
(4.47879119596888e+19 -0 -0)
(4.51013216631969e+19 -0 -0)
(4.54101430749578e+19 -0 -0)
(4.5714177596292e+19 -0 -0)
(4.60132231279838e+19 -0 -0)
(4.63070740593741e+19 -0 -0)
(4.65955212995337e+19 -0 -0)
(4.68783523110613e+19 -0 -0)
(4.71553512561183e+19 -0 -0)
(4.74262989222932e+19 -0 -0)
(4.76909722545028e+19 -0 -0)
(4.79491439713909e+19 -0 -0)
(4.82005827039132e+19 -0 -0)
(4.84450533598551e+19 -0 -0)
(4.86823172475792e+19 -0 -0)
(4.89121319907106e+19 -0 -0)
(4.91342514418669e+19 -0 -0)
(4.93484255904048e+19 -0 -0)
(4.95544005437289e+19 -0 -0)
(4.97519185688673e+19 -0 -0)
(4.99407180236669e+19 -0 -0)
(5.01205333077847e+19 -0 -0)
(5.02910948542838e+19 -0 -0)
(5.04521290357871e+19 -0 -0)
(5.06033581363897e+19 -0 -0)
(5.07445003384548e+19 -0 -0)
(5.08752695599959e+19 -0 -0)
(5.09953752927372e+19 -0 -0)
(5.11045222777633e+19 -0 -0)
(5.12024099542156e+19 -0 -0)
(5.12887319504188e+19 -0 -0)
(5.13631760800868e+19 -0 -0)
(5.14254247293061e+19 -0 -0)
(5.1475155144517e+19 -0 -0)
(5.15120394705862e+19 -0 -0)
(5.15357445188733e+19 -0 -0)
(5.15459313118017e+19 -0 -0)
(5.15422543492694e+19 -0 -0)
(5.1524360989472e+19 -0 -0)
(5.14918917791034e+19 -0 -0)
(5.14444814563532e+19 -0 -0)
(5.13817596388314e+19 -0 -0)
(5.13033509379894e+19 -0 -0)
(5.12088747456313e+19 -0 -0)
(5.10979448006736e+19 -0 -0)
(5.09701687214723e+19 -0 -0)
(5.08251472109076e+19 -0 -0)
(5.0662473314931e+19 -0 -0)
(5.04817334589205e+19 -0 -0)
(5.02825101269882e+19 -0 -0)
(5.00643842438973e+19 -0 -0)
(4.98269363233778e+19 -0 -0)
(4.95697466936751e+19 -0 -0)
(4.92923956355482e+19 -0 -0)
(4.89944642739358e+19 -0 -0)
(4.86755359245617e+19 -0 -0)
(4.8335198116054e+19 -0 -0)
(4.79730455881598e+19 -0 -0)
(4.75887038993317e+19 -0 -0)
(4.71818355065573e+19 -0 -0)
(4.67521119792468e+19 -0 -0)
(4.62992102111789e+19 -0 -0)
(4.58228233929913e+19 -0 -0)
(4.53226667700125e+19 -0 -0)
(4.47984834314947e+19 -0 -0)
(4.42500504421923e+19 -0 -0)
(4.36771854174244e+19 -0 -0)
(4.30797516924702e+19 -0 -0)
(4.24576616136648e+19 -0 -0)
(4.18108802589415e+19 -0 -0)
(4.11394304793221e+19 -0 -0)
(4.04433986878849e+19 -0 -0)
(3.9722952663136e+19 -0 -0)
(3.89783636520628e+19 -0 -0)
(3.82099719030817e+19 -0 -0)
(3.74181595822223e+19 -0 -0)
(3.66033691692764e+19 -0 -0)
(3.57661082426855e+19 -0 -0)
(3.49069497378367e+19 -0 -0)
(3.4026529024962e+19 -0 -0)
(3.31255393702149e+19 -0 -0)
(3.22047269757738e+19 -0 -0)
(3.12648855831927e+19 -0 -0)
(3.0306850178689e+19 -0 -0)
(2.93314895163074e+19 -0 -0)
(2.83396976544205e+19 -0 -0)
(2.73323851350606e+19 -0 -0)
(2.6310470473003e+19 -0 -0)
(2.52748806026073e+19 -0 -0)
(2.42265474534713e+19 -0 -0)
(2.3166382439986e+19 -0 -0)
(2.20952630116414e+19 -0 -0)
(2.10140360357305e+19 -0 -0)
(1.99235159053131e+19 -0 -0)
(1.88244823221273e+19 -0 -0)
(1.77176785761556e+19 -0 -0)
(1.66038104513293e+19 -0 -0)
(1.54835457585073e+19 -0 -0)
(1.43575159634334e+19 -0 -0)
(1.32263175844881e+19 -0 -0)
(1.20905096692226e+19 -0 -0)
(1.09506139595994e+19 -0 -0)
(9.80711863244679e+18 -0 -0)
(8.66048091008442e+18 -0 -0)
(7.51112952744394e+18 -0 -0)
(6.35946773551172e+18 -0 -0)
(5.20587552642054e+18 -0 -0)
(4.05071072681405e+18 -0 -0)
(2.89431121640593e+18 -0 -0)
(1.73699763000079e+18 -0 -0)
(5.79075695626566e+17 -0 -0)
)
;

boundaryField
{
    electrode
    {
        type            calculated;
        value           uniform (-0 -0 -0);
    }
    ground
    {
        type            calculated;
        value           uniform (0 -0 -0);
    }
    otherfaces
    {
        type            empty;
    }
}


// ************************************************************************* //
