/*--------------------------------*- C++ -*----------------------------------*\
| =========                 |                                                 |
| \\      /  F ield         | foam-extend: Open Source CFD                    |
|  \\    /   O peration     | Version:     4.1                                |
|   \\  /    A nd           | Web:         http://www.foam-extend.org         |
|    \\/     M anipulation  |                                                 |
\*---------------------------------------------------------------------------*/
FoamFile
{
    version     2.0;
    format      ascii;
    class       volScalarField;
    location    "1.50009999935002e-05";
    object      jouleHeatingMean;
}
// * * * * * * * * * * * * * * * * * * * * * * * * * * * * * * * * * * * * * //

dimensions      [1 -1 -3 0 0 0 0];

internalField   nonuniform List<scalar> 
500
(
-37087014.8063832
-36844277.0708612
-36700010.5670775
-36570700.0245229
-36457705.7369159
-36356361.4311249
-36261298.0534127
-36165193.1421135
-36059155.6039639
-35933126.9643481
-35775869.941444
-35575170.0828164
-35318551.8216855
-34993862.4417007
-34589880.0872317
-34095202.6524686
-33497542.7568087
-32786514.4269867
-31953070.1925156
-30992501.5125222
-29907873.5747922
-28705348.2550053
-27395506.8587406
-25991977.4388615
-24503856.3390607
-22938977.9649449
-21307834.6654355
-19626655.3932592
-17925149.4357442
-16231877.7888438
-14566081.4728163
-12931331.9211985
-11328156.3507238
-9759828.99175743
-8245683.45348055
-6814478.60294928
-5469290.0295455
-4194778.73408748
-2977022.18031324
-1808962.14263016
-706220.017430238
309741.640025159
1255329.34928973
2150633.66114485
3005330.85280771
3823105.24814807
4585025.72480778
5286526.84285095
5945686.03722546
6568356.89349068
7159820.8420074
7722858.97526362
8244823.78187492
8727771.71983534
9180569.86040225
9598933.40482287
9984206.6909026
10344180.9523459
10680382.6465236
10992988.2188209
11284359.2146393
11550187.4180504
11787705.6758614
11995899.7947633
12178064.6729573
12344015.3938887
12499462.7065882
12641790.3865572
12769492.259259
12882228.2715767
12979851.9797328
13062214.8308813
13129706.9663921
13183745.9614121
13227782.0702464
13265090.3478175
13295680.8811535
13318412.1426508
13333345.0912036
13340549.6454968
13340415.569043
13333825.3423791
13322476.8434645
13308013.5874259
13290428.2733776
13269041.9634596
13244205.359455
13216055.295042
13184831.1268243
13150912.9647583
13114697.8527988
13076414.0174728
13036329.9101581
12994607.5733199
12951485.8052286
12907136.4852404
12861821.3074611
12815674.0137756
12768776.0385083
12721008.9465222
12672445.363442
12623523.4086227
12575082.2865773
12527206.9305936
12479165.8014743
12430631.7043966
12381934.9681531
12333192.2712076
12284535.7837205
12235993.4430881
12187656.0631447
12139534.3970767
12091706.1707345
12044167.4664462
11996985.5895119
11950151.1355538
11903723.0307119
11857684.2462084
11812089.8536729
11766919.7764466
11722222.6840911
11677974.3145875
11634221.2395171
11590936.3532979
11548161.6241561
11505867.5133496
11464092.9291939
11422806.7309096
11382047.3932595
11341783.1588401
11302049.8210762
11262814.382334
11224111.6255667
11185907.623096
11148235.207859
11111059.1017076
11074409.4985
11038250.3556411
11002611.9465656
10967459.0760304
10932821.7623826
10898665.1446517
10865018.6883833
10831847.2821091
10799179.398606
10766979.8261562
10735276.3028435
10704033.5650192
10673278.7211667
10642976.6766644
10613154.0185679
10583775.7634418
10554868.016603
10526396.1181913
10498385.8735279
10470802.8810128
10443672.5545219
10416960.7732105
10390692.6439841
10364834.3718535
10339410.7746931
10314388.3893277
10289791.7799424
10265587.8097747
10241800.8210864
10218398.0304293
10195403.5615461
10172784.9508781
10150566.1597984
10128715.0658304
10107255.4694053
10086155.6455969
10065439.1659489
10045074.4061771
10025084.8978493
10005439.5360032
9986161.77185014
9967220.74261197
9948639.77011932
9930388.28045391
9912489.48665572
9894913.15223918
9877682.32202475
9860767.16452607
9844190.56808976
9827923.02147905
9811987.27081724
9796354.35664625
9781046.34677207
9766035.60986591
9751342.58806026
9736942.16091522
9722851.57833687
9709050.1861595
9695549.7639878
9682336.85249043
9669414.40090028
9656780.12491988
9644423.58084801
9632358.86264544
9620556.17732849
9609052.75325706
9597792.06490194
9586842.39430817
9576111.99201708
9565709.31574949
9555498.49301608
9545637.31410163
9535936.99124353
9526605.13456961
9517371.68970992
9508575.66181081
9499848.77511434
9491576.13426326
9483323.73537822
9475570.25369443
9467787.07419717
9460544.5139346
9453222.93674028
9446485.44899524
9439624.09280439
9433395.73268017
9427026.07441822
9421410.16420442
9415651.10152822
9408747.29850669
9404468.8794239
9399620.79380411
9394720.29840541
9390153.52741156
9385724.48189865
9381624.87036206
9377651.45292637
9373998.82198039
9370472.56554422
9367259.82184231
9364178.23937688
9361401.00638086
9358762.61223431
9356417.39081452
9354220.9239203
9352304.85400681
9350549.08831742
9349059.90647364
9347743.50994585
9346679.58827176
9345801.47164661
9345163.60230463
9344705.87174712
9344452.17315478
9344451.55194105
9344704.3118765
9345161.02975086
9345797.75443523
9346674.8132714
9347737.6673124
9349053.00657969
9350541.11974075
9352295.82718927
9354210.82743133
9356406.23535171
9358750.38579831
9361387.72017865
9364163.87913869
9367244.40207607
9370456.07173016
9373981.26317632
9377632.81808265
9381605.17123485
9385703.70719192
9390131.68698069
9394697.37375818
9399596.76070243
9404443.46819887
9408721.52514897
9415623.95743789
9421381.73090404
9426996.6575723
9433365.17988284
9439592.5213201
9446452.71652075
9453189.1802156
9460509.6004218
9467751.12406573
9475533.14520279
9483285.57631817
9491536.82767458
9499808.40952014
9508534.10465104
9517329.0488435
9526561.49517022
9535892.22381365
9545591.33547299
9555451.46768144
9565661.13952783
9576062.6968173
9586791.95344165
9597740.54843212
9609000.0651428
9620502.36623559
9632303.91338545
9644367.5061041
9656722.89485416
9669356.03785484
9682277.33153258
9695489.10460707
9708988.37841645
9722788.59832884
9736878.01348659
9751277.28516546
9765969.13835356
9780978.70426596
9796285.54097707
9811917.28561162
9827851.83825044
9844118.20246219
9860693.60960654
9877607.55323119
9894837.1778857
9912412.31714851
9930309.90941419
9948560.18870261
9967139.93527635
9986079.73181218
10005356.2645608
10025000.3898227
10044988.6600194
10065352.1720126
10086067.3871056
10107165.9554792
10128624.290746
10150474.1144818
10172691.6306949
10195308.9557677
10218302.1315959
10241703.6226023
10265489.3049082
10289691.9642495
10314287.2579434
10339308.3192944
10364730.5813907
10390587.510389
10416854.285969
10443564.7068789
10470693.6731178
10498275.2924106
10526284.1504641
10554754.6516075
10583660.9955337
10613037.8468689
10642859.0855982
10673159.7016922
10703913.1056547
10735154.4012642
10766856.4698824
10799054.5696599
10831720.9781441
10864890.8940059
10898535.854344
10932690.9677592
10967326.7568027
11002478.1027494
11038114.9753073
11074272.5649616
11110920.6047352
11148095.1373492
11185765.9678497
11223968.3782231
11262669.5351924
11301903.3551877
11341635.0628381
11381897.6510322
11422655.3234946
11463939.8387503
11505712.729389
11548005.1383282
11590778.1616654
11634061.3325624
11677812.6837603
11722059.3126339
11766754.6426012
11811922.953226
11857515.5641196
11903552.5387678
11949978.8264063
11996811.4506197
12043991.4745639
12091528.3165885
12139354.6658934
12187474.4383577
12235809.9058057
12284350.3227694
12333004.8580117
12381745.580255
12430440.310805
12478972.3763687
12527011.4477429
12574884.7746434
12623323.9017622
12672243.7753809
12720805.1851169
12768570.0595718
12815465.7957828
12861610.8344504
12906923.7184941
12951270.6957869
12994390.0818962
13036109.9612552
13076191.5676731
13114472.8657803
13150685.3837834
13184600.8669146
13215822.2800204
13243969.5431287
13268803.2601365
13290186.597008
13307768.8841331
13322229.0206628
13333574.2190295
13340160.9919916
13340291.4627797
13333083.1550709
13318146.3538439
13295411.1117612
13264816.4665695
13227503.9894882
13183463.4214257
13129419.6021512
13061922.4094899
12979554.3322737
12881925.2508737
12769183.7178085
12641476.1342648
12499142.5479007
12343689.1680606
12177732.0785133
11995560.2707088
11787358.7917995
11549832.9540162
11283997.0207355
10992618.1638419
10680004.4845112
10343794.5044657
9983811.67337198
9598529.34107375
9180156.36641263
8727348.65848191
8244390.9387033
7722416.10281521
7159368.11347813
6567894.31037336
5945213.23576532
5286043.83737751
4584532.45119219
3822601.86586652
3004818.12917915
2150112.03246384
1254799.11503114
309203.273498738
-706765.699010393
-1809513.92246501
-2977578.60015792
-4195338.53172745
-5469851.85277839
-6815040.7514218
-8246243.93355776
-9760385.53331198
-11328706.7098846
-12931873.9293538
-14566612.8450523
-16232396.0643381
-17925652.0521604
-19627139.9738927
-21308299.0566211
-22939420.1680091
-24504274.4530253
-25992369.7172576
-27395871.6447474
-28705684.1270383
-29908179.4030918
-30992776.3053155
-31953313.1690413
-32786724.8608282
-33497719.7878957
-34095345.4860278
-34589987.718754
-34993933.7840912
-35318585.6968064
-35575165.0955635
-35775824.4561909
-35933039.067332
-36059023.0396014
-36165013.3427379
-36261068.1198517
-36356078.1420038
-36457365.5136342
-36570298.9332051
-36699544.4622039
-36843741.5697308
-37086404.3768927
)
;

boundaryField
{
    electrode
    {
        type            calculated;
        value           uniform -34666967.3134338;
    }
    ground
    {
        type            calculated;
        value           uniform -34666333.6069925;
    }
    otherfaces
    {
        type            empty;
    }
}


// ************************************************************************* //
