/*--------------------------------*- C++ -*----------------------------------*\
| =========                 |                                                 |
| \\      /  F ield         | foam-extend: Open Source CFD                    |
|  \\    /   O peration     | Version:     4.1                                |
|   \\  /    A nd           | Web:         http://www.foam-extend.org         |
|    \\/     M anipulation  |                                                 |
\*---------------------------------------------------------------------------*/
FoamFile
{
    version     2.0;
    format      ascii;
    class       volScalarField;
    location    "1.50009999935002e-05";
    object      powerDissipatedIonMean;
}
// * * * * * * * * * * * * * * * * * * * * * * * * * * * * * * * * * * * * * //

dimensions      [1 -1 -3 0 0 0 0];

internalField   nonuniform List<scalar> 
500
(
34544783.3771636
33987066.6037549
33429095.0777594
32859661.7194585
32292589.3312308
31714268.6128791
31138009.1577974
30550987.9700729
29965602.6468605
29369854.4181205
28775338.9154941
28170960.6988666
27567639.0200478
26955285.9600865
26344224.1956727
25725422.8566493
25108575.8128557
24485525.522859
23865199.7214056
23240044.251104
22618260.6747723
21993063.0073905
21372126.8981146
20749690.346957
20133011.6347604
19517167.0801217
18908815.0692385
18303491.6831949
17707097.4730815
17115704.5492087
16534702.2651533
15960874.5205896
15399076.0467546
14846489.8641948
14307158.3472923
13778569.7885992
13264245.9646622
12762154.6066454
12275357.8502483
11801956.2493713
11344287.7695796
10900558.1326604
10472737.241381
10059324.9126531
9661925.18095581
9279016.80758876
8911713.09419479
8558581.53862464
8220536.39084962
7896327.39600683
7586600.23997294
7290110.17194689
7007222.69151577
6736768.23479454
6479005.45770618
6232876.28608021
5998524.02670444
5775001.75164504
5562358.8667077
5359682.70318396
5166914.08022387
4983174.94779301
4808351.900565
4641682.74576496
4483115.4677362
4332037.69072666
4188396.5384989
4051568.48232784
3921416.18538625
3797335.62477051
3679183.42245123
3566417.33488307
3458926.49579667
3356253.80529406
3258334.80598622
3164769.69742443
3075482.30859952
2990076.9976837
2908472.70680656
2830311.29416979
2755534.31123248
2683831.84053495
2615171.97982476
2549276.70577908
2486110.21981346
2425400.05864319
2367111.92085318
2310996.50648286
2257030.7894541
2204990.31918667
2154864.62395668
2106450.3629454
2059746.25181682
2014567.27889509
1970920.38965568
1928637.30408304
1887731.94337667
1848050.04885124
1809610.09766669
1772270.19965288
1736055.34446883
1700839.16866811
1666651.97420582
1633370.38396772
1601014.60105832
1569464.19735209
1538745.54756263
1508751.54409786
1479512.74238883
1450930.76456347
1423038.23293311
1395744.05322339
1369082.06793301
1342967.52483168
1317434.9112991
1292405.14373362
1267912.94974861
1243884.34785435
1220354.01514254
1197252.62072022
1174614.53546105
1152374.66606244
1130566.90158301
1109130.04166585
1088097.33496524
1067411.17125546
1047104.06473041
1027121.75485515
1007495.96405226
988175.552038632
969191.364434268
950495.14930529
932116.818902155
914010.807422632
896206.043678028
878659.468949085
861399.0145687
844384.008276736
827641.425369965
811132.884057491
794884.416312625
778859.79943871
763084.10622947
747523.130077739
732200.964826212
717085.291780777
702199.221156624
687512.210585713
673046.392420606
658772.903065088
644712.910014833
630839.139317468
617171.811519749
603685.162761411
590398.488089409
577287.457479283
564370.460526839
551624.529683243
539067.171815881
526676.716020269
514469.809879265
502426.01706192
490561.149900703
478855.948038529
467325.412856543
455951.404668022
444748.138152351
433698.541622082
422816.067552557
412084.662551923
401517.040942493
391098.119815481
380839.898263698
370728.217633067
360774.388700149
350965.138397764
341311.113563641
331799.883007444
322441.451066346
313224.188098192
304157.478930385
295230.457747016
286451.912748271
277811.705969828
269318.051819495
260961.50483402
252749.727974625
244673.936553972
236741.26063626
228943.548326926
221287.414308619
213765.312535951
206383.358858183
199134.588792651
192024.634613669
185047.091119075
178207.119091257
171498.854728146
164926.996271801
158486.207254878
152180.728310611
146005.741959134
139965.030695997
134054.290980031
128276.84310672
122628.897449122
117113.301348999
111726.773413064
106471.668265701
101345.196949572
96349.2783504401
91482.006600475
86744.6927798657
82135.7358989557
77655.8911832012
73304.1544660175
69080.6925017528
64985.0747927738
61016.8950803838
57176.3120009346
53462.3346653071
49875.6718902028
46414.6542676106
43080.2291266165
39869.1286551965
36781.6023256934
33829.9085851714
31004.1952300233
28301.9803616264
25724.1520966436
23269.8437100027
20939.821951348
18733.0006852875
16650.1547427835
14690.1525340187
12853.8203022276
11140.0282518452
9549.63514340784
8081.54142558109
6736.60768290798
5513.79387948851
4413.92728834825
3436.06032429082
2580.94872234056
1847.77398698208
1237.18015917592
748.512092985363
382.267322293677
137.938205758118
15.8364807094712
15.8965346305203
138.118342216373
382.567572497971
748.932222374967
1237.72017920049
1848.4336216688
2581.72789147154
3436.95869729319
4414.94468564467
5514.92992552706
6737.86210413531
8082.91380369059
9551.125109188
11141.6353428676
12855.544068174
14691.9924699568
16652.1102794956
18735.0712972824
20942.0069906996
23272.1426139088
25726.5640798078
28304.5047769112
31006.831211227
33832.6558787891
36784.4632601546
39872.0992708132
43083.3073881056
46417.8402592589
49878.9644335639
53465.7332976626
57179.8152759007
61020.5024490195
64988.7847513091
69084.504330352
73308.0666179755
77659.9028467222
82139.8455855242
86748.8995388322
91486.3088597623
96353.6755828652
101349.688235264
106476.251392804
111731.446256949
117118.062845342
122633.745710081
128281.776484597
134059.307874474
139970.129595874
146010.9208501
152185.985450183
158491.540985656
164932.404681529
171504.335970101
178212.671177446
185052.712174511
192030.32255798
199140.341673585
206389.174278409
213771.188605641
221293.348828743
228949.539340251
236747.305771239
244680.033813689
252755.874862503
260967.699127706
269324.291011447
277817.987871778
286458.234685318
295236.817649227
304163.874360914
313230.616910272
322447.910475543
331806.370609364
341317.626469051
350971.674329431
360780.944799101
370734.791605839
380846.487142334
391104.721213032
401523.652004603
412091.280962533
422822.69028032
433705.1662597
444754.76154372
455958.024368327
467332.025694432
478862.551593852
490567.741020865
502432.593270903
514476.367914025
526683.253335786
539073.685070927
551631.016357849
564376.917249541
577293.881790362
590404.876529342
603691.512770795
617178.119596204
630845.403029933
644719.125919968
658779.068652268
673052.50411985
687518.265947368
702205.216562786
717091.224736935
732206.831529233
747528.928049971
763089.831741882
778865.450086073
794889.988302675
811138.374865417
827646.831201337
844389.326662749
861404.241517565
878664.601935168
896211.078753922
914015.742145014
932121.649193293
950499.872601072
969195.976385001
988180.049949281
1007500.34341475
1027126.01287891
1047108.19690319
1067415.17499229
1088101.20586295
1109133.77723216
1130570.49729406
1152378.11920076
1174617.84106802
1197255.77567296
1220357.01399205
1243887.18707728
1267915.623401
1292407.64793682
1317437.23965403
1342969.67312162
1369084.02945624
1395745.82329083
1423039.80419208
1450932.13168008
1479513.89737406
1508752.48088774
1538746.25753805
1569464.67394866
1601014.83517547
1633370.3688053
1666651.70053651
1700838.62885971
1736054.52711532
1772269.09510889
1809608.69344995
1848048.334935
1887729.90682445
1928634.93397081
1970917.67173307
2014564.20103264
2059742.79863186
2106446.52128298
2154860.37701749
2204985.652229
2257025.68425158
2310990.94717559
2367105.8880595
2425393.53532334
2486103.18501967
2549269.14055123
2615163.86079873
2683823.14629947
2755525.0157105
2830301.37378501
2908462.13407145
2990065.74757659
3075470.35173527
3164757.00633767
3258321.34844457
3356239.55002926
3458911.40671551
3566401.37806682
3679166.56069321
3797317.82289861
3921397.40425039
4051548.68405625
4188375.68035725
4332015.73041171
4483092.35682191
4641658.4352803
4808326.33729597
4983148.0807296
5166885.85502723
5359653.06643306
5562327.75990324
5774969.11628525
5998489.79812293
6232840.39906024
6478967.84169295
6736728.82009259
7007181.40326622
7290066.93601624
7586554.97741578
7896280.02729923
8220486.82958705
8558529.69892906
8911658.88464763
9278960.13981726
9661865.96102118
10059263.0497258
10472672.6366625
10900490.6919784
11344217.3928656
11801882.8444613
12275281.3181249
12762074.8571037
13264162.8987636
13778483.3194962
14307068.3772485
14846396.3199163
15398978.8313265
15960773.5705625
16534597.4893635
17115595.8986902
17706984.8669326
18303375.088367
18908694.4167229
19517042.3536166
20132882.7794624
20749557.3641973
21371989.742933
21992921.6954332
22618115.1656696
23239894.5715596
23865045.8297803
24485367.4613267
25108413.5425344
25725256.4400618
26344053.6036403
26955111.2709139
27567460.209587
28170777.8550985
28775152.0085234
29369663.5416241
29965407.7649866
30550789.1769031
31137806.420591
31714062.0241868
32292378.8640109
32859447.4699638
33428877.0227271
33986844.8343455
34544557.8999877
)
;

boundaryField
{
    electrode
    {
        type            calculated;
        value           uniform 34821501.1091243;
    }
    ground
    {
        type            calculated;
        value           uniform 34821273.7889382;
    }
    otherfaces
    {
        type            empty;
    }
}


// ************************************************************************* //
