/*--------------------------------*- C++ -*----------------------------------*\
| =========                 |                                                 |
| \\      /  F ield         | foam-extend: Open Source CFD                    |
|  \\    /   O peration     | Version:     4.1                                |
|   \\  /    A nd           | Web:         http://www.foam-extend.org         |
|    \\/     M anipulation  |                                                 |
\*---------------------------------------------------------------------------*/
FoamFile
{
    version     2.0;
    format      ascii;
    class       volScalarField;
    location    "1.50009999935002e-05";
    object      powerDissipated;
}
// * * * * * * * * * * * * * * * * * * * * * * * * * * * * * * * * * * * * * //

dimensions      [1 2 -3 0 0 0 0];

internalField   nonuniform List<scalar> 
500
(
2.09404709941574e-05
2.31036304482338e-05
2.585838077854e-05
2.96509674316316e-05
3.47366021243129e-05
4.12766647071528e-05
4.95581805783221e-05
5.97768273747269e-05
7.22444856286969e-05
8.71646857890052e-05
0.000104838596071782
0.000125444436634152
0.000149228618245761
0.000176308516552979
0.000206828818256314
0.000240787050315146
0.000278228893923162
0.000319027234833488
0.000363038377924486
0.000409937052789564
0.000459384889711117
0.000510866230120256
0.000563866346865635
0.000617795610605583
0.000671994160767439
0.000725867905177823
0.000778675890055179
0.000829844305032958
0.000878570891395155
0.000924237095866109
0.000966311074887452
0.0010044170527802
0.00103828597044493
0.00106771582968916
0.00109235371289279
0.00111196704378773
0.00112669670280368
0.00113680238395875
0.00114247808646183
0.00114403573315296
0.00114152395513439
0.00113512454605264
0.00112539170471965
0.00111283383302362
0.00109785707283259
0.00108070184229778
0.00106152098942382
0.0010406956827087
0.00101870812712046
0.000995837832438835
0.000972399084066203
0.000948568124740765
0.000924410678648368
0.000900174815304187
0.000876075624245157
0.000852179169174967
0.000828636455701554
0.000805615579183678
0.000783166007129099
0.000761312482235546
0.000740096548785092
0.0007194667802649
0.000699418254752209
0.00067997081699542
0.000661203239231865
0.000643232333130469
0.000626064303042551
0.000609607403740619
0.0005938149210336
0.000578642439583635
0.000564052013171732
0.000550010221093028
0.000536501677787196
0.000523528025119137
0.000511114755058623
0.000499253914922132
0.000487893500199062
0.000476987354632526
0.000466507128608065
0.000456426714070045
0.000446731494805421
0.000437414492295614
0.000428476781670312
0.0004199058787511
0.000411665692858896
0.000403722590523607
0.000396060848482892
0.000388658668670353
0.000381501584211562
0.000374578127026536
0.000367877579078831
0.000361387841717195
0.000355099279554593
0.000349001421578907
0.000343086313970351
0.000337345408244899
0.000331771965033879
0.00032635693991612
0.000321091628788526
0.000315966765342213
0.000310980362434515
0.000306136143223098
0.000301436437405335
0.000296862398807518
0.000292393916271511
0.000288026595358128
0.000283760268863485
0.000279590950665155
0.000275515554796238
0.000271530073615248
0.000267631682343219
0.00026381668108408
0.000260082583858818
0.000256425943806214
0.000252844478477586
0.00024933511168041
0.000245895723982252
0.000242523511354794
0.000239216548004211
0.000235972253143629
0.000232788898191339
0.000229664024981375
0.000226596191250179
0.000223583054554934
0.000220623293882678
0.000217714761164591
0.00021485627442257
0.000212045822539357
0.000209282341275946
0.000206563964118122
0.000203889705092274
0.000201257869519934
0.000198667519005561
0.000196117089162083
0.000193605739708114
0.000191132010955935
0.000188695086191311
0.000186293670920161
0.000183926998788853
0.000181593821080049
0.000179293482752828
0.000177024792104786
0.000174787152859023
0.000172579448660058
0.000170401135871687
0.00016825115192133
0.00016612902675376
0.000164033723941999
0.000161964839935911
0.000159921404926375
0.000157903027661646
0.000155908797090936
0.000153938363770614
0.000151990883005317
0.000150065986022384
0.000148162914907169
0.000146281330322395
0.000144420492251726
0.000142580105239191
0.000140759454207645
0.000138958278630201
0.000137175910759289
0.000135412083601986
0.000133666186446087
0.000131937964439245
0.000130226820687529
0.000128532548252195
0.000126854569163187
0.00012519267918217
0.000123546347563243
0.00012191537081302
0.000120299254495897
0.000118697802763526
0.0001171105406903
0.000115537285202177
0.000113977608177235
0.00011243130297696
0.000110897978330076
0.000109377454590861
0.000107869316837017
0.0001063734475798
0.000104889420403245
0.000103417120350799
0.000101956159482299
0.000100506418981329
9.90675235984487e-05
9.76393743937476e-05
9.62216106505207e-05
9.48141216837409e-05
9.34165923426243e-05
9.20288773749837e-05
9.0650720313433e-05
8.92819501581231e-05
8.79223380568467e-05
8.6571693876692e-05
8.52298563162904e-05
8.38965690657166e-05
8.25717561193968e-05
8.12550727134781e-05
7.99465784587902e-05
7.86457821724233e-05
7.73529274889204e-05
7.60673236256687e-05
7.47894576171006e-05
7.35183871768523e-05
7.22548842452101e-05
7.09977056644972e-05
6.97479694108444e-05
6.85040603811801e-05
6.72675187335246e-05
6.60362828556634e-05
6.48123803952553e-05
6.35932512679918e-05
6.23814456455544e-05
6.11738747365016e-05
5.99736371105999e-05
5.87771126217084e-05
5.75879259359377e-05
5.64019449354883e-05
5.52233091881324e-05
5.4047406616243e-05
5.28788639054841e-05
5.17127307193576e-05
5.05539633279318e-05
4.9389683330275e-05
4.82227467197492e-05
4.70894477956095e-05
4.59531732218841e-05
4.4819377944482e-05
4.36895316510561e-05
4.25630765438444e-05
4.14405563524901e-05
4.03211750634185e-05
3.9205469203997e-05
3.80925731589591e-05
3.69830985722689e-05
3.5876150140612e-05
3.47723410851581e-05
3.36707579687488e-05
3.25720475431336e-05
3.1475302482412e-05
3.03811528468611e-05
2.9288727708397e-05
2.81986414362388e-05
2.7110038027827e-05
2.602351512114e-05
2.49382746704783e-05
2.38550010538305e-05
2.27731446271496e-05
2.16870490972042e-05
2.06146476423492e-05
1.95308267821686e-05
1.8453187583564e-05
1.73761102991528e-05
1.62992087080445e-05
1.52230247575644e-05
1.41469240757585e-05
1.30713220996445e-05
1.19955796563904e-05
1.09200762332306e-05
9.84421410965058e-06
8.76832574581453e-06
7.69184785470326e-06
6.61506398800158e-06
5.53745285565919e-06
4.45924398364984e-06
3.37996638280176e-06
2.29979937771276e-06
1.218328171907e-06
1.35685862907049e-07
-9.48463747024654e-07
-2.03395917388439e-06
-3.12089087072135e-06
-4.20888072005978e-06
-5.2996190866691e-06
-6.40416441547994e-06
-7.51030627192057e-06
-8.61444141408104e-06
-9.72009019179801e-06
-1.08274834961924e-05
-1.1937736093065e-05
-1.30503673574763e-05
-1.41660389815048e-05
-1.5284407725098e-05
-1.64059440024936e-05
-1.75304680975284e-05
-1.86583038712967e-05
-1.97894064471044e-05
-2.09239852180622e-05
-2.20621007720791e-05
-2.32038854997055e-05
-2.43494613567062e-05
-2.54989167845754e-05
-2.66524205161125e-05
-2.78100316486627e-05
-2.89719417637214e-05
-3.01382079502535e-05
-3.13090209140397e-05
-3.2484454432635e-05
-3.36646919285605e-05
-3.48498208080401e-05
-3.60400184115954e-05
-3.72353888635187e-05
-3.84361024702484e-05
-3.96422873030157e-05
-4.08540974746848e-05
-4.20716819334607e-05
-4.32951890488672e-05
-4.45247930961952e-05
-4.57606264491787e-05
-4.70028764042701e-05
-4.82516917839938e-05
-4.95072611978659e-05
-5.07697328132475e-05
-5.2039318065242e-05
-5.3316161729799e-05
-5.4600482983616e-05
-5.58924377779696e-05
-5.71922650916002e-05
-5.8500108417093e-05
-5.98162288197806e-05
-6.11407819857518e-05
-6.24740315800354e-05
-6.38161437125546e-05
-6.51674049086458e-05
-6.652797313652e-05
-6.78981658828382e-05
-6.9278141322626e-05
-7.06682256719006e-05
-7.20686046846482e-05
-7.34796029751634e-05
-7.49014314518507e-05
-7.63344307754785e-05
-7.77788053375886e-05
-7.92349506391041e-05
-8.07030498464612e-05
-8.21835276024472e-05
-8.36765960247272e-05
-8.51826885946315e-05
-8.67020304461103e-05
-8.82350834616595e-05
-8.97820937111141e-05
-9.13435549989571e-05
-9.29197092470242e-05
-9.45110916262953e-05
-9.6117971492944e-05
-9.77408967917375e-05
-9.93801731925626e-05
-0.000101036374970699
-0.000102709830171782
-0.000104401155373895
-0.000106110703421914
-0.000107839128683812
-0.000109586803494668
-0.000111354438043983
-0.00011314243264675
-0.000114951540926269
-0.000116782197975448
-0.00011863520876022
-0.000120511047964695
-0.0001224105655757
-0.000124334295994155
-0.000126283154487679
-0.000128257692929202
-0.000130258888748816
-0.000132287393066661
-0.000134344232014328
-0.000136430088068112
-0.000138546107070945
-0.000140693011111561
-0.000142872032808368
-0.000145083995207369
-0.000147330190998456
-0.000149611538041758
-0.00015192944446507
-0.000154284892009885
-0.000156679440692439
-0.000159114154264015
-0.000161590714328183
-0.000164110296315196
-0.000166674763560297
-0.000169285390322861
-0.000171944183085718
-0.000174652581387859
-0.00017741276345399
-0.000180226341058244
-0.000183095678882244
-0.000186022585621152
-0.000189009636187511
-0.000192058822013844
-0.000195173007970294
-0.000198354394735997
-0.000201606135197835
-0.000204930698684083
-0.000208331595643808
-0.000211811971904421
-0.000215378637374663
-0.000219039540760017
-0.00022279848863673
-0.000226658329464652
-0.000230627911393788
-0.000234713565987063
-0.000238920060066295
-0.000243251075381123
-0.00024771258188057
-0.000252310945442799
-0.000257054273134226
-0.000261950040492449
-0.000267007202954382
-0.000272234229139599
-0.000277641634302974
-0.000283239584393874
-0.000289040805471095
-0.00029505958583463
-0.000301312558672315
-0.000307815983560228
-0.000314593887583803
-0.000321663428221012
-0.000329039382415098
-0.000336741801860358
-0.000344793369616404
-0.000353212879692928
-0.00036202181595252
-0.000371243010635506
-0.000380906187676205
-0.000391034652957711
-0.000401643225381208
-0.000412756522509607
-0.000424408484187973
-0.000436621399268502
-0.000449420845102074
-0.000462834681342592
-0.000476899513264853
-0.000491652599584907
-0.00050712982211823
-0.000523320303813144
-0.000540232099863668
-0.000557902488624215
-0.000576339543694519
-0.000595530934279687
-0.000615467276822378
-0.000636108675001394
-0.000657454444580276
-0.000679458482179098
-0.000702049077221906
-0.00072519314995833
-0.00074880038839446
-0.000772709435772025
-0.00079682006128294
-0.000821027563193299
-0.0008450826136199
-0.000868760948443629
-0.000891866856380121
-0.000914114091349752
-0.000935321829523294
-0.000955234856161266
-0.000973428225735169
-0.000989577163914155
-0.00100335228670202
-0.0010145022956546
-0.00102286016829068
-0.00102806054267467
-0.00102975343901375
-0.00102772621047788
-0.0010218451001645
-0.00101206283546746
-0.000998442928014035
-0.000980864893915564
-0.000959346328433198
-0.000934027446649728
-0.000905158186432797
-0.000873113660496345
-0.000838148859540898
-0.000800622014979924
-0.000760910409293072
-0.000719411553583039
-0.000676649109026539
-0.000633076897784108
-0.000589170547371692
-0.000545355473746836
-0.000502071063219871
-0.00045967831422898
-0.000418509559883897
-0.000378900890644835
-0.000341141031266635
-0.000305410072360049
-0.000271917490242261
-0.000240734182926069
-0.000211966924018005
-0.000185599838840792
-0.000161661943993427
-0.000140056058242844
-0.000120758563381998
-0.000103614115539055
-8.85602018103383e-05
-7.54054737974802e-05
-6.40598386548988e-05
-5.4316672099158e-05
-4.60674117346788e-05
-3.93694473098253e-05
)
;

boundaryField
{
    electrode
    {
        type            zeroGradient;
    }
    ground
    {
        type            zeroGradient;
    }
    otherfaces
    {
        type            empty;
    }
}


// ************************************************************************* //
