/*--------------------------------*- C++ -*----------------------------------*\
| =========                 |                                                 |
| \\      /  F ield         | foam-extend: Open Source CFD                    |
|  \\    /   O peration     | Version:     4.1                                |
|   \\  /    A nd           | Web:         http://www.foam-extend.org         |
|    \\/     M anipulation  |                                                 |
\*---------------------------------------------------------------------------*/
FoamFile
{
    version     2.0;
    format      ascii;
    class       volVectorField;
    location    "1.50009999935002e-05";
    object      term1;
}
// * * * * * * * * * * * * * * * * * * * * * * * * * * * * * * * * * * * * * //

dimensions      [0 -2 -2 0 0 0 0];

internalField   nonuniform List<vector> 
500
(
(-3.4890561328772e+25 0 0)
(-3.8194824214194e+25 0 0)
(-3.79638697265025e+25 0 0)
(-3.812712391412e+25 0 0)
(-3.82301423918e+25 0 0)
(-3.8571501243091e+25 0 0)
(-3.91448571491285e+25 0 0)
(-3.99424599512905e+25 0 0)
(-4.1078109546778e+25 0 0)
(-4.2038558554579e+25 0 0)
(-4.29278826311055e+25 0 0)
(-4.3593407841157e+25 0 0)
(-4.41299837192381e+25 0 0)
(-4.43738883835734e+25 0 0)
(-4.4408780393665e+25 0 0)
(-4.43386773048615e+25 0 0)
(-4.46111019211435e+25 0 0)
(-4.5017269589613e+25 0 0)
(-4.58552616111769e+25 0 0)
(-4.6568794977314e+25 0 0)
(-4.70564771981221e+25 0 0)
(-4.71606728791024e+25 0 0)
(-4.69556505218383e+25 0 0)
(-4.64512961057405e+25 0 0)
(-4.62822704349788e+25 0 0)
(-4.62341270208752e+25 0 0)
(-4.65926351401924e+25 0 0)
(-4.66912009196315e+25 0 0)
(-4.64322966008593e+25 0 0)
(-4.56794512734484e+25 0 0)
(-4.48893179494766e+25 0 0)
(-4.42783613728795e+25 0 0)
(-4.39234431825298e+25 0 0)
(-4.37154786188311e+25 0 0)
(-4.31378461879579e+25 0 0)
(-4.20734741077582e+25 0 0)
(-4.10319614334599e+25 0 0)
(-4.01276703361065e+25 0 0)
(-3.94497595013591e+25 0 0)
(-3.88549030005709e+25 0 0)
(-3.7922796864895e+25 0 0)
(-3.66700970832519e+25 0 0)
(-3.56239924931759e+25 0 0)
(-3.46203693631774e+25 0 0)
(-3.3831346821912e+25 0 0)
(-3.29876534773271e+25 0 0)
(-3.18832283027539e+25 0 0)
(-3.08043023753794e+25 0 0)
(-2.98208486606869e+25 0 0)
(-2.88426647550419e+25 0 0)
(-2.80123708600523e+25 0 0)
(-2.71553898003383e+25 0 0)
(-2.62068221490527e+25 0 0)
(-2.53323305318286e+25 0 0)
(-2.44893910498423e+25 0 0)
(-2.36318867115203e+25 0 0)
(-2.28123401165712e+25 0 0)
(-2.20836771392439e+25 0 0)
(-2.13632564957024e+25 0 0)
(-2.0692110032669e+25 0 0)
(-2.00463438809406e+25 0 0)
(-1.93874926571001e+25 0 0)
(-1.87332526684392e+25 0 0)
(-1.8072377672437e+25 0 0)
(-1.74507803302574e+25 0 0)
(-1.69183585294404e+25 0 0)
(-1.64343860591533e+25 0 0)
(-1.59611691184754e+25 0 0)
(-1.55091115754579e+25 0 0)
(-1.50614912393973e+25 0 0)
(-1.46298231919195e+25 0 0)
(-1.42010410061464e+25 0 0)
(-1.37901027736965e+25 0 0)
(-1.33907204179981e+25 0 0)
(-1.30321265223051e+25 0 0)
(-1.2694604770605e+25 0 0)
(-1.237448584285e+25 0 0)
(-1.20599944003503e+25 0 0)
(-1.17598400200393e+25 0 0)
(-1.14648778262679e+25 0 0)
(-1.11848530908815e+25 0 0)
(-1.09142829323624e+25 0 0)
(-1.06647615438172e+25 0 0)
(-1.04276633512087e+25 0 0)
(-1.02003458488657e+25 0 0)
(-9.97724359617922e+24 0 0)
(-9.76531905506716e+24 0 0)
(-9.55618981768907e+24 0 0)
(-9.35729529040668e+24 0 0)
(-9.16257420328486e+24 0 0)
(-8.97764320947678e+24 0 0)
(-8.79644218436872e+24 0 0)
(-8.62418239419559e+24 0 0)
(-8.45521111297853e+24 0 0)
(-8.29449309887454e+24 0 0)
(-8.13684014232459e+24 0 0)
(-7.98689328736752e+24 0 0)
(-7.83950331774225e+24 0 0)
(-7.69861756657327e+24 0 0)
(-7.55945457637317e+24 0 0)
(-7.42694530241396e+24 0 0)
(-7.29848069088315e+24 0 0)
(-7.17861608196396e+24 0 0)
(-7.05866152961602e+24 0 0)
(-6.94208326040071e+24 0 0)
(-6.82677686762955e+24 0 0)
(-6.71646950023405e+24 0 0)
(-6.60747169075952e+24 0 0)
(-6.50307066864481e+24 0 0)
(-6.39980999214808e+24 0 0)
(-6.30081224098727e+24 0 0)
(-6.20280691956283e+24 0 0)
(-6.10876149287789e+24 0 0)
(-6.01557719466559e+24 0 0)
(-5.92607631682789e+24 0 0)
(-5.83731959725583e+24 0 0)
(-5.75199412611082e+24 0 0)
(-5.66730875690246e+24 0 0)
(-5.58582354608154e+24 0 0)
(-5.50488594594264e+24 0 0)
(-5.4269370319207e+24 0 0)
(-5.34945324276483e+24 0 0)
(-5.27476383692218e+24 0 0)
(-5.20046625354664e+24 0 0)
(-5.12878445087852e+24 0 0)
(-5.05742912358989e+24 0 0)
(-4.98852505120076e+24 0 0)
(-4.91988941308594e+24 0 0)
(-4.8535531815129e+24 0 0)
(-4.78743373382505e+24 0 0)
(-4.7234734248137e+24 0 0)
(-4.65968405584513e+24 0 0)
(-4.59792389342126e+24 0 0)
(-4.53629392452929e+24 0 0)
(-4.47657284305471e+24 0 0)
(-4.41694588075732e+24 0 0)
(-4.35911598089767e+24 0 0)
(-4.30134833145304e+24 0 0)
(-4.24527369534852e+24 0 0)
(-4.18923322291788e+24 0 0)
(-4.13478882372353e+24 0 0)
(-4.08035382759467e+24 0 0)
(-4.02742467496598e+24 0 0)
(-3.97448319267389e+24 0 0)
(-3.9229630736892e+24 0 0)
(-3.87141170564242e+24 0 0)
(-3.82120271207167e+24 0 0)
(-3.77094608711383e+24 0 0)
(-3.72195777192685e+24 0 0)
(-3.67290764836267e+24 0 0)
(-3.62505642547913e+24 0 0)
(-3.57713129184385e+24 0 0)
(-3.53033978354026e+24 0 0)
(-3.48346408961579e+24 0 0)
(-3.43766065345539e+24 0 0)
(-3.39176446474151e+24 0 0)
(-3.34688268648523e+24 0 0)
(-3.30190115442951e+24 0 0)
(-3.25787943479785e+24 0 0)
(-3.21375231245025e+24 0 0)
(-3.17053341699201e+24 0 0)
(-3.12720485090293e+24 0 0)
(-3.0847356780905e+24 0 0)
(-3.04215363962524e+24 0 0)
(-3.00038482059321e+24 0 0)
(-2.95850100690092e+24 0 0)
(-2.91738652059041e+24 0 0)
(-2.87615595597792e+24 0 0)
(-2.83565303708482e+24 0 0)
(-2.79503376939168e+24 0 0)
(-2.75510253895199e+24 0 0)
(-2.71505559367576e+24 0 0)
(-2.67565887442563e+24 0 0)
(-2.6361477651462e+24 0 0)
(-2.59725084726471e+24 0 0)
(-2.55824163632996e+24 0 0)
(-2.51981215856199e+24 0 0)
(-2.48127306352607e+24 0 0)
(-2.44328078988001e+24 0 0)
(-2.40518214396064e+24 0 0)
(-2.36759875548494e+24 0 0)
(-2.32991287617011e+24 0 0)
(-2.29271186689987e+24 0 0)
(-2.2554128262284e+24 0 0)
(-2.21856937454348e+24 0 0)
(-2.18163301230067e+24 0 0)
(-2.14512371026594e+24 0 0)
(-2.10852747964784e+24 0 0)
(-2.07233031845982e+24 0 0)
(-2.03605325336032e+24 0 0)
(-2.00014727226972e+24 0 0)
(-1.9641700302794e+24 0 0)
(-1.9285352342111e+24 0 0)
(-1.89284009342656e+24 0 0)
(-1.8574571677783e+24 0 0)
(-1.82202803639736e+24 0 0)
(-1.78687808392428e+24 0 0)
(-1.75170075705302e+24 0 0)
(-1.71676504549634e+24 0 0)
(-1.68182718948091e+24 0 0)
(-1.64708682707838e+24 0 0)
(-1.61237821363517e+24 0 0)
(-1.57781395419415e+24 0 0)
(-1.5433264584593e+24 0 0)
(-1.50891858501331e+24 0 0)
(-1.47464601506901e+24 0 0)
(-1.44037459519321e+24 0 0)
(-1.40631221402433e+24 0 0)
(-1.37215765225977e+24 0 0)
(-1.33830114647987e+24 0 0)
(-1.30424545931232e+24 0 0)
(-1.27058937256269e+24 0 0)
(-1.23661782208145e+24 0 0)
(-1.20315366889878e+24 0 0)
(-1.16925668528937e+24 0 0)
(-1.13597084839177e+24 0 0)
(-1.10214596069877e+24 0 0)
(-1.06901809171277e+24 0 0)
(-1.03527094185381e+24 0 0)
(-1.00227326295773e+24 0 0)
(-9.68617841135342e+23 0 0)
(-9.35716065817944e+23 0 0)
(-9.02175302752595e+23 0 0)
(-8.69393301274251e+23 0 0)
(-8.36024746848667e+23 0 0)
(-8.02738788318629e+23 0 0)
(-7.70124587584546e+23 0 0)
(-7.36723525883716e+23 0 0)
(-7.04180116741553e+23 0 0)
(-6.70788333818693e+23 0 0)
(-6.38359764139026e+23 0 0)
(-6.04987155273627e+23 0 0)
(-5.72657397983844e+23 0 0)
(-5.39303883487475e+23 0 0)
(-5.07048673587861e+23 0 0)
(-4.73734935671234e+23 0 0)
(-4.4152179313337e+23 0 0)
(-4.08258080516341e+23 0 0)
(-3.76067260115226e+23 0 0)
(-3.4286868125715e+23 0 0)
(-3.10670180064394e+23 0 0)
(-2.7756526019868e+23 0 0)
(-2.45305821174688e+23 0 0)
(-2.12380382152666e+23 0 0)
(-1.79949029429882e+23 0 0)
(-1.47274052656668e+23 0 0)
(-1.14769494530831e+23 0 0)
(-8.24721310929192e+22 0 0)
(-5.19330314856275e+22 0 0)
(-8.74410978383209e+21 0 0)
(7.95846643147031e+21 0 0)
(5.11212278948148e+22 0 0)
(8.16982728377667e+22 0 0)
(1.13986039643828e+23 0 0)
(1.4648814175145e+23 0 0)
(1.79162226277738e+23 0 0)
(2.1159469634503e+23 0 0)
(2.44519405340516e+23 0 0)
(2.76780105784485e+23 0 0)
(3.09883246816543e+23 0 0)
(3.42083706281312e+23 0 0)
(3.75282378548934e+23 0 0)
(4.07474598393094e+23 0 0)
(4.40739438767067e+23 0 0)
(4.72951577152888e+23 0 0)
(5.06263305672289e+23 0 0)
(5.38526772661902e+23 0 0)
(5.71874510223563e+23 0 0)
(6.04208725142324e+23 0 0)
(6.37583880053413e+23 0 0)
(6.70017984373847e+23 0 0)
(7.03403025521184e+23 0 0)
(7.35952479916202e+23 0 0)
(7.69358981445983e+23 0 0)
(8.01960196356229e+23 0 0)
(8.35211893614718e+23 0 0)
(8.68603355703063e+23 0 0)
(9.01392212020917e+23 0 0)
(9.34931105778207e+23 0 0)
(9.67832014657724e+23 0 0)
(1.00148708363047e+24 0 0)
(1.03448396104966e+24 0 0)
(1.068230589439e+24 0 0)
(1.10135760594063e+24 0 0)
(1.13518188298086e+24 0 0)
(1.16846682043302e+24 0 0)
(1.20236305231843e+24 0 0)
(1.23582624871378e+24 0 0)
(1.26979696187675e+24 0 0)
(1.3034520234277e+24 0 0)
(1.3375067689287e+24 0 0)
(1.37136218138265e+24 0 0)
(1.4055157152719e+24 0 0)
(1.43957692395963e+24 0 0)
(1.47384723947366e+24 0 0)
(1.50811856274536e+24 0 0)
(1.54252522909497e+24 0 0)
(1.5770113987813e+24 0 0)
(1.61157438116238e+24 0 0)
(1.64628159456245e+24 0 0)
(1.68102060264236e+24 0 0)
(1.71595695826685e+24 0 0)
(1.7508912375254e+24 0 0)
(1.78606700965754e+24 0 0)
(1.82121544378155e+24 0 0)
(1.85664292216271e+24 0 0)
(1.89202426776737e+24 0 0)
(1.92771770721613e+24 0 0)
(1.96335082958906e+24 0 0)
(1.9993262716477e+24 0 0)
(2.03523051498691e+24 0 0)
(2.0715057070351e+24 0 0)
(2.10770106637421e+24 0 0)
(2.14429536102635e+24 0 0)
(2.18080276646111e+24 0 0)
(2.21773711569705e+24 0 0)
(2.25457862452475e+24 0 0)
(2.2918755646267e+24 0 0)
(2.32907455630446e+24 0 0)
(2.36675826945366e+24 0 0)
(2.40433958521652e+24 0 0)
(2.44243600026019e+24 0 0)
(2.48042612203845e+24 0 0)
(2.51896293029039e+24 0 0)
(2.55739017723701e+24 0 0)
(2.59639704558909e+24 0 0)
(2.63529169166202e+24 0 0)
(2.67480035552111e+24 0 0)
(2.71419474104506e+24 0 0)
(2.75423921164591e+24 0 0)
(2.79416807441988e+24 0 0)
(2.83478476362993e+24 0 0)
(2.87528524255049e+24 0 0)
(2.91651321752053e+24 0 0)
(2.95762519685827e+24 0 0)
(2.99950635963784e+24 0 0)
(3.04127262943068e+24 0 0)
(3.08385198347859e+24 0 0)
(3.12631855257631e+24 0 0)
(3.16964438614377e+24 0 0)
(3.21286064298198e+24 0 0)
(3.25698495637129e+24 0 0)
(3.30100402462385e+24 0 0)
(3.34598273165207e+24 0 0)
(3.39086182304195e+24 0 0)
(3.43675513227298e+24 0 0)
(3.48255585577129e+24 0 0)
(3.52942863241329e+24 0 0)
(3.57621741473879e+24 0 0)
(3.62413963012214e+24 0 0)
(3.67198809686079e+24 0 0)
(3.72103526593935e+24 0 0)
(3.77002080416692e+24 0 0)
(3.82027451211785e+24 0 0)
(3.87048074144552e+24 0 0)
(3.92202918131306e+24 0 0)
(3.973546545367e+24 0 0)
(4.02648509502193e+24 0 0)
(4.07941154698159e+24 0 0)
(4.13384364348626e+24 0 0)
(4.1882853050337e+24 0 0)
(4.24432293194625e+24 0 0)
(4.30039491093838e+24 0 0)
(4.35815978599869e+24 0 0)
(4.41598715539129e+24 0 0)
(4.47561139016861e+24 0 0)
(4.53532999158317e+24 0 0)
(4.59695726857858e+24 0 0)
(4.65871504417116e+24 0 0)
(4.72250193901993e+24 0 0)
(4.78646004438944e+24 0 0)
(4.8525771472694e+24 0 0)
(4.91891129675191e+24 0 0)
(4.98754480988406e+24 0 0)
(5.05644707653991e+24 0 0)
(5.12780049372825e+24 0 0)
(5.19948080169847e+24 0 0)
(5.27377676262284e+24 0 0)
(5.3484649788672e+24 0 0)
(5.42594755763283e+24 0 0)
(5.50389568757058e+24 0 0)
(5.58483247053895e+24 0 0)
(5.66631729111783e+24 0 0)
(5.75100252297644e+24 0 0)
(5.83632842735876e+24 0 0)
(5.92508554686882e+24 0 0)
(6.01458754945112e+24 0 0)
(6.10777317148837e+24 0 0)
(6.20182059720748e+24 0 0)
(6.29982822458843e+24 0 0)
(6.39882915074354e+24 0 0)
(6.50209353170381e+24 0 0)
(6.60649897898241e+24 0 0)
(6.71550191325551e+24 0 0)
(6.82581563351284e+24 0 0)
(6.94112958012708e+24 0 0)
(7.05773782036989e+24 0 0)
(7.17779370091232e+24 0 0)
(7.29777760348585e+24 0 0)
(7.42627048781083e+24 0 0)
(7.55880606421045e+24 0 0)
(7.69800002903266e+24 0 0)
(7.83892018742266e+24 0 0)
(7.98634680061208e+24 0 0)
(8.13633549813629e+24 0 0)
(8.2940331687537e+24 0 0)
(8.45480061952952e+24 0 0)
(8.6238260221991e+24 0 0)
(8.79614600840394e+24 0 0)
(8.97741198485643e+24 0 0)
(9.1624144864962e+24 0 0)
(9.35721482391337e+24 0 0)
(9.55619716714091e+24 0 0)
(9.76544618549174e+24 0 0)
(9.977522163846e+24 0 0)
(1.02007353460404e+25 0 0)
(1.04280584180901e+25 0 0)
(1.06650407555312e+25 0 0)
(1.09146638334726e+25 0 0)
(1.1185386035336e+25 0 0)
(1.14655654618806e+25 0 0)
(1.17606966174466e+25 0 0)
(1.20610364297801e+25 0 0)
(1.23757305560721e+25 0 0)
(1.26960702996568e+25 0 0)
(1.30336681844635e+25 0 0)
(1.33919945274968e+25 0 0)
(1.37912578990604e+25 0 0)
(1.42024306920538e+25 0 0)
(1.46314589884577e+25 0 0)
(1.50633829639969e+25 0 0)
(1.55112821059827e+25 0 0)
(1.59636361789636e+25 0 0)
(1.64371758409683e+25 0 0)
(1.69215951635246e+25 0 0)
(1.74542349171373e+25 0 0)
(1.80754040540928e+25 0 0)
(1.87367540179325e+25 0 0)
(1.93914087887228e+25 0 0)
(2.00506910945464e+25 0 0)
(2.06969321472659e+25 0 0)
(2.13689411001095e+25 0 0)
(2.20906153956538e+25 0 0)
(2.2819173349065e+25 0 0)
(2.36381938617936e+25 0 0)
(2.44966698985411e+25 0 0)
(2.53404227961079e+25 0 0)
(2.62160106962472e+25 0 0)
(2.71656231002716e+25 0 0)
(2.80226785340688e+25 0 0)
(2.88534411392331e+25 0 0)
(2.98331745023794e+25 0 0)
(3.0818320196557e+25 0 0)
(3.18974879160905e+25 0 0)
(3.29993666065201e+25 0 0)
(3.38437957503843e+25 0 0)
(3.46376419531277e+25 0 0)
(3.56450823837478e+25 0 0)
(3.66910469188017e+25 0 0)
(3.79371636075345e+25 0 0)
(3.88647002097637e+25 0 0)
(3.94640006398568e+25 0 0)
(4.01564540807995e+25 0 0)
(4.10629251199375e+25 0 0)
(4.20963080859832e+25 0 0)
(4.31448603591386e+25 0 0)
(4.37206078754357e+25 0 0)
(4.39369517495574e+25 0 0)
(4.43177841753296e+25 0 0)
(4.49275812081086e+25 0 0)
(4.57005649007346e+25 0 0)
(4.64327266524966e+25 0 0)
(4.66904095866236e+25 0 0)
(4.65933260558534e+25 0 0)
(4.62561913984724e+25 0 0)
(4.63312603141728e+25 0 0)
(4.64887404732427e+25 0 0)
(4.6961058339795e+25 0 0)
(4.71537457167776e+25 0 0)
(4.70485531958345e+25 0 0)
(4.65578476660352e+25 0 0)
(4.58487166672811e+25 0 0)
(4.50382733049142e+25 0 0)
(4.46604504842431e+25 0 0)
(4.43779578081444e+25 0 0)
(4.44164285325188e+25 0 0)
(4.43606121288424e+25 0 0)
(4.41183443075073e+25 0 0)
(4.35804104750138e+25 0 0)
(4.2913426256889e+25 0 0)
(4.2022744707744e+25 0 0)
(4.10607566089465e+25 0 0)
(3.99407086509999e+25 0 0)
(3.91825583745701e+25 0 0)
(3.86167611438086e+25 0 0)
(3.82660458062545e+25 0 0)
(3.81304573521202e+25 0 0)
(3.79499955349187e+25 0 0)
(3.81820525578626e+25 0 0)
(3.48835921291164e+25 0 0)
)
;

boundaryField
{
    electrode
    {
        type            calculated;
        value           uniform (-3.4890561328772e+25 0 0);
    }
    ground
    {
        type            calculated;
        value           uniform (3.48835921291164e+25 0 0);
    }
    otherfaces
    {
        type            empty;
    }
}


// ************************************************************************* //
