/*--------------------------------*- C++ -*----------------------------------*\
| =========                 |                                                 |
| \\      /  F ield         | foam-extend: Open Source CFD                    |
|  \\    /   O peration     | Version:     4.1                                |
|   \\  /    A nd           | Web:         http://www.foam-extend.org         |
|    \\/     M anipulation  |                                                 |
\*---------------------------------------------------------------------------*/
FoamFile
{
    version     2.0;
    format      ascii;
    class       volVectorField;
    location    "1.50009999935002e-05";
    object      velocityAr2p;
}
// * * * * * * * * * * * * * * * * * * * * * * * * * * * * * * * * * * * * * //

dimensions      [0 1 -1 0 0 0 0];

internalField   nonuniform List<vector> 
500
(
(-2656.14971498427 0 0)
(-2612.51721039937 0 0)
(-2585.20270408417 0 0)
(-2555.04357621513 0 0)
(-2525.37543532082 0 0)
(-2495.38175525344 0 0)
(-2465.00906686912 0 0)
(-2434.03802976108 0 0)
(-2402.29636495087 0 0)
(-2369.59217502124 0 0)
(-2336.12608142507 0 0)
(-2301.95484847518 0 0)
(-2267.27816561823 0 0)
(-2232.21244274809 0 0)
(-2196.99811121706 0 0)
(-2161.74406360866 0 0)
(-2126.4318262264 0 0)
(-2090.75465629145 0 0)
(-2054.61353429803 0 0)
(-2017.72729628997 0 0)
(-1980.31560144149 0 0)
(-1942.58831431989 0 0)
(-1904.86487108304 0 0)
(-1867.35397837332 0 0)
(-1830.17114161927 0 0)
(-1792.98919588252 0 0)
(-1755.73367549446 0 0)
(-1718.16752613905 0 0)
(-1680.6339926505 0 0)
(-1643.42723275419 0 0)
(-1606.86726018843 0 0)
(-1570.86731023847 0 0)
(-1535.2568529896 0 0)
(-1499.86981667314 0 0)
(-1464.71480728444 0 0)
(-1430.16888299071 0 0)
(-1396.52238285238 0 0)
(-1363.65929979035 0 0)
(-1331.45582540594 0 0)
(-1299.76456829529 0 0)
(-1268.62705710717 0 0)
(-1238.35353879257 0 0)
(-1209.09061107395 0 0)
(-1180.62742953908 0 0)
(-1152.94255760059 0 0)
(-1125.89212279492 0 0)
(-1099.59998582263 0 0)
(-1074.24106719293 0 0)
(-1049.73949167079 0 0)
(-1026.03019454628 0 0)
(-1003.09857021074 0 0)
(-980.838503535901 0 0)
(-959.310555086771 0 0)
(-938.56320451046 0 0)
(-918.521930382431 0 0)
(-899.179732361225 0 0)
(-880.540356443501 0 0)
(-862.555476750724 0 0)
(-845.158639402399 0 0)
(-828.349680767961 0 0)
(-812.08584446779 0 0)
(-796.359976155533 0 0)
(-781.185239895301 0 0)
(-766.555677648678 0 0)
(-752.467517150943 0 0)
(-738.870595225106 0 0)
(-725.692673959112 0 0)
(-712.907988918663 0 0)
(-700.510084574751 0 0)
(-688.482652816875 0 0)
(-676.823527426751 0 0)
(-665.519821019615 0 0)
(-654.56880620392 0 0)
(-643.95303370699 0 0)
(-633.658292633925 0 0)
(-623.648912148468 0 0)
(-613.911991703486 0 0)
(-604.434996061289 0 0)
(-595.21364428586 0 0)
(-586.235874108604 0 0)
(-577.497172690267 0 0)
(-568.983636954697 0 0)
(-560.685992946357 0 0)
(-552.585784690797 0 0)
(-544.67465460135 0 0)
(-536.945410078591 0 0)
(-529.394204357489 0 0)
(-522.011823920589 0 0)
(-514.796186586765 0 0)
(-507.738106813352 0 0)
(-500.834286090339 0 0)
(-494.076235483547 0 0)
(-487.461028258874 0 0)
(-480.980872484451 0 0)
(-474.633172584571 0 0)
(-468.410658631246 0 0)
(-462.31090419373 0 0)
(-456.327174184389 0 0)
(-450.457622020295 0 0)
(-444.696550537497 0 0)
(-439.042431373155 0 0)
(-433.488678869216 0 0)
(-428.03150074267 0 0)
(-422.664048657567 0 0)
(-417.387608596605 0 0)
(-412.198697125499 0 0)
(-407.096082595855 0 0)
(-402.075242453975 0 0)
(-397.135219329035 0 0)
(-392.271800131433 0 0)
(-387.484166389223 0 0)
(-382.768380524822 0 0)
(-378.123746274686 0 0)
(-373.546576522372 0 0)
(-369.03628397855 0 0)
(-364.589410114253 0 0)
(-360.205464899696 0 0)
(-355.881198358309 0 0)
(-351.616207471338 0 0)
(-347.407433271517 0 0)
(-343.254550269028 0 0)
(-339.15467450524 0 0)
(-335.107549938528 0 0)
(-331.110453309971 0 0)
(-327.16319059248 0 0)
(-323.26318628295 0 0)
(-319.410301923557 0 0)
(-315.602098096573 0 0)
(-311.838486011609 0 0)
(-308.117151847503 0 0)
(-304.438051247241 0 0)
(-300.798986418324 0 0)
(-297.199952746559 0 0)
(-293.638859909381 0 0)
(-290.115738834601 0 0)
(-286.628598712244 0 0)
(-283.177502258786 0 0)
(-279.760551127611 0 0)
(-276.377836376748 0 0)
(-273.027545703787 0 0)
(-269.709795354571 0 0)
(-266.422853230383 0 0)
(-263.166858002726 0 0)
(-259.940152240307 0 0)
(-256.742894609182 0 0)
(-253.573497549469 0 0)
(-250.432137345359 0 0)
(-247.317291818255 0 0)
(-244.229152734616 0 0)
(-241.166259298444 0 0)
(-238.12881685109 0 0)
(-235.115422149587 0 0)
(-232.126292378962 0 0)
(-229.160078482875 0 0)
(-226.21700788116 0 0)
(-223.295782522764 0 0)
(-220.396638592638 0 0)
(-217.518326190178 0 0)
(-214.661088856159 0 0)
(-211.823722266034 0 0)
(-209.006476073405 0 0)
(-206.208189108835 0 0)
(-203.429115845167 0 0)
(-200.6681361512 0 0)
(-197.925508257292 0 0)
(-195.200150970358 0 0)
(-192.492325278379 0 0)
(-189.8009871442 0 0)
(-187.126399222944 0 0)
(-184.467553017918 0 0)
(-181.824711950273 0 0)
(-179.196901490853 0 0)
(-176.584384852281 0 0)
(-173.98622023905 0 0)
(-171.40266978229 0 0)
(-168.832823146581 0 0)
(-166.276940439902 0 0)
(-163.734141799744 0 0)
(-161.204684466824 0 0)
(-158.687718039417 0 0)
(-156.183496078733 0 0)
(-153.691196851688 0 0)
(-151.211069260746 0 0)
(-148.7423197161 0 0)
(-146.285191403192 0 0)
(-143.838918513341 0 0)
(-141.40373727949 0 0)
(-138.978909812475 0 0)
(-136.564663628458 0 0)
(-134.160289487663 0 0)
(-131.76600386122 0 0)
(-129.381127878036 0 0)
(-127.005863314609 0 0)
(-124.63956502773 0 0)
(-122.282414605332 0 0)
(-119.933806371889 0 0)
(-117.593893487153 0 0)
(-115.262118834531 0 0)
(-112.938594734727 0 0)
(-110.622826821092 0 0)
(-108.314868441123 0 0)
(-106.014308866595 0 0)
(-103.721116496968 0 0)
(-101.434994131413 0 0)
(-99.155789296729 0 0)
(-96.8833592151313 0 0)
(-94.6173828536725 0 0)
(-92.3579249333114 0 0)
(-90.1044360399087 0 0)
(-87.8572531583373 0 0)
(-85.6155284390596 0 0)
(-83.3799435496718 0 0)
(-81.1492782809894 0 0)
(-78.9246304501292 0 0)
(-76.7043405730398 0 0)
(-74.4899798605495 0 0)
(-72.2794054304273 0 0)
(-70.0746867076028 0 0)
(-67.8731957135857 0 0)
(-65.6774725240104 0 0)
(-63.4844634997781 0 0)
(-61.2970779926168 0 0)
(-59.1119636194113 0 0)
(-56.9321693160452 0 0)
(-54.7541075678472 0 0)
(-52.5813740449364 0 0)
(-50.4121222608173 0 0)
(-48.2441410341211 0 0)
(-46.0813082775498 0 0)
(-43.9190135390996 0 0)
(-41.7621017123314 0 0)
(-39.6048818953924 0 0)
(-37.4533242575084 0 0)
(-35.300582494632 0 0)
(-33.1538523607202 0 0)
(-31.005031411966 0 0)
(-28.8625532036668 0 0)
(-26.7171331644326 0 0)
(-24.5783713905589 0 0)
(-22.4358069115708 0 0)
(-20.3002082734375 0 0)
(-18.159991709093 0 0)
(-16.0269189575186 0 0)
(-13.888728850921 0 0)
(-11.756986258607 0 0)
(-9.62142288936769 0 0)
(-7.48961820529753 0 0)
(-5.35675103271924 0 0)
(-3.22439864344623 0 0)
(-1.09302156412931 0 0)
(1.03951208039934 0 0)
(3.17088895529293 0 0)
(5.30324029310022 0 0)
(7.43611269744909 0 0)
(9.56791776970763 0 0)
(11.7034785024146 0 0)
(13.8352264242051 0 0)
(15.9734211502673 0 0)
(18.1065010669015 0 0)
(20.2467161657804 0 0)
(22.3823138099037 0 0)
(24.5248845699909 0 0)
(26.6636489602981 0 0)
(28.8090800532887 0 0)
(30.9515698066364 0 0)
(33.1003718305764 0 0)
(35.2471282468402 0 0)
(37.3998678515035 0 0)
(39.5514352004523 0 0)
(41.7086661607709 0 0)
(43.8656168784439 0 0)
(46.0279106264018 0 0)
(48.1907571643854 0 0)
(50.3587623722271 0 0)
(52.5280532488111 0 0)
(54.7006904370799 0 0)
(56.8787010175502 0 0)
(59.0584719058025 0 0)
(61.2435636052015 0 0)
(63.4309222779105 0 0)
(65.6239046747223 0 0)
(67.8195978129238 0 0)
(70.0210585010894 0 0)
(72.2257438214555 0 0)
(74.4362842773849 0 0)
(76.6506082962252 0 0)
(78.8708605384289 0 0)
(81.0954682672264 0 0)
(83.3260922763402 0 0)
(85.5616336530438 0 0)
(87.8033134968644 0 0)
(90.0504493979438 0 0)
(92.3038898197786 0 0)
(94.5632972635771 0 0)
(96.8292215609389 0 0)
(99.1015976661705 0 0)
(101.38074683705 0 0)
(103.666811659764 0 0)
(105.959944765265 0 0)
(108.260443227382 0 0)
(110.568338753113 0 0)
(112.884041953648 0 0)
(115.207499554014 0 0)
(117.539205891686 0 0)
(119.87904865904 0 0)
(122.227584930472 0 0)
(124.584661567691 0 0)
(126.950884266615 0 0)
(129.326071403259 0 0)
(131.710868114445 0 0)
(134.105072624449 0 0)
(136.509363801671 0 0)
(138.923525165631 0 0)
(141.348265981439 0 0)
(143.783358680683 0 0)
(146.229541170999 0 0)
(148.686577224142 0 0)
(151.155232624645 0 0)
(153.635264191038 0 0)
(156.127465500486 0 0)
(158.631587657255 0 0)
(161.14845239196 0 0)
(163.677806118813 0 0)
(166.220499270426 0 0)
(168.776274549587 0 0)
(171.346011855931 0 0)
(173.929451071772 0 0)
(176.527502497441 0 0)
(179.139904012055 0 0)
(181.767597411739 0 0)
(184.410319506923 0 0)
(187.069044766576 0 0)
(189.743509778317 0 0)
(192.434723067502 0 0)
(195.142421931761 0 0)
(197.867650434399 0 0)
(200.610147545578 0 0)
(203.370994511924 0 0)
(206.149933046718 0 0)
(208.948083311941 0 0)
(211.765190810736 0 0)
(214.602416688703 0 0)
(217.459511321552 0 0)
(220.33767902066 0 0)
(223.236676264017 0 0)
(226.157752900552 0 0)
(229.100672783987 0 0)
(232.066733917572 0 0)
(235.055708918335 0 0)
(238.068946833616 0 0)
(241.106230481729 0 0)
(244.168963072238 0 0)
(247.256939269336 0 0)
(250.371619899085 0 0)
(253.512813187941 0 0)
(256.682041306137 0 0)
(259.879127980704 0 0)
(263.105660755062 0 0)
(266.361480997085 0 0)
(269.648246146542 0 0)
(272.965817480343 0 0)
(276.315927151908 0 0)
(279.698458899994 0 0)
(283.115225053717 0 0)
(286.566134605622 0 0)
(290.053085870455 0 0)
(293.576016171191 0 0)
(297.1369162876 0 0)
(300.735755317103 0 0)
(304.374623649455 0 0)
(308.053525918536 0 0)
(311.774659950776 0 0)
(315.538070097431 0 0)
(319.346070249731 0 0)
(323.19874924898 0 0)
(327.098546537795 0 0)
(331.045600679456 0 0)
(335.042487196698 0 0)
(339.089400164372 0 0)
(343.189062964441 0 0)
(347.341731694287 0 0)
(351.550290420858 0 0)
(355.815064646484 0 0)
(360.139113536824 0 0)
(364.522840314606 0 0)
(368.969495015086 0 0)
(373.479567802587 0 0)
(378.056517464404 0 0)
(382.700931399037 0 0)
(387.416497022702 0 0)
(392.203910726731 0 0)
(397.067110553372 0 0)
(402.006915087487 0 0)
(407.027537821349 0 0)
(412.129936498595 0 0)
(417.318634181905 0 0)
(422.594863402927 0 0)
(427.962136370904 0 0)
(433.419208880887 0 0)
(438.972883313929 0 0)
(444.626936377573 0 0)
(450.387954278025 0 0)
(456.257466972767 0 0)
(462.241172189975 0 0)
(468.340918954945 0 0)
(474.563443754255 0 0)
(480.911174811361 0 0)
(487.391384116806 0 0)
(494.00666980245 0 0)
(500.764826278913 0 0)
(507.668782351944 0 0)
(514.727031045634 0 0)
(521.942873164047 0 0)
(529.325500997468 0 0)
(536.877026035161 0 0)
(544.606646003245 0 0)
(552.518191216272 0 0)
(560.618729410474 0 0)
(568.916718697757 0 0)
(577.430659814244 0 0)
(586.169832054361 0 0)
(595.148144621751 0 0)
(604.370117288529 0 0)
(613.847819745454 0 0)
(623.585541488964 0 0)
(633.595824924558 0 0)
(643.891371283613 0 0)
(654.507795709212 0 0)
(665.459525020843 0 0)
(676.764045515642 0 0)
(688.424089959473 0 0)
(700.452557115761 0 0)
(712.851618879 0 0)
(725.637594847146 0 0)
(738.816949566327 0 0)
(752.415609386674 0 0)
(766.505180913099 0 0)
(781.13627962435 0 0)
(796.312718181972 0 0)
(812.040461160128 0 0)
(828.306356446815 0 0)
(845.117579104106 0 0)
(862.517389677913 0 0)
(880.50551396979 0 0)
(899.147575729632 0 0)
(918.492762803374 0 0)
(938.537327967388 0 0)
(959.288326848679 0 0)
(980.820630976585 0 0)
(1003.08531520468 0 0)
(1026.02138690193 0 0)
(1049.73555932759 0 0)
(1074.24264481408 0 0)
(1099.6077629443 0 0)
(1125.90540344672 0 0)
(1152.96078554208 0 0)
(1180.65210286209 0 0)
(1209.12331682616 0 0)
(1238.39551006884 0 0)
(1268.6762464228 0 0)
(1299.81876664092 0 0)
(1331.51391012479 0 0)
(1363.72761215783 0 0)
(1396.60313756844 0 0)
(1430.26191301061 0 0)
(1464.81240390111 0 0)
(1499.97047670207 0 0)
(1535.35891423052 0 0)
(1570.98292217602 0 0)
(1606.99925987341 0 0)
(1643.57229534155 0 0)
(1680.78122722189 0 0)
(1718.31523956429 0 0)
(1755.88026534861 0 0)
(1793.13920789501 0 0)
(1830.33829324282 0 0)
(1867.54052897813 0 0)
(1905.05824379961 0 0)
(1942.78023546442 0 0)
(1980.50477129472 0 0)
(2017.91252806801 0 0)
(2054.79353685227 0 0)
(2090.93675362352 0 0)
(2126.63092373238 0 0)
(2161.96227564823 0 0)
(2197.22530226463 0 0)
(2232.43593091253 0 0)
(2267.4970641548 0 0)
(2302.16859123953 0 0)
(2336.33408522866 0 0)
(2369.79389251666 0 0)
(2402.49128673786 0 0)
(2434.2254678077 0 0)
(2465.20728713518 0 0)
(2495.59642286654 0 0)
(2525.6082263496 0 0)
(2555.28319015814 0 0)
(2585.43794723893 0 0)
(2612.74790371973 0 0)
(2656.37445912865 0 0)
)
;

boundaryField
{
    electrode
    {
        type            zeroGradient;
    }
    ground
    {
        type            zeroGradient;
    }
    otherfaces
    {
        type            empty;
    }
}


// ************************************************************************* //
