/*--------------------------------*- C++ -*----------------------------------*\
| =========                 |                                                 |
| \\      /  F ield         | foam-extend: Open Source CFD                    |
|  \\    /   O peration     | Version:     4.1                                |
|   \\  /    A nd           | Web:         http://www.foam-extend.org         |
|    \\/     M anipulation  |                                                 |
\*---------------------------------------------------------------------------*/
FoamFile
{
    version     2.0;
    format      ascii;
    class       volVectorField;
    location    "1.50999999960559e-05";
    object      currentDensity;
}
// * * * * * * * * * * * * * * * * * * * * * * * * * * * * * * * * * * * * * //

dimensions      [0 -2 0 0 0 1 0];

internalField   nonuniform List<vector> 
500
(
(-192.155863215121 0 0)
(-192.174457317495 0 0)
(-192.26627263932 0 0)
(-192.169315603685 0 0)
(-192.333516200246 0 0)
(-192.192289120472 0 0)
(-192.344401722823 0 0)
(-192.229255895271 0 0)
(-192.333333106563 0 0)
(-192.267027004272 0 0)
(-192.315127482704 0 0)
(-192.285531496675 0 0)
(-192.283463991028 0 0)
(-192.278462124234 0 0)
(-192.23342091142 0 0)
(-192.250623072334 0 0)
(-192.172166347104 0 0)
(-192.198999771042 0 0)
(-192.095193170974 0 0)
(-192.112809404975 0 0)
(-191.999233356208 0 0)
(-191.990710080714 0 0)
(-191.888514131013 0 0)
(-191.83927664213 0 0)
(-191.753722800232 0 0)
(-191.656243183664 0 0)
(-191.583441833553 0 0)
(-191.444800821522 0 0)
(-191.378153831471 0 0)
(-191.210171328104 0 0)
(-191.131632913188 0 0)
(-190.94602119696 0 0)
(-190.841280504572 0 0)
(-190.652766284587 0 0)
(-190.516318150254 0 0)
(-190.330704906879 0 0)
(-190.155903606719 0 0)
(-189.973046078539 0 0)
(-189.764657259899 0 0)
(-189.585133467515 0 0)
(-189.355442537555 0 0)
(-189.171913566004 0 0)
(-188.930013571886 0 0)
(-188.734163702992 0 0)
(-188.491174835253 0 0)
(-188.277994995797 0 0)
(-188.036812437226 0 0)
(-187.800419176124 0 0)
(-187.563877993179 0 0)
(-187.308533564549 0 0)
(-187.076301732172 0 0)
(-186.808072885952 0 0)
(-186.575125405337 0 0)
(-186.300570593385 0 0)
(-186.061269602324 0 0)
(-185.785352877617 0 0)
(-185.53314454425 0 0)
(-185.257602850951 0 0)
(-184.989144220307 0 0)
(-184.712803041403 0 0)
(-184.426894823098 0 0)
(-184.145995693308 0 0)
(-183.844000361395 0 0)
(-183.554009645192 0 0)
(-183.239532665049 0 0)
(-182.936612297855 0 0)
(-182.613482640418 0 0)
(-182.294979909478 0 0)
(-181.965213491634 0 0)
(-181.630003512054 0 0)
(-181.293582071379 0 0)
(-180.942797119279 0 0)
(-180.598684927148 0 0)
(-180.235367157501 0 0)
(-179.881957403864 0 0)
(-179.509323570172 0 0)
(-179.144803148672 0 0)
(-178.765236809019 0 0)
(-178.388687778701 0 0)
(-178.003423258871 0 0)
(-177.614975174221 0 0)
(-177.223369412055 0 0)
(-176.82330295163 0 0)
(-176.423096694181 0 0)
(-176.012353346537 0 0)
(-175.602243452223 0 0)
(-175.183447092849 0 0)
(-174.763879027178 0 0)
(-174.339096619019 0 0)
(-173.90996092861 0 0)
(-173.478902293812 0 0)
(-173.040777909748 0 0)
(-172.604370116999 0 0)
(-172.160634236855 0 0)
(-171.71887008809 0 0)
(-171.265452293686 0 0)
(-170.809218679528 0 0)
(-170.343728928892 0 0)
(-169.875170272986 0 0)
(-169.40120033446 0 0)
(-168.922735186475 0 0)
(-168.439464246261 0 0)
(-167.947764808715 0 0)
(-167.449408698755 0 0)
(-166.943848892353 0 0)
(-166.433142531746 0 0)
(-165.914999281754 0 0)
(-165.392272262507 0 0)
(-164.862934543654 0 0)
(-164.327233051724 0 0)
(-163.786044410284 0 0)
(-163.23664115472 0 0)
(-162.682860662196 0 0)
(-162.121193164914 0 0)
(-161.556212282094 0 0)
(-160.985189524309 0 0)
(-160.410813886943 0 0)
(-159.831746191266 0 0)
(-159.248257625785 0 0)
(-158.661041588059 0 0)
(-158.069464510159 0 0)
(-157.475961743386 0 0)
(-156.879568897036 0 0)
(-156.281856154286 0 0)
(-155.681046326169 0 0)
(-155.078249153663 0 0)
(-154.473061965406 0 0)
(-153.864939717488 0 0)
(-153.250793073809 0 0)
(-152.624169093271 0 0)
(-151.983007477475 0 0)
(-151.326872319059 0 0)
(-150.660761575917 0 0)
(-149.989847190063 0 0)
(-149.308653388585 0 0)
(-148.617882492164 0 0)
(-147.926121317011 0 0)
(-147.231420883766 0 0)
(-146.525303617379 0 0)
(-145.806440487474 0 0)
(-145.086940408529 0 0)
(-144.394685445338 0 0)
(-143.674308179776 0 0)
(-142.891724559507 0 0)
(-142.176175168861 0 0)
(-141.516980975394 0 0)
(-140.787225934377 0 0)
(-139.925668464779 0 0)
(-139.126376673169 0 0)
(-138.618563093643 0 0)
(-138.053664542477 0 0)
(-136.781755581743 0 0)
(-135.864707914964 0 0)
(-135.690691936332 0 0)
(-135.437540174993 0 0)
(-133.655192504613 0 0)
(-132.230362213017 0 0)
(-132.541423967967 0 0)
(-133.42179856893 0 0)
(-131.243762330181 0 0)
(-128.756309394262 0 0)
(-129.56947200748 0 0)
(-132.013075262431 0 0)
(-130.666801023444 0 0)
(-127.094711432905 0 0)
(-127.774770789704 0 0)
(-131.965895005438 0 0)
(-133.002431728263 0 0)
(-130.082894088566 0 0)
(-130.429413969398 0 0)
(-135.982967480179 0 0)
(-140.826714653634 0 0)
(-141.658461183126 0 0)
(-143.448186162553 0 0)
(-150.70377298904 0 0)
(-160.520463724689 0 0)
(-168.234011702388 0 0)
(-175.46814842961 0 0)
(-186.948063263779 0 0)
(-203.02206272853 0 0)
(-220.292760201314 0 0)
(-237.688122371271 0 0)
(-257.915056122983 0 0)
(-283.273529151068 0 0)
(-312.407762802365 0 0)
(-343.557842341455 0 0)
(-377.089751906193 0 0)
(-415.127661963654 0 0)
(-457.844173480671 0 0)
(-504.188801901746 0 0)
(-553.169425865147 0 0)
(-605.730432236136 0 0)
(-662.182048067803 0 0)
(-722.435892691807 0 0)
(-785.132966727692 0 0)
(-850.368216316202 0 0)
(-917.775597877382 0 0)
(-987.757962603606 0 0)
(-1059.07885780028 0 0)
(-1131.68300435275 0 0)
(-1204.51077864001 0 0)
(-1278.08336437706 0 0)
(-1351.21737991973 0 0)
(-1424.23698291849 0 0)
(-1495.76504907331 0 0)
(-1566.46116042644 0 0)
(-1635.08340005158 0 0)
(-1702.40315125177 0 0)
(-1767.00567674536 0 0)
(-1829.80398685389 0 0)
(-1889.47059323224 0 0)
(-1947.15017247589 0 0)
(-2001.46638493413 0 0)
(-2053.64939329977 0 0)
(-2102.31992129658 0 0)
(-2148.87695208453 0 0)
(-2191.94336919453 0 0)
(-2232.99700742464 0 0)
(-2270.63948207445 0 0)
(-2306.43647955487 0 0)
(-2338.98459865617 0 0)
(-2369.89716719334 0 0)
(-2397.75925635723 0 0)
(-2424.22350652008 0 0)
(-2447.86521981889 0 0)
(-2470.34472759195 0 0)
(-2490.23360037389 0 0)
(-2509.19075371672 0 0)
(-2525.79219408317 0 0)
(-2541.67658137871 0 0)
(-2555.43156384256 0 0)
(-2568.66067684207 0 0)
(-2579.97431515135 0 0)
(-2590.93329501018 0 0)
(-2600.17515346603 0 0)
(-2609.20436370669 0 0)
(-2616.69725369998 0 0)
(-2624.09461590653 0 0)
(-2630.12255790784 0 0)
(-2636.14927627294 0 0)
(-2640.95814987037 0 0)
(-2645.84011782345 0 0)
(-2649.65139229609 0 0)
(-2653.58892750866 0 0)
(-2656.57586733875 0 0)
(-2659.72104125918 0 0)
(-2662.03260650048 0 0)
(-2664.51914058388 0 0)
(-2666.28542767391 0 0)
(-2668.22637001487 0 0)
(-2669.55489843664 0 0)
(-2671.04170050114 0 0)
(-2672.02172583652 0 0)
(-2672.65491837002 0 0)
(-2673.90201622442 0 0)
(-2674.55822482463 0 0)
(-2675.18125764652 0 0)
(-2675.58647854676 0 0)
(-2676.04469843738 0 0)
(-2676.26290408351 0 0)
(-2676.60845638288 0 0)
(-2676.67210504928 0 0)
(-2676.92550900012 0 0)
(-2676.86795208741 0 0)
(-2677.05707861562 0 0)
(-2676.90495110369 0 0)
(-2677.04891558069 0 0)
(-2676.8276429439 0 0)
(-2676.94653178379 0 0)
(-2676.67712897604 0 0)
(-2676.78295396912 0 0)
(-2676.48043807664 0 0)
(-2676.59188676259 0 0)
(-2676.28097853861 0 0)
(-2676.40192594228 0 0)
(-2676.08954838757 0 0)
(-2676.24346073488 0 0)
(-2675.95292855164 0 0)
(-2676.13331383182 0 0)
(-2675.86880086797 0 0)
(-2676.10382821512 0 0)
(-2675.88267889034 0 0)
(-2676.15884741601 0 0)
(-2675.99169213338 0 0)
(-2676.34257266311 0 0)
(-2676.23844343247 0 0)
(-2676.63986713462 0 0)
(-2676.60632597178 0 0)
(-2677.09632762866 0 0)
(-2677.14764603422 0 0)
(-2677.69908616289 0 0)
(-2677.82706137668 0 0)
(-2678.47066811019 0 0)
(-2678.70199243755 0 0)
(-2679.42059628688 0 0)
(-2679.7266369473 0 0)
(-2680.52169400545 0 0)
(-2680.93341036259 0 0)
(-2681.81709362034 0 0)
(-2682.3139994114 0 0)
(-2683.25421828725 0 0)
(-2683.82522867761 0 0)
(-2684.84020035803 0 0)
(-2685.50713726306 0 0)
(-2686.59356198744 0 0)
(-2687.32634866694 0 0)
(-2688.45188843851 0 0)
(-2689.24621932039 0 0)
(-2690.4300221933 0 0)
(-2691.30332757782 0 0)
(-2692.55166386831 0 0)
(-2693.48784160708 0 0)
(-2694.76233360978 0 0)
(-2695.72947882316 0 0)
(-2697.03288140119 0 0)
(-2698.06045414945 0 0)
(-2699.41528567142 0 0)
(-2700.49495739586 0 0)
(-2701.88268359505 0 0)
(-2702.99647976879 0 0)
(-2704.39533173254 0 0)
(-2705.51822935607 0 0)
(-2706.91779192778 0 0)
(-2708.06084721412 0 0)
(-2709.48813908714 0 0)
(-2710.67185865177 0 0)
(-2712.13038484934 0 0)
(-2713.33291803198 0 0)
(-2714.79250157177 0 0)
(-2715.99090662208 0 0)
(-2717.44226396526 0 0)
(-2718.63279366892 0 0)
(-2720.07793309602 0 0)
(-2721.25838614591 0 0)
(-2722.6952959757 0 0)
(-2723.86676399058 0 0)
(-2725.30990541983 0 0)
(-2726.48888677766 0 0)
(-2727.94924219431 0 0)
(-2729.12917172641 0 0)
(-2730.58892041832 0 0)
(-2731.74253953945 0 0)
(-2733.17741419052 0 0)
(-2734.28491086183 0 0)
(-2735.69383897187 0 0)
(-2736.7641269587 0 0)
(-2738.15664931842 0 0)
(-2739.18846111116 0 0)
(-2740.5641266619 0 0)
(-2741.5570908042 0 0)
(-2742.9195934466 0 0)
(-2743.87001524765 0 0)
(-2745.21447139173 0 0)
(-2746.11846282479 0 0)
(-2747.45509533268 0 0)
(-2748.32437415183 0 0)
(-2749.65792462344 0 0)
(-2750.47863306204 0 0)
(-2751.79097691769 0 0)
(-2752.54235464792 0 0)
(-2753.81713719544 0 0)
(-2754.4795308417 0 0)
(-2755.70698629244 0 0)
(-2756.27626223785 0 0)
(-2757.46326174643 0 0)
(-2757.94121378285 0 0)
(-2759.08931007063 0 0)
(-2759.4728149823 0 0)
(-2760.58670806117 0 0)
(-2760.87905795306 0 0)
(-2761.94622041711 0 0)
(-2762.12253062294 0 0)
(-2763.15627829673 0 0)
(-2763.24181882315 0 0)
(-2764.25098770699 0 0)
(-2764.22581676739 0 0)
(-2765.18776544678 0 0)
(-2765.02983938473 0 0)
(-2765.93766298408 0 0)
(-2765.64131677726 0 0)
(-2766.4947719515 0 0)
(-2766.05109293292 0 0)
(-2766.84262709172 0 0)
(-2766.23504323418 0 0)
(-2766.95101725266 0 0)
(-2766.15777101079 0 0)
(-2766.7817910863 0 0)
(-2765.77704282936 0 0)
(-2766.28906343352 0 0)
(-2765.04900299907 0 0)
(-2765.44125930901 0 0)
(-2763.95941079112 0 0)
(-2764.23589575449 0 0)
(-2762.5048246943 0 0)
(-2762.66059549192 0 0)
(-2760.664240377 0 0)
(-2760.69421985519 0 0)
(-2758.40763075517 0 0)
(-2758.28507256032 0 0)
(-2755.70106463916 0 0)
(-2755.41883148702 0 0)
(-2752.48985001478 0 0)
(-2752.01989706486 0 0)
(-2748.72349404368 0 0)
(-2748.04553696193 0 0)
(-2744.3428182874 0 0)
(-2743.43022476754 0 0)
(-2739.28741262747 0 0)
(-2738.11905278037 0 0)
(-2733.50104839187 0 0)
(-2732.0521840084 0 0)
(-2726.92410248219 0 0)
(-2725.17284916193 0 0)
(-2719.50018391037 0 0)
(-2717.41880423889 0 0)
(-2711.16081849297 0 0)
(-2708.71761033554 0 0)
(-2701.83213232112 0 0)
(-2698.99279927596 0 0)
(-2691.43314438498 0 0)
(-2688.15853181883 0 0)
(-2679.87140492476 0 0)
(-2676.11791854952 0 0)
(-2667.04311430414 0 0)
(-2662.76366921727 0 0)
(-2652.83907742415 0 0)
(-2647.99017240801 0 0)
(-2637.15905611024 0 0)
(-2631.70430794465 0 0)
(-2619.91458576081 0 0)
(-2613.81854464661 0 0)
(-2601.01686647522 0 0)
(-2594.2380652238 0 0)
(-2580.36608912525 0 0)
(-2572.8580480583 0 0)
(-2557.86106911526 0 0)
(-2549.57861452007 0 0)
(-2533.40399655116 0 0)
(-2524.30466549549 0 0)
(-2506.90146418447 0 0)
(-2496.9455784887 0 0)
(-2478.27045387617 0 0)
(-2467.4326464794 0 0)
(-2447.44886989645 0 0)
(-2435.71110814384 0 0)
(-2414.37848178484 0 0)
(-2401.72446773861 0 0)
(-2379.0070115071 0 0)
(-2365.42938199172 0 0)
(-2341.30276546746 0 0)
(-2326.81337833543 0 0)
(-2301.2706167081 0 0)
(-2285.89048201559 0 0)
(-2258.93921336643 0 0)
(-2242.71095032657 0 0)
(-2214.39044601936 0 0)
(-2197.38412651945 0 0)
(-2167.7535122546 0 0)
(-2150.05256284781 0 0)
(-2119.18207934741 0 0)
(-2100.88727722239 0 0)
(-2068.86098386539 0 0)
(-2050.11147709713 0 0)
(-2017.04923997601 0 0)
(-1998.04139013709 0 0)
(-1964.07943313794 0 0)
(-1945.02310673867 0 0)
(-1910.26799772887 0 0)
(-1891.40093374203 0 0)
(-1855.98411365323 0 0)
(-1837.62124766482 0 0)
(-1801.68512052314 0 0)
(-1784.15846750822 0 0)
(-1747.7897868436 0 0)
(-1731.45671059308 0 0)
(-1694.73272879116 0 0)
(-1680.04697050839 0 0)
(-1643.02859187888 0 0)
(-1630.49397562433 0 0)
(-1593.11783202468 0 0)
(-1583.29140742433 0 0)
(-1545.36336243633 0 0)
(-1538.93612460758 0 0)
(-1500.10439382367 0 0)
(-1497.95429059147 0 0)
(-1457.57040912625 0 0)
(-1460.82850281443 0 0)
(-1417.83010684943 0 0)
(-1428.0479110307 0 0)
(-1380.77158640584 0 0)
(-1400.1585580478 0 0)
(-1343.42195216598 0 0)
(-1380.22735810371 0 0)
(-1282.01141667862 0 0)
(-1391.12023699195 0 0)
(-1183.91301590793 0 0)
(-1448.51491534979 0 0)
(-952.361024551058 0 0)
(-1773.17192058031 0 0)
(-426.954275358261 0 0)
)
;

boundaryField
{
    electrode
    {
        type            calculated;
        value           uniform (-192.155859399345 0 0);
    }
    ground
    {
        type            calculated;
        value           uniform (-1288.53462879668 0 0);
    }
    otherfaces
    {
        type            empty;
    }
}


// ************************************************************************* //
