/*--------------------------------*- C++ -*----------------------------------*\
| =========                 |                                                 |
| \\      /  F ield         | foam-extend: Open Source CFD                    |
|  \\    /   O peration     | Version:     4.1                                |
|   \\  /    A nd           | Web:         http://www.foam-extend.org         |
|    \\/     M anipulation  |                                                 |
\*---------------------------------------------------------------------------*/
FoamFile
{
    version     2.0;
    format      ascii;
    class       volScalarField;
    location    "1.50999999960559e-05";
    object      EPotentialMean;
}
// * * * * * * * * * * * * * * * * * * * * * * * * * * * * * * * * * * * * * //

dimensions      [1 2 -3 0 0 -1 0];

internalField   nonuniform List<scalar> 
500
(
1.18028557438435
3.52674911512684
5.85911582353359
8.17733920548835
10.4814249291769
12.771340138511
15.0470866030967
17.3086392312881
19.5560001754053
21.7891496940157
24.0080915386102
26.2128114572023
28.4033151709873
30.5795934365274
32.7416542474219
34.8894928307186
37.023120006254
39.1425354287801
41.2477532785008
43.3387774520891
45.4156253935668
47.4783048860138
49.5268364036601
51.5612316280453
53.5815140385739
55.5876992430594
57.5798133346909
59.5578755237246
61.5219141295596
63.4719518368716
65.4080191509588
67.3301420330755
69.2383529111579
71.1326804885356
73.0131589192239
74.8798193233257
76.7326976331358
78.5718270127781
80.3972449706017
82.208986214456
84.007089662364
85.7915913514666
87.5625315114512
89.3199472642911
91.0638798272082
92.7943671766953
94.5114512809876
96.2151709268687
97.905568606807
99.5826837488824
101.246559009405
102.897234198154
104.534751835327
106.15915188588
107.770476555381
109.368765768507
110.95406130805
112.526402864038
114.085831761101
115.632387355764
117.166110600361
118.687040529874
120.195217823545
121.690681213081
123.173471154201
124.643626110903
126.10118633156
127.546190063354
128.978677341792
130.398686255073
131.806256615493
133.201426403891
134.584235204447
135.954720924627
137.312922931528
138.658879074458
139.992628533
141.314209098933
142.623659806626
143.921018384435
145.206323766626
146.47961361506
147.740926803729
148.99030093643
150.227774857669
151.453386137695
152.667173614549
153.869174864311
155.059428739771
156.237972875695
157.404846171228
158.560086383676
159.703732505653
160.835822476378
161.956395425301
163.065489499565
164.163143981451
165.249397234989
166.324288730235
167.387857016184
168.440141673454
169.481181303135
170.511015464429
171.529682687976
172.53722242017
173.533673076177
174.519073981725
175.493463462463
176.456880746089
177.409364101683
178.350952682175
179.281684730807
180.201599354692
181.110734802298
182.009130168345
182.896823736114
183.773854624942
184.640261186813
185.49608261044
186.341357363924
187.176124763646
188.000423460546
188.81429297231
189.617772220088
190.410901021708
191.19371868882
191.966265466572
192.728581187254
193.480706641335
194.222682284818
194.954549538088
195.6763495381
196.388124334885
197.089915654035
197.781765967432
198.463717274653
199.1358121181
199.798092457145
200.450600676316
201.093378605216
201.72646849847
202.349912126915
202.963751691643
203.568028996368
204.162786297375
204.748065557335
205.323909229743
205.890359595846
206.44745948562
206.995251701299
207.533779670015
208.063086940276
208.583217745125
209.094216570317
209.596128632767
210.088999506999
210.572875443677
211.047802944216
211.513828867888
211.971000061806
212.419363470637
212.858966079396
213.289855114723
213.712078065276
214.125682787815
214.530717637964
214.927231505662
215.315274049649
215.69489567456
216.066147884182
216.429083212185
216.783755682572
217.130220558199
217.468534606399
217.798755395332
218.12094145536
218.435151831068
218.741446936135
219.039888217895
219.330539135129
219.613464836591
219.888733337642
220.156415210903
220.416584797609
220.669319352279
220.914699476042
221.15280741573
221.383728469442
221.607550502642
221.824365663222
222.034269905556
222.237364777896
222.43375629184
222.623555375829
222.80687495184
222.983831720053
223.154545492961
223.319141328116
223.477748368244
223.630500694158
223.777533577114
223.918984235331
224.054991232314
224.185696822761
224.311244886255
224.431780785194
224.547447566342
224.658388807467
224.764747455224
224.866667216352
224.964288604685
225.057749815797
225.147185885212
225.232731189711
225.314515958986
225.392667305448
225.467307173233
225.53855559579
225.606527718542
225.67133550391
225.733084833396
225.791878912749
225.847815792854
225.900990680145
225.951492492472
225.999407251748
226.044815891817
226.08779700355
226.128422999557
226.16676371036
226.202884272467
226.236847942456
226.268712118774
226.298531696044
226.326356321237
226.352233619238
226.376205998994
226.398314055957
226.418593231975
226.43707752368
226.453796162873
226.468777401182
226.482044574684
226.493617411997
226.503513025212
226.511743624008
226.518322633543
226.523254406634
226.52654845928
226.528209709349
226.528237760561
226.52663260035
226.523394643409
226.518518970017
226.51199606107
226.503821565893
226.493982062396
226.482465339442
226.469254289051
226.454329181671
226.437666687286
226.419238550254
226.39901554154
226.376963663761
226.353047473862
226.32722637451
226.299457951573
226.269694580319
226.237886608925
226.203979137332
226.167914762347
226.129630215122
226.089060355241
226.046135340302
226.000782751071
225.95292398802
225.902478102359
225.849359054165
225.793477911084
225.734739448836
225.673045595029
225.608293117105
225.540376106894
225.469182576019
225.394597353805
225.31650037569
225.234769665751
225.149278076525
225.059895343646
224.966487045457
224.868918106831
224.767050289419
224.660743041048
224.549852611365
224.434236010821
224.313749618674
224.188250347974
224.057592793252
223.921633034087
223.780228771618
223.633241401255
223.480533666704
223.321970262823
223.15741707102
222.98674491525
222.809828707712
222.626548613099
222.43678790477
222.240433641149
222.037374875293
221.827505584726
221.610724206557
221.386934774941
221.156045130058
220.917967404022
220.672616294902
220.419909557267
220.159766586255
219.892110128948
219.616865843719
219.33396316452
219.043334076675
218.744913437068
218.438637787779
218.124445689691
217.802276733334
217.472071883309
217.13377261234
216.787321360916
216.432661363718
216.069737365011
215.698495341927
215.318882768554
214.930848143089
214.534341066084
214.129311877786
213.715711691725
213.293492150619
212.862605401686
212.423003955254
211.974640587437
211.517468310661
211.051440181598
210.576509346062
210.09262894229
209.599752462423
209.097833653656
208.586826933486
208.0666870823
207.537369605611
206.998830266291
206.451025505498
205.89391189052
205.327446605895
204.751586813798
204.166290218678
203.571514357926
202.967217254268
202.353356641128
201.729890699317
201.096777216109
200.453974404021
199.801439994188
199.139132137936
198.467008434691
197.785026905106
197.093144989473
196.391320667203
195.679511448274
194.957675585187
194.225771008586
193.483756558697
192.731590794914
191.969233237538
191.196643075332
190.413780451145
189.620605096997
188.817077674859
188.003158342267
187.178808150368
186.343987555895
185.498657879241
184.642779777987
183.776314754888
182.899223594604
182.011467916234
181.113008573647
180.203807254552
179.283824837207
178.353023042912
177.411362736045
176.458805642015
175.495312577595
174.520845241978
173.535364377424
172.53883162718
171.531207636153
170.512453958213
169.482531117227
168.441400550694
167.389022669956
166.325358843236
165.250369460778
164.164015944296
163.066258795481
161.957059621362
160.836379111824
159.704179091225
158.560420403725
157.405065082571
156.238074109209
155.059409699086
153.86903292692
152.666906131227
151.452990433944
150.227248233147
148.989640666396
147.740130139415
146.478677784446
145.205245975349
143.919795816512
142.622289625134
141.312688446482
139.990954532556
138.657048829641
137.310933527857
135.952569429435
134.581918668616
133.198941861047
131.803601083957
130.395856737881
128.975670827976
127.543003528158
126.097816737558
124.640070408179
123.169726282557
121.686744101887
120.191085394161
118.682709694545
117.161578264355
115.627650415724
114.080887108739
112.521247385208
110.948691885653
109.363179280726
107.764669879469
106.153121897615
104.528495411642
102.890748215644
101.23984034709
99.5757292874967
97.8983752313674
96.2077355255474
94.5037707476029
92.7864384104841
91.0556997351081
89.3115127592176
87.5538395160453
85.7826387949092
83.9978734844452
82.1995033624006
80.3874924032594
78.5618016973344
76.7223965501465
74.8692394628749
73.0022972866493
71.1215340999234
69.2269187998979
67.3184172445311
65.3960007487138
63.4596368978989
61.5092997497805
59.5449588135081
57.5665914237593
55.5741692765779
53.5676731812477
51.5470770604337
49.5123653264657
47.4635145161923
45.4005129688381
43.3233402259886
41.2319885253761
39.1264404379618
37.0066920887047
34.8727293121863
32.7245524759266
30.5621507742454
28.3855290016685
26.1946791776944
23.989610565797
21.770317457197
19.5368141223313
17.2890968215251
15.0271853125881
12.7510774542551
10.4607983537154
8.15634625352402
5.83775402527894
3.50501601131755
1.15817872286335
)
;

boundaryField
{
    electrode
    {
        type            calculated;
        value           uniform 1.00000000026143e-10;
    }
    ground
    {
        type            calculated;
        value           uniform -0.0222949459782538;
    }
    otherfaces
    {
        type            empty;
    }
}


// ************************************************************************* //
