/*--------------------------------*- C++ -*----------------------------------*\
| =========                 |                                                 |
| \\      /  F ield         | foam-extend: Open Source CFD                    |
|  \\    /   O peration     | Version:     4.1                                |
|   \\  /    A nd           | Web:         http://www.foam-extend.org         |
|    \\/     M anipulation  |                                                 |
\*---------------------------------------------------------------------------*/
FoamFile
{
    version     2.0;
    format      ascii;
    class       volVectorField;
    location    "1.50999999960559e-05";
    object      Flux_Arp1Mean;
}
// * * * * * * * * * * * * * * * * * * * * * * * * * * * * * * * * * * * * * //

dimensions      [0 -2 -1 0 0 0 0];

internalField   nonuniform List<vector> 
500
(
(-9.26407584540416e+20 0 0)
(-9.2640594857124e+20 0 0)
(-9.264300655394e+20 0 0)
(-9.26411900927175e+20 0 0)
(-9.2642146686578e+20 0 0)
(-9.26401434160309e+20 0 0)
(-9.26397112156937e+20 0 0)
(-9.26371873477043e+20 0 0)
(-9.26352617861128e+20 0 0)
(-9.26319435579307e+20 0 0)
(-9.26283757960387e+20 0 0)
(-9.26239831281377e+20 0 0)
(-9.26185961849295e+20 0 0)
(-9.26128429901122e+20 0 0)
(-9.26054350316037e+20 0 0)
(-9.25980293187916e+20 0 0)
(-9.25883732717091e+20 0 0)
(-9.25790150810254e+20 0 0)
(-9.25668636279356e+20 0 0)
(-9.2555248480768e+20 0 0)
(-9.25403419982991e+20 0 0)
(-9.25261657439732e+20 0 0)
(-9.25082349251337e+20 0 0)
(-9.24911920035892e+20 0 0)
(-9.24699602958649e+20 0 0)
(-9.24497465881975e+20 0 0)
(-9.24249373244327e+20 0 0)
(-9.24012553630609e+20 0 0)
(-9.23725949711557e+20 0 0)
(-9.23451525816508e+20 0 0)
(-9.23123721975499e+20 0 0)
(-9.22808853879553e+20 0 0)
(-9.22437274266653e+20 0 0)
(-9.22079236323668e+20 0 0)
(-9.21661439971164e+20 0 0)
(-9.21257615932897e+20 0 0)
(-9.2079129848334e+20 0 0)
(-9.20339218689812e+20 0 0)
(-9.19822249826084e+20 0 0)
(-9.19319625190235e+20 0 0)
(-9.187500327286e+20 0 0)
(-9.18194765345995e+20 0 0)
(-9.17570729847858e+20 0 0)
(-9.16960947594312e+20 0 0)
(-9.16280817780453e+20 0 0)
(-9.15614882852084e+20 0 0)
(-9.14877172011952e+20 0 0)
(-9.14153663889774e+20 0 0)
(-9.13357068071703e+20 0 0)
(-9.12574783627677e+20 0 0)
(-9.11718203127711e+20 0 0)
(-9.10876139672358e+20 0 0)
(-9.09958686369244e+20 0 0)
(-9.09056023347596e+20 0 0)
(-9.08077020447111e+20 0 0)
(-9.07113113937983e+20 0 0)
(-9.06072090960779e+20 0 0)
(-9.05046474690043e+20 0 0)
(-9.03943149739014e+20 0 0)
(-9.02855531122794e+20 0 0)
(-9.0168979118591e+20 0 0)
(-9.0054004807534e+20 0 0)
(-8.99311932638114e+20 0 0)
(-8.98100112566268e+20 0 0)
(-8.96809800307012e+20 0 0)
(-8.95536110953153e+20 0 0)
(-8.94183912669235e+20 0 0)
(-8.92848712855192e+20 0 0)
(-8.91435062160607e+20 0 0)
(-8.90038839881512e+20 0 0)
(-8.88564284459597e+20 0 0)
(-8.87107637548417e+20 0 0)
(-8.85572832435732e+20 0 0)
(-8.84056457598878e+20 0 0)
(-8.82462168119102e+20 0 0)
(-8.80886847566146e+20 0 0)
(-8.79233928757736e+20 0 0)
(-8.77600509142483e+20 0 0)
(-8.75889888014382e+20 0 0)
(-8.74199269275548e+20 0 0)
(-8.72431932777276e+20 0 0)
(-8.70685082096848e+20 0 0)
(-8.68862072285142e+20 0 0)
(-8.67060010477887e+20 0 0)
(-8.65182393120821e+20 0 0)
(-8.63326169490786e+20 0 0)
(-8.6139501747111e+20 0 0)
(-8.59485691960521e+20 0 0)
(-8.57502090329671e+20 0 0)
(-8.55540756171029e+20 0 0)
(-8.53505816716597e+20 0 0)
(-8.51493562224114e+20 0 0)
(-8.49408387769629e+20 0 0)
(-8.47346270575554e+20 0 0)
(-8.4521193155784e+20 0 0)
(-8.43100962253431e+20 0 0)
(-8.40918500492187e+20 0 0)
(-8.38759689094856e+20 0 0)
(-8.36530135382617e+20 0 0)
(-8.3432445170846e+20 0 0)
(-8.32048779619936e+20 0 0)
(-8.29797132787042e+20 0 0)
(-8.27476230797603e+20 0 0)
(-8.25179444536829e+20 0 0)
(-8.22814126547198e+20 0 0)
(-8.2047300113322e+20 0 0)
(-8.18064042645383e+20 0 0)
(-8.15679304588724e+20 0 0)
(-8.13227383296765e+20 0 0)
(-8.10799657582511e+20 0 0)
(-8.08305336628496e+20 0 0)
(-8.05835121965456e+20 0 0)
(-8.03298850339931e+20 0 0)
(-8.00786574865779e+20 0 0)
(-7.98208764532046e+20 0 0)
(-7.95654769860341e+20 0 0)
(-7.93035711790302e+20 0 0)
(-7.90440206690464e+20 0 0)
(-7.87780056056152e+20 0 0)
(-7.85143102187668e+20 0 0)
(-7.8244185400893e+20 0 0)
(-7.79763389171807e+20 0 0)
(-7.7702096070803e+20 0 0)
(-7.74300858892925e+20 0 0)
(-7.71517044534461e+20 0 0)
(-7.68755018667167e+20 0 0)
(-7.65929436647179e+20 0 0)
(-7.63125018478604e+20 0 0)
(-7.60257102657834e+20 0 0)
(-7.57409632662145e+20 0 0)
(-7.54498644337863e+20 0 0)
(-7.51607340439861e+20 0 0)
(-7.48652433856099e+20 0 0)
(-7.45716356349724e+20 0 0)
(-7.42716497985966e+20 0 0)
(-7.39734511251947e+20 0 0)
(-7.36688461857693e+20 0 0)
(-7.33659220227705e+20 0 0)
(-7.30565533259537e+20 0 0)
(-7.27487466774329e+20 0 0)
(-7.24344496646856e+20 0 0)
(-7.21215890210471e+20 0 0)
(-7.18021832481084e+20 0 0)
(-7.14840759127253e+20 0 0)
(-7.11593580919193e+20 0 0)
(-7.08357884106754e+20 0 0)
(-7.05055314079681e+20 0 0)
(-7.01762584920838e+20 0 0)
(-6.98402083643354e+20 0 0)
(-6.95049640733947e+20 0 0)
(-6.91628437354535e+20 0 0)
(-6.88213413001296e+20 0 0)
(-6.84728525996773e+20 0 0)
(-6.81247785198991e+20 0 0)
(-6.7769594128732e+20 0 0)
(-6.74146044228805e+20 0 0)
(-6.70523663268072e+20 0 0)
(-6.66900861547935e+20 0 0)
(-6.63204059937908e+20 0 0)
(-6.59504300045224e+20 0 0)
(-6.5572893801108e+20 0 0)
(-6.51947925470236e+20 0 0)
(-6.48089542502039e+20 0 0)
(-6.44222645516461e+20 0 0)
(-6.40276466619974e+20 0 0)
(-6.36318697389094e+20 0 0)
(-6.32279559928695e+20 0 0)
(-6.28225550496524e+20 0 0)
(-6.24087923170363e+20 0 0)
(-6.19931930472418e+20 0 0)
(-6.15689889566675e+20 0 0)
(-6.11425744056937e+20 0 0)
(-6.07072887793005e+20 0 0)
(-6.02693919684401e+20 0 0)
(-5.98223389424513e+20 0 0)
(-5.93722671375791e+20 0 0)
(-5.89127514772672e+20 0 0)
(-5.84497739326467e+20 0 0)
(-5.79770351288239e+20 0 0)
(-5.75003711678148e+20 0 0)
(-5.70136080862765e+20 0 0)
(-5.65224320035143e+20 0 0)
(-5.60207967958741e+20 0 0)
(-5.55142308540711e+20 0 0)
(-5.49968145828565e+20 0 0)
(-5.44739183061739e+20 0 0)
(-5.39398174667594e+20 0 0)
(-5.3399706989916e+20 0 0)
(-5.28479957993401e+20 0 0)
(-5.22897292037064e+20 0 0)
(-5.17194655982085e+20 0 0)
(-5.11420900348355e+20 0 0)
(-5.05523060354229e+20 0 0)
(-4.99548386914375e+20 0 0)
(-4.93446582828037e+20 0 0)
(-4.8726307148628e+20 0 0)
(-4.80949076306068e+20 0 0)
(-4.74548631472898e+20 0 0)
(-4.68014615315768e+20 0 0)
(-4.61389515868799e+20 0 0)
(-4.54628913445343e+20 0 0)
(-4.47774375765987e+20 0 0)
(-4.40782763651418e+20 0 0)
(-4.33694304755863e+20 0 0)
(-4.26467695408844e+20 0 0)
(-4.1914240398183e+20 0 0)
(-4.1167998092774e+20 0 0)
(-4.0411804948385e+20 0 0)
(-3.96419841110207e+20 0 0)
(-3.88621902860834e+20 0 0)
(-3.80689950485927e+20 0 0)
(-3.72659850360573e+20 0 0)
(-3.64498555729702e+20 0 0)
(-3.56240611146176e+20 0 0)
(-3.47855292081097e+20 0 0)
(-3.39376267312322e+20 0 0)
(-3.30774546391766e+20 0 0)
(-3.22082153631235e+20 0 0)
(-3.13272198457628e+20 0 0)
(-3.0437553336215e+20 0 0)
(-2.9536724379465e+20 0 0)
(-2.8627649188105e+20 0 0)
(-2.77080171763133e+20 0 0)
(-2.6780607629263e+20 0 0)
(-2.58433163511435e+20 0 0)
(-2.48987556209068e+20 0 0)
(-2.39449816322076e+20 0 0)
(-2.29844568869913e+20 0 0)
(-2.20154463750774e+20 0 0)
(-2.10402385058443e+20 0 0)
(-2.00572471307816e+20 0 0)
(-1.9068611964687e+20 0 0)
(-1.80729405710234e+20 0 0)
(-1.70722001870357e+20 0 0)
(-1.6065157299905e+20 0 0)
(-1.50536238121891e+20 0 0)
(-1.40365342767211e+20 0 0)
(-1.30155342293498e+20 0 0)
(-1.19897331533354e+20 0 0)
(-1.09606015249858e+20 0 0)
(-9.92742539749277e+19 0 0)
(-8.89149286647265e+19 0 0)
(-7.85224699821983e+19 0 0)
(-6.81091741319766e+19 0 0)
(-5.76690308211002e+19 0 0)
(-4.72158294032817e+19 0 0)
(-3.6737920405672e+19 0 0)
(-2.62636926518206e+19 0 0)
(-1.57633793039164e+19 0 0)
(-5.27121566855132e+18 0 0)
(5.22822096386123e+18 0 0)
(1.57203933775388e+19 0 0)
(2.62207806123408e+19 0 0)
(3.6695090155052e+19 0 0)
(4.71731153186414e+19 0 0)
(5.76264589260454e+19 0 0)
(6.80667813104379e+19 0 0)
(7.84802813564551e+19 0 0)
(8.8872979679611e+19 0 0)
(9.92325740368736e+19 0 0)
(1.09564647291889e+20 0 0)
(1.1985630270735e+20 0 0)
(1.30114695808023e+20 0 0)
(1.40325104619303e+20 0 0)
(1.50496453333667e+20 0 0)
(1.606122668561e+20 0 0)
(1.70683213889862e+20 0 0)
(1.80691165184712e+20 0 0)
(1.90648464098735e+20 0 0)
(2.00535431913442e+20 0 0)
(2.10366000780702e+20 0 0)
(2.20118758571126e+20 0 0)
(2.2980958855648e+20 0 0)
(2.39415592480957e+20 0 0)
(2.48954134426052e+20 0 0)
(2.58400567505755e+20 0 0)
(2.67774360911202e+20 0 0)
(2.77049370117005e+20 0 0)
(2.86246655415726e+20 0 0)
(2.95338399790092e+20 0 0)
(3.04347745894454e+20 0 0)
(3.13245499037683e+20 0 0)
(3.22056598965874e+20 0 0)
(3.30750167815363e+20 0 0)
(3.39353136278241e+20 0 0)
(3.47833435154405e+20 0 0)
(3.5622009104378e+20 0 0)
(3.64479402251081e+20 0 0)
(3.72642132250079e+20 0 0)
(3.80673690602698e+20 0 0)
(3.88607163292637e+20 0 0)
(3.9640664312879e+20 0 0)
(4.04106455414478e+20 0 0)
(4.11670003011991e+20 0 0)
(4.19134096639978e+20 0 0)
(4.26461071128822e+20 0 0)
(4.33689414308451e+20 0 0)
(4.40779609228474e+20 0 0)
(4.47772995388314e+20 0 0)
(4.54629310440604e+20 0 0)
(4.61391723795746e+20 0 0)
(4.680186300144e+20 0 0)
(4.74554472526617e+20 0 0)
(4.80956723321114e+20 0 0)
(4.8727254304287e+20 0 0)
(4.9345786350559e+20 0 0)
(4.99561485727767e+20 0 0)
(5.05537950147225e+20 0 0)
(5.11437580662897e+20 0 0)
(5.1721308510675e+20 0 0)
(5.22917474319306e+20 0 0)
(5.28501859908393e+20 0 0)
(5.34020696159113e+20 0 0)
(5.39423481498346e+20 0 0)
(5.44766168521615e+20 0 0)
(5.4999676210935e+20 0 0)
(5.5517255412501e+20 0 0)
(5.60239788885398e+20 0 0)
(5.65257720820804e+20 0 0)
(5.70171018378339e+20 0 0)
(5.75040194566111e+20 0 0)
(5.79808331335539e+20 0 0)
(5.8453722033666e+20 0 0)
(5.89168443916498e+20 0 0)
(5.93765053671048e+20 0 0)
(5.98267172089019e+20 0 0)
(6.02739113304655e+20 0 0)
(6.07119438696743e+20 0 0)
(6.11473663710393e+20 0 0)
(6.15739132606708e+20 0 0)
(6.19982517041881e+20 0 0)
(6.24139808829062e+20 0 0)
(6.2827875635902e+20 0 0)
(6.32334039315346e+20 0 0)
(6.36374469344259e+20 0 0)
(6.40333481522043e+20 0 0)
(6.44280922347424e+20 0 0)
(6.48149032493362e+20 0 0)
(6.52008651384436e+20 0 0)
(6.55790854901136e+20 0 0)
(6.59567436193698e+20 0 0)
(6.63268369969959e+20 0 0)
(6.66966374972919e+20 0 0)
(6.70590329752302e+20 0 0)
(6.74213893501082e+20 0 0)
(6.77764930672039e+20 0 0)
(6.81317951021868e+20 0 0)
(6.84799823131743e+20 0 0)
(6.88285877686357e+20 0 0)
(6.91702017406815e+20 0 0)
(6.95124373456401e+20 0 0)
(6.98477914833146e+20 0 0)
(7.01839553621249e+20 0 0)
(7.0513336538431e+20 0 0)
(7.08437055826199e+20 0 0)
(7.11673826594087e+20 0 0)
(7.14922113752672e+20 0 0)
(7.18104259961237e+20 0 0)
(7.21299418824186e+20 0 0)
(7.24429100652366e+20 0 0)
(7.27573163510385e+20 0 0)
(7.30652303911141e+20 0 0)
(7.33747071641221e+20 0 0)
(7.36777379005152e+20 0 0)
(7.39824495391825e+20 0 0)
(7.4280753756516e+20 0 0)
(7.45808445492648e+20 0 0)
(7.48745565875522e+20 0 0)
(7.51701508852134e+20 0 0)
(7.54593849890622e+20 0 0)
(7.57505871557648e+20 0 0)
(7.60354370300826e+20 0 0)
(7.63223306333795e+20 0 0)
(7.66028740067382e+20 0 0)
(7.68855330236686e+20 0 0)
(7.71618365934763e+20 0 0)
(7.74403182260072e+20 0 0)
(7.77124288531307e+20 0 0)
(7.79867710902673e+20 0 0)
(7.82547174977197e+20 0 0)
(7.85249410356365e+20 0 0)
(7.87887360494492e+20 0 0)
(7.90548494180692e+20 0 0)
(7.9314499540868e+20 0 0)
(7.95765033071057e+20 0 0)
(7.98320020888157e+20 0 0)
(8.00898806509195e+20 0 0)
(8.03412069243063e+20 0 0)
(8.05949308888609e+20 0 0)
(8.08420502086327e+20 0 0)
(8.10915779252041e+20 0 0)
(8.13344472049588e+20 0 0)
(8.15797336665494e+20 0 0)
(8.18183028590597e+20 0 0)
(8.20592914981668e+20 0 0)
(8.22934979654323e+20 0 0)
(8.25301207659953e+20 0 0)
(8.27598919373448e+20 0 0)
(8.29920712034877e+20 0 0)
(8.32173265903081e+20 0 0)
(8.344498084793e+20 0 0)
(8.3665638563495e+20 0 0)
(8.3888679721588e+20 0 0)
(8.4104649480641e+20 0 0)
(8.43229808187672e+20 0 0)
(8.45341656403538e+20 0 0)
(8.47476839466072e+20 0 0)
(8.49539825718127e+20 0 0)
(8.51625835260617e+20 0 0)
(8.5363895044816e+20 0 0)
(8.55674715865064e+20 0 0)
(8.57636903752693e+20 0 0)
(8.59621321834574e+20 0 0)
(8.6153149447585e+20 0 0)
(8.63463451362998e+20 0 0)
(8.65320516238246e+20 0 0)
(8.67198924672661e+20 0 0)
(8.69001822876158e+20 0 0)
(8.70825611239354e+20 0 0)
(8.72573294061696e+20 0 0)
(8.74341398019095e+20 0 0)
(8.76032844091871e+20 0 0)
(8.77744223219306e+20 0 0)
(8.79378462211098e+20 0 0)
(8.81032131024986e+20 0 0)
(8.82608258725138e+20 0 0)
(8.842032903775e+20 0 0)
(8.85720457407575e+20 0 0)
(8.87255995632727e+20 0 0)
(8.88713419665366e+20 0 0)
(8.90188696359612e+20 0 0)
(8.91585682167261e+20 0 0)
(8.93000038388767e+20 0 0)
(8.94335990665856e+20 0 0)
(8.95688874246315e+20 0 0)
(8.9696330773076e+20 0 0)
(8.9825428155249e+20 0 0)
(8.99466838714255e+20 0 0)
(9.006955918157e+20 0 0)
(9.01846063545345e+20 0 0)
(9.0301241970957e+20 0 0)
(9.0410075532175e+20 0 0)
(9.05204680158606e+20 0 0)
(9.06230997115089e+20 0 0)
(9.07272609966366e+20 0 0)
(9.08237196274351e+20 0 0)
(9.09216784953656e+20 0 0)
(9.10120104893144e+20 0 0)
(9.11038142495515e+20 0 0)
(9.11880841844132e+20 0 0)
(9.12738004926001e+20 0 0)
(9.13520911640807e+20 0 0)
(9.14318086526057e+20 0 0)
(9.15042214226919e+20 0 0)
(9.157804944569e+20 0 0)
(9.16447055159901e+20 0 0)
(9.17127734753226e+20 0 0)
(9.17738154711074e+20 0 0)
(9.18362712573271e+20 0 0)
(9.1891862902547e+20 0 0)
(9.19488714411768e+20 0 0)
(9.19991992399269e+20 0 0)
(9.20509429558005e+20 0 0)
(9.20962157951773e+20 0 0)
(9.21428922463323e+20 0 0)
(9.21833379427231e+20 0 0)
(9.22251607355777e+20 0 0)
(9.22610248540103e+20 0 0)
(9.22982252055728e+20 0 0)
(9.23297681146608e+20 0 0)
(9.23625906218013e+20 0 0)
(9.23900841325833e+20 0 0)
(9.24187860405544e+20 0 0)
(9.24425144790061e+20 0 0)
(9.24673634999576e+20 0 0)
(9.24876204273859e+20 0 0)
(9.25088882030548e+20 0 0)
(9.25259725370439e+20 0 0)
(9.2543933581605e+20 0 0)
(9.25581510470565e+20 0 0)
(9.25730802192323e+20 0 0)
(9.25847375478149e+20 0 0)
(9.25969033232471e+20 0 0)
(9.26063047010429e+20 0 0)
(9.26159670839703e+20 0 0)
(9.26234155443391e+20 0 0)
(9.26308237430517e+20 0 0)
(9.26366173286191e+20 0 0)
(9.26420009893097e+20 0 0)
(9.26464290722807e+20 0 0)
(9.26499921930402e+20 0 0)
(9.26533386092211e+20 0 0)
(9.26552597670444e+20 0 0)
(9.26578033744307e+20 0 0)
(9.26582320155347e+20 0 0)
(9.26602453417774e+20 0 0)
(9.26592837702803e+20 0 0)
(9.26611042860236e+20 0 0)
(9.26586799226508e+20 0 0)
(9.26588598183329e+20 0 0)
)
;

boundaryField
{
    electrode
    {
        type            calculated;
        value           uniform (-9.26407584540416e+20 0 0);
    }
    ground
    {
        type            calculated;
        value           uniform (9.26588598183329e+20 0 0);
    }
    otherfaces
    {
        type            empty;
    }
}


// ************************************************************************* //
