/*--------------------------------*- C++ -*----------------------------------*\
| =========                 |                                                 |
| \\      /  F ield         | foam-extend: Open Source CFD                    |
|  \\    /   O peration     | Version:     4.1                                |
|   \\  /    A nd           | Web:         http://www.foam-extend.org         |
|    \\/     M anipulation  |                                                 |
\*---------------------------------------------------------------------------*/
FoamFile
{
    version     2.0;
    format      ascii;
    class       volScalarField;
    location    "3.0000249984948e-06";
    object      Ar2p;
}
// * * * * * * * * * * * * * * * * * * * * * * * * * * * * * * * * * * * * * //

dimensions      [0 -3 0 0 0 0 0];

internalField   nonuniform List<scalar> 
500
(
2.17887365198779e+16
2.23878420496513e+16
2.25943240371351e+16
2.30146713806366e+16
2.33181778056618e+16
2.37756558530018e+16
2.41036846140356e+16
2.44832424185914e+16
2.48364278623847e+16
2.52974938793465e+16
2.57697332837818e+16
2.63390232096539e+16
2.69218356128213e+16
2.74781855628082e+16
2.80073620173924e+16
2.8633681994915e+16
2.93383691093986e+16
3.01442399374167e+16
3.09249939834423e+16
3.1645535268591e+16
3.24537213935184e+16
3.33933602523901e+16
3.44119183480429e+16
3.53684223809888e+16
3.63010258383468e+16
3.73773959783459e+16
3.85797506385713e+16
3.97526294175488e+16
4.083638932493e+16
4.2028187680573e+16
4.33764105329833e+16
4.47040020148004e+16
4.59304670590688e+16
4.72107147850192e+16
4.86368197965678e+16
5.00659825413361e+16
5.14130321832946e+16
5.27413099017462e+16
5.41527744114894e+16
5.56212118918544e+16
5.70434853066172e+16
5.84147305100395e+16
5.9771537225092e+16
6.11872444512278e+16
6.26084436105448e+16
6.3987193521938e+16
6.53546500097439e+16
6.66839940934175e+16
6.80161245194799e+16
6.93530920508336e+16
7.06537745268341e+16
7.19434045710958e+16
7.32276406625106e+16
7.44907126366775e+16
7.57327998622454e+16
7.69492037849108e+16
7.81333942587216e+16
7.93030414410467e+16
8.04646797198237e+16
8.16219297854441e+16
8.27783746484609e+16
8.39123827840979e+16
8.50003153274561e+16
8.60562117553251e+16
8.70964093481902e+16
8.81243981081475e+16
8.91422076714732e+16
9.01534012526555e+16
9.11655441916474e+16
9.21712856536719e+16
9.31452647042401e+16
9.40807698629247e+16
9.49933949320925e+16
9.58930157394169e+16
9.67813669125215e+16
9.76592074187811e+16
9.85290904934997e+16
9.93960910102206e+16
1.00253193222814e+17
1.01092834753143e+17
1.01917418161578e+17
1.0272553162248e+17
1.03512369381589e+17
1.04281024878825e+17
1.05038939895849e+17
1.05787908431934e+17
1.06530385415297e+17
1.07266274895481e+17
1.07990399464001e+17
1.08700853501345e+17
1.09399241897081e+17
1.10086831244252e+17
1.10764800226825e+17
1.11433499788817e+17
1.12092773913274e+17
1.12739473388198e+17
1.13374116248169e+17
1.14001610631725e+17
1.14620239479702e+17
1.15227627140988e+17
1.1582497192922e+17
1.16413101164194e+17
1.16992477195182e+17
1.17563407584199e+17
1.18126121095028e+17
1.18680752526165e+17
1.19227801564995e+17
1.19768488355442e+17
1.20303101572218e+17
1.20830153406021e+17
1.21348877592699e+17
1.21857861783084e+17
1.22356857121542e+17
1.22847867375342e+17
1.23331638942747e+17
1.23808420732708e+17
1.24278441816399e+17
1.24741937282627e+17
1.25199500808623e+17
1.25650984809688e+17
1.26095726552829e+17
1.26533757595804e+17
1.26965399861457e+17
1.27390893882888e+17
1.27810343041085e+17
1.28223864213382e+17
1.2863158000676e+17
1.2903366480898e+17
1.29430281072993e+17
1.29821141344242e+17
1.30205499884527e+17
1.30583672335574e+17
1.30956496752046e+17
1.31324113143604e+17
1.31686593561388e+17
1.32044014847659e+17
1.32396455870032e+17
1.32744001216147e+17
1.330866803114e+17
1.33424436946231e+17
1.337574427814e+17
1.34085972287406e+17
1.34410089178265e+17
1.34729812515211e+17
1.35045183522346e+17
1.35356253527626e+17
1.35663074169226e+17
1.35965696507592e+17
1.36264172490848e+17
1.36558579969532e+17
1.36849010559224e+17
1.3713537741601e+17
1.374173823097e+17
1.37695135471269e+17
1.37968958988533e+17
1.38238910203188e+17
1.38505031046576e+17
1.38767364032215e+17
1.39025951930123e+17
1.39280836722337e+17
1.39532056225449e+17
1.39779648789781e+17
1.40023647407799e+17
1.40264088667379e+17
1.40501008766088e+17
1.40734440109336e+17
1.40964417846072e+17
1.41190974646968e+17
1.41414138692712e+17
1.4163394009394e+17
1.41850406027928e+17
1.42063562957898e+17
1.42273437352339e+17
1.42480062336233e+17
1.42683481746547e+17
1.42883717525765e+17
1.43080670464921e+17
1.43274324525225e+17
1.43464802460707e+17
1.43652156114036e+17
1.43836408238473e+17
1.44017583059342e+17
1.44195704397325e+17
1.4437079544217e+17
1.44542880223824e+17
1.44711981695245e+17
1.4487812145122e+17
1.45041319363556e+17
1.45201595735804e+17
1.45358971053915e+17
1.45513464440191e+17
1.4566509491895e+17
1.45813881847923e+17
1.45959848384254e+17
1.46103010810482e+17
1.46243379184815e+17
1.46380990994529e+17
1.46515867422597e+17
1.4664800335129e+17
1.46777409278561e+17
1.46904098519088e+17
1.47028104422185e+17
1.47149439909285e+17
1.47268093770702e+17
1.47384079612852e+17
1.47497411411429e+17
1.47608096673104e+17
1.47716143994618e+17
1.47821559008618e+17
1.4792435767913e+17
1.48024547798548e+17
1.48122132690842e+17
1.48217122158382e+17
1.4830952575644e+17
1.48399344833446e+17
1.48486601962288e+17
1.4857129890943e+17
1.48653439220791e+17
1.48733034130437e+17
1.48810072644401e+17
1.48884575425275e+17
1.48956543994956e+17
1.49025960723216e+17
1.49092872391379e+17
1.49157321250668e+17
1.4921928168203e+17
1.49278736366558e+17
1.49335679438259e+17
1.4939012325803e+17
1.49442080299157e+17
1.49491550970517e+17
1.4953853139087e+17
1.49583017168121e+17
1.49625021645674e+17
1.49664536853668e+17
1.49701571320706e+17
1.49736133687419e+17
1.49768228131949e+17
1.49797855458217e+17
1.49825004309689e+17
1.49849683566928e+17
1.49871890726744e+17
1.49891627266161e+17
1.49908894702309e+17
1.49923696900364e+17
1.49936032173545e+17
1.4994589868842e+17
1.49953300380885e+17
1.49958243570592e+17
1.49960702254574e+17
1.49960709533225e+17
1.49958256792378e+17
1.49953314544942e+17
1.49945920190675e+17
1.49936057020871e+17
1.49923724255447e+17
1.49908930297912e+17
1.49891657622945e+17
1.49871913639736e+17
1.49849711513066e+17
1.49825036490408e+17
1.49797888935998e+17
1.49768276337969e+17
1.49736192958763e+17
1.49701630886946e+17
1.49664590764201e+17
1.49625069317439e+17
1.49583067376243e+17
1.49538579918209e+17
1.49491617948436e+17
1.49442167627545e+17
1.49390212021276e+17
1.49335759459846e+17
1.4927881105568e+17
1.49219366943435e+17
1.49157424376275e+17
1.49092986023062e+17
1.4902606781731e+17
1.48956653929088e+17
1.48884709972563e+17
1.48810216227683e+17
1.48733169987483e+17
1.48653590929268e+17
1.48571451509077e+17
1.48486761559912e+17
1.483995171454e+17
1.48309693720689e+17
1.48217299112586e+17
1.48122314690653e+17
1.48024732061639e+17
1.47924551859693e+17
1.47821761867576e+17
1.47716345618716e+17
1.47608305542376e+17
1.4749762976179e+17
1.47384304292175e+17
1.47268326254622e+17
1.47149678332704e+17
1.47028350294693e+17
1.46904348136533e+17
1.4677766485525e+17
1.46648269807252e+17
1.46516140213074e+17
1.4638127226736e+17
1.46243665085372e+17
1.46103299755689e+17
1.45960143297838e+17
1.4581418097003e+17
1.45665397999611e+17
1.45513771325383e+17
1.45359281933727e+17
1.45201910418887e+17
1.45041637653935e+17
1.44878443638529e+17
1.4471230743876e+17
1.44543208859972e+17
1.44371127395311e+17
1.4419603983295e+17
1.44017922258583e+17
1.43836750890902e+17
1.4365250230944e+17
1.43465152576546e+17
1.43274676546893e+17
1.4308102330802e+17
1.42884066565728e+17
1.42683823506132e+17
1.42480400291733e+17
1.42273774056002e+17
1.42063900226076e+17
1.41850744198634e+17
1.4163428010405e+17
1.41414482244342e+17
1.41191321946974e+17
1.40964770130521e+17
1.40734795706702e+17
1.40501368497585e+17
1.40264453809689e+17
1.40024016590546e+17
1.39780023423774e+17
1.39532437390504e+17
1.39281222619171e+17
1.3902634375817e+17
1.38767760346464e+17
1.38505432722372e+17
1.38239317496535e+17
1.37969371350826e+17
1.37695553376239e+17
1.37417797898975e+17
1.3713578306471e+17
1.36849393030168e+17
1.36558945237546e+17
1.36264532434476e+17
1.35966053205574e+17
1.3566343246329e+17
1.35356615625587e+17
1.35045552614036e+17
1.34730185548164e+17
1.34410464164506e+17
1.3408634667403e+17
1.33757814930137e+17
1.33424806985763e+17
1.33087045547133e+17
1.32744363965523e+17
1.32396817277422e+17
1.32044378720841e+17
1.31686964356125e+17
1.31324485755067e+17
1.30956868356261e+17
1.30584041978075e+17
1.30205860061521e+17
1.29821462393446e+17
1.29430542789423e+17
1.29033884652431e+17
1.28631778364331e+17
1.28224053937908e+17
1.27810528360959e+17
1.27391071798527e+17
1.26965564544275e+17
1.26533916520207e+17
1.26095895282293e+17
1.25651168443062e+17
1.25199709286648e+17
1.24742169924889e+17
1.24278682415091e+17
1.23808655742385e+17
1.23331864698472e+17
1.22848095973015e+17
1.22357090747479e+17
1.21858055870683e+17
1.21348967275973e+17
1.20830158058623e+17
1.20303097459747e+17
1.19768532086777e+17
1.19227897984572e+17
1.18680857626018e+17
1.18126227643319e+17
1.17563515026699e+17
1.16992567455851e+17
1.16413180353862e+17
1.15825036914895e+17
1.15227683923716e+17
1.14620320939523e+17
1.14001763635055e+17
1.13374367370819e+17
1.1273971037925e+17
1.12092873628159e+17
1.11433497618286e+17
1.10764770551207e+17
1.10086762001965e+17
1.09399150235429e+17
1.0870077445075e+17
1.07990309212563e+17
1.07266222970776e+17
1.06530485844551e+17
1.05788137409615e+17
1.05039188714491e+17
1.04281264269765e+17
1.03512606047551e+17
1.02725605874875e+17
1.0191723273423e+17
1.01092546716113e+17
1.0025292110893e+17
9.93959847965691e+16
9.85291560269681e+16
9.76593367243621e+16
9.67815374054292e+16
9.58931670303504e+16
9.49935492191721e+16
9.4080928013024e+16
9.31452095623955e+16
9.21709796425854e+16
9.11653398848422e+16
9.01534121176548e+16
8.91422562181623e+16
8.81244543451763e+16
8.7096457300546e+16
8.6056234504956e+16
8.50003360934645e+16
8.39124544822078e+16
8.27784092947689e+16
8.16218744378939e+16
8.04646062375124e+16
7.93029519873623e+16
7.81332855820463e+16
7.69490756794289e+16
7.5733038181508e+16
7.44911451881977e+16
7.32276678129817e+16
7.19431697850693e+16
7.06534825033414e+16
6.93527890308689e+16
6.80163603559234e+16
6.66847501052724e+16
6.53548585406596e+16
6.39867648500452e+16
6.260788053927e+16
6.11872613914996e+16
5.97723453478825e+16
5.84152468628904e+16
5.70430918535525e+16
5.56205737865353e+16
5.41529747664803e+16
5.2742211729853e+16
5.14132857438313e+16
5.00651784152486e+16
4.86366139699222e+16
4.7211484559965e+16
4.59310857483274e+16
4.47034309151353e+16
4.33759398883584e+16
4.20288112075817e+16
4.08370949283299e+16
3.97521915655806e+16
3.85791786041279e+16
3.73778860894726e+16
3.63015635517862e+16
3.5368201065336e+16
3.4411435129501e+16
3.33935710147314e+16
3.24541356371722e+16
3.16458885891445e+16
3.09245159952809e+16
3.01438100903289e+16
2.93387321350055e+16
2.86339888061693e+16
2.80076055215451e+16
2.74778955057956e+16
2.69214108062918e+16
2.63391314539305e+16
2.57699837192012e+16
2.52976923053211e+16
2.48365977963573e+16
2.44833996144505e+16
2.41033140948122e+16
2.37752669480122e+16
2.33183351039035e+16
2.30148490101292e+16
2.25944558114392e+16
2.23879686962099e+16
2.17888193447849e+16
)
;

boundaryField
{
    electrode
    {
        type            zeroGradient;
    }
    ground
    {
        type            zeroGradient;
    }
    otherfaces
    {
        type            empty;
    }
}


// ************************************************************************* //
