/*--------------------------------*- C++ -*----------------------------------*\
| =========                 |                                                 |
| \\      /  F ield         | foam-extend: Open Source CFD                    |
|  \\    /   O peration     | Version:     4.1                                |
|   \\  /    A nd           | Web:         http://www.foam-extend.org         |
|    \\/     M anipulation  |                                                 |
\*---------------------------------------------------------------------------*/
FoamFile
{
    version     2.0;
    format      ascii;
    class       volVectorField;
    location    "3.0000249984948e-06";
    object      velocityelectronMean;
}
// * * * * * * * * * * * * * * * * * * * * * * * * * * * * * * * * * * * * * //

dimensions      [0 1 -1 0 0 0 0];

internalField   nonuniform List<vector> 
500
(
(-1329273.56530357 0 0)
(-1060164.99875936 0 0)
(-868394.101345219 0 0)
(-716203.272540176 0 0)
(-594594.814487694 0 0)
(-495831.252164597 0 0)
(-415164.516995497 0 0)
(-347770.55583408 0 0)
(-290966.49799426 0 0)
(-242661.813798929 0 0)
(-201547.071360776 0 0)
(-166424.759069313 0 0)
(-137144.049576859 0 0)
(-112725.741465021 0 0)
(-91756.1228453147 0 0)
(-73638.6642757323 0 0)
(-58368.0752184508 0 0)
(-46161.4498187271 0 0)
(-37076.9704087534 0 0)
(-29549.78263075 0 0)
(-22760.4134235584 0 0)
(-17295.2211391587 0 0)
(-13850.9982571452 0 0)
(-11881.5021461038 0 0)
(-9789.13120677789 0 0)
(-7549.9996198192 0 0)
(-6446.89496532891 0 0)
(-6616.96619423662 0 0)
(-6480.22378357165 0 0)
(-5437.12288444313 0 0)
(-4944.71747245951 0 0)
(-5560.79898124109 0 0)
(-5936.81836215576 0 0)
(-5298.58967586236 0 0)
(-4766.263108604 0 0)
(-5103.91328507195 0 0)
(-5546.8749900957 0 0)
(-5303.04226837479 0 0)
(-4680.68445229556 0 0)
(-4489.94450350783 0 0)
(-4734.1905468389 0 0)
(-4863.11734295876 0 0)
(-4528.05482710327 0 0)
(-4063.70603306079 0 0)
(-3940.23092758413 0 0)
(-3930.01741192415 0 0)
(-3915.40445854102 0 0)
(-3820.23009494146 0 0)
(-3558.83706489288 0 0)
(-3406.17921455829 0 0)
(-3323.96722663878 0 0)
(-3157.57031158306 0 0)
(-3028.11628166685 0 0)
(-2962.16028290818 0 0)
(-2909.06110079143 0 0)
(-2893.0061864616 0 0)
(-2852.15267407646 0 0)
(-2724.17112191309 0 0)
(-2543.33650316677 0 0)
(-2349.39206728677 0 0)
(-2242.34296620775 0 0)
(-2296.28570693548 0 0)
(-2397.85544639172 0 0)
(-2411.2912140603 0 0)
(-2346.26665519793 0 0)
(-2248.12689153246 0 0)
(-2123.27674853693 0 0)
(-1964.76909688656 0 0)
(-1815.86251125041 0 0)
(-1790.64067610372 0 0)
(-1898.38764874136 0 0)
(-1990.7647087632 0 0)
(-1991.84982758204 0 0)
(-1943.78970120798 0 0)
(-1880.89635803151 0 0)
(-1804.44394495065 0 0)
(-1706.61106704142 0 0)
(-1615.37804498476 0 0)
(-1572.65473305427 0 0)
(-1563.72887997075 0 0)
(-1571.30117134863 0 0)
(-1604.4834985293 0 0)
(-1635.66671198223 0 0)
(-1629.79514368686 0 0)
(-1592.85799962097 0 0)
(-1539.26077807694 0 0)
(-1477.1144867059 0 0)
(-1431.288675621 0 0)
(-1417.03437008953 0 0)
(-1413.33520839077 0 0)
(-1401.19828929152 0 0)
(-1380.6956729814 0 0)
(-1355.19121088247 0 0)
(-1331.8051250436 0 0)
(-1324.44262369259 0 0)
(-1327.26497354587 0 0)
(-1311.24473532942 0 0)
(-1281.16048987844 0 0)
(-1264.17521681632 0 0)
(-1257.80635865528 0 0)
(-1249.14846865367 0 0)
(-1236.54462058644 0 0)
(-1221.85299122647 0 0)
(-1206.32440015776 0 0)
(-1190.18436069172 0 0)
(-1172.39076023699 0 0)
(-1150.27426223624 0 0)
(-1122.42153092421 0 0)
(-1096.24530052873 0 0)
(-1082.68959443802 0 0)
(-1084.23362175845 0 0)
(-1091.63065372211 0 0)
(-1091.25034185117 0 0)
(-1081.37391829179 0 0)
(-1068.2954415825 0 0)
(-1054.6747929906 0 0)
(-1040.57582592286 0 0)
(-1024.96014424407 0 0)
(-1008.18289072831 0 0)
(-993.708609713372 0 0)
(-983.279580018044 0 0)
(-974.171131155429 0 0)
(-964.220252916582 0 0)
(-953.511831617669 0 0)
(-942.32245180659 0 0)
(-930.575967110579 0 0)
(-918.029129198208 0 0)
(-905.326888721632 0 0)
(-896.176405576993 0 0)
(-892.19525701005 0 0)
(-887.922818004063 0 0)
(-879.642440459314 0 0)
(-869.203818751709 0 0)
(-858.503732520801 0 0)
(-848.030514293572 0 0)
(-837.785714478591 0 0)
(-827.749440091453 0 0)
(-818.045079884421 0 0)
(-809.013296549167 0 0)
(-800.624241539706 0 0)
(-791.811903258121 0 0)
(-781.911829049786 0 0)
(-771.717545348849 0 0)
(-761.913971843123 0 0)
(-752.446115538314 0 0)
(-743.157842407965 0 0)
(-733.922250794552 0 0)
(-724.575614567551 0 0)
(-714.942476286381 0 0)
(-705.340725742099 0 0)
(-697.419766108345 0 0)
(-691.518324614025 0 0)
(-685.143340922923 0 0)
(-677.2552736925 0 0)
(-668.826619310791 0 0)
(-660.396673116545 0 0)
(-652.064232884582 0 0)
(-643.816639288135 0 0)
(-635.63825999545 0 0)
(-627.52145412904 0 0)
(-619.462818676731 0 0)
(-611.459793599054 0 0)
(-603.509758080748 0 0)
(-595.610038257531 0 0)
(-587.757469529885 0 0)
(-579.948536846458 0 0)
(-572.180146730264 0 0)
(-564.449708096207 0 0)
(-556.754233445007 0 0)
(-549.088350489274 0 0)
(-541.436703968411 0 0)
(-533.755445970745 0 0)
(-525.968799499172 0 0)
(-518.11711014793 0 0)
(-510.769664021412 0 0)
(-504.207760740648 0 0)
(-497.622853600004 0 0)
(-490.521663007344 0 0)
(-483.191905812223 0 0)
(-475.856725710547 0 0)
(-468.562346715682 0 0)
(-461.303614240749 0 0)
(-454.07424645085 0 0)
(-446.872177981256 0 0)
(-439.696936309177 0 0)
(-432.547968751623 0 0)
(-425.424098039082 0 0)
(-418.32433258388 0 0)
(-411.248236672833 0 0)
(-404.19604926739 0 0)
(-397.166785469159 0 0)
(-390.151232391125 0 0)
(-383.123810189287 0 0)
(-376.086987807799 0 0)
(-369.328007795817 0 0)
(-362.758819704722 0 0)
(-355.765911575333 0 0)
(-348.506123201761 0 0)
(-341.404662050441 0 0)
(-334.385872255903 0 0)
(-327.387217003108 0 0)
(-320.449669693785 0 0)
(-313.570703332645 0 0)
(-306.72323750571 0 0)
(-299.897689744724 0 0)
(-293.09132762485 0 0)
(-286.303354452022 0 0)
(-279.532891498952 0 0)
(-272.77896547758 0 0)
(-266.040421354531 0 0)
(-259.31665344916 0 0)
(-252.607103029606 0 0)
(-245.911232831417 0 0)
(-239.22897959609 0 0)
(-232.560805563567 0 0)
(-225.907238204062 0 0)
(-219.269052013529 0 0)
(-212.649631839833 0 0)
(-206.062376867328 0 0)
(-199.534642466099 0 0)
(-193.054109200861 0 0)
(-186.41900116762 0 0)
(-179.537139361262 0 0)
(-172.694412496989 0 0)
(-166.04269570512 0 0)
(-159.473362971488 0 0)
(-152.918569701212 0 0)
(-146.36635530125 0 0)
(-139.818683453138 0 0)
(-133.277010385698 0 0)
(-126.740807547782 0 0)
(-120.210161386373 0 0)
(-113.684880974752 0 0)
(-107.164068402438 0 0)
(-100.647532208575 0 0)
(-94.1357437673523 0 0)
(-87.6282393450474 0 0)
(-81.124005291321 0 0)
(-74.6227512106734 0 0)
(-68.124747567412 0 0)
(-61.629927304489 0 0)
(-55.1378159365417 0 0)
(-48.6476762559451 0 0)
(-42.1595388584654 0 0)
(-35.6740166615739 0 0)
(-29.1898891652019 0 0)
(-22.6949028405012 0 0)
(-16.1608991500238 0 0)
(-9.62809150271098 0 0)
(-3.19680594528739 0 0)
(3.16261409445944 0 0)
(9.59394645164409 0 0)
(16.1267670244875 0 0)
(22.660743964279 0 0)
(29.1557264830568 0 0)
(35.6398655100213 0 0)
(42.1253880204547 0 0)
(48.6135118286656 0 0)
(55.103666872674 0 0)
(61.5957842079379 0 0)
(68.090588092401 0 0)
(74.5886018659907 0 0)
(81.0898646390559 0 0)
(87.5940942820058 0 0)
(94.1016092797071 0 0)
(100.613393445441 0 0)
(107.129911296601 0 0)
(113.650739360023 0 0)
(120.176051925918 0 0)
(126.7066890275 0 0)
(133.242875357186 0 0)
(139.784540654812 0 0)
(146.332224864258 0 0)
(152.884470611995 0 0)
(159.439257358079 0 0)
(166.00857875911 0 0)
(172.660314455547 0 0)
(179.503034874614 0 0)
(186.38489399581 0 0)
(193.020014838723 0 0)
(199.500557400251 0 0)
(206.02829172282 0 0)
(212.615554031081 0 0)
(219.234987856391 0 0)
(225.873172817649 0 0)
(232.526752578508 0 0)
(239.194963074438 0 0)
(245.877232147488 0 0)
(252.573059781098 0 0)
(259.282576029193 0 0)
(266.006380828471 0 0)
(272.744936253912 0 0)
(279.498852741468 0 0)
(286.269389235406 0 0)
(293.057345499122 0 0)
(299.863627090154 0 0)
(306.689272280983 0 0)
(313.536769799473 0 0)
(320.41561382683 0 0)
(327.35320961915 0 0)
(334.351954467848 0 0)
(341.370690751153 0 0)
(348.472131473761 0 0)
(355.73194070926 0 0)
(362.724851288845 0 0)
(369.294047638317 0 0)
(376.053039098524 0 0)
(383.089871818773 0 0)
(390.117297824909 0 0)
(397.13285966377 0 0)
(404.162134402553 0 0)
(411.214334350079 0 0)
(418.290441792558 0 0)
(425.390212193013 0 0)
(432.514091704691 0 0)
(439.663074382993 0 0)
(446.8383307847 0 0)
(454.040412031835 0 0)
(461.269791491525 0 0)
(468.528532646682 0 0)
(475.822924986775 0 0)
(483.158120976483 0 0)
(490.48789320188 0 0)
(497.589098160657 0 0)
(504.174019698277 0 0)
(510.735936059411 0 0)
(518.083398977819 0 0)
(525.935105066312 0 0)
(533.721769462121 0 0)
(541.40304761589 0 0)
(549.054711039559 0 0)
(556.720614568307 0 0)
(564.41610634195 0 0)
(572.146561269548 0 0)
(579.914968287296 0 0)
(587.723917309875 0 0)
(595.576504731647 0 0)
(603.476246489508 0 0)
(611.426305427334 0 0)
(619.429352641041 0 0)
(627.48801420647 0 0)
(635.604841956856 0 0)
(643.783242807241 0 0)
(652.030858664977 0 0)
(660.363319911943 0 0)
(668.793291530974 0 0)
(677.221971877267 0 0)
(685.110058618192 0 0)
(691.485070053153 0 0)
(697.386550843566 0 0)
(705.30754824035 0 0)
(714.90932601543 0 0)
(724.542491057379 0 0)
(733.889158230851 0 0)
(743.124781626918 0 0)
(752.413084827971 0 0)
(761.880973591852 0 0)
(771.684582725181 0 0)
(781.878893832648 0 0)
(791.779001174385 0 0)
(800.591376455233 0 0)
(808.980469940809 0 0)
(818.01229364221 0 0)
(827.716695250882 0 0)
(837.753013361883 0 0)
(847.997856888186 0 0)
(858.47110992431 0 0)
(869.171228675587 0 0)
(879.609883533983 0 0)
(887.89029276139 0 0)
(892.162787364489 0 0)
(896.144015769069 0 0)
(905.294559881376 0 0)
(917.996832180069 0 0)
(930.543701084958 0 0)
(942.290242423533 0 0)
(953.479688319237 0 0)
(964.188162825485 0 0)
(974.13907999474 0 0)
(983.247586285715 0 0)
(993.676683755017 0 0)
(1008.15102669852 0 0)
(1024.92833474639 0 0)
(1040.54407794806 0 0)
(1054.64309959116 0 0)
(1068.26380892167 0 0)
(1081.34233395055 0 0)
(1091.21878715115 0 0)
(1091.59916046365 0 0)
(1084.20224107807 0 0)
(1082.65832580849 0 0)
(1096.21411572604 0 0)
(1122.39041463955 0 0)
(1150.243204119 0 0)
(1172.35975912337 0 0)
(1190.15343377823 0 0)
(1206.29355018626 0 0)
(1221.82220739165 0 0)
(1236.5139144261 0 0)
(1249.11786118587 0 0)
(1257.77584750498 0 0)
(1264.14480176204 0 0)
(1281.13016831794 0 0)
(1311.21446284404 0 0)
(1327.23475333992 0 0)
(1324.41253103292 0 0)
(1331.77517829117 0 0)
(1355.16135622507 0 0)
(1380.66587925165 0 0)
(1401.16857665631 0 0)
(1413.30560665527 0 0)
(1417.00489295698 0 0)
(1431.25934388558 0 0)
(1477.08528184285 0 0)
(1539.23166700262 0 0)
(1592.82897528587 0 0)
(1629.76617278657 0 0)
(1635.63778522193 0 0)
(1604.45468118956 0 0)
(1571.27253214872 0 0)
(1563.70040804068 0 0)
(1572.62643529826 0 0)
(1615.34992369734 0 0)
(1706.58306127905 0 0)
(1804.41603465489 0 0)
(1880.86859080582 0 0)
(1943.76207782988 0 0)
(1991.82227360808 0 0)
(1990.73715550192 0 0)
(1898.36021385711 0 0)
(1790.6135762596 0 0)
(1815.83572270328 0 0)
(1964.74246407922 0 0)
(2123.25024919929 0 0)
(2248.10054865377 0 0)
(2346.24046070299 0 0)
(2411.26514437169 0 0)
(2397.82947298682 0 0)
(2296.25992819617 0 0)
(2242.31753139903 0 0)
(2349.36693682487 0 0)
(2543.31158317873 0 0)
(2724.14638559204 0 0)
(2852.12810254665 0 0)
(2892.98184586781 0 0)
(2909.03702750885 0 0)
(2962.13644331714 0 0)
(3028.09274925506 0 0)
(3157.54712334676 0 0)
(3323.94426745333 0 0)
(3406.15653943455 0 0)
(3558.81480491231 0 0)
(3820.20812109924 0 0)
(3915.38271099869 0 0)
(3929.99602721486 0 0)
(3940.20992496079 0 0)
(4063.685528011 0 0)
(4528.03475139266 0 0)
(4863.09750818698 0 0)
(4734.17105022088 0 0)
(4489.92554467842 0 0)
(4680.66618942011 0 0)
(5303.02452634812 0 0)
(5546.85751032106 0 0)
(5103.89632287997 0 0)
(4766.24697257165 0 0)
(5298.57426481597 0 0)
(5936.80346693765 0 0)
(5560.78471536611 0 0)
(4944.70410350648 0 0)
(5437.11041663757 0 0)
(6480.21207891142 0 0)
(6616.9553034488 0 0)
(6446.88510468251 0 0)
(7549.99080860341 0 0)
(9789.12334320122 0 0)
(11881.4952121121 0 0)
(13850.9922932087 0 0)
(17295.2160661623 0 0)
(22760.4090908452 0 0)
(29549.7790219899 0 0)
(37076.9674615526 0 0)
(46161.44727725 0 0)
(58368.0728209913 0 0)
(73638.6620635876 0 0)
(91756.12094899 0 0)
(112725.739451219 0 0)
(137144.046383912 0 0)
(166424.754141844 0 0)
(201547.064663981 0 0)
(242661.805048517 0 0)
(290966.486481473 0 0)
(347770.540690301 0 0)
(415164.497272343 0 0)
(495831.225777303 0 0)
(594594.778136734 0 0)
(716203.222695424 0 0)
(868394.033137741 0 0)
(1060164.9009993 0 0)
(1329273.42050897 0 0)
)
;

boundaryField
{
    electrode
    {
        type            calculated;
        value           uniform (-914755.418090168 0 0);
    }
    ground
    {
        type            calculated;
        value           uniform (914755.39434532 0 0);
    }
    otherfaces
    {
        type            empty;
    }
}


// ************************************************************************* //
