/*--------------------------------*- C++ -*----------------------------------*\
| =========                 |                                                 |
| \\      /  F ield         | foam-extend: Open Source CFD                    |
|  \\    /   O peration     | Version:     4.1                                |
|   \\  /    A nd           | Web:         http://www.foam-extend.org         |
|    \\/     M anipulation  |                                                 |
\*---------------------------------------------------------------------------*/
FoamFile
{
    version     2.0;
    format      ascii;
    class       volScalarField;
    location    "1.50399999960923e-05";
    object      electron;
}
// * * * * * * * * * * * * * * * * * * * * * * * * * * * * * * * * * * * * * //

dimensions      [0 -3 0 0 0 0 0];

internalField   nonuniform List<scalar> 
500
(
1.12056910552479e+16
1.36919693581234e+16
1.65486065791535e+16
1.98018947743429e+16
2.34753756631245e+16
2.75891008363496e+16
3.21588574794958e+16
3.719545169936e+16
4.27042511765985e+16
4.86847960342791e+16
5.5130525327652e+16
6.202867686099e+16
6.9360486237548e+16
7.7101447950628e+16
8.52217792166314e+16
9.36870075940641e+16
1.02458704086948e+17
1.11495327174016e+17
1.20753100471373e+17
1.30186885297911e+17
1.39751032339785e+17
1.49400324610579e+17
1.59090733195531e+17
1.68780100332727e+17
1.78428625626453e+17
1.8799948387583e+17
1.97459200030541e+17
2.06777963603457e+17
2.15929654632707e+17
2.24891937963261e+17
2.33646267508987e+17
2.42177796038444e+17
2.50475200774249e+17
2.58530548040695e+17
2.66338912347666e+17
2.73898151752547e+17
2.81208563014175e+17
2.88272613375838e+17
2.95094743578586e+17
3.01681074532699e+17
3.08039170390621e+17
3.14177709937245e+17
3.2010630617927e+17
3.25835339986688e+17
3.31375764357159e+17
3.36738893393622e+17
3.41936303788006e+17
3.46979704800002e+17
3.51880881335606e+17
3.5665163408665e+17
3.61303707337876e+17
3.65848746501604e+17
3.7029820372085e+17
3.7466329787551e+17
3.78955010688419e+17
3.83184061505179e+17
3.87360891286646e+17
3.91495660987313e+17
3.95598268598538e+17
3.99678382557109e+17
4.03745480920723e+17
4.07808884173921e+17
4.11877778146786e+17
4.15961259056866e+17
4.20068337859106e+17
4.24207956934454e+17
4.28389062620248e+17
4.32620625223469e+17
4.3691161312571e+17
4.41270948761851e+17
4.45707532441046e+17
4.50230301592917e+17
4.54848236478359e+17
4.59570420831683e+17
4.64406125522384e+17
4.69364816664944e+17
4.74456155326717e+17
4.79690042873673e+17
4.85076603983028e+17
4.90626166283246e+17
4.96349337403655e+17
5.02257111786113e+17
5.08361013320371e+17
5.14673207127872e+17
5.21206519636071e+17
5.27974465604142e+17
5.34991296847042e+17
5.42272055202811e+17
5.49832557490032e+17
5.57689346411353e+17
5.65859621832047e+17
5.74361203030682e+17
5.83212536865269e+17
5.92432697534532e+17
6.02041426052293e+17
6.12059210837757e+17
6.2250740959165e+17
6.33408442363203e+17
6.44785938625277e+17
6.56664762234956e+17
6.69070944623607e+17
6.82031489908738e+17
6.95573947348012e+17
7.0972591844423e+17
7.24514799239129e+17
7.39967772498791e+17
7.56111988138272e+17
7.72974727410663e+17
7.90583209146193e+17
8.08963907576823e+17
8.28141413364945e+17
8.48137372954827e+17
8.68970221388436e+17
8.90655438619513e+17
9.13205541936895e+17
9.36629269184355e+17
9.6092992489029e+17
9.86104391749893e+17
1.01214378929734e+18
1.03903389850029e+18
1.06675381602364e+18
1.09527472210943e+18
1.12456087864876e+18
1.15457075762566e+18
1.18525620662495e+18
1.21656255522796e+18
1.24843094443349e+18
1.28079900199726e+18
1.31360095313511e+18
1.34677044819984e+18
1.38024191782379e+18
1.41395042676853e+18
1.44783364236016e+18
1.48183247396062e+18
1.51589060685231e+18
1.54995521509008e+18
1.5839758414966e+18
1.61790343206111e+18
1.65169151230541e+18
1.68529603671446e+18
1.71867627367032e+18
1.75179904791819e+18
1.78463966332571e+18
1.81717859910649e+18
1.84940112482353e+18
1.88129881149593e+18
1.91286703382823e+18
1.94409994158105e+18
1.97498859214106e+18
2.00552311293365e+18
2.0356967405238e+18
2.0655085024253e+18
2.09496145408011e+18
2.12405917798564e+18
2.15280447117124e+18
2.18119973980332e+18
2.20924786572209e+18
2.23695314421158e+18
2.26432141965317e+18
2.2913589105226e+18
2.31807092647138e+18
2.3444616910031e+18
2.37053464687663e+18
2.39629270268188e+18
2.42173846389147e+18
2.44687433345413e+18
2.4717025475527e+18
2.4962252280613e+18
2.52044442041289e+18
2.54436205257555e+18
2.56797984702895e+18
2.59129940386566e+18
2.61432256755298e+18
2.63705159525382e+18
2.65948851100504e+18
2.68163441070709e+18
2.70348970947644e+18
2.72505463485978e+18
2.74632935855832e+18
2.76731400844606e+18
2.78800866992368e+18
2.80841338723365e+18
2.82852816463283e+18
2.84835296816715e+18
2.86788772811145e+18
2.88713234127236e+18
2.90608667339055e+18
2.9247505616159e+18
2.9431238170756e+18
2.96120622715487e+18
2.9789975581215e+18
2.99649755731283e+18
3.01370595565228e+18
3.03062246977433e+18
3.04724680408469e+18
3.06357865303567e+18
3.07961770286135e+18
3.0953636336238e+18
3.11081612104328e+18
3.12597483809208e+18
3.14083945658614e+18
3.15540964889561e+18
3.16968508926612e+18
3.18366545527722e+18
3.19735042911063e+18
3.21073969884501e+18
3.22383295961874e+18
3.23662991482561e+18
3.24913027715464e+18
3.26133376957849e+18
3.27324012639545e+18
3.28484909409488e+18
3.29616043206712e+18
3.30717391365304e+18
3.31788932644592e+18
3.32830647359704e+18
3.33842517362984e+18
3.34824526252109e+18
3.35776659200033e+18
3.36698903308008e+18
3.37591247324861e+18
3.38453682109495e+18
3.39286200037956e+18
3.40088795750818e+18
3.40861465402144e+18
3.41604207655618e+18
3.42317022671332e+18
3.42999913331331e+18
3.43652883920694e+18
3.44275941674269e+18
3.44869095184015e+18
3.45432356140082e+18
3.45965737421813e+18
3.46469255233096e+18
3.46942926884348e+18
3.47386770137991e+18
3.47800794895223e+18
3.48185000847099e+18
3.48539499511686e+18
3.4886442539094e+18
3.49159815478871e+18
3.49425687387554e+18
3.49662054614577e+18
3.49868928129934e+18
3.50046316637561e+18
3.50194227322572e+18
3.50312666846267e+18
3.50401640425738e+18
3.50461128401767e+18
3.50491131042927e+18
3.50491678653913e+18
3.50462777192252e+18
3.50404389736386e+18
3.50316511575043e+18
3.50199163560393e+18
3.50052341633659e+18
3.4987603814567e+18
3.49670244211102e+18
3.49434950154351e+18
3.49170145103236e+18
3.48875814535e+18
3.48551939702148e+18
3.48198485861286e+18
3.47815324904684e+18
3.47402347311871e+18
3.4695954979548e+18
3.46486921275363e+18
3.45984444306061e+18
3.45452101259865e+18
3.4488987546399e+18
3.44297753711301e+18
3.43675724036231e+18
3.43023777523064e+18
3.42341906656535e+18
3.41630106859205e+18
3.40888374986068e+18
3.40116710611722e+18
3.39315114832797e+18
3.38483591254527e+18
3.37622145037114e+18
3.36730783642743e+18
3.35809516118996e+18
3.34858353641673e+18
3.33877309029301e+18
3.32866397009289e+18
3.31825633872536e+18
3.30755037619544e+18
3.29654627779785e+18
3.28524425415793e+18
3.27364453008908e+18
3.26174734418488e+18
3.24955294770435e+18
3.23706160385547e+18
3.22427358694514e+18
3.21118918132021e+18
3.19780868010934e+18
3.18413238421107e+18
3.17016060102433e+18
3.15589364301648e+18
3.14133182622626e+18
3.12647546877202e+18
3.11132488923123e+18
3.09588040457876e+18
3.08014232846146e+18
3.06411096878224e+18
3.04778662523146e+18
3.03116958671589e+18
3.01426012835549e+18
2.99705850812107e+18
2.97956496317817e+18
2.96177970570615e+18
2.9437029182185e+18
2.92533474816386e+18
2.90667530188443e+18
2.88772463784421e+18
2.86848275870681e+18
2.8489496021425e+18
2.82912503048832e+18
2.80900881872693e+18
2.78860064039239e+18
2.76790005110985e+18
2.74690646947419e+18
2.72561915549727e+18
2.70403718550883e+18
2.68215942062328e+18
2.65998444718326e+18
2.63751038034069e+18
2.61473433069431e+18
2.59165214563495e+18
2.56825904508017e+18
2.5445501525728e+18
2.52052021694082e+18
2.49616313738277e+18
2.47147174876359e+18
2.44643775653457e+18
2.421051600764e+18
2.39530220741689e+18
2.36917669076554e+18
2.3426600395224e+18
2.31573470195652e+18
2.28838002889665e+18
2.26057167569829e+18
2.23228079797986e+18
2.20347357282444e+18
2.1741118957462e+18
2.14415406010617e+18
2.1135539973667e+18
2.08225957625837e+18
2.05021103499361e+18
2.01734002150981e+18
1.98357000833056e+18
1.94881841933816e+18
1.91299759748327e+18
1.87601231780472e+18
1.83775609158504e+18
1.79810882513696e+18
1.75693804753464e+18
1.71410438303783e+18
1.66946702839428e+18
1.6228857422706e+18
1.57422315792022e+18
1.52335163103302e+18
1.47016015947103e+18
1.41455843452627e+18
1.35648338073488e+18
1.29591002143077e+18
1.23286329386091e+18
1.16743081123898e+18
1.09977608531649e+18
1.0301493088487e+18
9.58895716457343e+17
8.86460156938808e+17
8.13385198468614e+17
7.40302889367256e+17
6.67919146610722e+17
5.96989834327176e+17
5.28290185171101e+17
4.62579134882814e+17
4.00561002329537e+17
3.42848323296497e+17
2.89929386456835e+17
2.42143692681276e+17
1.99668174776745e+17
1.6251564231892e+17
1.30545095837011e+17
1.03482201207616e+17
8.09472267224826e+16
6.24870590074314e+16
4.76077256189481e+16
3.580434291905e+16
2.65862996892382e+16
1.94964405064285e+16
1.41239097482669e+16
1.01110633360457e+16
7.15537267058477e+15
5.00750869350356e+15
3.46683545387777e+15
2.37542222602444e+15
1.61147220224897e+15
1.08283538688829e+15
721016406769211
475946525971366
311594913642781
202408955334342
130516448074941
83576135297277.6
53170090082896.6
33620305243014.3
21138006958910.5
13219913341478.9
8227453909434.23
5097274386152.82
3144885059316.96
1932932566023.48
1183914919770.94
722861799151.244
440104851601.568
267272487994.553
161949662772.007
97942421823.6407
59139450469.0302
35667414049.8357
21495897616.6094
12953062838.6481
7809650722.79516
4715766783.79958
2855834415.68672
1738000934.18841
1066083550.45876
661922413.697172
418431243.121741
271258070.892129
181735305.161428
126661736.233248
92173500.2510733
70040362.7237622
55403502.2053577
45402920.4495491
38178579.1665979
32609490.9774449
28204173.1121801
24722746.9211497
21972972.7483267
19801222.737903
18085066.2167705
16727201.2440826
15650505.2108643
14794011.904644
14109652.5537004
13559624.41744
13114272.9010615
12750392.3521656
12449866.9963576
12198587.2632125
11985588.3228019
11802367.3000404
11642343.7207301
11500434.4124096
11372719.5202799
11256180.8148364
11148497.1903655
11047885.2954644
10952975.6864445
10862716.8364205
10776300.9283658
10693106.6934869
10612655.5205154
10534577.6266961
10458585.9241678
10384456.2106281
10312012.3480569
10241114.8768885
10171652.1508845
10103533.6852995
10036685.2430767
10000000
10000000
10000000
10000000
10000000
10000000
10000000
10000000
10000000
10000000
10000000
10000000
10000000
10000000
10000000
10000000
10000000
10000000
10000000
10000000
10000000
10000000
10000000
10000000
10000000
)
;

boundaryField
{
    electrode
    {
        type            electronDensity_wilsonBC3_2;
        seec            0;
        value           uniform 1.01333142018571e+16;
    }
    ground
    {
        type            electronDensity_wilsonBC3_2;
        seec            0;
        value           uniform 10000000;
    }
    otherfaces
    {
        type            empty;
    }
}


// ************************************************************************* //
