/*--------------------------------*- C++ -*----------------------------------*\
| =========                 |                                                 |
| \\      /  F ield         | foam-extend: Open Source CFD                    |
|  \\    /   O peration     | Version:     4.1                                |
|   \\  /    A nd           | Web:         http://www.foam-extend.org         |
|    \\/     M anipulation  |                                                 |
\*---------------------------------------------------------------------------*/
FoamFile
{
    version     2.0;
    format      ascii;
    class       volScalarField;
    location    "1.50399999960923e-05";
    object      powerDissipatedIon;
}
// * * * * * * * * * * * * * * * * * * * * * * * * * * * * * * * * * * * * * //

dimensions      [1 -1 -3 0 0 0 0];

internalField   nonuniform List<scalar> 
500
(
75704646.2702567
73145565.0095526
70596195.1470773
68059475.1723135
65559170.9539539
63076756.0239158
60618473.8384322
58185316.9008193
55788713.9151249
53432692.454088
51126856.5425697
48859944.9614516
46641526.2698188
44473036.1382618
42366629.5991965
40320762.2665787
38336095.2500236
36410955.577376
34554629.3340003
32768272.0927329
31054401.4277342
29405845.0962944
27828637.1193524
26321869.5591877
24887708.8187685
23520015.309359
22220494.995958
20988231.0225307
19824919.5293061
18725366.389932
17688666.6183055
16712461.7922147
15797136.9645857
14938430.9205883
14134702.4814349
13382903.826743
12682313.281299
12029257.2664535
11422073.5303367
10857399.6314196
10334144.3546734
9849146.8008962
9401333.09670429
8987788.36945299
8607366.33363167
8257340.61618205
7936666.85169731
7643006.47067758
7375548.90664369
7132095.3249657
6911887.07562465
6712981.76913621
6534730.20082177
6375411.79370232
6234491.74111741
6110397.18678269
6002603.13897113
5909560.75069878
5830730.50036852
5764715.19588552
5711231.78920355
5669257.41375974
5638743.87007658
5618746.33071473
5609165.15301061
5609132.35673221
5618768.12702172
5637453.12095559
5665287.15905254
5701448.40338261
5746044.89555051
5798402.58727455
5858677.52930494
5926312.10104009
6001582.34239111
6084026.38376011
6173969.09833582
6270942.13958694
6375193.15248037
6486075.16867542
6603604.71385877
6726978.03699585
6856346.52005884
6991394.18225004
7132873.81761161
7280710.82434241
7435389.53487435
7596453.82194819
7764424.51896421
7939014.55855209
8120479.56841037
8308263.88500023
8502551.74536124
8702625.25555659
8908279.66240305
9118142.04049477
9331805.52406696
9548435.90399604
9768777.50482565
9992780.37387427
10220923.7453794
10452467.6375394
10687499.268682
10924506.9748004
11162459.0164298
11398241.6862304
11630009.2147939
11856721.5300321
12079292.1698661
12297249.8427733
12509277.4057982
12710929.5669993
12899456.4416936
13072640.3565253
13230855.3641726
13373928.2795371
13499144.0013978
13600440.7379669
13677409.3158639
13730914.3555142
13760266.7276112
13760317.5014339
13730474.2766325
13673400.4260843
13588566.0631683
13472724.4340009
13329655.3227585
13163018.4733537
12970296.6326534
12755073.4754432
12522928.7087122
12273120.9331651
12009427.5061501
11736109.9668769
11453258.3486349
11163885.0897406
10870440.6456701
10572032.2982487
10270900.0525673
9970047.80662701
9670181.717017
9372787.97136609
9081478.37513055
8797455.01219302
8521187.04596248
8253301.67864778
7994218.45266372
7742858.65856993
7498162.59082649
7259903.44535799
7028612.11007725
6805481.35005585
6590868.49906767
6384117.36320206
6184618.0988664
5992029.8845043
5806221.61482345
5627228.91945127
5454887.18817511
5288755.0875178
5128356.75865892
4973283.68645694
4823160.9533693
4677707.77032092
4536686.51485502
4399893.39224439
4267145.97618481
4138289.51474501
4013152.82897594
3891575.02461502
3773378.10748306
3658447.48124049
3546733.58630694
3438187.61667857
3332584.70721184
3229650.69194785
3129246.19038431
3031295.77411705
2935714.55476665
2842436.67418565
2751385.82377489
2662503.15357263
2575720.1233858
2490984.26450171
2408234.24141836
2327423.26628319
2248496.41757847
2171411.99855898
2096120.77205716
2022585.59681428
1950762.26754113
1880617.66159393
1812112.04333153
1745215.83529525
1679893.27068964
1616117.87239124
1553857.40685905
1493088.11484272
1433780.90202189
1375914.40169107
1319462.31376193
1264405.3677902
1210719.75415953
1158388.04887777
1107388.66620461
1057705.80934278
1009319.87857302
962216.520525076
916377.921497645
871791.002031742
828439.536314105
786311.57776674
745392.310610175
705670.81688101
667133.514668248
629770.44756599
593569.098081778
558520.456016807
524612.793565028
491838.147705537
460185.395751523
429647.569106443
400213.778512704
371878.338680728
344630.410157821
318465.702243463
293373.175518933
269349.984907426
246384.686263701
224476.021183229
203611.910269617
183792.747260508
165005.601535005
147252.752979096
130520.196005227
114810.538763348
100107.669121473
86415.9294944844
73755.1209485925
62096.5007092108
51426.7848765389
41743.3640159568
33041.0638222581
25318.0512390993
18570.7707606492
12797.6137153978
7996.4425898487
4165.64815947582
1304.12317509548
-588.90155904747
-1513.06242808907
-1470.27325978429
-456.783265893189
1523.38476103266
4472.42645296962
8392.02121074874
13283.8882320951
19149.9889155594
25992.9550215024
33815.3655679559
42622.0524023464
52416.3085588522
63209.4276258398
75050.8660479065
87898.3225358819
101752.511579556
116628.648004079
132525.462950768
149456.222679224
167419.40777991
186427.211888837
206479.850904688
227588.891374923
249756.005957746
272992.265191645
297300.815264684
322692.395227025
349171.523223089
376748.798750625
405430.060080094
435225.971317197
466143.594441078
498193.874405459
531384.891393732
565728.22106725
601232.981885439
637911.532298927
675773.938075403
714833.61680691
755101.600993917
796592.533278645
839318.482622796
883295.500992187
928536.807469046
975060.041333835
1022879.71933349
1072015.27912168
1122482.7138543
1174303.47170608
1227495.23208546
1282081.71990327
1338082.55259707
1395524.03214318
1454428.01761945
1514823.75561588
1576735.71496903
1640196.53613236
1705233.75256919
1771883.93833935
1840178.25895271
1910157.90941026
1981858.40923193
2055326.44442691
2130602.82136341
2207740.84454813
2286787.82263175
2367805.15722489
2450848.27951703
2535988.67866771
2623292.10266432
2712842.92630093
2804720.40894661
2899025.09384676
2995853.61268952
3095328.40545167
3197578.84610167
3302801.97356265
3411281.84002573
3523332.19905557
3639118.54713729
3758816.35900319
3882692.48320628
4011110.72548395
4144455.95294839
4283169.50448695
4427744.88063402
4578783.81124598
4736993.4030887
4903228.3370803
5078464.40061499
5263891.49182409
5460928.66293442
5671421.92181956
5897181.07013539
6139919.6926733
6401559.21344061
6684612.17472601
6992225.3953522
7328144.75609912
7696596.67967614
8102632.4751702
8551229.39296212
9046793.75397971
9595694.68579585
10206615.6168514
10890263.2255881
11660132.2887946
12525256.1665596
13495238.8841062
14584712.3686562
15814565.0446987
17195114.2954551
18740780.8300869
20479896.7559249
22434154.2597724
24618168.0676753
27064579.6627909
29797847.5677898
32827981.6543985
36194893.0908354
39911864.7552964
43977806.4609924
48440014.6094394
53288476.348767
58502760.8775049
64127889.2471593
70128092.804256
76457709.4384388
83143407.5585757
90141752.286746
97379634.658905
104819305.419542
112480122.308867
120269884.084949
128116910.013709
135967667.506727
143876226.496756
151769186.522972
159578279.841012
167281384.604841
174845343.488992
182280946.784202
189653026.127116
196903684.710145
203997495.886584
210942328.866598
217733396.275974
224383416.077783
230874109.521621
237203382.879983
243462560.281966
249648489.826966
255724239.275775
261702844.089912
267575235.368037
273358928.816184
279044903.036116
284649289.236994
290156614.069473
295576345.465152
300891759.772003
306119783.138591
311240809.587896
316365053.453801
321477219.199024
326561887.834649
331594242.666834
336591169.792166
341529773.76637
346427045.336337
351261094.169515
356054756.757991
360788148.835555
365483201.531359
370113119.628109
374696558.905399
379206711.792358
383670565.993667
388068548.530226
392436034.335317
396752980.961447
401054821.567076
405313362.074904
409557731.564044
413823610.166097
418134910.981887
422424552.553243
426713183.336487
430964284.196127
435208259.304969
439410252.6104
443603272.574249
447750551.247636
451885380.366269
455969992.402949
460041566.437815
464063604.770617
468075364.876262
472037350.500339
475988474.762643
479888489.03578
483780871.108328
487629016.003422
491480747.074985
495298492.129796
499130560.244636
502934372.352337
506754902.699792
510545485.925038
514351415.142207
518125776.495814
521915058.441969
525669277.54341
529434984.339584
533161912.230666
536887956.044251
540574704.032513
544324441.205236
548077311.798738
551850355.630066
555576310.236629
559308890.634828
562994399.962529
566684405.175898
570317182.30593
573951000.046183
577535145.865642
581124430.822758
584660994.745432
588194672.118406
591680503.522141
595174375.946761
598614224.492307
602057412.676823
605441614.386718
608838152.726321
612177867.168657
615518308.392085
618798294.216853
622078342.15957
625317759.354923
628569048.885106
631777207.932755
634984056.904766
638138521.078279
641324044.735802
644425221.200123
647628197.848161
650675744.75657
653752753.438642
)
;

boundaryField
{
    electrode
    {
        type            calculated;
        value           uniform 76994589.7323444;
    }
    ground
    {
        type            calculated;
        value           uniform 655322370.920002;
    }
    otherfaces
    {
        type            empty;
    }
}


// ************************************************************************* //
