/*--------------------------------*- C++ -*----------------------------------*\
| =========                 |                                                 |
| \\      /  F ield         | foam-extend: Open Source CFD                    |
|  \\    /   O peration     | Version:     4.1                                |
|   \\  /    A nd           | Web:         http://www.foam-extend.org         |
|    \\/     M anipulation  |                                                 |
\*---------------------------------------------------------------------------*/
FoamFile
{
    version     2.0;
    format      ascii;
    class       volVectorField;
    location    "1.50399999960923e-05";
    object      velocityelectronMean;
}
// * * * * * * * * * * * * * * * * * * * * * * * * * * * * * * * * * * * * * //

dimensions      [0 1 -1 0 0 0 0];

internalField   nonuniform List<vector> 
500
(
(4790490.13609412 0 0)
(4562511.32173187 0 0)
(4465233.58737192 0 0)
(4409957.37113604 0 0)
(4361986.15123804 0 0)
(4312746.17894731 0 0)
(4260380.5390646 0 0)
(4204981.23831283 0 0)
(4147290.04890932 0 0)
(4088697.68931665 0 0)
(4030019.46619879 0 0)
(3971274.02911592 0 0)
(3912442.04952462 0 0)
(3853489.87698556 0 0)
(3794358.4112177 0 0)
(3734994.51222979 0 0)
(3675335.98725648 0 0)
(3615290.0211121 0 0)
(3554730.39600744 0 0)
(3493469.00276759 0 0)
(3431239.75941234 0 0)
(3367623.67521307 0 0)
(3302049.22123777 0 0)
(3233724.43307605 0 0)
(3159779.86811726 0 0)
(3086466.97283736 0 0)
(3022290.37939294 0 0)
(2962419.35252724 0 0)
(2902076.94751153 0 0)
(2841115.76426968 0 0)
(2779501.63125172 0 0)
(2717197.92421419 0 0)
(2654156.95700139 0 0)
(2590329.60618778 0 0)
(2525655.36766194 0 0)
(2460066.74097322 0 0)
(2393488.19165399 0 0)
(2325831.61905176 0 0)
(2257000.58603964 0 0)
(2186886.54258905 0 0)
(2115366.32965001 0 0)
(2042306.13278953 0 0)
(1967558.13528957 0 0)
(1890963.11735416 0 0)
(1812352.20241553 0 0)
(1731551.24191826 0 0)
(1648389.50123945 0 0)
(1562707.1291814 0 0)
(1474372.87873632 0 0)
(1383305.05566272 0 0)
(1289496.71555212 0 0)
(1193049.85319711 0 0)
(1094215.61281323 0 0)
(993427.38541608 0 0)
(891334.156329013 0 0)
(788809.93884297 0 0)
(686941.141432991 0 0)
(586971.187194681 0 0)
(490200.468650745 0 0)
(397845.428309711 0 0)
(310868.788749486 0 0)
(229677.779489113 0 0)
(152734.112860948 0 0)
(85308.4184011103 0 0)
(26361.4205223877 0 0)
(-27749.3126846788 0 0)
(-73851.5823553492 0 0)
(-111633.747928984 0 0)
(-140957.184220499 0 0)
(-162458.208721204 0 0)
(-177243.078424298 0 0)
(-186578.094691187 0 0)
(-191670.24006906 0 0)
(-193579.201234832 0 0)
(-193165.578969224 0 0)
(-191070.977233184 0 0)
(-187747.870245359 0 0)
(-183481.646641275 0 0)
(-178508.23156095 0 0)
(-173066.444691994 0 0)
(-167400.620112173 0 0)
(-161701.020526091 0 0)
(-156051.357017725 0 0)
(-150473.588506948 0 0)
(-144947.29410418 0 0)
(-139445.10664976 0 0)
(-133959.520345193 0 0)
(-128477.259773809 0 0)
(-122990.888203085 0 0)
(-117488.400413924 0 0)
(-111968.895730931 0 0)
(-106433.37850134 0 0)
(-100890.471630356 0 0)
(-95349.9468024165 0 0)
(-89824.0259019048 0 0)
(-84324.7475400036 0 0)
(-78874.9166401733 0 0)
(-73485.7283495563 0 0)
(-68178.3958201934 0 0)
(-62970.8649149966 0 0)
(-57884.1432689677 0 0)
(-52938.4289853276 0 0)
(-48153.8649749155 0 0)
(-43552.0287824482 0 0)
(-39152.1635027359 0 0)
(-34970.8032472915 0 0)
(-31023.3921778834 0 0)
(-27323.7244284117 0 0)
(-23882.8574130909 0 0)
(-20707.8879028768 0 0)
(-17803.7738041062 0 0)
(-15175.6408832633 0 0)
(-12825.0795864685 0 0)
(-10747.805812885 0 0)
(-8934.3937231422 0 0)
(-7369.66548966444 0 0)
(-6038.99819873115 0 0)
(-4928.8577435739 0 0)
(-4019.27637870838 0 0)
(-3284.11477297048 0 0)
(-2699.02417210734 0 0)
(-2246.37656366598 0 0)
(-1905.62453158925 0 0)
(-1650.23341682122 0 0)
(-1463.48769140932 0 0)
(-1334.68709814435 0 0)
(-1245.30466896948 0 0)
(-1184.43063007021 0 0)
(-1148.40289194539 0 0)
(-1124.95325496331 0 0)
(-1108.50859586555 0 0)
(-1099.89683799223 0 0)
(-1090.48286903583 0 0)
(-1079.42348052755 0 0)
(-1069.29606102969 0 0)
(-1052.77316287134 0 0)
(-1032.17257934306 0 0)
(-1012.45704472642 0 0)
(-989.080498026838 0 0)
(-967.200845358089 0 0)
(-954.000721031069 0 0)
(-941.303243881898 0 0)
(-924.0128311247 0 0)
(-908.010704299918 0 0)
(-894.481456910449 0 0)
(-876.108203960532 0 0)
(-849.767119972987 0 0)
(-820.899001567039 0 0)
(-795.264332796079 0 0)
(-776.422424043942 0 0)
(-763.712108684603 0 0)
(-750.556159819174 0 0)
(-733.53339121159 0 0)
(-715.167074787237 0 0)
(-697.243921355655 0 0)
(-680.791508247373 0 0)
(-666.344301215874 0 0)
(-653.314672049514 0 0)
(-639.85908659299 0 0)
(-625.22827487128 0 0)
(-610.372633797561 0 0)
(-595.913863871315 0 0)
(-582.142305276654 0 0)
(-569.179310035524 0 0)
(-556.856574475986 0 0)
(-545.034678164353 0 0)
(-533.677567345357 0 0)
(-522.79302639178 0 0)
(-512.316894013838 0 0)
(-502.114817124989 0 0)
(-492.165402085825 0 0)
(-482.636272240353 0 0)
(-473.513387362197 0 0)
(-464.221082469672 0 0)
(-454.429338714083 0 0)
(-444.737463883443 0 0)
(-435.589387331043 0 0)
(-426.855301581504 0 0)
(-418.401739921668 0 0)
(-410.155464294734 0 0)
(-402.080928977429 0 0)
(-394.157334535229 0 0)
(-386.37200016588 0 0)
(-378.72040963711 0 0)
(-371.199436280308 0 0)
(-363.798277453326 0 0)
(-356.5065864807 0 0)
(-349.317320288344 0 0)
(-342.226201561449 0 0)
(-335.22907599537 0 0)
(-328.322590475045 0 0)
(-321.502905402772 0 0)
(-314.767467303589 0 0)
(-308.112970462777 0 0)
(-301.535907309519 0 0)
(-295.028797208474 0 0)
(-288.586371331837 0 0)
(-282.208886123533 0 0)
(-275.900923252529 0 0)
(-269.659960681511 0 0)
(-263.481651771537 0 0)
(-257.363261183913 0 0)
(-251.30307351783 0 0)
(-245.295379080403 0 0)
(-239.338625537302 0 0)
(-233.430187288498 0 0)
(-227.56874367362 0 0)
(-221.751504825944 0 0)
(-215.977857817064 0 0)
(-210.245281718841 0 0)
(-204.553529253308 0 0)
(-198.89855237524 0 0)
(-193.283108098349 0 0)
(-187.699456735093 0 0)
(-182.156636487135 0 0)
(-176.635798943529 0 0)
(-171.163264880198 0 0)
(-165.696816268449 0 0)
(-160.29684139341 0 0)
(-154.869318284515 0 0)
(-149.545176332389 0 0)
(-144.140566793253 0 0)
(-138.8995875361 0 0)
(-133.500022825738 0 0)
(-128.352859642712 0 0)
(-122.937224323815 0 0)
(-117.901752355828 0 0)
(-112.445866243816 0 0)
(-107.529881614203 0 0)
(-102.022599676171 0 0)
(-97.2342382548946 0 0)
(-91.6600796185579 0 0)
(-86.9962350625739 0 0)
(-81.3348942616488 0 0)
(-76.7116653979692 0 0)
(-70.8785544267841 0 0)
(-65.7607626812998 0 0)
(-64.7077581756635 0 0)
(-56.1570094796449 0 0)
(-50.7931903486483 0 0)
(-45.7326084549162 0 0)
(-40.6121387877429 0 0)
(-35.51570178872 0 0)
(-30.4044325701935 0 0)
(-25.3396420686089 0 0)
(-20.2682248971712 0 0)
(-15.1395220357094 0 0)
(-9.38984215930918 0 0)
(-5.64021467905461 0 0)
(0.0173414258249091 0 0)
(5.07541094335261 0 0)
(10.7926202973902 0 0)
(14.4853764328468 0 0)
(20.2411093010344 0 0)
(25.3770037032739 0 0)
(30.4434428607805 0 0)
(35.5111671165809 0 0)
(40.6156505495375 0 0)
(45.7144564101437 0 0)
(50.8288169987704 0 0)
(55.8951387704039 0 0)
(61.2548396095282 0 0)
(69.7376603126486 0 0)
(70.8661118234614 0 0)
(75.9860203146284 0 0)
(81.7798294634493 0 0)
(86.4126047809072 0 0)
(92.0560411069708 0 0)
(96.7255700192931 0 0)
(102.283364726583 0 0)
(107.074925393513 0 0)
(112.568671205247 0 0)
(117.485013097892 0 0)
(122.924948647125 0 0)
(127.959699464687 0 0)
(133.364121422211 0 0)
(138.503430478472 0 0)
(143.893468479977 0 0)
(149.127201220974 0 0)
(154.521113167429 0 0)
(159.837851765862 0 0)
(165.254309781268 0 0)
(170.645467464389 0 0)
(176.100965428914 0 0)
(181.562559650116 0 0)
(187.07101576491 0 0)
(192.601277202928 0 0)
(198.172101053983 0 0)
(203.774072214198 0 0)
(209.414895896063 0 0)
(215.092302514506 0 0)
(220.810092344148 0 0)
(226.568105170595 0 0)
(232.369304325166 0 0)
(238.213976153323 0 0)
(244.105511843446 0 0)
(250.04439173539 0 0)
(256.033113709576 0 0)
(262.073321549247 0 0)
(268.169086709422 0 0)
(274.324634222537 0 0)
(280.545202376063 0 0)
(286.833474431147 0 0)
(293.19066381539 0 0)
(299.610987954851 0 0)
(306.094386968319 0 0)
(312.646617468055 0 0)
(319.275400921841 0 0)
(325.984522756916 0 0)
(332.777229983707 0 0)
(339.655576701111 0 0)
(346.62332738222 0 0)
(353.683938831454 0 0)
(360.842044396787 0 0)
(368.102108003134 0 0)
(375.470539568416 0 0)
(382.957400182196 0 0)
(390.574090809592 0 0)
(398.323665516422 0 0)
(406.210294557133 0 0)
(414.246584585009 0 0)
(422.455364993442 0 0)
(430.872132714326 0 0)
(439.566036931837 0 0)
(448.669387227549 0 0)
(458.315358469962 0 0)
(468.062955338275 0 0)
(477.309145853575 0 0)
(486.381062588007 0 0)
(495.858727583101 0 0)
(505.760086816322 0 0)
(515.914268403089 0 0)
(526.33735603368 0 0)
(537.164296372521 0 0)
(548.460106652963 0 0)
(560.216910065724 0 0)
(572.47072024075 0 0)
(585.361983927818 0 0)
(599.068994166632 0 0)
(613.471048123478 0 0)
(628.26563852935 0 0)
(642.829686441759 0 0)
(656.208999047427 0 0)
(669.149227044658 0 0)
(683.506263377685 0 0)
(699.875192616404 0 0)
(717.716312281149 0 0)
(735.99853598938 0 0)
(752.942921971882 0 0)
(766.012276045249 0 0)
(778.602260933107 0 0)
(797.305961123263 0 0)
(822.815237290413 0 0)
(851.580770266403 0 0)
(877.84357926825 0 0)
(896.126568261002 0 0)
(909.526520669955 0 0)
(925.38512975567 0 0)
(942.552766018892 0 0)
(955.112433418117 0 0)
(968.125688511714 0 0)
(989.826220761296 0 0)
(1013.04969646207 0 0)
(1032.59072961171 0 0)
(1053.00787393084 0 0)
(1069.35861748645 0 0)
(1079.27830941747 0 0)
(1090.10797045227 0 0)
(1099.28481918501 0 0)
(1107.61113855937 0 0)
(1123.75014801468 0 0)
(1146.86912962397 0 0)
(1182.49496639929 0 0)
(1242.9332971709 0 0)
(1331.83873676601 0 0)
(1460.07518860627 0 0)
(1646.19790574021 0 0)
(1900.9059135391 0 0)
(2240.87775483626 0 0)
(2692.65822375508 0 0)
(3276.82764722358 0 0)
(4011.0047731932 0 0)
(4919.52312368544 0 0)
(6028.54810404836 0 0)
(7358.08640429894 0 0)
(8921.68215722792 0 0)
(10733.9552799136 0 0)
(12810.1087086721 0 0)
(15159.5939336422 0 0)
(17786.7163988493 0 0)
(20689.9058718281 0 0)
(23864.0404297163 0 0)
(27304.1628513474 0 0)
(31003.1904717694 0 0)
(34950.0732748474 0 0)
(39131.0197800065 0 0)
(43530.5872290914 0 0)
(48132.2406340371 0 0)
(52916.7454206337 0 0)
(57862.5130132853 0 0)
(62949.3919878561 0 0)
(68157.1844699717 0 0)
(73464.864927889 0 0)
(78854.4895527987 0 0)
(84304.8101467792 0 0)
(89804.6640496396 0 0)
(95331.1983958706 0 0)
(100872.387561261 0 0)
(106415.979269253 0 0)
(111952.21295489 0 0)
(117472.423243218 0 0)
(122975.633526607 0 0)
(128462.678294886 0 0)
(133945.618298923 0 0)
(139431.831569818 0 0)
(144934.652149552 0 0)
(150461.553109434 0 0)
(156039.900004174 0 0)
(161690.233379312 0 0)
(167390.710629868 0 0)
(173057.836285548 0 0)
(178501.509864657 0 0)
(183477.415067971 0 0)
(187746.728567584 0 0)
(191073.703011155 0 0)
(193173.337741865 0 0)
(193593.772203189 0 0)
(191693.987395114 0 0)
(186614.001705762 0 0)
(177294.503373079 0 0)
(162528.640417362 0 0)
(141049.725646291 0 0)
(111750.21834777 0 0)
(73991.6230908092 0 0)
(27909.948238671 0 0)
(-26181.1093622402 0 0)
(-85125.1508756586 0 0)
(-152514.1140082 0 0)
(-229454.450622332 0 0)
(-310636.94205534 0 0)
(-397606.573083987 0 0)
(-489955.681307418 0 0)
(-586727.438293821 0 0)
(-686701.758356952 0 0)
(-788577.352426057 0 0)
(-891113.013964926 0 0)
(-993221.309522826 0 0)
(-1094025.73001355 0 0)
(-1192876.15299058 0 0)
(-1289339.75346643 0 0)
(-1383165.70067368 0 0)
(-1474251.04713686 0 0)
(-1562602.21884051 0 0)
(-1648299.95063251 0 0)
(-1731476.39099035 0 0)
(-1812290.9827838 0 0)
(-1890915.71577935 0 0)
(-1967523.72524876 0 0)
(-2042284.53825861 0 0)
(-2115356.6732647 0 0)
(-2186888.05100652 0 0)
(-2257013.1267674 0 0)
(-2325854.30219123 0 0)
(-2393520.9183444 0 0)
(-2460109.49012549 0 0)
(-2525707.92224504 0 0)
(-2590392.07242046 0 0)
(-2654229.43338947 0 0)
(-2717279.60527227 0 0)
(-2779592.91909291 0 0)
(-2841216.43092771 0 0)
(-2902186.72064043 0 0)
(-2962537.91551882 0 0)
(-3022420.20771056 0 0)
(-3086623.73878049 0 0)
(-3159963.35266932 0 0)
(-3233914.20443515 0 0)
(-3302241.46287087 0 0)
(-3367820.88094008 0 0)
(-3431445.07876465 0 0)
(-3493685.00946619 0 0)
(-3554956.02993693 0 0)
(-3615529.88043305 0 0)
(-3675590.21582779 0 0)
(-3735255.81518298 0 0)
(-3794628.13482745 0 0)
(-3853777.55384907 0 0)
(-3912750.52022786 0 0)
(-3971593.12649743 0 0)
(-4030346.33622654 0 0)
(-4089044.09039049 0 0)
(-4147651.70304462 0 0)
(-4205331.75974184 0 0)
(-4260706.06158761 0 0)
(-4313067.23872498 0 0)
(-4362306.38555146 0 0)
(-4410126.11635884 0 0)
(-4464702.33873948 0 0)
(-4558599.40433176 0 0)
(-4779933.9875775 0 0)
)
;

boundaryField
{
    electrode
    {
        type            calculated;
        value           uniform (-4353.79528682328 0 0);
    }
    ground
    {
        type            calculated;
        value           uniform (13230.9134694638 0 0);
    }
    otherfaces
    {
        type            empty;
    }
}


// ************************************************************************* //
