/*--------------------------------*- C++ -*----------------------------------*\
| =========                 |                                                 |
| \\      /  F ield         | foam-extend: Open Source CFD                    |
|  \\    /   O peration     | Version:     4.1                                |
|   \\  /    A nd           | Web:         http://www.foam-extend.org         |
|    \\/     M anipulation  |                                                 |
\*---------------------------------------------------------------------------*/
FoamFile
{
    version     2.0;
    format      ascii;
    class       volScalarField;
    location    "1.62492829960975e-05";
    object      Arp1;
}
// * * * * * * * * * * * * * * * * * * * * * * * * * * * * * * * * * * * * * //

dimensions      [0 -3 0 0 0 0 0];

internalField   nonuniform List<scalar> 
500
(
6.04170130477025e+31
4.72887445414858e+29
3.81124440793707e+29
1.40724211101657e+28
2.12393335033213e+28
7.84211235133499e+26
1.18356987185789e+27
4.35228133606109e+25
6.54168165792042e+25
8.00396564488724e+23
10000000
10000000
10000000
10000000
10000000
10000000
10000000
10000000
10000000
10000000
10000000
10000000
10000000
10000000
10000000
10000000
10000000
10000000
10000000
10000000
10000000
10000000
10000000
10000000
10000000
10000000
10000000
10000000
10000000
10000000
10000000
10000000
10000000
10000000
10000000
10000000
10000000
10000000
10000000
10000000
10000000
10000000
10000000
10000000
10000000
10000000
10000000
10000000
10000000
10000000
3.33141107098018e+60
8.80810939283351e+55
6.66773023876211e+60
4.55036434836817e+64
3.53712846774509e+48
5.05174589996443e+46
5.87374538319711e+44
3.56330813053538e+43
5.30799597858012e+42
1.98896788508848e+42
1.10951340230063e+42
2.38638200060887e+42
9.06100715463254e+43
5.40249293592665e+46
10000000
10000000
2.78288754470794e+35
6.56591522978277e+34
1.56532541646968e+34
3.65918359223605e+33
1.01664748244698e+33
2.0530967604618e+32
1.95444974424896e+32
3.63366328175361e+31
1.16569799197884e+32
3.88620016977232e+31
1.15135356883697e+32
3.83840173150725e+31
1.34046743079862e+31
4.4739313452151e+30
1.49698314059909e+30
5.04804056391371e+29
1.74068589082357e+29
6.39908199945378e+28
2.72793773052062e+28
1.52046199905223e+28
1.11577562065472e+28
9.96354644988752e+27
9.54137521419021e+27
9.54609407418806e+27
9.51834191995398e+27
9.64312160589141e+27
9.64953997248673e+27
9.7753877090838e+27
9.77714430755805e+27
9.8917934794427e+27
9.88488950221911e+27
9.98723127535362e+27
9.97166970148277e+27
1.00603545540596e+28
1.00420368909829e+28
1.00931852000694e+28
1.00757836893625e+28
1.01208688330195e+28
1.01023336731019e+28
1.01322970748784e+28
1.01141762211503e+28
1.01228214008648e+28
1.0114572157806e+28
1.00907174156426e+28
1.0083403954603e+28
1.00387933667567e+28
1.00511989286538e+28
9.95760318765306e+27
1.00130801661896e+28
9.84968144118809e+27
9.99236717295252e+27
9.75962813660684e+27
1.00515136898614e+28
9.75296001774618e+27
1.02148563058592e+28
9.83816439142153e+27
1.04392189255146e+28
1.02187714374686e+28
6.06168692461918e+27
2.50447172839161e+27
1.05044354213629e+27
4.91104709310731e+26
2.99519203015483e+26
2.2394835881662e+26
2.05016310188675e+26
1.95894926698775e+26
1.98147786385905e+26
1.94780847299199e+26
1.9961646489192e+26
1.97363124542246e+26
2.02758880012695e+26
2.00780666671212e+26
2.06411482813103e+26
2.04589242579267e+26
2.10422223262185e+26
2.08751346752069e+26
2.14796759338177e+26
2.13286597138599e+26
2.19558944896157e+26
2.18221410788937e+26
2.24730216534766e+26
2.23564841801082e+26
2.30310165481123e+26
2.29314526949496e+26
2.36299672402146e+26
2.35480401629884e+26
2.42719389192825e+26
2.42087450876938e+26
2.49582674850073e+26
2.49117574721653e+26
2.56817882075958e+26
2.56438011904034e+26
2.64237493352268e+26
2.63849556394706e+26
2.71700778614233e+26
2.71359222202802e+26
2.79421100161628e+26
2.79329579035105e+26
2.87713667325389e+26
2.87795292356788e+26
2.96419502431067e+26
2.97297133174805e+26
3.07402981146461e+26
3.13778445105505e+26
3.27459292078012e+26
3.28485124161413e+26
3.16171559541259e+26
2.77710790317037e+26
1.97762752147812e+26
1.45429579360168e+26
1.13995335755745e+26
9.95337950745048e+25
9.17593432787662e+25
8.86753067986333e+25
8.74532929886224e+25
8.70280659987394e+25
8.67790597232583e+25
8.6588888627044e+25
8.63940252189444e+25
8.61322529750475e+25
8.59570331243455e+25
8.57269616928756e+25
8.55682952734068e+25
8.53422512791959e+25
8.52043487239807e+25
8.48405473505389e+25
8.44774686071573e+25
8.42141841395308e+25
8.40298041770145e+25
8.38800245485795e+25
8.37174534057042e+25
8.35622393894077e+25
8.3445091830863e+25
8.32442116620347e+25
8.31267352281621e+25
8.29939197238967e+25
8.28569936717798e+25
8.27591212028084e+25
8.25927623801366e+25
8.24518016795057e+25
8.23158834865114e+25
8.22102188387248e+25
8.2000558791309e+25
8.18681106697531e+25
8.17139230567042e+25
8.15823589431182e+25
8.1416441190029e+25
8.1405103165806e+25
8.13753725130337e+25
8.12354256966922e+25
8.11359504401057e+25
8.09655839032238e+25
8.08621345642759e+25
8.06915824228291e+25
8.05875391579135e+25
8.0427283427519e+25
8.02903683814296e+25
8.01702460970904e+25
8.00340808224578e+25
7.99120944706092e+25
7.97759857255281e+25
7.96549238426057e+25
7.95209453627245e+25
7.9402668369166e+25
7.92722359110304e+25
7.91575246052655e+25
7.90310840307097e+25
7.89202810302106e+25
7.8798621325001e+25
7.86927603839541e+25
7.85765783327427e+25
7.84760881369898e+25
7.83660902392428e+25
7.82717342112285e+25
7.81688724070663e+25
7.80815487309316e+25
7.79869246918982e+25
7.79079030684659e+25
7.78227337782448e+25
7.7753014230589e+25
7.76783859559504e+25
7.76189287531697e+25
7.75562922990469e+25
7.75088892722455e+25
7.74600154063895e+25
7.74259587795901e+25
7.73926890297219e+25
7.73740052741098e+25
7.7358592290079e+25
7.73566595487393e+25
7.73644872207491e+25
7.73766247823537e+25
7.74166627879192e+25
7.74369729898838e+25
7.74959805512654e+25
7.76049256234131e+25
7.77355156702457e+25
7.80132915676985e+25
7.80880580665827e+25
7.81194103884042e+25
7.8157679599222e+25
7.82719054408425e+25
7.84072029616804e+25
7.85865386454548e+25
7.87757501456103e+25
7.90045342991825e+25
7.92415565203086e+25
7.95217671141937e+25
7.97973697321089e+25
8.01552501954108e+25
8.04139156194552e+25
8.09032512362935e+25
8.19813429145689e+25
8.42930314941914e+25
8.86663962527042e+25
1.00442095210154e+26
1.09924670779505e+26
1.12829170556808e+26
1.11570456141421e+26
1.10305567088319e+26
1.0985889782283e+26
1.10304745199702e+26
1.10435446121529e+26
1.10272090201658e+26
1.09109054902681e+26
1.08576845954211e+26
1.07984358461648e+26
1.0736621679674e+26
1.06884559393319e+26
1.06300454653803e+26
1.0521483276186e+26
1.04078657217769e+26
1.029919825673e+26
1.02218271176743e+26
1.01263803475967e+26
1.00120305545167e+26
9.90077768434335e+25
9.78758561254026e+25
9.68808154505179e+25
9.5839085191586e+25
9.50783451456839e+25
9.38038527019284e+25
9.35970551133713e+25
9.01067905165304e+25
1.15603260306245e+26
1.92951732075452e+26
2.33901629517428e+26
1.71527413306633e+26
2.20653063428427e+26
1.74859919110303e+26
1.25576651803681e+26
9.89817032614844e+25
8.95507851548949e+25
8.5723535792119e+25
8.42816650491055e+25
8.2983201884826e+25
8.32302387056287e+25
7.83697577177218e+25
2.26508738422537e+26
1.8783374753527e+26
1.28534180967722e+26
1.0347215064377e+26
4.93573796539472e+25
2.17574611226542e+26
3.3553397599554e+26
3.9141583806344e+26
3.93656493455553e+26
2.76350029447288e+26
1.11816228396026e+26
2.29037005954417e+26
3.06832394759749e+26
3.36915760665384e+26
3.33725958126277e+26
3.17640842670675e+26
3.04751319759453e+26
2.86010255078638e+26
2.73189690320602e+26
2.5314233552306e+26
2.40538414979486e+26
2.20430839035395e+26
2.07804645161006e+26
1.89769058122122e+26
1.76120208400412e+26
1.60630475981742e+26
1.45294490478717e+26
1.31509290596461e+26
1.20215137909393e+26
1.09650588686857e+26
9.99538095399807e+25
9.22197660522098e+25
8.31540502565367e+25
7.80899821542008e+25
7.49989397762891e+25
7.06623102925756e+25
6.85427355412194e+25
6.4374423455051e+25
6.23040417609989e+25
5.95050594251915e+25
5.81933665734166e+25
5.62621045270444e+25
5.5348438587636e+25
5.39744895201397e+25
5.33070808857621e+25
5.23031380780992e+25
5.18006917717312e+25
5.10295352862056e+25
5.0667479494916e+25
5.00704452849169e+25
4.98010322323825e+25
4.93015327651856e+25
4.90667101689234e+25
4.86445151477178e+25
4.84380884511478e+25
4.81707567707739e+25
4.81908347766689e+25
4.86980344801249e+25
5.129487489622e+25
6.08501634426528e+25
8.88584270853923e+25
9.78005728810656e+25
9.49502471509119e+25
9.15790839454901e+25
9.10636215621683e+25
9.04866532041104e+25
8.77141625053305e+25
8.28531662023481e+25
7.95343913202613e+25
7.70870852509577e+25
7.39963142577744e+25
6.99757534797695e+25
6.59064173602356e+25
6.24459992144764e+25
5.94016909580641e+25
5.63272835594163e+25
5.30419238522785e+25
4.95550694356264e+25
4.60947937543625e+25
4.29249939911736e+25
3.97867607560747e+25
3.66287886611028e+25
3.3693663135876e+25
3.05038765881059e+25
2.93151628750118e+25
2.97871675339168e+25
2.94088823063496e+25
2.59699780279655e+25
1.78758014106929e+25
1.12954483631409e+25
7.02758775873575e+24
4.60356777267515e+24
3.33532174793744e+24
2.72789937350479e+24
2.46620061670815e+24
2.3660705163343e+24
2.2962946139092e+24
2.23278809516906e+24
2.13390552356604e+24
2.05028765375702e+24
1.98465141082231e+24
1.93277762488443e+24
1.88510442132298e+24
1.84766267328503e+24
1.79512981543838e+24
1.75552264067504e+24
1.73807947892463e+24
1.72937754709047e+24
1.71659212689762e+24
1.67862117348208e+24
1.63785034798543e+24
1.5819804627618e+24
1.54497728619841e+24
1.48204065457012e+24
1.46324706184978e+24
1.48560587180839e+24
1.48473472578576e+24
1.41169820771698e+24
1.29337752440745e+24
1.21733795646211e+24
1.17263278165033e+24
1.13748761267114e+24
1.05713402428143e+24
9.55804120494127e+23
9.10075642997329e+23
8.92087503795828e+23
8.78918723242473e+23
8.55414636421349e+23
7.96297756141358e+23
7.4952723526967e+23
7.1462456138199e+23
6.84235309982336e+23
6.12953855035191e+23
5.25670220906832e+23
4.41245330135242e+23
3.43593173336668e+23
2.43519351794861e+23
1.58355268217116e+23
9.62620365163766e+22
5.59742245297565e+22
3.19378317867241e+22
1.84304543295163e+22
1.11316426605196e+22
7.2778362409512e+21
5.23686448865157e+21
4.18654885962007e+21
3.55802929310914e+21
3.32729640138049e+21
2.97504181232929e+21
3.1582934398848e+21
1.96285342218617e+21
6.67056140481721e+21
4.23979511886909e+21
8.37330382234886e+22
5.53618262308603e+22
1.47244695457251e+24
9.75490858034875e+23
2.6393605737113e+25
1.74873602541219e+25
4.73586426881909e+26
3.13781255238463e+26
8.49813654868265e+27
7.02948359454084e+27
5.07035430517081e+29
2.85497100900752e+30
1.20868163813876e+31
)
;

boundaryField
{
    electrode
    {
        type            zeroGradient;
    }
    ground
    {
        type            zeroGradient;
    }
    otherfaces
    {
        type            empty;
    }
}


// ************************************************************************* //
