/*--------------------------------*- C++ -*----------------------------------*\
| =========                 |                                                 |
| \\      /  F ield         | foam-extend: Open Source CFD                    |
|  \\    /   O peration     | Version:     4.1                                |
|   \\  /    A nd           | Web:         http://www.foam-extend.org         |
|    \\/     M anipulation  |                                                 |
\*---------------------------------------------------------------------------*/
FoamFile
{
    version     2.0;
    format      ascii;
    class       volVectorField;
    location    "1.62492829960975e-05";
    object      EFieldMean;
}
// * * * * * * * * * * * * * * * * * * * * * * * * * * * * * * * * * * * * * //

dimensions      [1 1 -3 0 0 -1 0];

internalField   nonuniform List<vector> 
500
(
(-8600506674091.4 0 0)
(-64331781357.6149 0 0)
(-184497086399.759 0 0)
(-2140054989873.53 0 0)
(-3866140364664.16 0 0)
(-12862708690132.8 0 0)
(-22094028189506.2 0 0)
(-26926367164317.6 0 0)
(-31912326761314.5 0 0)
(-42086343548694.8 0 0)
(-49515314294089.1 0 0)
(-146603422905195 0 0)
(-243157307878023 0 0)
(-521504586817033 0 0)
(-779910882057646 0 0)
(-719308504554948 0 0)
(-606232313775566 0 0)
(-460245167469107 0 0)
(-344598321005391 0 0)
(-262081090928509 0 0)
(-184617221044497 0 0)
(-116018264065869 0 0)
(-66512257592672.6 0 0)
(-40251523542839 0 0)
(-26411455332821.2 0 0)
(-14832992617337.6 0 0)
(-11939778790996.6 0 0)
(-11913976759896.5 0 0)
(-9374734945455.05 0 0)
(-5995822592248.82 0 0)
(-4105601497016.81 0 0)
(-2690570616775.86 0 0)
(-1944816088220.03 0 0)
(-1471572674857 0 0)
(-1187931388352.99 0 0)
(-1013336952057.09 0 0)
(-899888599361.245 0 0)
(-815285583210.703 0 0)
(-738530615878.853 0 0)
(-652490264511.874 0 0)
(-531690336183.11 0 0)
(-391165662068.08 0 0)
(-364329860143.888 0 0)
(-400679128250.201 0 0)
(-213879950722.567 0 0)
(-21122859164.7209 0 0)
(-6717103147.96705 0 0)
(-1592381836.58094 0 0)
(-371987260.924263 0 0)
(-83576120.1619887 0 0)
(-21100896.3182244 0 0)
(-8596771.10249812 0 0)
(-7074981.59151454 0 0)
(-7671760.2410089 0 0)
(-5529572.84590841 0 0)
(-3544093.98345435 0 0)
(-1808976.10903468 0 0)
(-216728.619393021 0 0)
(-96153.0190063034 0 0)
(1860.8755570583 0 0)
(1944.74932287835 0 0)
(1999.59222935268 0 0)
(2100.37315838555 0 0)
(2243.2886783247 0 0)
(2310.65841576926 0 0)
(2358.85743229108 0 0)
(2395.75865571338 0 0)
(2523.34373461033 0 0)
(2145.16972517702 0 0)
(2520.9925310453 0 0)
(-713.171448520274 0 0)
(-3903.86584641929 0 0)
(-5089.64066232181 0 0)
(-6429.29444200441 0 0)
(61026355.5466567 0 0)
(66482699.604305 0 0)
(10795287.3251027 0 0)
(10669703.5303432 0 0)
(10648241.7747185 0 0)
(10627721.4467846 0 0)
(10593551.3826572 0 0)
(10546735.0809037 0 0)
(10493665.4201824 0 0)
(10437628.0120553 0 0)
(10379979.0014732 0 0)
(10321505.0813227 0 0)
(10248111.5910237 0 0)
(10175032.5131079 0 0)
(10116896.427329 0 0)
(459202556.107655 0 0)
(1296572181.39713 0 0)
(1673407363.60616 0 0)
(1648735694.58319 0 0)
(1623327767.49314 0 0)
(1599631325.45162 0 0)
(1577102182.9676 0 0)
(1555843785.23657 0 0)
(1535536858.32678 0 0)
(1515728433.08304 0 0)
(1496480264.22978 0 0)
(1478367710.03483 0 0)
(1461667023.43784 0 0)
(1446251038.90993 0 0)
(1432017520.77841 0 0)
(1418878818.02084 0 0)
(1406784025.06394 0 0)
(1395679201.76684 0 0)
(1385508026.69574 0 0)
(1376303524.77526 0 0)
(1367730103.59413 0 0)
(1361089785.52165 0 0)
(1355712715.25794 0 0)
(1350030185.69397 0 0)
(1344706422.70152 0 0)
(1340140917.87507 0 0)
(1336102114.49767 0 0)
(1332897103.14087 0 0)
(1330153663.79179 0 0)
(1328224919.19313 0 0)
(1327062788.11959 0 0)
(1326622130.07458 0 0)
(1326200785.50676 0 0)
(1327113030.11637 0 0)
(1327809907.45437 0 0)
(1329714738.35907 0 0)
(1330318190.00137 0 0)
(1330357440.10221 0 0)
(1326775450.59858 0 0)
(1320426009.85928 0 0)
(1310489007.31324 0 0)
(1297844714.08133 0 0)
(1284038002.37364 0 0)
(1267015476.71237 0 0)
(1592168499.75481 0 0)
(3482251053.96173 0 0)
(8042757480.26439 0 0)
(14701260433.8239 0 0)
(20959551194.4881 0 0)
(24782571470.7549 0 0)
(26453482061.1684 0 0)
(27038141307.0253 0 0)
(27190724676.4556 0 0)
(27186781720.5654 0 0)
(27126498250.0616 0 0)
(27042941707.7221 0 0)
(26947011114.417 0 0)
(26842311475.8172 0 0)
(26729832393.6676 0 0)
(26609934682.3624 0 0)
(26482561307.0259 0 0)
(26347751999.1646 0 0)
(26205414040.3136 0 0)
(26055653056.2501 0 0)
(25898513979.0118 0 0)
(25734266204.7305 0 0)
(25563278912.9352 0 0)
(25386193991.3494 0 0)
(25203605348.6653 0 0)
(25016118271.6661 0 0)
(24824179979.5976 0 0)
(24628081923.9926 0 0)
(24427969369.7706 0 0)
(24219682604.527 0 0)
(23994267565.4906 0 0)
(23753135821.914 0 0)
(23507583964.222 0 0)
(23265272243.6762 0 0)
(23029276424.3899 0 0)
(22801560457.2157 0 0)
(22582720314.5733 0 0)
(22370359629.9507 0 0)
(22160049319.0341 0 0)
(21946641600.5241 0 0)
(21727520305.0194 0 0)
(21503989557.1318 0 0)
(21277083117.7115 0 0)
(21034128548.4558 0 0)
(20731593296.9861 0 0)
(20286947349.0817 0 0)
(19712485337.5181 0 0)
(19364744265.6636 0 0)
(19791173664.0048 0 0)
(21686137721.3847 0 0)
(27483881385.607 0 0)
(41165177865.4978 0 0)
(60326473957.683 0 0)
(77015083712.82 0 0)
(88534814927.4729 0 0)
(94054676590.7368 0 0)
(95882151649.5801 0 0)
(97295783922.9268 0 0)
(97969335942.0692 0 0)
(98460169818.5841 0 0)
(98965897227.8575 0 0)
(99467487084.0043 0 0)
(99900179480.0777 0 0)
(100357415712.493 0 0)
(100869341345.593 0 0)
(101369527590.28 0 0)
(101859881745.485 0 0)
(102392669693.715 0 0)
(103004536907.618 0 0)
(103592482992.491 0 0)
(104098055276.275 0 0)
(104537608028.362 0 0)
(104920233438.267 0 0)
(105279845397.023 0 0)
(105751371480.13 0 0)
(106218575472.587 0 0)
(106424461013.318 0 0)
(106708356774.822 0 0)
(107100582268.632 0 0)
(107381742042.319 0 0)
(107666759511.061 0 0)
(107834208114.584 0 0)
(107999162202.669 0 0)
(108392263843.159 0 0)
(108788941485.178 0 0)
(109082046675.466 0 0)
(109345590707.519 0 0)
(109468322967.508 0 0)
(109698610234.758 0 0)
(109976664915.672 0 0)
(109971120671.79 0 0)
(109993294698.775 0 0)
(110159846205.945 0 0)
(110325692161.185 0 0)
(110484474937.213 0 0)
(110632934100.633 0 0)
(110752580647.368 0 0)
(110785909889.919 0 0)
(110716832542.452 0 0)
(110589165296.073 0 0)
(110437486175.706 0 0)
(110273838040.81 0 0)
(110095768582.323 0 0)
(109902437502.831 0 0)
(109693312309.023 0 0)
(109467797596.472 0 0)
(109225426168.345 0 0)
(108965983198.595 0 0)
(108689368060.493 0 0)
(108395439513.697 0 0)
(108013583028.25 0 0)
(107444131703.72 0 0)
(106728512755.286 0 0)
(105967112701.837 0 0)
(105189845764.581 0 0)
(104396937219.38 0 0)
(103588573002.004 0 0)
(102764992170.47 0 0)
(101895776024.74 0 0)
(100831698076.646 0 0)
(99491633212.9403 0 0)
(98033981887.5874 0 0)
(96579477384.9858 0 0)
(95128255561.8995 0 0)
(93578079863.5368 0 0)
(91731770555.8716 0 0)
(89610790345.4698 0 0)
(87437200026.0482 0 0)
(85181960549.2588 0 0)
(82595485560.5735 0 0)
(79723052617.9641 0 0)
(76652461590.1875 0 0)
(73225369616.0958 0 0)
(69393307765.3496 0 0)
(65175241398.8336 0 0)
(60385962110.823 0 0)
(54748196911.308 0 0)
(47985158545.0792 0 0)
(39393975951.8123 0 0)
(27130321409.3749 0 0)
(19644613650.4339 0 0)
(26645974557.0458 0 0)
(39018643819.6259 0 0)
(48340278589.7283 0 0)
(55814399242.7216 0 0)
(62310485240.1633 0 0)
(68110315349.0333 0 0)
(73266128842.8324 0 0)
(78016466527.5072 0 0)
(82474190467.9723 0 0)
(86674851151.7736 0 0)
(90654843267.799 0 0)
(94429453302.6314 0 0)
(97760660673.4001 0 0)
(99803076363.1625 0 0)
(99207230049.5897 0 0)
(94639144064.9001 0 0)
(87341387109.7652 0 0)
(82048319902.7361 0 0)
(81938001790.8814 0 0)
(85655324225.3841 0 0)
(90132815952.0283 0 0)
(93589800749.8377 0 0)
(96522426560.7666 0 0)
(99790291482.9969 0 0)
(103405939594.101 0 0)
(107444550077.741 0 0)
(111723108097.124 0 0)
(115980894643.395 0 0)
(120329160684.518 0 0)
(124674905470.254 0 0)
(129163151382.749 0 0)
(134392551332.804 0 0)
(140260342857.621 0 0)
(145780180492.46 0 0)
(151134966099.451 0 0)
(156887350771.416 0 0)
(162993546715.361 0 0)
(169856877310.329 0 0)
(176806033566.323 0 0)
(183071236512.596 0 0)
(189512769212.256 0 0)
(196584380159.428 0 0)
(204030431487.262 0 0)
(211087268869.654 0 0)
(219669555227.016 0 0)
(203818797761.658 0 0)
(152615150623.672 0 0)
(111548538996.17 0 0)
(58554805691.2019 0 0)
(11621655139.135 0 0)
(6627557367.52247 0 0)
(8455282373.41099 0 0)
(11539695208.2081 0 0)
(13500975760.0928 0 0)
(14410701553.0426 0 0)
(14702556873.3679 0 0)
(14832785066.9127 0 0)
(14851052913.7551 0 0)
(15103664779.9647 0 0)
(10949659447.3341 0 0)
(5961825116.64936 0 0)
(7372130891.48531 0 0)
(10883088090.281 0 0)
(16270592336.6414 0 0)
(13356763328.6886 0 0)
(4997784470.82945 0 0)
(3234014383.65426 0 0)
(3048360857.36507 0 0)
(3605873194.74184 0 0)
(6802293020.93424 0 0)
(7829810154.37787 0 0)
(4970275439.49509 0 0)
(3594913093.38639 0 0)
(3504181176.52199 0 0)
(3606758534.06566 0 0)
(3788211040.1195 0 0)
(3983785517.79268 0 0)
(4203783881.692 0 0)
(4455325884.7326 0 0)
(4744328085.89719 0 0)
(5074285962.47672 0 0)
(5453562691.2171 0 0)
(5878467198.81874 0 0)
(6371504179.79401 0 0)
(6939776565.28452 0 0)
(7620548316.6867 0 0)
(8423944337.84025 0 0)
(9273253462.37289 0 0)
(10158994383.549 0 0)
(11124002572.2838 0 0)
(12155997521.935 0 0)
(13281155116.7724 0 0)
(14412868619.0519 0 0)
(15268745106.0312 0 0)
(15977378419.8654 0 0)
(16731090861.1724 0 0)
(17515238241.109 0 0)
(18352376233.6516 0 0)
(19121191151.5254 0 0)
(19808135991.2958 0 0)
(20449835041.7492 0 0)
(21034228620.0352 0 0)
(21573450995.4983 0 0)
(22094230062.3912 0 0)
(22625618012.8185 0 0)
(23181395396.1505 0 0)
(23782664007.9249 0 0)
(24453515515.0342 0 0)
(25242765477.6987 0 0)
(26230923045.8287 0 0)
(27646606971.1222 0 0)
(29933741226.4747 0 0)
(33509189291.8595 0 0)
(38464545303.0344 0 0)
(44368352651.4254 0 0)
(51536936230.446 0 0)
(63162770225.8092 0 0)
(85160347239.7056 0 0)
(103305814572.324 0 0)
(85119296456.4413 0 0)
(51477620597.178 0 0)
(37791603519.92 0 0)
(29267784756.4558 0 0)
(19021307388.7669 0 0)
(16956471544.0183 0 0)
(23387961561.1819 0 0)
(28585951552.6791 0 0)
(27094351869.1629 0 0)
(25329712506.1503 0 0)
(28151187590.3278 0 0)
(34045648151.611 0 0)
(38916444003.0476 0 0)
(42099921519.2355 0 0)
(46718121780.295 0 0)
(55766460131.5102 0 0)
(70210443547.8485 0 0)
(90166468700.7125 0 0)
(116406428509.925 0 0)
(150341814470.345 0 0)
(195405026020.565 0 0)
(256097601552.688 0 0)
(336850402320.172 0 0)
(437692923863.411 0 0)
(557508051490.97 0 0)
(673901566057.067 0 0)
(416384000412.222 0 0)
(102942066909.833 0 0)
(228683010808.619 0 0)
(543392472978.066 0 0)
(843171204261.949 0 0)
(863320212394.769 0 0)
(757894282775.678 0 0)
(921823813625.612 0 0)
(1161672204995.64 0 0)
(1148692396019.28 0 0)
(940076673074.76 0 0)
(760454951328.284 0 0)
(818435105695.494 0 0)
(1206102240873.72 0 0)
(1749815179626.52 0 0)
(2282890862980.62 0 0)
(2822442683961.91 0 0)
(3391412628659.78 0 0)
(4015084692337.76 0 0)
(4698443626952.57 0 0)
(5419780227076.89 0 0)
(6159929138137.23 0 0)
(6959141535969.54 0 0)
(7875202062722.29 0 0)
(8942699436757.13 0 0)
(10180365203384 0 0)
(11461729432229.1 0 0)
(12949161003048.8 0 0)
(14485697233926.1 0 0)
(9217668599119.74 0 0)
(2565744570602.78 0 0)
(1865054110488.3 0 0)
(1931873899615.89 0 0)
(1971415494427.33 0 0)
(1826659120419.82 0 0)
(1561792542812.9 0 0)
(1648594015778.89 0 0)
(2794061151993.49 0 0)
(4773429974307.56 0 0)
(6993118013707.01 0 0)
(9590985825882.28 0 0)
(12956400566890.6 0 0)
(17853217340812.5 0 0)
(24329168877131.1 0 0)
(23459599749202.1 0 0)
(18981414259240.4 0 0)
(24990618818737.4 0 0)
(34378424340625 0 0)
(43173539398936.5 0 0)
(54677680178423 0 0)
(69187131159879.5 0 0)
(91317639633260.3 0 0)
(122050256000909 0 0)
(157183196676253 0 0)
(189331114754466 0 0)
(215795199078969 0 0)
(238688673319634 0 0)
(255578817864349 0 0)
(266560671505336 0 0)
(271846038707517 0 0)
(274211278880871 0 0)
(276012141752981 0 0)
(275575042458090 0 0)
(275392216244584 0 0)
(277235218403845 0 0)
(272609928992252 0 0)
(265687036304085 0 0)
(215377433989715 0 0)
(157811553209081 0 0)
(92022738116667.4 0 0)
(32768495401304.6 0 0)
(23436819042116.2 0 0)
(15481609834974.7 0 0)
(9088186657279.7 0 0)
(2812955990840.94 0 0)
(1523346102015.2 0 0)
(236742893284.974 0 0)
(111664948751.63 0 0)
(-3850140885.16416 0 0)
(-16156817021.1173 0 0)
(8368165008937.3 0 0)
)
;

boundaryField
{
    electrode
    {
        type            calculated;
        value           uniform (-17255601350839.2 0 0);
    }
    ground
    {
        type            calculated;
        value           uniform (16773742298109.5 0 0);
    }
    otherfaces
    {
        type            empty;
    }
}


// ************************************************************************* //
