/*--------------------------------*- C++ -*----------------------------------*\
| =========                 |                                                 |
| \\      /  F ield         | foam-extend: Open Source CFD                    |
|  \\    /   O peration     | Version:     4.1                                |
|   \\  /    A nd           | Web:         http://www.foam-extend.org         |
|    \\/     M anipulation  |                                                 |
\*---------------------------------------------------------------------------*/
FoamFile
{
    version     2.0;
    format      ascii;
    class       volScalarField;
    location    "3.00624993849204e-06";
    object      eDensity;
}
// * * * * * * * * * * * * * * * * * * * * * * * * * * * * * * * * * * * * * //

dimensions      [1 -1 -2 0 0 0 0];

internalField   nonuniform List<scalar> 
500
(
1.51367066031085e-11
1.70357139213075e-11
1.8801610359346e-11
2.03191354801847e-11
2.070975e-11
2.070975e-11
2.070975e-11
2.34047859331273e-11
2.77441724036998e-11
3.26820799753048e-11
3.7249843419105e-11
4.31525304127109e-11
5.08204818076377e-11
6.08430012126269e-11
7.40074365527891e-11
9.13642427779449e-11
1.1431275407687e-10
1.44712098968965e-10
1.85032395286405e-10
2.38554433502864e-10
3.09627501194518e-10
4.04017262873469e-10
5.29359617057601e-10
6.95760261364621e-10
9.16581746084989e-10
1.20947806932731e-09
1.59775328086673e-09
2.11214095679928e-09
2.79313487112658e-09
3.69403724818439e-09
4.88494329594094e-09
6.45794108615221e-09
8.53388838469576e-09
1.1271238977475e-08
1.48775178582979e-08
1.96242264519325e-08
2.58661691413834e-08
3.40664847590079e-08
4.48290275085387e-08
5.89401817974051e-08
7.74227974190349e-08
1.01605671185432e-07
1.33212919524334e-07
1.74478689055362e-07
2.282942924984e-07
2.98396560925903e-07
3.89608552532527e-07
5.08146567796523e-07
6.62011186445639e-07
8.61484593582452e-07
1.11976199138759e-06
1.45375144489897e-06
1.88508570446677e-06
2.44139986744931e-06
3.15794089182284e-06
4.07959172558024e-06
5.2634117626459e-06
6.7818192081468e-06
8.72656844747165e-06
1.12137109745423e-05
1.43897698491502e-05
1.84394059358076e-05
2.35949273141919e-05
3.0148041778397e-05
3.84643564975394e-05
4.90012158445692e-05
6.23295956502364e-05
7.91609118465822e-05
0.000100379757358501
0.000127083791678967
0.000160632219598401
0.000202704535651479
0.000255371524675225
0.000321180822847194
0.000403259654856016
0.00050543788440615
0.000632394931594196
0.000789834651212849
0.000984693179353399
0.00122538502425135
0.0015220926354569
0.00188710657431886
0.00233522389294179
0.00288421280387366
0.00355535255948939
0.00437405798343652
0.00537060025252255
0.00658093366971094
0.00804764020319733
0.00982100432797407
0.011960230769117
0.0145348152775531
0.0176260810798177
0.0213288921790431
0.0257535520929675
0.0310278963013866
0.0372995753204401
0.0447385446352918
0.0535397471961854
0.063925979625601
0.0761509327222844
0.0905023852124242
0.107305525467738
0.12692636778665
0.149775197811997
0.176309978692069
0.207039633910979
0.242527170849209
0.28339269070169
0.330316146888611
0.384039461991603
0.44536792255622
0.515171008299007
0.594382393281609
0.683998909931671
0.785078457036734
0.898736739662198
1.02614268967531
1.16851247506203
1.32710204407895
1.5031981435858
1.69810787491179
1.91314690615497
2.14962636552605
2.40883843667344
2.69204036196738
3.00043687798755
3.33516284999019
3.69726895051366
4.08770806362257
4.5073172022309
4.95679892424705
5.43670668823917
5.94743213771471
6.48919296633618
7.06202263177829
7.66576292794037
8.30006020181796
8.96436387063766
9.65792555172545
10.3797998868883
11.1288555527259
11.9037991249794
12.7031918581868
13.5254518940244
14.368863286189
15.2315957122502
16.1117239347412
17.0072460171921
17.9160978986919
18.8361639528438
19.7653033076295
20.7014015623071
21.6424046569531
22.5863102867399
23.5311603358051
24.4750513642214
25.4161404138405
26.3526460942556
27.2828724107796
28.2052635255941
29.118428430566
30.0210988295601
30.912091958959
31.7903047954845
32.6547088012019
33.5043795258763
34.3385596868832
35.1566514968159
35.958144180567
36.7425726473578
37.5095084467475
38.2585940375495
38.9896122444599
39.7024752726539
40.3971387051006
41.0735517822057
41.7316687083303
42.3715155241391
42.9932392508637
43.5970527907833
44.1831513650765
44.7516973488717
45.3028819863837
45.8369933095393
46.3543779269906
46.8553467229637
47.340153120124
47.8090581136344
48.2624000176883
48.700562264816
49.1238869793923
49.5326631806997
49.9271943269969
50.3078478520198
50.675011064656
51.0290184042715
51.3701573306355
51.6987393357779
52.0151306990946
52.3196999615477
52.612762489829
52.8945987864739
53.1655168652836
53.4258644231279
53.6759760966839
53.9161378632431
54.1466138164233
54.3676940779901
54.5796937855419
54.7829094502306
54.9775980588966
55.1639996000783
55.3423693844839
55.5129765170884
55.6760737646113
55.8318812969093
55.9806014708721
56.1224443347056
56.2576312301666
56.3863756706058
56.5088689377481
56.6252855385116
56.7358009866943
56.8406008448051
56.9398716612213
57.0337860961546
57.1224946615603
57.2061265104914
57.2847973745621
57.3586199504014
57.4277095907781
57.4921825776898
57.5521507294128
57.6077166189252
57.6589715587014
57.7059960696572
57.748861286351
57.7876306381705
57.8223617756554
57.8531083860479
57.8799212381707
57.9028482520051
57.9219341013568
57.9372199054988
57.9487432295166
57.9565383062882
57.9606363108938
57.9610656607547
57.9578522198511
57.9510184192308
57.9405896545001
57.926583685529
57.909017250009
57.8879036017393
57.8632532312707
57.8350743112098
57.803373057911
57.7681541028158
57.7294206580653
57.6871746813072
57.6414170696608
57.5921476913351
57.5393652099857
57.4830667961263
57.4232477875783
57.359901791984
57.2930216831619
57.2225999945262
57.1486278163077
57.0710931629617
56.9899804907384
56.9052703561516
56.8169379221341
56.7249517316459
56.6292733732613
56.5298587573977
56.4266615608132
56.3196361183859
56.2087369460005
56.0939168621245
55.9751260204417
55.8523115841975
55.7254176930623
55.5943854691432
55.459152504485
55.3196516303451
55.1758105261987
55.0275545324431
54.8748103422412
54.7175061824826
54.5555704564518
54.3889323064122
54.2175236175664
54.0412815566592
53.8601506616327
53.6740836953501
53.4830420566322
53.2869965546608
53.0859295749959
52.8798372917757
52.6687276273367
52.4526177282558
52.2315371814278
52.0055308625463
51.7746535641265
51.5389607440299
51.2985059665583
51.053348008253
50.8035602610551
50.5492339712946
50.2904739420161
50.0273935762454
49.7601146001169
49.4887671390337
49.2134849621756
48.9343992014995
48.6516378172208
48.3653340664329
48.0756363412273
47.7827077770757
47.4867165837743
47.1878290999363
46.8862125368692
46.5820412792806
46.2754961385911
45.9667541113331
45.6559775803068
45.343315312363
45.0289166507471
44.7129442408198
44.3955711136436
44.0769650051887
43.7572744853943
43.4366299689849
43.1151597697121
42.7930048884377
42.4703168707083
42.1472415641846
41.8239029416169
41.5003978584338
41.1768056214147
40.8532064730352
40.5296935403745
40.2063674523401
39.8833214696797
39.5606288752333
39.2383365575128
38.9164660816785
38.5950234748487
38.2740153076024
37.9534595610016
37.6333823649109
37.3138056937022
36.9947368219997
36.6761639810046
36.3580561313965
36.0403635646239
35.7230189700444
35.4059428615509
35.0890550658617
34.7722846463968
34.4555694589962
34.1388474557658
33.822047642383
33.5050871644298
33.1878720246434
32.8702977300755
32.5522500724616
32.2336051531514
31.9142294290908
31.5939797414327
31.2727037576434
30.9502442548254
30.6264478433902
30.3011710356405
29.9742781462668
29.6456345460184
29.3151017870569
28.9825364727337
28.6477915252035
28.3107182339856
27.9711668816086
27.6289865570868
27.2840254950759
26.9361318893735
26.5851551926213
26.2309472643111
25.8733630435891
25.5122612412951
25.1475054262724
24.7789650883467
24.4065152573746
24.0300396803172
23.6494381671094
23.264630767554
22.8755570090823
22.4821728693577
22.0844490345664
21.6823716505555
21.2759443963826
20.8651907047959
20.4501553621294
20.0309054688818
19.6075312622724
19.180147063987
18.7488926004221
18.3139347276898
17.8754690381562
17.4337206306175
16.9889443246784
16.5414250470279
16.091478313209
15.6394508565429
15.185719869783
14.7306926071968
14.2748057981622
13.8185244196085
13.3623408435388
12.9067735041386
12.4523650619269
11.9996801015051
11.5493019218001
11.101829252497
10.6578735857335
10.2180588153145
9.78301829536362
9.35338908754854
8.929805637928
8.51289289236659
8.10326080966057
7.70150124007124
7.30818544242295
6.92385997701648
6.54904344830093
6.18422228626613
5.82984556322583
5.48632113672603
5.15401289188885
4.83323779266937
4.52426305159886
4.22730469038555
3.94252721417027
3.67004343217786
3.40991460108331
3.16215082624646
2.9267118265085
2.70350836917067
2.49240395127155
2.29321664678525
2.10572163009454
1.92965503003449
1.76471812903739
1.61058103863589
1.46688642359512
1.33325339301136
1.20928137694882
1.09455368866013
0.988640957603287
0.891104950633045
0.801502581857906
0.719389552376488
0.644323634855935
0.57586762254069
0.513591940671535
0.457076918398522
0.405914614383185
0.35971042483529
0.318084693747127
0.28067404671714
0.247132405991431
0.21713171114905
0.19036234908912
0.166533354004407
0.145372384983564
0.126625482286663
0.110056673233681
0.0954475156867386
0.0825965716588168
0.0713187836657698
0.061444767150339
0.0528200332694813
0.0453041650876865
0.0387699605768504
0.0331025533671106
0.0281985281828559
0.0239650563866091
0.0203190737420215
0.0171864880232093
0.0145014176098789
0.0122054574982065
0.0102469858077791
0.00858050909204627
0.00716604694748742
0.00596856194048359
0.00495743051029624
0.00410595760910773
0.00339093458642871
0.0027922365723138
0.00229249561412677
)
;

boundaryField
{
    electrode
    {
        type            energyDensity_wilsonBC5;
        seec            0;
        Tse             22000;
        value           uniform 1.51367066031085e-11;
    }
    ground
    {
        type            energyDensity_wilsonBC5;
        seec            0;
        Tse             22000;
        value           uniform 0.00229249561412677;
    }
    otherfaces
    {
        type            empty;
    }
}


// ************************************************************************* //
