/*--------------------------------*- C++ -*----------------------------------*\
| =========                 |                                                 |
| \\      /  F ield         | foam-extend: Open Source CFD                    |
|  \\    /   O peration     | Version:     4.1                                |
|   \\  /    A nd           | Web:         http://www.foam-extend.org         |
|    \\/     M anipulation  |                                                 |
\*---------------------------------------------------------------------------*/
FoamFile
{
    version     2.0;
    format      ascii;
    class       volScalarField;
    location    "3.00031246349504e-06";
    object      ionDensity;
}
// * * * * * * * * * * * * * * * * * * * * * * * * * * * * * * * * * * * * * //

dimensions      [0 -3 0 0 0 0 0];

internalField   nonuniform List<scalar> 
500
(
5.80097252807769e+19
5.95811636433259e+19
6.01231507853844e+19
6.11669585319231e+19
6.18829229003344e+19
6.29740515586307e+19
6.38645930781283e+19
6.50059672954441e+19
6.59710825338522e+19
6.71399938048405e+19
6.82834293676341e+19
6.96127793759208e+19
7.09789512415071e+19
7.24787938662227e+19
7.39912971244422e+19
7.561393314142e+19
7.72729125492964e+19
7.90710534719304e+19
8.09930092920758e+19
8.30139436911471e+19
8.51508267036122e+19
8.74170084147441e+19
8.97601721608044e+19
9.22125358579081e+19
9.48037372133029e+19
9.75460264634874e+19
1.00417886707987e+20
1.0335990037084e+20
1.06416468284276e+20
1.09626945224424e+20
1.12950282717965e+20
1.16310474458589e+20
1.1983381247818e+20
1.23509904879679e+20
1.27180374132012e+20
1.30849858990521e+20
1.34656139887626e+20
1.38663789273671e+20
1.42639114592103e+20
1.46540420346036e+20
1.50528937160443e+20
1.54609055635512e+20
1.58616128357464e+20
1.62645086888933e+20
1.66806264968476e+20
1.70939979772986e+20
1.74895358289295e+20
1.78773686546159e+20
1.82753331862914e+20
1.86824266004482e+20
1.90891883510349e+20
1.94751322856408e+20
1.98472774513579e+20
2.02236280739467e+20
2.06025106972408e+20
2.09836232423244e+20
2.13597590670987e+20
2.172149126302e+20
2.20722093235657e+20
2.24191139977273e+20
2.27640855706829e+20
2.31079162085477e+20
2.34521066351708e+20
2.37966444264294e+20
2.41299902526467e+20
2.444856445516e+20
2.47613158189956e+20
2.50705697641885e+20
2.53767905073279e+20
2.56806335428869e+20
2.59835771600517e+20
2.62874934978011e+20
2.65883712393157e+20
2.68779100802827e+20
2.71568491630171e+20
2.74308833930037e+20
2.7701678193177e+20
2.79694255035444e+20
2.8234460707711e+20
2.84978086445468e+20
2.87602411784296e+20
2.9019481924596e+20
2.92739704985209e+20
2.95246782961825e+20
2.97696494008682e+20
3.00080385120399e+20
3.02423114092722e+20
3.04737518484025e+20
3.07027689101432e+20
3.09301551924684e+20
3.11555263685154e+20
3.13773645689202e+20
3.15954217550635e+20
3.18102360358173e+20
3.20221447445307e+20
3.22314112639721e+20
3.2438264787748e+20
3.26418636972505e+20
3.28412051741217e+20
3.30374578836477e+20
3.32319181700011e+20
3.34238041187618e+20
3.36124779500919e+20
3.37983293864834e+20
3.39816265719938e+20
3.41624579427813e+20
3.43408540936954e+20
3.45168703702095e+20
3.4690572161253e+20
3.48620980108309e+20
3.50318094607274e+20
3.51998923948943e+20
3.53659122846741e+20
3.55287701225154e+20
3.56883142203818e+20
3.58454112751605e+20
3.60003820613549e+20
3.61532758509778e+20
3.63041419703274e+20
3.64530258604933e+20
3.6599981298072e+20
3.67451671230003e+20
3.68885722533893e+20
3.70300006986536e+20
3.71694398498882e+20
3.73069829646219e+20
3.74426886053007e+20
3.75765964142745e+20
3.77087590906545e+20
3.78392671674278e+20
3.79681993798229e+20
3.8095146140557e+20
3.82199071936241e+20
3.83428777118694e+20
3.84642468825431e+20
3.85840414294317e+20
3.87022616282739e+20
3.88189203223136e+20
3.89340423046754e+20
3.90476512577883e+20
3.91597688212897e+20
3.92704090281549e+20
3.93795530794256e+20
3.94872169353872e+20
3.95934869440514e+20
3.96984067136519e+20
3.98019707827388e+20
3.99041861254088e+20
4.00050672026039e+20
4.01046357971914e+20
4.02029333714615e+20
4.03000127848834e+20
4.03957063404979e+20
4.04899165480155e+20
4.05828031236829e+20
4.06744380577062e+20
4.07648320592618e+20
4.08539930819684e+20
4.09419323105165e+20
4.10286620029245e+20
4.11141940013596e+20
4.11985389539511e+20
4.12817076330859e+20
4.13637107768432e+20
4.14445585268433e+20
4.15242600594335e+20
4.16028248647883e+20
4.16802620328676e+20
4.1756579415076e+20
4.18317866013947e+20
4.19058906012142e+20
4.19788983761418e+20
4.2050821394735e+20
4.21216738605333e+20
4.21914826025719e+20
4.22602145582416e+20
4.23278114075336e+20
4.23943098017712e+20
4.24597588010823e+20
4.25241669328639e+20
4.25875389728131e+20
4.26498806122179e+20
4.27111988147714e+20
4.27715003525902e+20
4.28307915239132e+20
4.28890785644732e+20
4.29463677626126e+20
4.30026649267419e+20
4.30579733342513e+20
4.31123001392027e+20
4.31656532480061e+20
4.32180357280436e+20
4.32694538450094e+20
4.33199137415923e+20
4.33694188856738e+20
4.34179742886651e+20
4.34655858892104e+20
4.3512258147437e+20
4.35579872995094e+20
4.36027930888819e+20
4.36466897078662e+20
4.36896668647903e+20
4.37317239433881e+20
4.37728669569197e+20
4.38130997600349e+20
4.38524228625922e+20
4.38908398488921e+20
4.3928352879493e+20
4.39649645275804e+20
4.40006763089183e+20
4.4035491526265e+20
4.40694137339677e+20
4.41024402836177e+20
4.41345761451374e+20
4.41658245956224e+20
4.41961851948998e+20
4.42256598127162e+20
4.42542501743681e+20
4.42819589944641e+20
4.43087781880845e+20
4.4334707730508e+20
4.4359782070142e+20
4.43840058256672e+20
4.44073568096196e+20
4.44298359023337e+20
4.44514430100229e+20
4.44721802091792e+20
4.44920465414383e+20
4.4511043575245e+20
4.45291743512587e+20
4.45464369818643e+20
4.45628319259903e+20
4.45783604326739e+20
4.45930234211322e+20
4.46068197338265e+20
4.46197509618097e+20
4.46318174101283e+20
4.46430186948957e+20
4.46533578456774e+20
4.46628325039122e+20
4.46714431290227e+20
4.4679190810589e+20
4.46860751398281e+20
4.46920969029975e+20
4.46972558434001e+20
4.47015523131257e+20
4.47049864517605e+20
4.47075580373293e+20
4.4709272424417e+20
4.47101135936681e+20
4.47101014095187e+20
4.47092267145912e+20
4.47074838035264e+20
4.47048840821332e+20
4.47014209962355e+20
4.46970956915576e+20
4.46919068869621e+20
4.4685857152823e+20
4.46789440223573e+20
4.46711666016898e+20
4.4662526640585e+20
4.46530226894314e+20
4.46426551192261e+20
4.46314236263307e+20
4.4619327131958e+20
4.4606367029217e+20
4.45925398066464e+20
4.45778472944895e+20
4.4562291222254e+20
4.45458699374615e+20
4.45285810783121e+20
4.45104224381799e+20
4.44913982300235e+20
4.4471502166795e+20
4.44507390377035e+20
4.44291087351383e+20
4.44066039583531e+20
4.43832265134143e+20
4.43589755395761e+20
4.43338686479132e+20
4.43078983183427e+20
4.42810385872368e+20
4.42532972215408e+20
4.4224674811688e+20
4.4195167810144e+20
4.41647757871198e+20
4.41334978733873e+20
4.41013317873837e+20
4.40682737309337e+20
4.40343239324407e+20
4.39994788932692e+20
4.39637378007887e+20
4.39270983959774e+20
4.38895582699514e+20
4.38511147340631e+20
4.38117645848023e+20
4.3771505790059e+20
4.37303362593139e+20
4.36882523280349e+20
4.36452525800201e+20
4.36013334833601e+20
4.35565045141531e+20
4.35107526701584e+20
4.34640578711809e+20
4.34164244919874e+20
4.3367846162708e+20
4.33183182007295e+20
4.32678357924795e+20
4.32163933058467e+20
4.31639858746913e+20
4.31106088260568e+20
4.30562558469128e+20
4.30009214387754e+20
4.29446006543995e+20
4.28872870957257e+20
4.28289747913634e+20
4.27696579765479e+20
4.27093300119886e+20
4.26479844401003e+20
4.25856146645986e+20
4.25222138278267e+20
4.24577755473207e+20
4.2392295384857e+20
4.23257661313137e+20
4.22581513683198e+20
4.21894243629648e+20
4.21196209287993e+20
4.20487623983276e+20
4.19768284821693e+20
4.19038059581301e+20
4.1829686686494e+20
4.17544629911759e+20
4.1678126968544e+20
4.16006701791279e+20
4.15220851394469e+20
4.14423652242655e+20
4.13615008454294e+20
4.12794794154592e+20
4.11962911792468e+20
4.11119266503743e+20
4.10263748880392e+20
4.09396246650656e+20
4.08516640767245e+20
4.07624810641429e+20
4.0672064625641e+20
4.05804066759862e+20
4.04874968585727e+20
4.03932779384669e+20
4.02976328280069e+20
4.0200622320868e+20
4.01023641739043e+20
4.00028245421254e+20
3.9901968207031e+20
3.97997749042951e+20
3.96962328220274e+20
3.95913388279449e+20
3.9485104040021e+20
3.93774778308582e+20
3.92683555088165e+20
3.91577264315554e+20
3.90456221445884e+20
3.89320277236522e+20
3.88169193743237e+20
3.87002713416172e+20
3.85820537854633e+20
3.84622525651742e+20
3.83408650540069e+20
3.82178655325524e+20
3.80930948878578e+20
3.7966249222198e+20
3.78374663846765e+20
3.77070526436023e+20
3.75749595628074e+20
3.74411093237237e+20
3.73054553044712e+20
3.71679562757474e+20
3.70285522665977e+20
3.68871221954271e+20
3.67436764992981e+20
3.6598479497025e+20
3.64515483618448e+20
3.63026779032967e+20
3.61517916440505e+20
3.59988504226896e+20
3.58438243691662e+20
3.56866580494109e+20
3.55270611276346e+20
3.53643182384058e+20
3.51984399854587e+20
3.50304045810033e+20
3.48607948660352e+20
3.46893711917056e+20
3.45157348829414e+20
3.43397761453711e+20
3.41614289811433e+20
3.39806382886543e+20
3.37973347591116e+20
3.36113964417539e+20
3.34225717921376e+20
3.32304195592047e+20
3.30357152742238e+20
3.28393875838637e+20
3.26401945132427e+20
3.24369521342565e+20
3.2230386627966e+20
3.20212705341431e+20
3.18094629720295e+20
3.15947089159854e+20
3.13766582070033e+20
3.11546420085698e+20
3.0928933743125e+20
3.07013808319932e+20
3.04723710229415e+20
3.02409344231556e+20
3.00066142525998e+20
2.97681675274645e+20
2.95234724184076e+20
2.92731429923424e+20
2.90187428501834e+20
2.87593002793661e+20
2.84967142380614e+20
2.82334246643229e+20
2.79684237543398e+20
2.77007034223496e+20
2.74298865895921e+20
2.71555992840699e+20
2.68762671897297e+20
2.65868093119073e+20
2.62860357668798e+20
2.59822747309638e+20
2.56797401300702e+20
2.53760209851951e+20
2.50698199031752e+20
2.47605002594295e+20
2.44472941017921e+20
2.41276873193752e+20
2.37939423790847e+20
2.3450324704624e+20
2.31068918561599e+20
2.27631094400443e+20
2.24180508215142e+20
2.20709518396324e+20
2.17193121484322e+20
2.13566444474926e+20
2.09811225145139e+20
2.06006884304554e+20
2.02216408531593e+20
1.98451519941011e+20
1.94728562719612e+20
1.90866696960119e+20
1.8679539317099e+20
1.82722455182019e+20
1.78743262385565e+20
1.7486598687837e+20
1.70911996838046e+20
1.66777474955614e+20
1.62613103067997e+20
1.58583077719929e+20
1.54575783491589e+20
1.50496056435348e+20
1.46510889594453e+20
1.42609519834246e+20
1.38631799933249e+20
1.34626428438997e+20
1.308260974211e+20
1.27154642817774e+20
1.23480413855822e+20
1.19810406503078e+20
1.16294793675147e+20
1.12932887359506e+20
1.09606708698442e+20
1.06399931481751e+20
1.03351360994851e+20
1.00410642128407e+20
9.75355860436511e+19
9.47957317799039e+19
9.22076859079841e+19
8.97612275653806e+19
8.74184164124459e+19
8.51491539063439e+19
8.30127852009312e+19
8.09943356241284e+19
7.90786495704125e+19
7.72828280222183e+19
7.5619031917098e+19
7.39926210032982e+19
7.24805957331587e+19
7.09850637486079e+19
6.96224301936769e+19
6.82926829441062e+19
6.71487747823537e+19
6.59782014428182e+19
6.50100910959433e+19
6.38691475264298e+19
6.29809137055689e+19
6.18888544096801e+19
6.11724826849869e+19
6.01276570699541e+19
5.95851944838368e+19
5.80158548126644e+19
)
;

boundaryField
{
    electrode
    {
        type            calculated;
        value           uniform 5.80097252807769e+19;
    }
    ground
    {
        type            calculated;
        value           uniform 5.80158548126644e+19;
    }
    otherfaces
    {
        type            empty;
    }
}


// ************************************************************************* //
