/*--------------------------------*- C++ -*----------------------------------*\
| =========                 |                                                 |
| \\      /  F ield         | foam-extend: Open Source CFD                    |
|  \\    /   O peration     | Version:     4.1                                |
|   \\  /    A nd           | Web:         http://www.foam-extend.org         |
|    \\/     M anipulation  |                                                 |
\*---------------------------------------------------------------------------*/
FoamFile
{
    version     2.0;
    format      ascii;
    class       volScalarField;
    location    "1.49999999935008e-05";
    object      Arm;
}
// * * * * * * * * * * * * * * * * * * * * * * * * * * * * * * * * * * * * * //

dimensions      [0 -3 0 0 0 0 0];

internalField   nonuniform List<scalar> 
500
(
1.63437389558982e+19
1.63442765255572e+19
1.63453544867701e+19
1.63469723030428e+19
1.63491303650766e+19
1.63518273910461e+19
1.63550618083845e+19
1.63588304142093e+19
1.636312895345e+19
1.636795110504e+19
1.63732885766866e+19
1.6379130482589e+19
1.63854633997967e+19
1.63922708805236e+19
1.63995336112569e+19
1.64072292020967e+19
1.64153324787629e+19
1.64238155546737e+19
1.64326484941145e+19
1.64417996835851e+19
1.64512368924364e+19
1.64609282545055e+19
1.64708429125701e+19
1.64809513106467e+19
1.64912254114478e+19
1.65016386368249e+19
1.65121657182903e+19
1.65227821342278e+19
1.6533464937957e+19
1.65441928871977e+19
1.65549463349446e+19
1.65657071114684e+19
1.65764584119184e+19
1.65871847051544e+19
1.65978716403685e+19
1.66085059850637e+19
1.6619075533717e+19
1.66295690400442e+19
1.66399761265145e+19
1.66502872471167e+19
1.66604936258262e+19
1.66705872350975e+19
1.66805607392735e+19
1.66904074707357e+19
1.67001213718241e+19
1.67096969757976e+19
1.67191293596193e+19
1.67284141289553e+19
1.6737547373928e+19
1.67465256566878e+19
1.67553459739485e+19
1.67640057488908e+19
1.6772502795945e+19
1.67808353088827e+19
1.67890018271589e+19
1.67970012265399e+19
1.68048326906263e+19
1.68124957021909e+19
1.68199900160137e+19
1.68273156497125e+19
1.68344728596104e+19
1.6841462133036e+19
1.68482841673935e+19
1.68549398621774e+19
1.68614302988476e+19
1.68677567323035e+19
1.6873920573898e+19
1.68799233841593e+19
1.68857668582346e+19
1.68914528176055e+19
1.68969831963587e+19
1.69023600330448e+19
1.69075854594123e+19
1.69126616930752e+19
1.69175910280488e+19
1.69223758272998e+19
1.6927018513909e+19
1.69315215630051e+19
1.69358874948624e+19
1.69401188683724e+19
1.69442182751687e+19
1.69481883332989e+19
1.69520316821048e+19
1.69557509754688e+19
1.69593488770366e+19
1.69628280552086e+19
1.69661911798893e+19
1.69694409173186e+19
1.6972579927853e+19
1.69756108604149e+19
1.69785363503233e+19
1.69813590142105e+19
1.69840814491774e+19
1.69867062289968e+19
1.69892359022261e+19
1.69916729897102e+19
1.69940199831171e+19
1.69962793419948e+19
1.69984534930367e+19
1.70005448269157e+19
1.70025556986165e+19
1.70044884247878e+19
1.70063452841314e+19
1.70081285151386e+19
1.70098403165185e+19
1.70114828453953e+19
1.7013058217569e+19
1.70145685063406e+19
1.70160157423259e+19
1.70174019130866e+19
1.70187289632249e+19
1.70199987941046e+19
1.70212132641895e+19
1.70223741882294e+19
1.70234833385982e+19
1.70245424443959e+19
1.70255531923344e+19
1.7026517226692e+19
1.70274361500729e+19
1.702831152309e+19
1.70291448658541e+19
1.70299376572765e+19
1.70306913364277e+19
1.70314073029455e+19
1.70320869171172e+19
1.70327315012183e+19
1.70333423395876e+19
1.70339206796391e+19
1.70344677320167e+19
1.70349846719155e+19
1.70354726392612e+19
1.70359327396682e+19
1.70363660449607e+19
1.7036773594219e+19
1.70371563942048e+19
1.70375154203569e+19
1.70378516169282e+19
1.70381658985073e+19
1.70384591498962e+19
1.70387322277939e+19
1.70389859605491e+19
1.70392211499177e+19
1.70394385706624e+19
1.703963897197e+19
1.70398230778006e+19
1.70399915879228e+19
1.70401451781811e+19
1.70402845018034e+19
1.70404101890304e+19
1.70405228489103e+19
1.70406230689509e+19
1.7040711416592e+19
1.70407884394043e+19
1.70408546653911e+19
1.70409106038426e+19
1.70409567459115e+19
1.70409935660732e+19
1.70410215208809e+19
1.70410410508135e+19
1.70410525805448e+19
1.7041056519114e+19
1.70410532609835e+19
1.70410431858359e+19
1.70410266596888e+19
1.70410040353732e+19
1.70409756520971e+19
1.7040941836885e+19
1.70409029048412e+19
1.70408591589068e+19
1.70408108910078e+19
1.7040758382067e+19
1.70407019023286e+19
1.70406417122111e+19
1.70405780620816e+19
1.7040511193101e+19
1.70404413368196e+19
1.70403687163885e+19
1.70402935464454e+19
1.70402160333583e+19
1.70401363756364e+19
1.70400547643668e+19
1.70399713831958e+19
1.70398864085775e+19
1.70398000105721e+19
1.70397123523357e+19
1.70396235906736e+19
1.70395338767756e+19
1.70394433556819e+19
1.70393521667098e+19
1.70392604440615e+19
1.70391683166183e+19
1.70390759080858e+19
1.70389833376642e+19
1.70388907199094e+19
1.70387981642194e+19
1.70387057766211e+19
1.70386136583131e+19
1.70385219065414e+19
1.70384306150371e+19
1.70383398739326e+19
1.70382497693983e+19
1.70381603841508e+19
1.7038071797925e+19
1.70379840871597e+19
1.70378973251449e+19
1.70378115823137e+19
1.70377269261838e+19
1.70376434215278e+19
1.70375611306347e+19
1.70374801129271e+19
1.7037400425708e+19
1.70373221235866e+19
1.70372452595236e+19
1.70371698833989e+19
1.70370960435569e+19
1.7037023786048e+19
1.70369531551345e+19
1.70368841929053e+19
1.70368169396884e+19
1.70367514343611e+19
1.70366877133851e+19
1.70366258123779e+19
1.7036565764556e+19
1.70365076019301e+19
1.70364513549509e+19
1.70363970526052e+19
1.70363447223732e+19
1.70362943903924e+19
1.70362460815354e+19
1.70361998189771e+19
1.70361556250203e+19
1.70361135206658e+19
1.70360735253821e+19
1.7036035657725e+19
1.70359999350368e+19
1.70359663734622e+19
1.70359349878879e+19
1.7035905792512e+19
1.70358788000349e+19
1.70358540223164e+19
1.70358314700724e+19
1.70358111532011e+19
1.70357930802145e+19
1.70357772589265e+19
1.7035763695999e+19
1.70357523975163e+19
1.70357433679664e+19
1.70357366113119e+19
1.7035732130255e+19
1.70357299268102e+19
1.70357300007303e+19
1.70357323520135e+19
1.70357369810536e+19
1.70357438857864e+19
1.70357530635751e+19
1.70357645104819e+19
1.70357782216596e+19
1.70357941916059e+19
1.70358124134397e+19
1.70358328796663e+19
1.70358555813684e+19
1.70358805090999e+19
1.70359076520485e+19
1.70359369980971e+19
1.70359685347159e+19
1.70360022478878e+19
1.70360381225296e+19
1.70360761425929e+19
1.70361162908099e+19
1.703615854888e+19
1.70362028970948e+19
1.70362493146535e+19
1.70362977791903e+19
1.7036348267479e+19
1.70364007549175e+19
1.70364552151584e+19
1.70365116210195e+19
1.70365699430561e+19
1.70366301515938e+19
1.70366922140826e+19
1.70367560971745e+19
1.70368217657203e+19
1.70368891830382e+19
1.70369583104619e+19
1.70370291075442e+19
1.70371015321731e+19
1.70371755401932e+19
1.703725108549e+19
1.70373281200649e+19
1.70374065936331e+19
1.70374864534742e+19
1.70375676448404e+19
1.70376501107861e+19
1.70377337915798e+19
1.70378186251669e+19
1.70379045464921e+19
1.70379914882373e+19
1.70380793800801e+19
1.70381681485774e+19
1.70382577174024e+19
1.70383480069154e+19
1.70384389342706e+19
1.70385304130133e+19
1.70386223533138e+19
1.70387146618388e+19
1.7038807240959e+19
1.70388999891603e+19
1.70389928010199e+19
1.70390855664579e+19
1.70391781714021e+19
1.70392704965517e+19
1.70393624182654e+19
1.70394538073726e+19
1.70395445301648e+19
1.70396344469524e+19
1.70397234128947e+19
1.70398112764873e+19
1.7039897881117e+19
1.70399830636345e+19
1.70400666541448e+19
1.70401484758355e+19
1.70402283449555e+19
1.70403060706721e+19
1.70403814544434e+19
1.70404542896996e+19
1.7040524362127e+19
1.70405914483495e+19
1.70406553165965e+19
1.70407157257143e+19
1.70407724254218e+19
1.70408251552145e+19
1.7040873644966e+19
1.70409176134508e+19
1.70409567691909e+19
1.70409908085769e+19
1.70410194167918e+19
1.70410422668834e+19
1.70410590193423e+19
1.70410693212604e+19
1.70410728067319e+19
1.70410690957447e+19
1.70410577943136e+19
1.70410384927517e+19
1.70410107665574e+19
1.7040974175265e+19
1.70409282619207e+19
1.7040872552457e+19
1.7040806555595e+19
1.70407297614262e+19
1.70406416424172e+19
1.70405416504777e+19
1.70404292185579e+19
1.70403037586317e+19
1.70401646621653e+19
1.70400112979362e+19
1.70398430134274e+19
1.70396591322243e+19
1.70394589547538e+19
1.70392417565175e+19
1.70390067886348e+19
1.70387532756042e+19
1.7038480416447e+19
1.70381873821096e+19
1.7037873316262e+19
1.70375373334311e+19
1.7037178518978e+19
1.70367959285235e+19
1.70363885866034e+19
1.70359554860861e+19
1.70354955882461e+19
1.70350078207945e+19
1.70344910781811e+19
1.70339442199956e+19
1.70333660714072e+19
1.70327554208676e+19
1.70321110213604e+19
1.70314315879993e+19
1.70307157986098e+19
1.70299622924593e+19
1.70291696699946e+19
1.70283364919739e+19
1.70274612793473e+19
1.70265425116904e+19
1.70255786281689e+19
1.7024568025613e+19
1.70235090602034e+19
1.70224000445e+19
1.70212392495909e+19
1.70200249031128e+19
1.70187551897575e+19
1.70174282508375e+19
1.70160421847736e+19
1.70145950464991e+19
1.70130848484303e+19
1.70115095594029e+19
1.70098671063853e+19
1.70081553734862e+19
1.70063722033154e+19
1.70045153969749e+19
1.70025827155355e+19
1.70005718800173e+19
1.69984805733392e+19
1.69963064403499e+19
1.69940470896989e+19
1.69917000947459e+19
1.69892629958375e+19
1.69867333014267e+19
1.69841084906256e+19
1.69813860143505e+19
1.69785632982755e+19
1.6975637745046e+19
1.69726067370223e+19
1.69694676391262e+19
1.69662178026107e+19
1.69628545676206e+19
1.69593752672837e+19
1.69557772310358e+19
1.69520577897005e+19
1.69482142792156e+19
1.69442440458953e+19
1.69401444511131e+19
1.69359128764951e+19
1.6931546729778e+19
1.69270434508405e+19
1.69224005186167e+19
1.69176154577625e+19
1.69126858462266e+19
1.6907609321768e+19
1.69023835908903e+19
1.68970064350842e+19
1.68914757218228e+19
1.68857894110748e+19
1.68799455682199e+19
1.68739423711202e+19
1.68677781253845e+19
1.68614512707575e+19
1.68549603973785e+19
1.68483042502193e+19
1.68414817476101e+19
1.68344919879469e+19
1.68273342724182e+19
1.68200081129447e+19
1.68125132548938e+19
1.68048496825002e+19
1.67970176424723e+19
1.67890176499584e+19
1.67808505190321e+19
1.67725173713365e+19
1.67640196690476e+19
1.67553592209187e+19
1.67465382152169e+19
1.67375592266516e+19
1.67284252556918e+19
1.67191397369534e+19
1.67097065824245e+19
1.67001301884318e+19
1.66904154799722e+19
1.66805679199618e+19
1.6670593564523e+19
1.66604990815609e+19
1.66502918128234e+19
1.66399797864801e+19
1.66295717738023e+19
1.66190773097868e+19
1.66085067676265e+19
1.65978713975206e+19
1.65871834168924e+19
1.6576456063706e+19
1.6565703683201e+19
1.65549417913568e+19
1.65441871825272e+19
1.65334580273087e+19
1.65227739830484e+19
1.65121563001086e+19
1.65016279270646e+19
1.64912134058808e+19
1.64809379717694e+19
1.64708281953722e+19
1.64609121279911e+19
1.64512193379788e+19
1.64417806886566e+19
1.64326280611322e+19
1.64237936953593e+19
1.6415309225728e+19
1.64072046230389e+19
1.63995078091231e+19
1.63922439985915e+19
1.63854355654346e+19
1.63791018267517e+19
1.6373259229177e+19
1.63679211607171e+19
1.63630984722791e+19
1.63587995153054e+19
1.63550305929914e+19
1.63517958807425e+19
1.63490985614912e+19
1.63469403028297e+19
1.63453223051181e+19
1.63442442597375e+19
1.63437065251209e+19
)
;

boundaryField
{
    electrode
    {
        type            zeroGradient;
    }
    ground
    {
        type            zeroGradient;
    }
    otherfaces
    {
        type            empty;
    }
}


// ************************************************************************* //
