/*--------------------------------*- C++ -*----------------------------------*\
| =========                 |                                                 |
| \\      /  F ield         | foam-extend: Open Source CFD                    |
|  \\    /   O peration     | Version:     4.1                                |
|   \\  /    A nd           | Web:         http://www.foam-extend.org         |
|    \\/     M anipulation  |                                                 |
\*---------------------------------------------------------------------------*/
FoamFile
{
    version     2.0;
    format      ascii;
    class       volScalarField;
    location    "3.0031250184937e-06";
    object      Arp1;
}
// * * * * * * * * * * * * * * * * * * * * * * * * * * * * * * * * * * * * * //

dimensions      [0 -3 0 0 0 0 0];

internalField   nonuniform List<scalar> 
500
(
2.3195853654718e+19
2.34278173455037e+19
2.3510591518292e+19
2.3668886894036e+19
2.37644904155866e+19
2.39178396349388e+19
2.40282797709774e+19
2.41782875264897e+19
2.43020906740723e+19
2.44583188548474e+19
2.45933726713501e+19
2.47441021364658e+19
2.48799176708508e+19
2.50320738943071e+19
2.5179504953722e+19
2.53378583749078e+19
2.54930415306971e+19
2.56593191167993e+19
2.58267847487575e+19
2.60001093736368e+19
2.61699218325554e+19
2.63446227994813e+19
2.6523661165296e+19
2.67082356676815e+19
2.68959900406852e+19
2.70911358738526e+19
2.72904786983837e+19
2.74914879905479e+19
2.76927684913543e+19
2.79001490807286e+19
2.81127210595075e+19
2.83300352766797e+19
2.85533175689015e+19
2.87825368538416e+19
2.90154057553314e+19
2.9250226647761e+19
2.948926569685e+19
2.97345956027302e+19
2.99850785337649e+19
3.02410969412881e+19
3.05031559453734e+19
3.07700557889661e+19
3.10404496721211e+19
3.13144663801164e+19
3.15895106085803e+19
3.18657545382529e+19
3.21483092183861e+19
3.24382942944258e+19
3.27355248396476e+19
3.30399774997077e+19
3.33504593524341e+19
3.36657967974762e+19
3.39879682435959e+19
3.43187754861517e+19
3.46571499910307e+19
3.50029500423011e+19
3.53565485250856e+19
3.57180109661015e+19
3.60875213308324e+19
3.6465177597021e+19
3.68510780618591e+19
3.72448765007001e+19
3.76459538076153e+19
3.8055138962305e+19
3.84736049297617e+19
3.88907013270697e+19
3.93090702989107e+19
3.97399362685261e+19
4.0182075247853e+19
4.0635999619358e+19
4.11017100493572e+19
4.15796994486233e+19
4.20703153712362e+19
4.25754757866094e+19
4.30953390934972e+19
4.36280071370855e+19
4.41740350721153e+19
4.47346444620134e+19
4.52982381938251e+19
4.58549864614919e+19
4.64259736557689e+19
4.70221870961197e+19
4.76370149578134e+19
4.82712501018388e+19
4.89240698033202e+19
4.95959111418368e+19
5.02903798358572e+19
5.10011742337301e+19
5.16970953770268e+19
5.23982940489733e+19
5.31337000046504e+19
5.38934614087344e+19
5.46819706109763e+19
5.54989504587006e+19
5.63313255717564e+19
5.7140816926129e+19
5.79533108239291e+19
5.88091784263165e+19
5.96972012436617e+19
6.06160194440675e+19
6.15335029356596e+19
6.24258773541704e+19
6.33349468583397e+19
6.42878087632731e+19
6.52732394164083e+19
6.62564640798414e+19
6.7208394905803e+19
6.81709845783538e+19
6.91771427063531e+19
7.02130392207679e+19
7.12222455160173e+19
7.2204993564613e+19
7.3217350034453e+19
7.42624545458742e+19
7.53030414164527e+19
7.63035992430311e+19
7.72997749321595e+19
7.83250617561638e+19
7.93620485295944e+19
8.03577382159708e+19
8.13261105285571e+19
8.2319673825347e+19
8.33317384131255e+19
8.43189892866076e+19
8.52657570159324e+19
8.62128800298623e+19
8.71789532381739e+19
8.81573132635871e+19
8.91038085077279e+19
9.00148056958759e+19
9.09264038043237e+19
9.18411318968822e+19
9.27509487825271e+19
9.36200231576413e+19
9.44536891090746e+19
9.52894483279143e+19
9.6130812949942e+19
9.69758080240166e+19
9.78067761371114e+19
9.86022272525814e+19
9.93736257432187e+19
1.00138916617392e+20
1.009043228212e+20
1.01672793096713e+20
1.02436516235259e+20
1.03170070882944e+20
1.03863514959487e+20
1.04537697646941e+20
1.05206247527997e+20
1.05869347837695e+20
1.06527375587373e+20
1.07179955703929e+20
1.07823290860427e+20
1.08456435293724e+20
1.09079111692648e+20
1.096868582149e+20
1.10273072732624e+20
1.1084003362196e+20
1.11397138330237e+20
1.11946831063817e+20
1.12485574186939e+20
1.13012609674414e+20
1.13529589908909e+20
1.14037777581689e+20
1.14538083535125e+20
1.15030830508324e+20
1.15517583766595e+20
1.15996552760275e+20
1.16460851458944e+20
1.16908382432735e+20
1.17342904902439e+20
1.17767955314653e+20
1.18184976761065e+20
1.18594581387365e+20
1.18997587222467e+20
1.19393101136557e+20
1.19779995814146e+20
1.20158833728641e+20
1.20530164362973e+20
1.20894454865178e+20
1.21251747019086e+20
1.21600876918154e+20
1.21940255850183e+20
1.22270300085436e+20
1.22592691347283e+20
1.22908364614819e+20
1.23217680749302e+20
1.23520572184242e+20
1.2381699286631e+20
1.24107501431424e+20
1.24392467246963e+20
1.24671832026426e+20
1.2494561389071e+20
1.2521389888543e+20
1.25476790925015e+20
1.257341756211e+20
1.25985436812968e+20
1.26229991371424e+20
1.26468089361943e+20
1.26700370934385e+20
1.26927198640322e+20
1.27148706042363e+20
1.27364954319087e+20
1.27575991674494e+20
1.27781864862315e+20
1.27982621329365e+20
1.28178310275994e+20
1.28368985469132e+20
1.2855471151289e+20
1.28735563828249e+20
1.28911582246477e+20
1.2908265152496e+20
1.29248511672491e+20
1.29409135218751e+20
1.29564770883566e+20
1.29715616348648e+20
1.29861766177154e+20
1.30003272178224e+20
1.30140173448668e+20
1.30272507896443e+20
1.30400351742707e+20
1.30523804824084e+20
1.30642897167247e+20
1.30757610444446e+20
1.30867938797032e+20
1.30973889324934e+20
1.31075488632652e+20
1.31172764112439e+20
1.31265719086137e+20
1.31354345365374e+20
1.31438641376721e+20
1.31518611919787e+20
1.31594264764728e+20
1.31665607269401e+20
1.31732644353909e+20
1.31795377247181e+20
1.318538008258e+20
1.31907912131128e+20
1.31957751033311e+20
1.32003427906405e+20
1.32045011311407e+20
1.32082459155583e+20
1.32115710499198e+20
1.32144737677935e+20
1.32169534883312e+20
1.32190102788413e+20
1.32206442601289e+20
1.32218555522787e+20
1.32226438061846e+20
1.32230076709787e+20
1.32229491501088e+20
1.32224734461728e+20
1.32215675498667e+20
1.32202407259717e+20
1.32184907362784e+20
1.32163170915867e+20
1.32137196032304e+20
1.32106981079677e+20
1.32072525021028e+20
1.32033828698929e+20
1.31990893498831e+20
1.319437153235e+20
1.31892282496106e+20
1.31836596468108e+20
1.31776804823441e+20
1.31712908256704e+20
1.31644725132762e+20
1.31572212686827e+20
1.3149537075732e+20
1.3141419581279e+20
1.31328682241831e+20
1.31238823204393e+20
1.31144611421557e+20
1.31046039020177e+20
1.30943096017753e+20
1.30835770414875e+20
1.30724064495042e+20
1.30607999050317e+20
1.30487547944632e+20
1.30362671850847e+20
1.30233374761961e+20
1.30099671804159e+20
1.29961570747858e+20
1.29819026353823e+20
1.29671945834711e+20
1.2952024035998e+20
1.29363835483027e+20
1.2920266283568e+20
1.29036663326996e+20
1.28865800719471e+20
1.28690019904668e+20
1.28508948343427e+20
1.28322545229756e+20
1.2813115315396e+20
1.27934793960842e+20
1.2773340403095e+20
1.27526927283247e+20
1.27315311163128e+20
1.27098503822938e+20
1.26876452075222e+20
1.2664909380249e+20
1.26416342068395e+20
1.26178075399617e+20
1.25934160453043e+20
1.25684516042736e+20
1.25429023260224e+20
1.25166900549878e+20
1.24898240971086e+20
1.24623925167905e+20
1.24344024210992e+20
1.24058490403941e+20
1.23767342045909e+20
1.2347064046583e+20
1.2316829299132e+20
1.2285975947479e+20
1.22544477503593e+20
1.22222288570829e+20
1.21893070417167e+20
1.21556575680446e+20
1.21212603635005e+20
1.20859682460633e+20
1.20497321535303e+20
1.20127112961385e+20
1.19749541699655e+20
1.19364144757486e+20
1.18970304615765e+20
1.18567592234582e+20
1.18156781099536e+20
1.17739243910057e+20
1.17314953470576e+20
1.16882438377132e+20
1.16439724995744e+20
1.15984824732353e+20
1.15514206391083e+20
1.15027970067032e+20
1.14533101460038e+20
1.14033702528728e+20
1.13528324449683e+20
1.13014905346813e+20
1.12491859630208e+20
1.11957511688201e+20
1.11409795984943e+20
1.10848202941793e+20
1.10277073532794e+20
1.096985712119e+20
1.0910789302757e+20
1.08499886899953e+20
1.07876823552088e+20
1.07242641873563e+20
1.06595834983417e+20
1.05934562023725e+20
1.05263470544962e+20
1.04590709146573e+20
1.03915998554318e+20
1.03230708614071e+20
1.02525359437931e+20
1.01798239142252e+20
1.01054772236184e+20
1.00295351202326e+20
9.95198226956623e+19
9.87332128435075e+19
9.79388634362486e+19
9.71342760553732e+19
9.63180736009702e+19
9.54951907253158e+19
9.46691296650907e+19
9.38369418800381e+19
9.29865742444605e+19
9.21107391438615e+19
9.12160165517438e+19
9.03094911451087e+19
8.93943388922645e+19
8.84675330958057e+19
8.75265231236246e+19
8.6579492634269e+19
8.56356472532019e+19
8.46923115112025e+19
8.37345436012338e+19
8.2758813643941e+19
8.17793092717222e+19
8.08056902530001e+19
7.98249919523977e+19
7.88243936237942e+19
7.78155772106454e+19
7.68143239043481e+19
7.58161022883504e+19
7.48028900374299e+19
7.37784412218753e+19
7.27636982736364e+19
7.17675132437363e+19
7.07728633983075e+19
6.9767223865828e+19
6.87649760279064e+19
6.77833699954834e+19
6.68191111400275e+19
6.5852503419219e+19
6.48814144502267e+19
6.39216458693757e+19
6.29873826325945e+19
6.20749525561058e+19
6.11648376856096e+19
6.02530742292342e+19
5.93534029502147e+19
5.84763521720714e+19
5.76294803148053e+19
5.68022297033317e+19
5.59754605450729e+19
5.51521536954659e+19
5.43440532371911e+19
5.35579929695859e+19
5.27956359904433e+19
5.20608373782139e+19
5.13453413170083e+19
5.06333541984236e+19
4.99264064966903e+19
4.92328578543726e+19
4.85571357721342e+19
4.79003412774043e+19
4.72628509426225e+19
4.66437252197341e+19
4.60445061471526e+19
4.54632620487306e+19
4.48895559419148e+19
4.43195041973287e+19
4.37579796097396e+19
4.32089287423166e+19
4.26733223608572e+19
4.21508931944513e+19
4.16409253788619e+19
4.11435584030218e+19
4.06593167176837e+19
4.01879085107848e+19
3.97291256397124e+19
3.928248513629e+19
3.88488969889732e+19
3.84235547300649e+19
3.79990941777508e+19
3.75777105594493e+19
3.71645914127748e+19
3.6761073825057e+19
3.636642998332e+19
3.59805965946885e+19
3.56027938208181e+19
3.52326420985382e+19
3.48707269811136e+19
3.45171729810322e+19
3.417159648519e+19
3.38334127807948e+19
3.35012088233581e+19
3.31750910621009e+19
3.28572949006692e+19
3.25478572620042e+19
3.22458026908989e+19
3.19509092615727e+19
3.16631375867223e+19
3.13829532168571e+19
3.11077496722448e+19
3.08313965599483e+19
3.05574042209416e+19
3.02913950578647e+19
3.00312029680201e+19
2.9776063366776e+19
2.95261493747476e+19
2.92807148608254e+19
2.90374927658363e+19
2.87976744636695e+19
2.85661819801608e+19
2.8341578852257e+19
2.81206414913364e+19
2.79041231977008e+19
2.76922559170045e+19
2.74826466580085e+19
2.72742466887503e+19
2.70722937790911e+19
2.68800364337628e+19
2.66908745065843e+19
2.65059040724517e+19
2.63246125971474e+19
2.6147549725434e+19
2.59686613946768e+19
2.5794174442448e+19
2.56262726272642e+19
2.54665121481814e+19
2.5305719905986e+19
2.51522177319118e+19
2.49980312404663e+19
2.48530657822803e+19
2.46996312313031e+19
2.45560169084116e+19
2.44092921782043e+19
2.42848018362725e+19
2.41438182283327e+19
2.402225896684e+19
2.38782724343018e+19
2.37680314624308e+19
2.3623947770641e+19
2.35228708836492e+19
2.33720388545567e+19
2.32805411349346e+19
2.3001789482421e+19
)
;

boundaryField
{
    electrode
    {
        type            zeroGradient;
    }
    ground
    {
        type            zeroGradient;
    }
    otherfaces
    {
        type            empty;
    }
}


// ************************************************************************* //
