/*--------------------------------*- C++ -*----------------------------------*\
| =========                 |                                                 |
| \\      /  F ield         | foam-extend: Open Source CFD                    |
|  \\    /   O peration     | Version:     4.1                                |
|   \\  /    A nd           | Web:         http://www.foam-extend.org         |
|    \\/     M anipulation  |                                                 |
\*---------------------------------------------------------------------------*/
FoamFile
{
    version     2.0;
    format      ascii;
    class       volScalarField;
    location    "3.0031250184937e-06";
    object      electron;
}
// * * * * * * * * * * * * * * * * * * * * * * * * * * * * * * * * * * * * * //

dimensions      [0 -3 0 0 0 0 0];

internalField   nonuniform List<scalar> 
500
(
122835374249.206
169868325427.188
234411779597.663
322842100255.277
443813976158.328
609052074481.411
834413588130.186
1141307315985.4
1558585576513.92
2125061709558.7
2892851254747.5
3931795648425.5
5335306699866.02
7228067978360.64
9776154030503.13
13200294853453.5
17793215102354.4
23942233842096.8
32158643003410.4
43115778646377.2
57698206136774.4
77065057608838.5
102731355147421
136672049653879
181454626923400
240407619422323
317833864306345
419279421931966
551871481624623
724741049699040
949549414537335
1.24114120726919e+15
1.61835045763434e+15
2.10499135596488e+15
2.7310708985994e+15
3.53426476520615e+15
4.56170461622998e+15
5.87212966312613e+15
7.5384628014794e+15
9.65087635456956e+15
1.23204197826805e+16
1.56832844960476e+16
1.99057816958264e+16
2.51901107663649e+16
3.17809991003598e+16
3.99732844699081e+16
5.01204866822912e+16
6.26443978282603e+16
7.80457004904123e+16
9.69156262246822e+16
1.19948565498029e+17
1.47955530758017e+17
1.81878298118978e+17
2.22803905948694e+17
2.71979327315183e+17
3.30825809048876e+17
4.00952387331865e+17
4.84168004928438e+17
5.82491554883527e+17
6.98159108553738e+17
8.33627516493667e+17
9.91573571908683e+17
1.17488795165366e+18
1.38666314087955e+18
1.63017455761893e+18
1.90885488297173e+18
2.22626180817346e+18
2.58603733876104e+18
2.99185886412709e+18
3.44738320462133e+18
3.95618490076998e+18
4.52168962148076e+18
5.14710424856738e+18
5.83534526008616e+18
6.58896740150392e+18
7.41009578468946e+18
8.30036418466952e+18
9.2608602682449e+18
1.02920850693108e+19
1.13939321799109e+19
1.25656792509435e+19
1.38059770925327e+19
1.51128487680918e+19
1.64837124854964e+19
1.79154201495887e+19
1.94043063945202e+19
2.09462457913088e+19
2.25367194984623e+19
2.4170914705179e+19
2.58438410884216e+19
2.75504025975306e+19
2.92854314421391e+19
3.10437437916738e+19
3.28202001648822e+19
3.46097680812478e+19
3.64076325373672e+19
3.82093121417227e+19
4.00106590979723e+19
4.18077880886713e+19
4.35970592725008e+19
4.53751265435941e+19
4.71390432578109e+19
4.88863152737208e+19
5.06147926670939e+19
5.2322535097147e+19
5.40078140853547e+19
5.56692353269636e+19
5.73057953695127e+19
5.8916737271202e+19
6.0501375223761e+19
6.20591276583247e+19
6.35896821017989e+19
6.50929793645608e+19
6.65690043706104e+19
6.80177071970136e+19
6.94391511826022e+19
7.08336223318006e+19
7.2201497439684e+19
7.3543071542493e+19
7.48586300573202e+19
7.61486339001972e+19
7.74136638811884e+19
7.8654197036531e+19
7.98705906296517e+19
8.10632836474597e+19
8.22328636665966e+19
8.33798909558764e+19
8.45047374138332e+19
8.56076519678925e+19
8.66889604500184e+19
8.77491024623794e+19
8.87884811433159e+19
8.98073840893678e+19
9.08060885765016e+19
9.17850275595593e+19
9.27447672337874e+19
9.36858160359542e+19
9.46085130987837e+19
9.55130639316282e+19
9.63996814754928e+19
9.72687073988437e+19
9.81205724607872e+19
9.89556650005595e+19
9.97742391242845e+19
1.00576400923097e+20
1.01362208211284e+20
1.02131847367811e+20
1.02885703386384e+20
1.03624253850555e+20
1.0434794286551e+20
1.05057134768238e+20
1.05752109195451e+20
1.06433072355042e+20
1.07100181076457e+20
1.07753561788955e+20
1.08393331999741e+20
1.09019646841851e+20
1.09632742650442e+20
1.10232920325272e+20
1.10820484605299e+20
1.11395713970893e+20
1.11958873848768e+20
1.12510227806201e+20
1.13050029643768e+20
1.13578510513692e+20
1.14095869512795e+20
1.14602265361222e+20
1.15097814864431e+20
1.15582621869961e+20
1.16056829989043e+20
1.1652064720808e+20
1.16974324153517e+20
1.17418119833232e+20
1.17852280627853e+20
1.18277030596486e+20
1.18692569408856e+20
1.19099080267955e+20
1.19496739347961e+20
1.19885716528112e+20
1.20266170998295e+20
1.20638248541108e+20
1.21002085700965e+20
1.21357823562367e+20
1.21705621450631e+20
1.22045656354057e+20
1.22378110690088e+20
1.22703161658471e+20
1.23020977475949e+20
1.23331718076689e+20
1.23635535412339e+20
1.23932570777301e+20
1.24222952427612e+20
1.24506795905667e+20
1.24784205018051e+20
1.25055272207268e+20
1.25320079419205e+20
1.25578701896786e+20
1.25831215467995e+20
1.26077702415823e+20
1.26318250968717e+20
1.26552950426853e+20
1.26781887148798e+20
1.27005143031363e+20
1.27222795335054e+20
1.27434916923098e+20
1.27641576559039e+20
1.27842839121146e+20
1.28038765760882e+20
1.28229413923161e+20
1.2841483718094e+20
1.28595085153381e+20
1.28770204159844e+20
1.28940239403631e+20
1.29105237710338e+20
1.29265248399805e+20
1.29420321823578e+20
1.2957050748378e+20
1.29715853088174e+20
1.29856404273981e+20
1.29992204575205e+20
1.30123295303464e+20
1.30249715076411e+20
1.30371499318815e+20
1.30488680221389e+20
1.30601287153474e+20
1.30709347138561e+20
1.30812885105327e+20
1.30911923946186e+20
1.31006484558456e+20
1.31096586038245e+20
1.31182245982264e+20
1.31263480761141e+20
1.31340305713337e+20
1.31412735264412e+20
1.31480783034614e+20
1.31544461971735e+20
1.31603784544355e+20
1.31658762926229e+20
1.31709409016973e+20
1.31755733910736e+20
1.31797746938232e+20
1.31835455102771e+20
1.31868863375476e+20
1.31897975427785e+20
1.31922794138397e+20
1.31943321801945e+20
1.3195956018407e+20
1.31971510481976e+20
1.31979172867161e+20
1.31982547072921e+20
1.31981636347198e+20
1.31976438398555e+20
1.3196695183746e+20
1.31953175181041e+20
1.31935106596841e+20
1.31912743737841e+20
1.31886083816174e+20
1.31855123594969e+20
1.31819859355115e+20
1.317802868682e+20
1.31736401330932e+20
1.31688197304503e+20
1.31635668692243e+20
1.31578808687065e+20
1.31517609179309e+20
1.31452059720317e+20
1.31382147508025e+20
1.31307858486317e+20
1.31229178104161e+20
1.31146091390947e+20
1.31058582819107e+20
1.30966636171919e+20
1.30870234388628e+20
1.30769359439465e+20
1.30663992203631e+20
1.30554112335659e+20
1.30439698085049e+20
1.30320725942199e+20
1.30197170291775e+20
1.3006900328746e+20
1.29936194780157e+20
1.29798711974029e+20
1.29656518860598e+20
1.29509575844007e+20
1.29357839832235e+20
1.29201264777826e+20
1.29039802300815e+20
1.28873402150786e+20
1.2870201250322e+20
1.28525580071719e+20
1.2834405021466e+20
1.28157368017152e+20
1.27965480204068e+20
1.27768334810031e+20
1.27565878483732e+20
1.2735805466827e+20
1.27144803212657e+20
1.26926060338092e+20
1.2670175856748e+20
1.26471826605859e+20
1.26236189196056e+20
1.2599476710703e+20
1.25747477395349e+20
1.25494233935972e+20
1.25234947983896e+20
1.24969528746036e+20
1.24697885934717e+20
1.24419933343193e+20
1.24135586807445e+20
1.23844757261405e+20
1.23547346187503e+20
1.23243243979562e+20
1.22932328450012e+20
1.2261446351745e+20
1.22289500072433e+20
1.21957279913144e+20
1.21617639865539e+20
1.21270413438316e+20
1.20915431266166e+20
1.20552522258499e+20
1.20181518724026e+20
1.19802265121844e+20
1.19414618569691e+20
1.19018438041405e+20
1.18613576294535e+20
1.18199880914006e+20
1.17777198709693e+20
1.17345375599773e+20
1.16904247316208e+20
1.16453627776416e+20
1.15993308341373e+20
1.15523071555659e+20
1.15042713095254e+20
1.14552069145749e+20
1.1405103888902e+20
1.13539569852515e+20
1.13017604036824e+20
1.12485036661883e+20
1.1194171616761e+20
1.11387464337964e+20
1.10822097177796e+20
1.10245445139371e+20
1.09657368874472e+20
1.09057753055411e+20
1.08446477653109e+20
1.07823408095176e+20
1.07188428229316e+20
1.06541473321733e+20
1.05882521594564e+20
1.05211571471934e+20
1.0452864099159e+20
1.03833764718119e+20
1.03126951136794e+20
1.02408131120578e+20
1.01677164713294e+20
1.00933914406071e+20
1.00178322101391e+20
9.94104291885186e+19
9.8630352383475e+19
9.78382651091135e+19
9.70343811672504e+19
9.62189220976452e+19
9.53920960725475e+19
9.45541053898959e+19
9.37051477283427e+19
9.2845390656944e+19
9.19749564318655e+19
9.10939628285483e+19
9.02026064493068e+19
8.93012089413624e+19
8.83901864181543e+19
8.74699940304064e+19
8.65411025722254e+19
8.56040106338681e+19
8.46592439429673e+19
8.37073074705874e+19
8.27486407141732e+19
8.17836489200102e+19
8.08127824339413e+19
7.98365535966177e+19
7.88554690811512e+19
7.78699940376529e+19
7.68806134469424e+19
7.5887884961691e+19
7.48923883241049e+19
7.38946551389886e+19
7.2895195012492e+19
7.18945654837825e+19
7.08933516616265e+19
6.9892069063213e+19
6.88911316792503e+19
6.78909255300707e+19
6.68918592304411e+19
6.58943071171954e+19
6.48985379099813e+19
6.39047382974658e+19
6.29130923070445e+19
6.19237959120337e+19
6.09369868624181e+19
5.9952685238787e+19
5.89708226423223e+19
5.79913213074311e+19
5.70141170046771e+19
5.6039107588968e+19
5.50660927337879e+19
5.40947608645192e+19
5.31247468003348e+19
5.21557025280486e+19
5.11873007428925e+19
5.02191899850404e+19
4.9250961072158e+19
4.82821356825737e+19
4.73121761059854e+19
4.63405313752543e+19
4.53666932237779e+19
4.43902060929919e+19
4.34106418199847e+19
4.24275825329467e+19
4.14406202844886e+19
4.04493655438832e+19
3.9453457513786e+19
3.84525752835002e+19
3.74464628452155e+19
3.64349658668696e+19
3.54180511793853e+19
3.43958018327013e+19
3.33684075761439e+19
3.23361686055653e+19
3.12995042228044e+19
3.025895968573e+19
2.92152115402575e+19
2.81690714689041e+19
2.71214897684711e+19
2.60735578585586e+19
2.50265081923436e+19
2.39817143526558e+19
2.29406957168966e+19
2.19051177208731e+19
2.08767785462238e+19
1.98575833536173e+19
1.88495214226718e+19
1.785464712471e+19
1.68750594337244e+19
1.59128794108582e+19
1.49702252990302e+19
1.4049184645711e+19
1.31517869963717e+19
1.22799795738295e+19
1.14356004782313e+19
1.06203528336154e+19
9.83577981286286e+18
9.08324125108349e+18
8.36389461396164e+18
7.67868022598284e+18
7.0283099197946e+18
6.41325998496312e+18
5.83376792918297e+18
5.28983489886034e+18
4.78123161740327e+18
4.30750523196543e+18
3.86798995309396e+18
3.46182287480518e+18
3.08796403990902e+18
2.74521820941082e+18
2.43225734500979e+18
2.14764423015325e+18
1.88985596463654e+18
1.65730728523123e+18
1.44837395682074e+18
1.26141500912302e+18
1.09479325831031e+18
9.46893441912314e+17
8.1613837520493e+17
7.01002675361172e+17
6.00023990691336e+17
5.11812273150487e+17
4.35056969954191e+17
3.68532075052324e+17
3.11098985034904e+17
2.61707628995173e+17
2.19396069572231e+17
1.83288704668546e+17
1.52593438074417e+17
1.26598094708077e+17
1.04666168688053e+17
8.62320241606706e+16
7.07957717084418e+16
5.7918020462359e+16
4.72145955934439e+16
3.8351310107228e+16
3.10389046590226e+16
2.5028252200835e+16
2.01058441735182e+16
1.60895668539978e+16
1.28247985756384e+16
1.01808573008946e+16
8.04779067410839e+15
6.33349703354669e+15
4.96116005288765e+15
3.86701112509836e+15
)
;

boundaryField
{
    electrode
    {
        type            electronDensity_wilsonBC3_2;
        seec            0;
        value           uniform 105689543265.052;
    }
    ground
    {
        type            electronDensity_wilsonBC3_2;
        seec            0;
        value           uniform 3.43226587860532e+15;
    }
    otherfaces
    {
        type            empty;
    }
}


// ************************************************************************* //
