/*--------------------------------*- C++ -*----------------------------------*\
| =========                 |                                                 |
| \\      /  F ield         | foam-extend: Open Source CFD                    |
|  \\    /   O peration     | Version:     4.1                                |
|   \\  /    A nd           | Web:         http://www.foam-extend.org         |
|    \\/     M anipulation  |                                                 |
\*---------------------------------------------------------------------------*/
FoamFile
{
    version     2.0;
    format      ascii;
    class       volVectorField;
    location    "1.49999999935008e-05";
    object      EField;
}
// * * * * * * * * * * * * * * * * * * * * * * * * * * * * * * * * * * * * * //

dimensions      [1 1 -3 0 0 -1 0];

internalField   nonuniform List<vector> 
500
(
(-1657457.16417332 -0 -0)
(-1623847.69208612 -0 -0)
(-1589521.82137182 -0 -0)
(-1554646.05165684 -0 -0)
(-1519168.58268533 -0 -0)
(-1483074.1563788 -0 -0)
(-1446299.52643375 -0 -0)
(-1408812.83576937 -0 -0)
(-1370562.13490959 -0 -0)
(-1331519.61840842 -0 -0)
(-1291616.54648688 -0 -0)
(-1250798.7432088 -0 -0)
(-1208994.79381884 -0 -0)
(-1166137.09924631 -0 -0)
(-1122153.53279333 -0 -0)
(-1076997.43615906 -0 -0)
(-1030614.0994402 -0 -0)
(-982994.084653762 -0 -0)
(-934156.027308935 -0 -0)
(-884135.038635003 -0 -0)
(-833015.077763767 -0 -0)
(-780975.785877364 -0 -0)
(-728299.891293877 -0 -0)
(-675368.667248075 -0 -0)
(-622616.61383648 -0 -0)
(-570541.954955249 -0 -0)
(-519738.361417647 -0 -0)
(-470806.233303013 -0 -0)
(-424257.980543464 -0 -0)
(-380568.648069685 -0 -0)
(-340116.876009746 -0 -0)
(-303123.982380569 -0 -0)
(-269699.369724316 -0 -0)
(-239827.344670715 -0 -0)
(-213395.59135936 -0 -0)
(-190214.353865729 -0 -0)
(-170030.502221057 -0 -0)
(-152560.28655134 -0 -0)
(-137504.279181898 -0 -0)
(-124561.943492106 -0 -0)
(-113440.484102519 -0 -0)
(-103868.239275088 -0 -0)
(-95623.6597345307 -0 -0)
(-88523.7359904045 -0 -0)
(-82385.3661773609 -0 -0)
(-77068.8122152368 -0 -0)
(-72452.6642301441 -0 -0)
(-68384.7258750047 -0 -0)
(-64754.548553608 -0 -0)
(-61525.0768060211 -0 -0)
(-58668.0319000596 -0 -0)
(-56127.362726486 -0 -0)
(-53841.2723758323 -0 -0)
(-51758.3520831058 -0 -0)
(-49839.0321800833 -0 -0)
(-48063.3296968439 -0 -0)
(-46428.2063951663 -0 -0)
(-44926.3229168385 -0 -0)
(-43541.1108933293 -0 -0)
(-42256.8328417816 -0 -0)
(-41060.8056845318 -0 -0)
(-39942.1865844796 -0 -0)
(-38890.7747688972 -0 -0)
(-37896.4364713859 -0 -0)
(-36952.2021212605 -0 -0)
(-36056.7662507412 -0 -0)
(-35209.4031095532 -0 -0)
(-34406.5163773909 -0 -0)
(-33644.0923171786 -0 -0)
(-32919.40122919 -0 -0)
(-32230.0127078976 -0 -0)
(-31572.6173607684 -0 -0)
(-30943.9937537286 -0 -0)
(-30341.7039336742 -0 -0)
(-29763.7347141521 -0 -0)
(-29208.4080976394 -0 -0)
(-28674.2902326182 -0 -0)
(-28159.8863572671 -0 -0)
(-27663.6066496033 -0 -0)
(-27184.1556715654 -0 -0)
(-26720.5345068183 -0 -0)
(-26271.8351802228 -0 -0)
(-25837.2244329774 -0 -0)
(-25415.9369186834 -0 -0)
(-25007.2658638415 -0 -0)
(-24610.5565999123 -0 -0)
(-24225.202780271 -0 -0)
(-23850.6388087704 -0 -0)
(-23486.3356926275 -0 -0)
(-23131.8234575344 -0 -0)
(-22786.7580333635 -0 -0)
(-22450.9621142775 -0 -0)
(-22124.4665406584 -0 -0)
(-21806.9905563683 -0 -0)
(-21497.4866080594 -0 -0)
(-21194.9774169688 -0 -0)
(-20899.0664832187 -0 -0)
(-20609.5385498727 -0 -0)
(-20326.1787626934 -0 -0)
(-20048.7765707235 -0 -0)
(-19777.1269521664 -0 -0)
(-19511.0308888374 -0 -0)
(-19250.2963653136 -0 -0)
(-18994.7390266086 -0 -0)
(-18744.1822736234 -0 -0)
(-18498.4568286339 -0 -0)
(-18257.4006601454 -0 -0)
(-18020.8589681025 -0 -0)
(-17788.6838324517 -0 -0)
(-17560.7337595313 -0 -0)
(-17336.8733043204 -0 -0)
(-17116.9730323786 -0 -0)
(-16900.9088815887 -0 -0)
(-16688.5620550714 -0 -0)
(-16479.8188777464 -0 -0)
(-16274.5701528565 -0 -0)
(-16072.7112453445 -0 -0)
(-15874.1417535147 -0 -0)
(-15678.7652006132 -0 -0)
(-15486.4889993052 -0 -0)
(-15297.2241024391 -0 -0)
(-15110.8848442269 -0 -0)
(-14927.3889223938 -0 -0)
(-14746.6570996435 -0 -0)
(-14568.613041211 -0 -0)
(-14393.1831807261 -0 -0)
(-14220.2966069014 -0 -0)
(-14049.8851121511 -0 -0)
(-13881.8827991826 -0 -0)
(-13716.226027896 -0 -0)
(-13552.8534305509 -0 -0)
(-13391.7057153705 -0 -0)
(-13232.7256638216 -0 -0)
(-13075.8579642055 -0 -0)
(-12921.0490957563 -0 -0)
(-12768.2473297852 -0 -0)
(-12617.4026840443 -0 -0)
(-12468.4666747804 -0 -0)
(-12321.3923525771 -0 -0)
(-12176.1343611914 -0 -0)
(-12032.648758831 -0 -0)
(-11890.892949199 -0 -0)
(-11750.8255393121 -0 -0)
(-11612.4064230079 -0 -0)
(-11475.596788911 -0 -0)
(-11340.3589524652 -0 -0)
(-11206.6563683861 -0 -0)
(-11074.4534940873 -0 -0)
(-10943.7157594637 -0 -0)
(-10814.409732803 -0 -0)
(-10686.5029076905 -0 -0)
(-10559.9635985221 -0 -0)
(-10434.7610771369 -0 -0)
(-10310.8654798167 -0 -0)
(-10188.2476826211 -0 -0)
(-10066.8793426892 -0 -0)
(-9946.7329896583 -0 -0)
(-9827.78184986734 -0 -0)
(-9709.99969721111 -0 -0)
(-9593.36107162732 -0 -0)
(-9477.84129752211 -0 -0)
(-9363.4162807378 -0 -0)
(-9250.06259163845 -0 -0)
(-9137.75734790029 -0 -0)
(-9026.47817244411 -0 -0)
(-8916.2033878535 -0 -0)
(-8806.91188401443 -0 -0)
(-8698.58293945833 -0 -0)
(-8591.1962819698 -0 -0)
(-8484.73228775308 -0 -0)
(-8379.17177271233 -0 -0)
(-8274.49589718061 -0 -0)
(-8170.68630543243 -0 -0)
(-8067.72513798137 -0 -0)
(-7965.59499449388 -0 -0)
(-7864.27873686409 -0 -0)
(-7763.759648965 -0 -0)
(-7664.02143388239 -0 -0)
(-7565.04808164298 -0 -0)
(-7466.82398896489 -0 -0)
(-7369.33387292814 -0 -0)
(-7272.56284955731 -0 -0)
(-7176.49631402561 -0 -0)
(-7081.11991472881 -0 -0)
(-6986.41969639924 -0 -0)
(-6892.38189724517 -0 -0)
(-6798.99308305301 -0 -0)
(-6706.24021394027 -0 -0)
(-6614.11040710485 -0 -0)
(-6522.59094489646 -0 -0)
(-6431.66948856529 -0 -0)
(-6341.3339793778 -0 -0)
(-6251.57248955159 -0 -0)
(-6162.37331128862 -0 -0)
(-6073.72503685798 -0 -0)
(-5985.61654688509 -0 -0)
(-5898.03685832084 -0 -0)
(-5810.97510108971 -0 -0)
(-5724.42065966634 -0 -0)
(-5638.36321628229 -0 -0)
(-5552.79257495694 -0 -0)
(-5467.69864294771 -0 -0)
(-5383.07159894134 -0 -0)
(-5298.90178467515 -0 -0)
(-5215.17971176739 -0 -0)
(-5131.89606687394 -0 -0)
(-5049.04159666801 -0 -0)
(-4966.60732759481 -0 -0)
(-4884.58443216085 -0 -0)
(-4802.96404569966 -0 -0)
(-4721.73755242866 -0 -0)
(-4640.89646156775 -0 -0)
(-4560.4321470623 -0 -0)
(-4480.33677914279 -0 -0)
(-4400.60440443493 -0 -0)
(-4321.21253139501 -0 -0)
(-4242.1577436613 -0 -0)
(-4163.4575821612 -0 -0)
(-4085.08472183576 -0 -0)
(-4007.01371120806 -0 -0)
(-3929.24225253536 -0 -0)
(-3851.76006632054 -0 -0)
(-3774.55725814156 -0 -0)
(-3697.62452308385 -0 -0)
(-3620.95291986764 -0 -0)
(-3544.53386041243 -0 -0)
(-3468.35886663652 -0 -0)
(-3392.41970165956 -0 -0)
(-3316.70835445416 -0 -0)
(-3241.21684638311 -0 -0)
(-3165.93751006358 -0 -0)
(-3090.86271829593 -0 -0)
(-3015.98475505722 -0 -0)
(-2941.29633452248 -0 -0)
(-2866.79019356692 -0 -0)
(-2792.45897418505 -0 -0)
(-2718.29559797983 -0 -0)
(-2644.29299487561 -0 -0)
(-2570.44412412482 -0 -0)
(-2496.74205764121 -0 -0)
(-2423.1799627153 -0 -0)
(-2349.75103914957 -0 -0)
(-2276.44844133898 -0 -0)
(-2203.26547207862 -0 -0)
(-2130.19555823696 -0 -0)
(-2057.2319285242 -0 -0)
(-1984.36804834547 -0 -0)
(-1911.59876803173 -0 -0)
(-1838.9035452452 -0 -0)
(-1766.29749413673 -0 -0)
(-1693.79302310894 -0 -0)
(-1621.32979979379 -0 -0)
(-1548.91515043679 -0 -0)
(-1476.57181306841 -0 -0)
(-1404.27402383941 -0 -0)
(-1332.01727783604 -0 -0)
(-1259.79582589295 -0 -0)
(-1187.60314843167 -0 -0)
(-1115.43282490835 -0 -0)
(-1043.27844991785 -0 -0)
(-971.133536488468 -0 -0)
(-898.99161683957 -0 -0)
(-826.846228190933 -0 -0)
(-754.690918563825 -0 -0)
(-682.519137310488 -0 -0)
(-610.324282710152 -0 -0)
(-538.099716281215 -0 -0)
(-465.8388098755 -0 -0)
(-393.534793531466 -0 -0)
(-321.180921729383 -0 -0)
(-248.770615835417 -0 -0)
(-176.297086656872 -0 -0)
(-103.753680506019 -0 -0)
(-31.1359012845304 -0 -0)
(41.562088379199 -0 -0)
(114.350914723558 -0 -0)
(187.239399583123 -0 -0)
(260.234020510259 -0 -0)
(333.34223698525 -0 -0)
(406.571446295998 -0 -0)
(479.929317261866 -0 -0)
(553.423320930359 -0 -0)
(627.052655994781 -0 -0)
(700.861151192281 -0 -0)
(774.889314606629 -0 -0)
(849.09259271111 -0 -0)
(923.462664545722 -0 -0)
(998.031266212082 -0 -0)
(1072.804147343 -0 -0)
(1147.78719287242 -0 -0)
(1222.98690123735 -0 -0)
(1298.40979079671 -0 -0)
(1374.06260282131 -0 -0)
(1449.95234411016 -0 -0)
(1526.08612866922 -0 -0)
(1602.47133129613 -0 -0)
(1679.11551994525 -0 -0)
(1756.02648269202 -0 -0)
(1833.21286749162 -0 -0)
(1910.68313355411 -0 -0)
(1988.44448839765 -0 -0)
(2066.5043335115 -0 -0)
(2144.87047963065 -0 -0)
(2223.55074146023 -0 -0)
(2302.55330946378 -0 -0)
(2381.88642160542 -0 -0)
(2461.55848482318 -0 -0)
(2541.57834917426 -0 -0)
(2621.95498411477 -0 -0)
(2702.69739048708 -0 -0)
(2783.81478850988 -0 -0)
(2865.31664896658 -0 -0)
(2947.2126388883 -0 -0)
(3029.51256966794 -0 -0)
(3112.22647030402 -0 -0)
(3195.36449028479 -0 -0)
(3278.9369916751 -0 -0)
(3362.95467659463 -0 -0)
(3447.42834752525 -0 -0)
(3532.36903453689 -0 -0)
(3617.78810330763 -0 -0)
(3703.69708414398 -0 -0)
(3790.10769443282 -0 -0)
(3877.03197980232 -0 -0)
(3964.48228059418 -0 -0)
(4052.47116015656 -0 -0)
(4141.01146333177 -0 -0)
(4230.1163281212 -0 -0)
(4319.79924629737 -0 -0)
(4410.07399350863 -0 -0)
(4500.95460624288 -0 -0)
(4592.45556894736 -0 -0)
(4684.5916947225 -0 -0)
(4777.37804166772 -0 -0)
(4870.83015657639 -0 -0)
(4964.96401741887 -0 -0)
(5059.79584676529 -0 -0)
(5155.34234347165 -0 -0)
(5251.62072947804 -0 -0)
(5348.64860972238 -0 -0)
(5446.44404819731 -0 -0)
(5545.02553778759 -0 -0)
(5644.41217836081 -0 -0)
(5744.62361446772 -0 -0)
(5845.67986636931 -0 -0)
(5947.6016620388 -0 -0)
(6050.41029722662 -0 -0)
(6154.12750502237 -0 -0)
(6258.77583625536 -0 -0)
(6364.37854723252 -0 -0)
(6470.95929256679 -0 -0)
(6578.54243721672 -0 -0)
(6687.15334143627 -0 -0)
(6796.81799365969 -0 -0)
(6907.56301836238 -0 -0)
(7019.41602643295 -0 -0)
(7132.40547747317 -0 -0)
(7246.56068429276 -0 -0)
(7361.91188461788 -0 -0)
(7478.49025159308 -0 -0)
(7596.32802362492 -0 -0)
(7715.45848360358 -0 -0)
(7835.9159548524 -0 -0)
(7957.73590934572 -0 -0)
(8080.95510719186 -0 -0)
(8205.61152088219 -0 -0)
(8331.74430392027 -0 -0)
(8459.39403297721 -0 -0)
(8588.60274022136 -0 -0)
(8719.41393591182 -0 -0)
(8851.87262397263 -0 -0)
(8986.02523316018 -0 -0)
(9121.91984075219 -0 -0)
(9259.6061166597 -0 -0)
(9399.13398799196 -0 -0)
(9540.55609585645 -0 -0)
(9683.93052822497 -0 -0)
(9829.31697181101 -0 -0)
(9976.77624390652 -0 -0)
(10126.3721249578 -0 -0)
(10278.1708252841 -0 -0)
(10432.2411597291 -0 -0)
(10588.6547037054 -0 -0)
(10747.4859520357 -0 -0)
(10908.8124110436 -0 -0)
(11072.7149395965 -0 -0)
(11239.2779230546 -0 -0)
(11408.5894195986 -0 -0)
(11580.74138184 -0 -0)
(11755.8299814113 -0 -0)
(11933.9558528781 -0 -0)
(12115.2242087752 -0 -0)
(12299.7453259031 -0 -0)
(12487.6347912769 -0 -0)
(12679.0137174913 -0 -0)
(12874.0094624463 -0 -0)
(13072.7559555308 -0 -0)
(13275.3938552905 -0 -0)
(13482.0714904757 -0 -0)
(13692.9456469227 -0 -0)
(13908.1820694662 -0 -0)
(14127.9566708433 -0 -0)
(14352.4569831519 -0 -0)
(14581.8838143699 -0 -0)
(14816.4514498 -0 -0)
(15056.3726744039 -0 -0)
(15301.9443706685 -0 -0)
(15553.808705783 -0 -0)
(15812.6837235716 -0 -0)
(16078.8527974354 -0 -0)
(16352.449844314 -0 -0)
(16633.7640254808 -0 -0)
(16923.150574098 -0 -0)
(17221.001051542 -0 -0)
(17527.7440141217 -0 -0)
(17843.8476515153 -0 -0)
(18169.8222768309 -0 -0)
(18506.2237300472 -0 -0)
(18853.6578489578 -0 -0)
(19212.7854169387 -0 -0)
(19584.3284961202 -0 -0)
(19969.0738879693 -0 -0)
(20367.8759577076 -0 -0)
(20781.7903092023 -0 -0)
(21212.0893946307 -0 -0)
(21660.020455361 -0 -0)
(22126.8264872809 -0 -0)
(22613.9447260051 -0 -0)
(23123.1680668405 -0 -0)
(23656.8587582996 -0 -0)
(24218.2489535894 -0 -0)
(24810.2292455246 -0 -0)
(25434.1206136234 -0 -0)
(26091.4587497157 -0 -0)
(26785.2460636641 -0 -0)
(27518.430098598 -0 -0)
(28291.8654976117 -0 -0)
(29106.2058420156 -0 -0)
(29965.4666041422 -0 -0)
(30876.0023261148 -0 -0)
(31844.2771285979 -0 -0)
(32876.4677415592 -0 -0)
(33979.1859680862 -0 -0)
(35160.5498105074 -0 -0)
(36428.39780116 -0 -0)
(37781.3634046203 -0 -0)
(39207.9612261373 -0 -0)
(40703.0426788025 -0 -0)
(42277.577447948 -0 -0)
(43952.0865286888 -0 -0)
(45749.0826119016 -0 -0)
(47675.7130796495 -0 -0)
(49698.0614678128 -0 -0)
(51772.6082125939 -0 -0)
(53914.7470897089 -0 -0)
(56161.9597080606 -0 -0)
(58496.397558745 -0 -0)
(60903.46144404 -0 -0)
(63379.5131325866 -0 -0)
(65886.5448260557 -0 -0)
(68410.5534980051 -0 -0)
(70961.6865981912 -0 -0)
(73551.7947744679 -0 -0)
(76196.6701438527 -0 -0)
(78915.0111689927 -0 -0)
(81735.773352832 -0 -0)
(84705.105188171 -0 -0)
(87878.900612479 -0 -0)
(91335.1553667141 -0 -0)
(95172.3270853894 -0 -0)
(99502.1576893636 -0 -0)
(104469.421639249 -0 -0)
(110196.065876779 -0 -0)
(116827.970596883 -0 -0)
(124548.978347588 -0 -0)
(133486.32511704 -0 -0)
(143769.862254657 -0 -0)
(155568.687130597 -0 -0)
(169020.824107893 -0 -0)
(184211.429619881 -0 -0)
(201214.638302523 -0 -0)
(220091.567406508 -0 -0)
(240885.449885168 -0 -0)
(263590.493264816 -0 -0)
(288134.46100229 -0 -0)
(314405.288565471 -0 -0)
(342288.919650936 -0 -0)
(371624.286636795 -0 -0)
(402240.002918641 -0 -0)
(433945.089793592 -0 -0)
(466549.335027144 -0 -0)
(499839.15560047 -0 -0)
(533628.216796519 -0 -0)
(567717.548560641 -0 -0)
(601955.154458302 -0 -0)
(636189.279414221 -0 -0)
(670331.380212142 -0 -0)
(704274.450482204 -0 -0)
(737969.064466996 -0 -0)
(771177.179383818 -0 -0)
)
;

boundaryField
{
    electrode
    {
        type            calculated;
        value           uniform (-1673994.98596149 -0 -0);
    }
    ground
    {
        type            calculated;
        value           uniform (787564.907310165 -0 -0);
    }
    otherfaces
    {
        type            empty;
    }
}


// ************************************************************************* //
