/*--------------------------------*- C++ -*----------------------------------*\
| =========                 |                                                 |
| \\      /  F ield         | foam-extend: Open Source CFD                    |
|  \\    /   O peration     | Version:     4.1                                |
|   \\  /    A nd           | Web:         http://www.foam-extend.org         |
|    \\/     M anipulation  |                                                 |
\*---------------------------------------------------------------------------*/
FoamFile
{
    version     2.0;
    format      ascii;
    class       volScalarField;
    location    "1.49999999935008e-05";
    object      electronMean;
}
// * * * * * * * * * * * * * * * * * * * * * * * * * * * * * * * * * * * * * //

dimensions      [0 -3 0 0 0 0 0];

internalField   nonuniform List<scalar> 
500
(
6.48043130593283e+15
9.35287368070292e+15
1.31978493807942e+16
1.82436481734409e+16
2.47416221061756e+16
3.29598032914986e+16
4.31754707946884e+16
5.56669636100826e+16
7.07061044814984e+16
8.85522892575776e+16
1.09449071536011e+17
1.33623667394295e+17
1.61290337039187e+17
1.92656889012492e+17
2.27934731050053e+17
2.6735242960281e+17
3.11171134882727e+17
3.59701887061888e+17
4.133242394576e+17
4.72497992094699e+17
5.37764403320893e+17
6.09737735738523e+17
6.89084551410306e+17
7.76484021125606e+17
8.72559154046065e+17
9.77780886552757e+17
1.09237733988985e+18
1.21626278977702e+18
1.34897333159427e+18
1.48964855928305e+18
1.63708795861387e+18
1.78983612724859e+18
1.94629700442289e+18
2.10486926561461e+18
2.26406376211308e+18
2.42259595640258e+18
2.57943493355781e+18
2.73381339763811e+18
2.88521219300435e+18
3.03331984238335e+18
3.17798123699645e+18
3.31914830638197e+18
3.45685149678681e+18
3.59120203938361e+18
3.72236339848718e+18
3.85051575805104e+18
3.97586507825919e+18
4.09859434751941e+18
4.21881101382159e+18
4.33661529331891e+18
4.45217132729007e+18
4.56567415012765e+18
4.67728874740391e+18
4.78713091486323e+18
4.89527562705004e+18
5.00178235030161e+18
5.10672663850065e+18
5.21020675168969e+18
5.31232452286996e+18
5.41317057977263e+18
5.51282343804576e+18
5.61135162613197e+18
5.70881367460587e+18
5.8052571362789e+18
5.90072022466497e+18
5.99523884385232e+18
6.08885287790062e+18
6.18160416738825e+18
6.27353167959477e+18
6.36467154733117e+18
6.45505918727244e+18
6.54472828127839e+18
6.63370826979901e+18
6.72202420198034e+18
6.80969801173475e+18
6.89674935903045e+18
6.98319614857887e+18
7.06905469900846e+18
7.1543394666159e+18
7.23906301675626e+18
7.32323651845644e+18
7.40687015211701e+18
7.48997325024967e+18
7.57255438269785e+18
7.65462143769246e+18
7.73618169536812e+18
7.81724189526239e+18
7.89780830021955e+18
7.97788675972328e+18
8.05748277560269e+18
8.1366015772144e+18
8.21524825785497e+18
8.2934281263997e+18
8.37114689032236e+18
8.44840971547188e+18
8.52521992850221e+18
8.60157919025547e+18
8.67748855053052e+18
8.75294891448606e+18
8.82796105483272e+18
8.90252561324881e+18
8.97664310975288e+18
9.05031395088942e+18
9.12353843710429e+18
9.19631676971748e+18
9.26864905736123e+18
9.34053532200023e+18
9.41197550453836e+18
9.48296947012633e+18
9.55351701295308e+18
9.62361786098167e+18
9.69327168015655e+18
9.76247807849055e+18
9.83123660979946e+18
9.89954677738334e+18
9.96740803722787e+18
1.00348198012731e+19
1.01017814403718e+19
1.01682922870236e+19
1.02343516380434e+19
1.02999587571174e+19
1.03651128770711e+19
1.04298132021001e+19
1.04940589099208e+19
1.05578491536899e+19
1.06211830639286e+19
1.06840597502999e+19
1.0746478303278e+19
1.08084377958016e+19
1.08699372847084e+19
1.09309758122574e+19
1.09915524074317e+19
1.10516660872494e+19
1.11113158580344e+19
1.11705007165077e+19
1.12292196509786e+19
1.12874716423183e+19
1.13452556650355e+19
1.14025706882118e+19
1.14594156763607e+19
1.15157895903787e+19
1.15716913883202e+19
1.1627120026207e+19
1.1682074458774e+19
1.17365536402096e+19
1.17905565248374e+19
1.18440820678145e+19
1.18971292258135e+19
1.19496969576465e+19
1.20017842247323e+19
1.2053389991724e+19
1.21045132269696e+19
1.21551529030439e+19
1.22053079972047e+19
1.22549774919251e+19
1.23041603752553e+19
1.23528556413565e+19
1.24010622908356e+19
1.24487793312022e+19
1.24960057773137e+19
1.25427406518258e+19
1.25889829855946e+19
1.26347318180408e+19
1.26799861974798e+19
1.27247451814514e+19
1.27690078370605e+19
1.28127732412732e+19
1.2856040481161e+19
1.28988086542757e+19
1.29410768688543e+19
1.29828442441134e+19
1.30241099104833e+19
1.30648730098819e+19
1.31051326959281e+19
1.31448881342018e+19
1.31841385024027e+19
1.32228829906564e+19
1.32611208016355e+19
1.32988511508405e+19
1.33360732667001e+19
1.33727863908558e+19
1.34089897782645e+19
1.34446826974338e+19
1.34798644305778e+19
1.35145342737212e+19
1.35486915369514e+19
1.35823355445207e+19
1.36154656350102e+19
1.36480811614634e+19
1.36801814915514e+19
1.37117660076746e+19
1.37428341071352e+19
1.37733852022149e+19
1.38034187203741e+19
1.3832934104296e+19
1.38619308120573e+19
1.38904083172077e+19
1.39183661089252e+19
1.39458036920604e+19
1.39727205873325e+19
1.39991163313252e+19
1.40249904766724e+19
1.40503425921297e+19
1.40751722626255e+19
1.40994790894767e+19
1.41232626903581e+19
1.41465226995055e+19
1.41692587677943e+19
1.41914705627866e+19
1.42131577687498e+19
1.42343200868006e+19
1.42549572350247e+19
1.42750689483254e+19
1.42946549792903e+19
1.4313715102065e+19
1.43322490771553e+19
1.43502566427266e+19
1.43677376247251e+19
1.43846919296061e+19
1.44011193910762e+19
1.44170197647228e+19
1.44323928051611e+19
1.44472382753911e+19
1.44615559388646e+19
1.44753455596592e+19
1.44886069041999e+19
1.4501339743178e+19
1.45135438525858e+19
1.45252190142367e+19
1.4536365016439e+19
1.45469816545227e+19
1.45570687312945e+19
1.45666260575374e+19
1.45756534522664e+19
1.45841507431474e+19
1.4592117766739e+19
1.45995543687527e+19
1.46064604042805e+19
1.46128357380539e+19
1.46186802445269e+19
1.46239938081422e+19
1.46287763233493e+19
1.46330276948727e+19
1.46367478377527e+19
1.46399366774662e+19
1.46425941496208e+19
1.46447202012572e+19
1.46463147974012e+19
1.46473778626726e+19
1.4647909264672e+19
1.46479093119524e+19
1.46473780045186e+19
1.46463150338677e+19
1.46447205323268e+19
1.46425945753147e+19
1.46399371977873e+19
1.46367484527455e+19
1.46330284045566e+19
1.46287771277683e+19
1.46239947073268e+19
1.46186812385423e+19
1.46128368269389e+19
1.46064615880818e+19
1.45995556475177e+19
1.45921191405481e+19
1.45841522120619e+19
1.4575655016363e+19
1.45666277168806e+19
1.45570704859762e+19
1.4546983504602e+19
1.45363669620344e+19
1.45252210554214e+19
1.45135459894506e+19
1.45013419758348e+19
1.44886092327401e+19
1.44753479841874e+19
1.44615584594835e+19
1.44472408922278e+19
1.44323955183243e+19
1.44170225743392e+19
1.4401122297267e+19
1.43846949324928e+19
1.4367740724461e+19
1.43502598394637e+19
1.43322523710374e+19
1.43137184932317e+19
1.42946584678701e+19
1.42750725344651e+19
1.42549609188651e+19
1.42343238684892e+19
1.42131616484045e+19
1.41914745405488e+19
1.41692628438024e+19
1.41465268738914e+19
1.41232669632433e+19
1.40994834609806e+19
1.40751767328614e+19
1.40503471611974e+19
1.4024995144718e+19
1.39991210984325e+19
1.39727254535993e+19
1.39458086575806e+19
1.3918371173785e+19
1.38904134814794e+19
1.38619360758189e+19
1.38329394676348e+19
1.38034241833195e+19
1.37733907648308e+19
1.37428397694601e+19
1.37117717697364e+19
1.36801873533813e+19
1.36480871230779e+19
1.36154716964124e+19
1.35823417057023e+19
1.35486977978922e+19
1.35145406344035e+19
1.34798708909576e+19
1.34446892574714e+19
1.34089964378774e+19
1.33727931499862e+19
1.33360801252535e+19
1.32988581087106e+19
1.32611278587029e+19
1.32228901467903e+19
1.31841457574585e+19
1.31448954880162e+19
1.31051401483393e+19
1.30648805606681e+19
1.30241175594565e+19
1.29828519910286e+19
1.29410847134926e+19
1.28988165963491e+19
1.2856048520392e+19
1.28127813773584e+19
1.27690160697011e+19
1.27247535102822e+19
1.26799946221463e+19
1.26347403381783e+19
1.25889916007944e+19
1.25427493616618e+19
1.24960145813485e+19
1.24487882289645e+19
1.24010712818366e+19
1.23528647250852e+19
1.23041695511725e+19
1.22549867594732e+19
1.22053173558156e+19
1.2155162352094e+19
1.21045227658263e+19
1.20533996197372e+19
1.20017939412076e+19
1.19497067618765e+19
1.18971391170706e+19
1.18440920453183e+19
1.17905665878048e+19
1.17365637878375e+19
1.16820846902074e+19
1.16271303405729e+19
1.15717017847129e+19
1.15158000678846e+19
1.14594262339956e+19
1.14025813250002e+19
1.13452663799591e+19
1.1287482434323e+19
1.12292305189981e+19
1.11705116594273e+19
1.11113268747059e+19
1.10516771765215e+19
1.09915635680912e+19
1.09309870430781e+19
1.08699485844332e+19
1.08084491631305e+19
1.07464897368902e+19
1.06840712488313e+19
1.06211946259949e+19
1.05578607778601e+19
1.04940705947478e+19
1.04298249461049e+19
1.03651246787313e+19
1.0299970614884e+19
1.02343635503325e+19
1.01683042522208e+19
1.01017934568563e+19
1.00348318673406e+19
9.96742015117107e+18
9.89955893745589e+18
9.83124881424837e+18
9.76249032548347e+18
9.69328396787728e+18
9.62363018754783e+18
9.55352937646432e+18
9.48298186864646e+18
9.41198793611667e+18
9.34054778462679e+18
9.26866154902516e+18
9.19632928835292e+18
9.12355098062615e+18
9.05032651717708e+18
8.97665569666935e+18
8.90253821860972e+18
8.82797367643941e+18
8.7529615501028e+18
8.6775011979128e+18
8.60159184711534e+18
8.52523259253075e+18
8.44842238436028e+18
8.37115956185233e+18
8.29344079849322e+18
8.21526092847876e+18
8.13661424424649e+18
8.05749543681713e+18
7.97789941283466e+18
7.89782094290533e+18
7.8172545251517e+18
7.73619431006842e+18
7.65463403478295e+18
7.57256695974731e+18
7.48998580478285e+18
7.40688268166201e+18
7.3232490204977e+18
7.23907548879145e+18
7.15435190610615e+18
7.06906710343422e+18
6.9832085154368e+18
6.8967616858584e+18
6.80971029606658e+18
6.72203644131741e+18
6.63372046165748e+18
6.54474042317665e+18
6.45507127677978e+18
6.36468358211361e+18
6.27354365725336e+18
6.18161608538514e+18
6.08886473357808e+18
5.99525063447601e+18
5.9007319472199e+18
5.80526878717037e+18
5.70882524979791e+18
5.61136312158706e+18
5.51283484978722e+18
5.41318190373564e+18
5.31233575470404e+18
5.21021788662572e+18
5.10673767123205e+18
5.00179327440226e+18
4.89528643388255e+18
4.78714159323693e+18
4.67729928430244e+18
4.56568453119919e+18
4.45218153657768e+18
4.33662531249098e+18
4.21882082020928e+18
4.09860391127955e+18
3.9758743623398e+18
3.85052472054218e+18
3.72237199181471e+18
3.59121020689846e+18
3.45685917169759e+18
3.31915541206477e+18
3.17798768752568e+18
3.0333255439662e+18
2.88521704524685e+18
2.73381729605033e+18
2.57943777416898e+18
2.42259764201201e+18
2.26406421004129e+18
2.10486841652611e+18
1.9462948311909e+18
1.78983264259451e+18
1.63708321996487e+18
1.48964266967814e+18
1.34896643595656e+18
1.21625506638453e+18
1.09236898830562e+18
9.77772113897952e+17
8.72550161774053e+17
7.76474994314826e+17
6.89075651636637e+17
6.09729097656583e+17
5.37756134387617e+17
4.72490174525909e+17
4.13316933309953e+17
3.59695133550333e+17
3.11164959378998e+17
2.67346843998917e+17
2.27929735474196e+17
1.92652473159162e+17
1.61286481321803e+17
1.33620344050526e+17
1.09446245839436e+17
8.85499209002037e+16
7.07041491127002e+16
5.56653744891242e+16
4.3174200463932e+16
3.29588051679017e+16
2.47408518867777e+16
1.82430649714528e+16
1.31974165329042e+16
9.35255920903325e+15
6.48020804485784e+15
)
;

boundaryField
{
    electrode
    {
        type            calculated;
        value           uniform 5.4270296196741e+15;
    }
    ground
    {
        type            calculated;
        value           uniform 5.4268407872601e+15;
    }
    otherfaces
    {
        type            empty;
    }
}


// ************************************************************************* //
