/*--------------------------------*- C++ -*----------------------------------*\
| =========                 |                                                 |
| \\      /  F ield         | foam-extend: Open Source CFD                    |
|  \\    /   O peration     | Version:     4.1                                |
|   \\  /    A nd           | Web:         http://www.foam-extend.org         |
|    \\/     M anipulation  |                                                 |
\*---------------------------------------------------------------------------*/
FoamFile
{
    version     2.0;
    format      ascii;
    class       volScalarField;
    location    "1.49999999935008e-05";
    object      EPotentialMean;
}
// * * * * * * * * * * * * * * * * * * * * * * * * * * * * * * * * * * * * * //

dimensions      [1 2 -3 0 0 -1 0];

internalField   nonuniform List<scalar> 
500
(
1.2165521038861
3.58576015469934
5.88923238412645
8.12653444502422
10.2966068836326
12.3989980286664
14.4327992273252
16.3975710352681
18.2925832529406
20.1175188653609
21.8718957562708
23.5555477511833
25.1682340227066
26.7099666416377
28.1807164881378
29.5806870808797
30.910112297217
32.1694061225809
33.3591253148882
34.4800277245716
35.5329611573978
36.5189552524532
37.4392246849255
38.2952686960835
39.0888717324515
39.8220613730584
40.4971369079727
41.1167998367656
41.6840472012032
42.202060089358
42.6743183741367
43.1044143452888
43.4959685212586
43.8526017044647
44.1777922936834
44.4748830874482
44.746978965487
44.9969345586954
45.2273237375217
45.4404433320684
45.6382931543929
45.8226112684069
45.9948777560323
46.1564131875166
46.3084071201129
46.4518267838363
46.5875849548727
46.7164650538884
46.8390331925894
46.9557892581223
47.0672694332963
47.1739823999192
47.2763481761905
47.3747106430621
47.4693478390063
47.5604988173271
47.6484001217827
47.733292139701
47.8153963795236
47.8949073493537
47.9719975367971
48.0468212791128
48.1195160963672
48.1902032358546
48.2589890856007
48.3259711512951
48.391245431946
48.4549037680137
48.5170296246472
48.5776995767338
48.6369860878338
48.6949572606687
48.7516746339621
48.8071939410711
48.8615664401591
48.9148395749029
48.9670574958836
49.0182614694059
49.0684897945933
49.1177778834808
49.1661588309793
49.2136637455967
49.2603219100735
49.3061609317884
49.3512068822936
49.3954844223379
49.4390169138831
49.4818265231861
49.5239343155899
49.5653603442994
49.6061237373147
49.6462427943999
49.6857351519795
49.7246180411831
49.7629080053102
49.80062001777
49.8377676365152
49.874363764119
49.9104207941978
49.9459506203698
49.9809646633265
50.015473896747
50.0494888707734
50.0830197343406
50.116076255542
50.1486678401778
50.1808035488566
50.2124921139554
50.2437419565779
50.2745612021413
50.3049576947913
50.3349390107908
50.3645124710635
50.3936851529929
50.4224639013231
50.4508553387216
50.478865875552
50.5065017190597
50.5337688821569
50.5606731915232
50.5872202955012
50.6134156716973
50.6392646333916
50.6647723361455
50.6899437838185
50.7147838344709
50.7392972061574
50.7634884824353
50.7873621175868
50.8109224416838
50.8341736651408
50.8571198831358
50.8797650800025
50.9021131329975
50.9241678162797
50.9459328043571
50.9674116757575
50.9886079161293
51.0095249214679
51.030166001145
51.0505343807433
51.0706332047356
51.0904655392668
51.1100343744056
51.1293426268194
51.1483931419023
51.1671886960287
51.185731998732
51.2040256946045
51.2220723653269
51.2398745315231
51.2574346544627
51.2747551378886
51.2918383295619
51.3086865229545
51.3253019586845
51.3416868260699
51.3578432644649
51.3737733647115
51.3894791704177
51.4049626792263
51.4202258440371
51.435270574332
51.4500987370109
51.4647121578079
51.4791126220866
51.4933018759542
51.5072816273599
51.5210535468166
51.5346192684116
51.5479803908442
51.5611384779146
51.5740950597212
51.5868516331751
51.5994096629642
51.6117705821422
51.623935792913
51.6359066673334
51.6476845480502
51.6592707486996
51.6706665548576
51.6818732244008
51.6928919882707
51.7037240508885
51.7143705908484
51.7248327613202
51.7351116906383
51.7452084827852
51.7551242179437
51.764859952824
51.7744167212749
51.7837955345958
51.792997382047
51.8020232312131
51.8108740284414
51.8195506992186
51.8280541485816
51.8363852614416
51.8445449028697
51.8525339186368
51.860353135327
51.8680033607928
51.8754853844419
51.8827999775581
51.8899478934919
51.896929868049
51.9037466197608
51.9103988500546
51.916887243624
51.9232124685732
51.929375176687
51.935376003652
51.9412155692856
51.9468944775689
51.9524133175862
51.9577726653231
51.9629730551397
51.9680150188079
51.9728991193605
51.977625869431
51.9821957340241
51.9866091675402
51.9908666067159
51.9949684713698
51.9989151602064
52.0027070522089
52.0063445103075
52.0098278806769
52.0131574930843
52.0163336612808
52.0193566832667
52.0222268414991
52.0249444031955
52.0275096204853
52.0299227306249
52.0321839561604
52.0342935049898
52.0362515707129
52.038058332568
52.0397139555622
52.041218590691
52.0425723748916
52.0437754312673
52.0448278690087
52.0457297835544
52.0464812566794
52.0470823560088
52.0475331372544
52.0478336475014
52.0479838520173
52.0479838661719
52.0478336900389
52.0475332083717
52.0470824562536
52.046481386713
52.0457299442477
52.0448280614351
52.0437756567089
52.0425726348367
52.0412188867886
52.0397142897402
52.0380587069005
52.036251987484
52.0342939666462
52.0321844653704
52.0299232902652
52.0275102335825
52.0249450729303
52.0222275712697
52.0193574766502
52.0163345220052
52.0131584251064
52.0098288880621
52.0063455973353
52.0027082233415
51.9989164200647
51.9949698247557
51.9908680585653
51.9866107229883
51.982197398354
51.9776276481072
51.9729010179507
51.9680170431005
51.9629752110653
51.9577749590098
51.9524157552669
51.9468970656773
51.9412183144063
51.9353789124629
51.9293782560501
51.9232157255269
51.916890685268
51.9104024836455
51.9037504526865
51.8969339077934
51.8899521476741
51.8828044538888
51.8754900907647
51.8680083050266
51.8603583254791
51.852539362877
51.8445506093788
51.8363912385518
51.8280604046809
51.8195572427613
51.8108808679999
51.8020303754229
51.793004839656
51.7838033143977
51.7744248321545
51.764868403699
51.7551330177837
51.7452176406512
51.7351212156435
51.7248426626929
51.7143808778411
51.7037347327956
51.6929030744406
51.6818847242148
51.6706784778131
51.6592831043081
51.6476973458895
51.6359199170298
51.623949504083
51.611784764449
51.5994243261649
51.5868667870013
51.5741107139135
51.5611546422663
51.5479970751636
51.5346364826222
51.5210713006686
51.5072999308428
51.4933207389276
51.479132054396
51.4647321694029
51.4501193377111
51.4352917739368
51.4202476523814
51.404985106036
51.389502225452
51.3737970577007
51.3578676050794
51.3417118239779
51.3253276235571
51.3087128644062
51.2918653572232
51.2747828613102
51.2574630832547
51.2399036751803
51.2221022333705
51.2040562964757
51.1857633438806
51.1672207938166
51.1484260016469
51.1293762577391
51.1100687857673
51.0905007402695
51.0706692045956
51.0505711885847
51.0302036262265
51.0095633729063
50.9886472030244
50.9674518072294
50.945973789343
50.9242096637183
50.9021558517819
50.8798086789194
50.8571643709684
50.8342190505588
50.8109687333531
50.7874093240834
50.7635366123622
50.739346268156
50.7148338372411
50.6899947360991
50.6648242467629
50.6393175112497
50.6134695257637
50.5872751347643
50.560729024933
50.5338257187002
50.5065595676579
50.4789247450419
50.4509152380279
50.4225248393366
50.3937471388237
50.3645755139234
50.3350031200232
50.3050228799022
50.2746274727709
50.2438093224277
50.2125605848384
50.1808731347037
50.1487385511062
50.1161481018154
50.0830927266212
50.0495630200348
50.0155492142227
49.9810411604072
49.9460283086
49.9104996852156
49.8744438696286
49.8378489681233
49.8007025869308
49.7629918234293
49.724703119593
49.6858215022181
49.6463304281086
49.6062126662103
49.5654505800449
49.5240258696021
49.4819194066095
49.4391111374535
49.3955799965523
49.3513038174728
49.3062592382159
49.2604215979392
49.2137648250308
49.1662613118463
49.1178817756155
49.0685951075682
49.0183682124657
48.9671656779858
48.9149492049114
48.8616775265981
48.8073064919921
48.7517886569721
48.695072762943
48.6371030763511
48.5778180582923
48.5171496055304
48.4550252536131
48.3913684268749
48.3260956594861
48.2591151100847
48.1903307783964
48.1196451575817
48.046951858847
47.9721296342874
47.8950409629127
47.8155315063874
47.7334287758894
47.6485382617289
47.5606384540416
47.4694889621071
47.37485323805
47.2764922256902
47.174127884827
47.0674163326599
46.9559375484477
46.8391828471922
46.7166160366809
46.5877372197932
46.4519802822461
46.3085618004512
46.1565689856208
45.9950345953764
45.8227690603359
45.6384517928675
45.4406026967841
45.2274836863555
44.9970949250209
44.7471395533065
44.4750436665955
44.1779525951145
43.8527614157489
43.496127281956
43.104571743771
42.674473945067
42.2022133107444
41.68419749961
41.1169465877049
40.4972794435558
39.8221989885648
39.0890036935283
38.2953942491164
37.4393430651881
36.5190656914557
35.5330628887853
34.4801199910221
33.3592073727406
32.1694772448355
30.9101717758628
29.5807342299415
28.1807506448154
26.7099871673663
25.168240302913
23.5555391965902
21.8718718013907
20.1174789695648
18.292526898181
16.3974977260699
14.432708487405
12.3988894025715
10.2964799314767
8.12638874385559
5.88906752378645
3.58557574066662
1.21634775046888
)
;

boundaryField
{
    electrode
    {
        type            calculated;
        value           uniform 1.00000000043338e-10;
    }
    ground
    {
        type            calculated;
        value           uniform -0.000214508327696233;
    }
    otherfaces
    {
        type            empty;
    }
}


// ************************************************************************* //
