/*--------------------------------*- C++ -*----------------------------------*\
| =========                 |                                                 |
| \\      /  F ield         | foam-extend: Open Source CFD                    |
|  \\    /   O peration     | Version:     4.1                                |
|   \\  /    A nd           | Web:         http://www.foam-extend.org         |
|    \\/     M anipulation  |                                                 |
\*---------------------------------------------------------------------------*/
FoamFile
{
    version     2.0;
    format      ascii;
    class       volScalarField;
    location    "1.49999999935008e-05";
    object      powerDissipatedMean;
}
// * * * * * * * * * * * * * * * * * * * * * * * * * * * * * * * * * * * * * //

dimensions      [1 2 -3 0 0 0 0];

internalField   nonuniform List<scalar> 
500
(
0.000497866165486991
0.000492699487231427
0.000438764414918158
0.000405457016457828
0.000362237433917823
0.000334296965050473
0.000299345220217071
0.000272761819725823
0.000237162748052125
0.000202563684711552
0.000155045722225352
9.9580975343152e-05
2.66321238692476e-05
-6.16915521156332e-05
-0.000173546098367427
-0.000306511465473388
-0.000466282689788842
-0.000648317630469424
-0.0008457020852999
-0.00104392938295195
-0.00122591568792698
-0.00136547894369897
-0.00143322429164937
-0.0013978507884482
-0.00124596340513061
-0.000993278809372644
-0.000665152749139278
-0.000295012070764167
5.33150819739904e-05
0.000337662103259151
0.000543759081801357
0.000658939725067669
0.00070119281818823
0.000692971439405621
0.000657464642884395
0.000617307739995286
0.000581526969026143
0.000555915024156477
0.000541947865809212
0.000536561397846929
0.000536342655595271
0.000534714122335854
0.000528814563214671
0.000529214108869668
0.000526765839064049
0.000520288505660898
0.000524213241138412
0.00052514829348169
0.000512555582984328
0.000498539192559393
0.000491763931439868
0.000488061518829319
0.000483718910818418
0.000477990628856551
0.000469535470370712
0.000459392648862836
0.00045045600628886
0.000443386750075871
0.000436840177231848
0.000430241589782741
0.000423746987820721
0.000417492882489604
0.000411457349904145
0.000405375968399086
0.000398972681296027
0.000392618691127879
0.000386802857703375
0.000381334028068947
0.000375901936594716
0.000370569890806677
0.000365535978162166
0.000360747197294005
0.000356048070754786
0.000351434593176205
0.00034693167571908
0.000342542048494437
0.000338282772346049
0.000334159585595679
0.000330140408093295
0.000326209522702959
0.000322377242020021
0.000318645472494703
0.000315010400938631
0.000311468576832662
0.00030801675442575
0.000304651771353541
0.000301370538923033
0.000298170011143203
0.00029504710970281
0.000291998271395231
0.000289017429833519
0.000286096506849923
0.000283249976136444
0.000280515931488271
0.000277875768522905
0.000275268737245606
0.000272692434151583
0.0002701711497239
0.000267707327183624
0.000265298712518884
0.00026294376366666
0.000260640979087671
0.000258388870298082
0.000256185994420497
0.000254030958209996
0.000251922416231394
0.000249859071637079
0.000247839679949728
0.000245863048468305
0.000243928031806486
0.00024203352517927
0.00024017846356963
0.000238361820680777
0.00023658260547697
0.000234839862611845
0.000233132670722397
0.000231460139572925
0.000229821409199757
0.000228215646904694
0.000226642048575727
0.000225099839152109
0.00022358826877995
0.000222106609621196
0.00022065415440502
0.00021923021651328
0.000217834132446013
0.000216465262042366
0.000215122986071255
0.000213806703904338
0.000212515833387999
0.000211249809722671
0.000210008085096042
0.000208790127550591
0.000207595420903759
0.000206423463937243
0.000205273770189469
0.00020414586726049
0.000203039296246494
0.000201953611454928
0.000200888379526853
0.000199843180056111
0.000198817603910228
0.000197811253341606
0.000196823741689478
0.000195854693321281
0.000194903742838084
0.000193970535534035
0.000193054726235123
0.000192155978228624
0.000191273964512155
0.000190408367168063
0.000189558876283593
0.000188725190184846
0.000187907015348384
0.000187104066338123
0.000186316064879975
0.000185542739695876
0.000184783826691376
0.000184039068406083
0.000183308214805645
0.000182591022920605
0.000181887255538103
0.000181196681298533
0.000180519074917913
0.00017985421665712
0.00017920189246196
0.000178561893671644
0.000177934016845943
0.000177318063752235
0.000176713841003924
0.000176121160251972
0.000175539837799596
0.000174969694529368
0.000174410555836987
0.000173862251484418
0.000173324615500569
0.000172797486020965
0.000172280705252895
0.000171774119339707
0.000171277578237419
0.000170790935663285
0.000170314048997526
0.000169846779138001
0.000169388990502678
0.000168940550876646
0.000168501331328366
0.000168071206231303
0.000167650053028591
0.000167237752318925
0.000166834187646582
0.000166439245588543
0.000166052815477012
0.00016567478954818
0.000165305062758379
0.000164943532760989
0.000164590099852038
0.000164244666902488
0.00016390713929491
0.000163577424923955
0.000163255434089743
0.000162941079497922
0.000162634276232618
0.000162334941714437
0.00016204299566049
0.000161758360069621
0.000161480959170207
0.000161210719836645
0.000160947571731974
0.000160691444789104
0.00016044227175728
0.000160199987040646
0.000159964526955162
0.000159735819102145
0.00015951378613266
0.000159298634656025
0.000159090041628998
0.000158887442501026
0.000158691610748142
0.000158502667520201
0.000158319782453532
0.000158143075072437
0.00015797275376748
0.00015780872837998
0.000157650937279031
0.000157499289077841
0.000157353763962538
0.00015721434264803
0.000157080980052399
0.000156953642152218
0.000156832297696851
0.000156716917159563
0.000156607472844277
0.000156503938522957
0.000156406289428466
0.000156314502206709
0.000156228554776814
0.000156148426549406
0.000156074098135159
0.000156005551293872
0.000155942769093287
0.000155885735524688
0.000155834435479944
0.000155788854589669
0.000155748978787783
0.000155714793639424
0.000155686277886963
0.000155663400758766
0.00015564618608161
0.000155634619212341
0.000155628748170321
0.000155628713172545
0.000155634515549628
0.000155646014047912
0.000155663159436878
0.000155685967428347
0.000155714414063599
0.000155748530054852
0.000155788336596497
0.000155833848157126
0.000155885078756487
0.000155942042760934
0.00015600475527968
0.000156073232261864
0.000156147490692047
0.000156227548764633
0.000156313425830609
0.000156405142520901
0.000156502720902977
0.000156606184265189
0.000156715557404272
0.0001568308664944
0.000156952139278545
0.000157079405230764
0.000157212695597145
0.000157352044382279
0.000157497496658349
0.000157649071752502
0.000157806789444246
0.000157970740944013
0.000158140988093675
0.000158317621076292
0.000158500431283272
0.000158689299119381
0.000158885055177094
0.000159087578274956
0.000159296094692859
0.000159511169118548
0.000159733124596902
0.000159961754472869
0.000160197136089921
0.000160439341836205
0.000160688435385752
0.000160944482301286
0.000161207549867093
0.000161477708082768
0.000161755027316886
0.000162039580659003
0.000162331443873728
0.000162630694956048
0.000162937414158558
0.000163251684061276
0.000163573589565303
0.000163903217953914
0.000164240658925526
0.000164586004544761
0.000164939349445767
0.000165300790730556
0.000165670428069974
0.000166048363831889
0.000166434703022872
0.000166829553427806
0.000167233025623974
0.000167645233111793
0.000168066292243159
0.000168496322476906
0.000168935446301226
0.000169383789388416
0.000169841480606547
0.000170308652151574
0.000170785439626357
0.000171271982089005
0.000171768422137716
0.000172274906048343
0.000172791583847199
0.000173318609368889
0.000173856140395983
0.000174404338767958
0.000174963370442817
0.000175533405640208
0.000176114618943662
0.000176707189464971
0.000177311300815954
0.00017792714147998
0.000178554904689854
0.000179194788711074
0.000179846996880033
0.000180511737939209
0.000181189225951828
0.000181879680539081
0.000182583326973187
0.000183300396619549
0.000184031126694049
0.000184775760031384
0.000185534546731074
0.000186307744222279
0.000187095616627226
0.000187898435070006
0.000188716477772196
0.00018955003037261
0.00019039938619912
0.000191264846846901
0.000192146722287958
0.000193045330496667
0.000193960998256645
0.000194894062377023
0.000195844867972289
0.000196813769621299
0.000197801132776116
0.000198807333049162
0.000199832757082733
0.000200877802510201
0.000201942878415776
0.000203028405176127
0.000204134816183139
0.000205262557080542
0.000206412086721434
0.000207583877437885
0.000208778415643572
0.000209996202529319
0.000211237754380138
0.000212503602889406
0.000213794295866932
0.000215110398075919
0.000216452491638428
0.000217821176989495
0.000219217073419064
0.000220640820919046
0.000222093083038083
0.000223574546341534
0.000225085917986762
0.000226627925823514
0.000228201319723947
0.00022980687462743
0.000231445394716996
0.000233117712323263
0.000234824687551166
0.000236567210304619
0.000238346201745948
0.000240162617322182
0.000242017448041035
0.000243911720303701
0.000245846498909259
0.000247822888623121
0.000249842034778562
0.000251905129946116
0.000254013418073529
0.000256168195517089
0.000258370808093411
0.000260622649140045
0.000262925161399401
0.000265279832894685
0.00026768816484943
0.000270151699480803
0.000272672691217797
0.00027524869983319
0.000277855433738749
0.000280495286796843
0.000283229009289536
0.000286075213700496
0.000288995806095421
0.000291976309709207
0.000295024801347917
0.00029814734935074
0.000301347516650585
0.000304628379298746
0.000307992982787586
0.000311444415114175
0.000314985837982247
0.000318620499020636
0.000322351845431535
0.000326183691562186
0.000330114130635777
0.000334132850384335
0.000338255558649311
0.000342514339091832
0.000346903455409759
0.00035140584539831
0.00035601877627274
0.000360717337946953
0.000365505519975607
0.000370538795111647
0.000375870184585726
0.000381301598025075
0.000386769703545138
0.00039258475236211
0.000398937924992468
0.000405340402769764
0.00041142093389922
0.000417455532702015
0.000423708637811268
0.000430202180827138
0.000436799647819296
0.000443345022459372
0.00045041290462472
0.0004593480388416
0.00046948941734643
0.000477943141143265
0.000483669819881452
0.000488010618466314
0.000491711047913571
0.000498483850539206
0.00051249760544129
0.000525088291877915
0.000524151080693663
0.000520223014813304
0.00052669683222143
0.000529141940182902
0.00052873864084594
0.000534634379073995
0.000536258719300317
0.00053647266392245
0.000541854361864177
0.000555816581280362
0.000581423727072492
0.000617200093687173
0.000657353146817364
0.000692856889661032
0.00070107587139303
0.000658820543716518
0.0005436374372665
0.000337536706301472
5.31842063377744e-05
-0.000295149743006246
-0.000665297735499394
-0.000993429590033561
-0.00124611680467977
-0.00139800248668189
-0.0014333694739984
-0.00136561325998268
-0.00122603596488576
-0.00104403387898196
-0.000845790279928915
-0.000648389926419104
-0.000466340162623843
-0.000306555418517498
-0.000173577885667152
-6.17124679659044e-05
2.66208359448522e-05
9.95782858407404e-05
0.000155050644928651
0.000202575406928406
0.000237180474797287
0.000272784985421246
0.000299373119288607
0.000334329179139146
0.000362273350347088
0.000405496328421349
0.000438806490783172
0.000492744157682867
0.000497912686824458
)
;

boundaryField
{
    electrode
    {
        type            calculated;
        value           uniform 0.000497866165486991;
    }
    ground
    {
        type            calculated;
        value           uniform 0.000497912686824458;
    }
    otherfaces
    {
        type            empty;
    }
}


// ************************************************************************* //
