/*--------------------------------*- C++ -*----------------------------------*\
| =========                 |                                                 |
| \\      /  F ield         | foam-extend: Open Source CFD                    |
|  \\    /   O peration     | Version:     4.1                                |
|   \\  /    A nd           | Web:         http://www.foam-extend.org         |
|    \\/     M anipulation  |                                                 |
\*---------------------------------------------------------------------------*/
FoamFile
{
    version     2.0;
    format      ascii;
    class       volScalarField;
    location    "3.00005000349568e-06";
    object      eTemp;
}
// * * * * * * * * * * * * * * * * * * * * * * * * * * * * * * * * * * * * * //

dimensions      [0 0 0 1 0 0 0];

internalField   nonuniform List<scalar> 
500
(
69317.3348048674
69129.1003501022
68954.6916746977
68790.6824924524
68636.8122565425
68492.6486316662
68357.7273076155
68231.5966160952
68113.8116285509
68003.9760630484
67901.6582456108
67806.324617467
67717.3454998791
67634.0949725374
67556.0476492437
67482.8155148068
67414.0328724636
67349.2061810122
67287.7888397751
67229.3958161711
67173.8770372782
67121.0905317283
67070.7165615347
67022.4318274362
66976.1608045444
66932.0065958649
66889.8956609301
66849.5606593475
66810.947515198
66774.265208721
66739.5525110536
66706.5681954899
66675.217954096
66645.7065120859
66618.1252149568
66592.2601687041
66567.9400010431
66545.2617886741
66524.3437945533
66505.0690370414
66487.2351938268
66470.7698175888
66455.7227910594
66442.1100243271
66429.8113015359
66418.7058472425
66408.7274913383
66399.8164893236
66391.9417414543
66385.0469743655
66379.0579120719
66373.9441645187
66369.6595956944
66366.1130928946
66363.2210559691
66360.9307039346
66359.2169378719
66358.0703897624
66357.4737835615
66357.402849838
66357.7968758013
66358.5465589047
66359.5817545503
66360.910073223
66362.5434547075
66364.4685420812
66366.6691149959
66369.1350724693
66371.8440115906
66374.7340948543
66377.7333491074
66380.8176264419
66384.001971062
66387.2951226949
66390.6902112219
66394.1787032039
66397.7547604011
66401.4041326712
66405.0998344998
66408.8195093241
66412.5498780772
66416.2736864608
66419.9779137485
66423.6653861336
66427.343264475
66431.0142196314
66434.6762272287
66438.3176402849
66441.922253475
66445.4818187671
66448.9953159202
66452.462361825
66455.8817616783
66459.2509013136
66462.5629676028
66465.8105536509
66468.9951474352
66472.1214562808
66475.1859557803
66478.1829197446
66481.1115761093
66483.9729310933
66486.767287117
66489.4945767307
66492.1547763289
66494.7482625334
66497.2765752141
66499.7421467705
66502.145392368
66504.4829800162
66506.7499181405
66508.943557379
66511.06622529
66513.1225462364
66515.1152860107
66517.0455303105
66518.9143286262
66520.7232444689
66522.4739626255
66524.1670798948
66525.8023277169
66527.3801435896
66528.9019129208
66530.3692039807
66531.783488883
66533.1462325623
66534.4589890793
66535.7232711909
66536.9394997463
66538.1069272372
66539.2262423165
66540.3002036032
66541.3312597847
66542.3208769153
66543.270266575
66544.1806118648
66545.0530966913
66545.8888844369
66546.6890460187
66547.454548259
66548.1865542529
66548.8865786095
66549.556048683
66550.1960553864
66550.8075887738
66551.3916789439
66551.949388211
66552.4818026492
66552.9900602417
66553.4751630497
66553.93752983
66554.3773498577
66554.795562687
66555.1936343786
66555.5727200839
66555.9336564399
66556.2772213036
66556.6041795009
66556.9152745634
66557.2112270473
66557.4927321792
66557.7604624821
66558.0150676582
66558.2571747654
66558.487392258
66558.7063022383
66558.9144646624
66559.1124231844
66559.3006996362
66559.4797950195
66559.6501936333
66559.812372687
66559.9668230113
66560.1139839816
66560.2540756566
66560.3872058701
66560.5137291068
66560.6341918786
66560.7490243481
66560.8585342861
66560.9630044222
66561.0627032972
66561.1578859904
66561.2487914135
66561.3356433852
66561.4186549469
66561.4980236329
66561.573933699
66561.6465582007
66561.7160572355
66561.7825774135
66561.8462576137
66561.9072244606
66561.965593401
66562.0214691801
66562.0749495869
66562.126129521
66562.1751058012
66562.2219613648
66562.2667590245
66562.3095439151
66562.3503331944
66562.3891370964
66562.4259676269
66562.4608369557
66562.4937529523
66562.5247124884
66562.5537044751
66562.5807155875
66562.6057253986
66562.6287062606
66562.6496290186
66562.6684596614
66562.6851536302
66562.6996630282
66562.7119439037
66562.7219358572
66562.7295827917
66562.7348098943
66562.7375274875
66562.7376716103
66562.7352510972
66562.7302729711
66562.7226350863
66562.7121876308
66562.6988337477
66562.6824914402
66562.6630646517
66562.6404738474
66562.6146336807
66562.5854418114
66562.5528092178
66562.5166474957
66562.4768533171
66562.4333259469
66562.3859641458
66562.334661232
66562.2793199779
66562.2198417186
66562.1561125999
66562.0880190954
66562.0154555705
66561.9383148767
66561.8564856747
66561.7698601973
66561.6783251118
66561.5817626957
66561.480077537
66561.3732170682
66561.2610362902
66561.1433054998
66561.0199047748
66560.8907534905
66560.7557527122
66560.6148045875
66560.4677840089
66560.3145601518
66560.1550166121
66559.9890449198
66559.8165207503
66559.6373229991
66559.4513381366
66559.2584405088
66559.0585077465
66558.8514269048
66558.637079058
66558.4153474641
66558.1861221302
66557.949276894
66557.704687564
66557.4522494488
66557.1918461316
66556.9233583434
66556.6466805279
66556.3616950608
66556.0682854538
66555.7663514992
66555.4558035175
66555.1365822087
66554.8086096643
66554.4717093126
66554.1256950341
66553.7704558413
66553.4059061344
66553.0319543127
66552.6485047448
66552.2554603137
66551.8527279855
66551.4402222835
66551.0178603063
66550.5855572495
66550.1432348949
66549.6908184015
66549.2282367882
66548.7554260646
66548.2723243317
66547.7788761954
66547.2750283048
66546.760736155
66546.2359648175
66545.7006884212
66545.1548974367
66544.5985762718
66544.0316993073
66543.4542321306
66542.8661457471
66542.2674316738
66541.6580938453
66541.0381470085
66540.4076170102
66539.7665375366
66539.114947253
66538.4528968229
66537.7804473619
66537.0976675874
66536.4046366048
66535.701445526
66534.9881940382
66534.2649945884
66533.5319712113
66532.7892603235
66532.0370132663
66531.275394729
66530.5045775444
66529.7246483265
66528.935616403
66528.1377002127
66527.3313912285
66526.5171236444
66525.6951550361
66524.8657305384
66524.0291407211
66523.1856980306
66522.3357349123
66521.4796030827
66520.6176790214
66519.750354504
66518.8780348982
66518.0011485474
66517.12014312
66516.2354869144
66515.3476659807
66514.4571853074
66513.5645709305
66512.6703709635
66511.7751550696
66510.8795238344
66509.9840683284
66509.0891221464
66508.1947659187
66507.3016109818
66506.4110491611
66505.5243422671
66504.6422371023
66503.7653712495
66502.8944686424
66502.0303143567
66501.1737654006
66500.3257699143
66499.4872065217
66498.6586362558
66497.8405425453
66497.0337819156
66496.2394651016
66495.4586245498
66494.6921978615
66493.9411191593
66493.2063280473
66492.4887583069
66491.7891165709
66491.1071568947
66490.4422886593
66489.7958976797
66489.1708472289
66488.5689162645
66487.9907621562
66487.4369380275
66486.9080467087
66486.4046487063
66485.9271566911
66485.4760705707
66485.052774691
66484.6593547444
66484.2969500129
66483.9654450338
66483.6647415565
66483.3951688809
66483.1568598814
66482.9481506179
66482.7653773556
66482.6068436833
66482.4755842773
66482.377005459
66482.3148107872
66482.2886682949
66482.2959172106
66482.3345121999
66482.4032604872
66482.5011111465
66482.626606514
66482.7775534719
66482.9505915292
66483.1436775582
66483.3593866276
66483.5978049303
66483.8501963117
66484.1101541368
66484.3795909199
66484.6595014079
66484.9460866434
66485.2333274874
66485.5135741083
66485.7789135944
66486.0278354311
66486.2661588577
66486.4942120179
66486.7014071847
66486.8713445694
66486.9819695315
66487.0139265796
66486.9621860943
66486.8246668599
66486.594022567
66486.2706743755
66485.8582705609
66485.3458219554
66484.7117817048
66483.9351735755
66482.9911268384
66481.8366460066
66480.4192973371
66478.7227743918
66476.7767304959
66474.5987075756
66472.1635865939
66469.4304434748
66466.3609615047
66462.9100819589
66459.0031795424
66454.5653566776
66449.5952291392
66444.1268380097
66438.1415204814
66431.580217429
66424.3694925005
66416.424504415
66407.6703476714
66398.0544262527
66387.5486828192
66376.1271113327
66363.7137902016
66350.2112992316
66335.5617819217
66319.6849819882
66302.4677179007
66283.8189788375
66263.6509087446
66241.9283261526
66218.6142452648
66193.5304050641
66166.4567602343
66137.2934815986
66106.0755806738
66072.7548296076
66037.0404139444
65998.6570933544
65957.6039703922
65913.9302828139
65867.375747474
65817.5565058711
65764.3893964434
65707.946862073
65648.0155429294
65584.1946673407
65516.3408225217
65444.5267686343
65368.6210128463
65288.2908840057
65203.3654533695
65113.9176296722
65020.0046713388
64921.4811989845
64818.1867050453
64710.1868193275
64597.7081027946
64480.918605056
64359.8575462548
64234.6150315628
64105.4875571284
63972.9837163396
63837.7861629184
63700.767882908
63563.2031898482
63427.1274872372
63295.8510114118
63174.5858745165
63071.6470538464
63000.2657336763
62981.2882868704
63051.2752619178
)
;

boundaryField
{
    electrode
    {
        type            zeroGradient;
    }
    ground
    {
        type            zeroGradient;
    }
    otherfaces
    {
        type            empty;
    }
}


// ************************************************************************* //
