/*--------------------------------*- C++ -*----------------------------------*\
| =========                 |                                                 |
| \\      /  F ield         | foam-extend: Open Source CFD                    |
|  \\    /   O peration     | Version:     4.1                                |
|   \\  /    A nd           | Web:         http://www.foam-extend.org         |
|    \\/     M anipulation  |                                                 |
\*---------------------------------------------------------------------------*/
FoamFile
{
    version     2.0;
    format      ascii;
    class       volScalarField;
    location    "1.50100000171593e-05";
    object      Arp1Mean;
}
// * * * * * * * * * * * * * * * * * * * * * * * * * * * * * * * * * * * * * //

dimensions      [0 -3 0 0 0 0 0];

internalField   nonuniform List<scalar> 
500
(
1.67343900495652e+18
1.71669620142982e+18
1.75478279692834e+18
1.79590960104665e+18
1.84140017430252e+18
1.8892136870303e+18
1.94244777373369e+18
1.99983629294879e+18
2.06527235092229e+18
2.13688798413789e+18
2.21845408783735e+18
2.30848937613931e+18
2.41183683660134e+18
2.53011231567191e+18
2.66827326366671e+18
2.82604670335011e+18
3.01023338146266e+18
3.22335085290611e+18
3.46912700056228e+18
3.74974664886736e+18
4.06706376934462e+18
4.41904974124172e+18
4.80507844451063e+18
5.21621114548351e+18
5.65331538551039e+18
6.1072838974722e+18
6.57658574576248e+18
7.05455595445706e+18
7.54448583219004e+18
8.03871369142119e+18
8.53917519142794e+18
9.04146292551054e+18
9.54748153992386e+18
1.00507717666072e+19
1.05561159217826e+19
1.1057944920512e+19
1.15613209325648e+19
1.20608547384935e+19
1.2561723182801e+19
1.3058620791093e+19
1.35567724400941e+19
1.40509178238115e+19
1.45462946179927e+19
1.50376683037295e+19
1.55302737347909e+19
1.60188950996025e+19
1.65087544668762e+19
1.69946518708596e+19
1.74817919212644e+19
1.79649905493635e+19
1.84494317650539e+19
1.89299483436449e+19
1.94117014533651e+19
1.98895421073511e+19
2.03686070088256e+19
2.08437672730684e+19
2.13201338501868e+19
2.17925997339816e+19
2.22662487618814e+19
2.27359976068872e+19
2.32069017609848e+19
2.36739033551139e+19
2.41420283440343e+19
2.46062460320017e+19
2.50715516561281e+19
2.55329433032841e+19
2.59953843729524e+19
2.64539032680509e+19
2.69134304561261e+19
2.73690260876347e+19
2.78255866562213e+19
2.82782053753791e+19
2.8731743776665e+19
2.91813293523143e+19
2.96317877506447e+19
3.0078281849927e+19
3.05256005629183e+19
3.09689431574113e+19
3.14130610309004e+19
3.1853190747428e+19
3.22940454819764e+19
3.27308998869774e+19
3.31684283294658e+19
3.36019442978983e+19
3.40360827835459e+19
3.4466196757996e+19
3.4896881328663e+19
3.53235295290754e+19
3.57506961248685e+19
3.61738147291548e+19
3.65973993518163e+19
3.7016924651999e+19
3.74368635043231e+19
3.78527320410134e+19
3.82689616455654e+19
3.86811103230658e+19
3.9093567626031e+19
3.95019338115059e+19
3.99105562693459e+19
4.0315077880917e+19
4.07198035336225e+19
4.11204191098601e+19
4.15211866459135e+19
4.19178354142728e+19
4.23145842284327e+19
4.27072061569754e+19
4.30998763961895e+19
4.34884122427457e+19
4.38769448440985e+19
4.42613361951873e+19
4.46456729226656e+19
4.50258622254869e+19
4.54059456970882e+19
4.5781876290941e+19
4.6157650008661e+19
4.65292661432629e+19
4.69006744975465e+19
4.72679213421331e+19
4.76349096338178e+19
4.79977332978263e+19
4.83602477524187e+19
4.87185952965032e+19
4.90765830775194e+19
4.94304025221418e+19
4.9783811738438e+19
5.01330520670928e+19
5.04818317788863e+19
5.08264429414234e+19
5.11705431651381e+19
5.15104760796164e+19
5.1849847789957e+19
5.21850543399879e+19
5.2519649472328e+19
5.28500825060806e+19
5.31798539579533e+19
5.35054672844311e+19
5.38303689125517e+19
5.41511172968467e+19
5.44711039171259e+19
5.47869430767659e+19
5.5101970461767e+19
5.54128570612609e+19
5.57228819363417e+19
5.60287735793451e+19
5.63337536194242e+19
5.66346088448411e+19
5.69345026713759e+19
5.72302809446567e+19
5.75250481181427e+19
5.78157098256642e+19
5.81053108434555e+19
5.83908172875157e+19
5.86752135756896e+19
5.89555269646682e+19
5.92346808736306e+19
5.95097643179712e+19
5.97836391170831e+19
6.00534566208952e+19
6.03220164904491e+19
6.05865329461647e+19
6.08497429734332e+19
6.11089241565273e+19
6.13667503275231e+19
6.16205628872957e+19
6.18729720802157e+19
6.21213835370562e+19
6.23683435176978e+19
6.26113222543354e+19
6.28528016675345e+19
6.30903169250761e+19
6.33262852906765e+19
6.35583071637198e+19
6.3788734867478e+19
6.40152342960426e+19
6.42400925857826e+19
6.44610413533962e+19
6.46803023332046e+19
6.48956730583364e+19
6.51093096803437e+19
6.53190758142063e+19
6.55270618752723e+19
6.57311976957624e+19
6.59335078292069e+19
6.61319884372077e+19
6.63285981105901e+19
6.65213994251167e+19
6.67122849335181e+19
6.68993836862173e+19
6.70845221464e+19
6.72658958792312e+19
6.74452652255836e+19
6.76208922866785e+19
6.7794471266021e+19
6.79643308047114e+19
6.81320989726706e+19
6.82961709364833e+19
6.84581086530384e+19
6.86163737842541e+19
6.87724622084846e+19
6.89249020405053e+19
6.90751231275607e+19
6.92217199813165e+19
6.93660564784248e+19
6.95067934597171e+19
6.96452289028615e+19
6.97800898990567e+19
6.99126086088724e+19
7.0041578286365e+19
7.01681653649959e+19
7.02912291652217e+19
7.04118704925387e+19
7.05290146304793e+19
7.06436968618382e+19
7.0754908322565e+19
7.08636188835725e+19
7.0968885419791e+19
7.10716125059557e+19
7.11709226345102e+19
7.12676552039148e+19
7.13609982013328e+19
7.14517259717501e+19
7.15390918688517e+19
7.16238053104116e+19
7.17051850292057e+19
7.17838755767919e+19
7.18592590740478e+19
7.19319155798769e+19
7.2001296786833e+19
7.20679058479368e+19
7.21312378038545e+19
7.21917533136267e+19
7.22490120126943e+19
7.23034589993998e+19
7.2354528410937e+19
7.24029116492275e+19
7.24480349795045e+19
7.24903878834523e+19
7.25295190555995e+19
7.25658497961647e+19
7.25989915191402e+19
7.2629282209382e+19
7.26564078344902e+19
7.26806476605216e+19
7.27017505790301e+19
7.27199340478832e+19
7.27350098673339e+19
7.27471334408443e+19
7.275617940663e+19
7.27622409907902e+19
7.27652546714664e+19
7.27652530362139e+19
7.27622365845988e+19
7.27561717312455e+19
7.27471229965291e+19
7.27349961608119e+19
7.27199175783828e+19
7.2701730856426e+19
7.26806251845796e+19
7.26563821181314e+19
7.26292537528554e+19
7.25989598384957e+19
7.2565815391879e+19
7.25294814473329e+19
7.24903475768203e+19
7.24479914995942e+19
7.24028654900993e+19
7.23544791027765e+19
7.23034070350623e+19
7.22489569278229e+19
7.21916956297602e+19
7.21311769270394e+19
7.20678423384605e+19
7.20012302072258e+19
7.19318463857909e+19
7.18591868490255e+19
7.17838007759131e+19
7.17051072454305e+19
7.16237250062912e+19
7.15390086328269e+19
7.14516402540142e+19
7.13609096001198e+19
7.12675641648474e+19
7.11708287631797e+19
7.10715162432224e+19
7.0968786378956e+19
7.08635175002028e+19
7.07548042181326e+19
7.06435904662753e+19
7.05289055737791e+19
7.0411759198513e+19
7.02911152726823e+19
7.01680492913543e+19
7.00414596792287e+19
6.99124878795441e+19
6.97799667039353e+19
6.96451036462393e+19
6.950666580764e+19
6.93659268280508e+19
6.92215880081103e+19
6.90749892209804e+19
6.89247658862639e+19
6.87723241879174e+19
6.86162335934631e+19
6.84579666648223e+19
6.82960268574421e+19
6.81319531672864e+19
6.79641829896109e+19
6.77943217974294e+19
6.76207408916005e+19
6.74451122511889e+19
6.72657410634668e+19
6.70843658275153e+19
6.68992256119991e+19
6.67121254342362e+19
6.6521238258149e+19
6.63284355977244e+19
6.61318243458604e+19
6.59333424721227e+19
6.5731030851165e+19
6.55268938458882e+19
6.53189063890972e+19
6.51091391530576e+19
6.48955012277326e+19
6.46801294839325e+19
6.4460867294296e+19
6.42399175922027e+19
6.40150581868359e+19
6.37885579082601e+19
6.35581291841546e+19
6.33261065459615e+19
6.30901372555491e+19
6.28526213184237e+19
6.26111410758104e+19
6.23681617459679e+19
6.21212010311691e+19
6.18727890674867e+19
6.16203792361092e+19
6.13665662555027e+19
6.1108739541623e+19
6.08495580239305e+19
6.058634754905e+19
6.0321830844641e+19
6.00532706217525e+19
5.97834529553422e+19
5.95095778968513e+19
5.92344943750072e+19
5.89553403000469e+19
5.86750269180688e+19
5.83906305564333e+19
5.81051242028016e+19
5.78155232033776e+19
5.75248616691757e+19
5.72300946041236e+19
5.69343165861751e+19
5.6634422957143e+19
5.63335680677807e+19
5.60285883128098e+19
5.57226970848861e+19
5.54126725815001e+19
5.51017864747481e+19
5.47867595458571e+19
5.44709209552585e+19
5.41509348735625e+19
5.38301871335966e+19
5.35052861238163e+19
5.31796735149978e+19
5.28499027598155e+19
5.25194705148839e+19
5.21848761554911e+19
5.18496704631649e+19
5.15102995999613e+19
5.11703676099143e+19
5.08262683050297e+19
5.04816581316806e+19
5.01328794072255e+19
4.97836401308333e+19
4.94302319676729e+19
4.90764136355446e+19
4.8718426971241e+19
4.83600805970675e+19
4.79975673200558e+19
4.76347448807494e+19
4.72677578248144e+19
4.69005122572512e+19
4.65291051932276e+19
4.6157490385704e+19
4.57817180098206e+19
4.54057887901002e+19
4.5025706708849e+19
4.46455188243175e+19
4.42611835328696e+19
4.38767936411671e+19
4.34882625181151e+19
4.30997281695022e+19
4.27070594472744e+19
4.23144390524733e+19
4.19176917909543e+19
4.15210445887676e+19
4.11202786380358e+19
4.07196646573909e+19
4.03149406193088e+19
3.99104206297376e+19
3.95017998125307e+19
3.90934352724068e+19
3.86809796332156e+19
3.82688326210107e+19
3.78526047001039e+19
3.74367378459004e+19
3.70168006942046e+19
3.65972770904487e+19
3.61736941820577e+19
3.57505772855354e+19
3.5323412414546e+19
3.48967659301346e+19
3.44660830917822e+19
3.40359708389406e+19
3.36018340903573e+19
3.31683198462825e+19
3.27307931427356e+19
3.22939404618201e+19
3.18530874655515e+19
3.14129594705415e+19
3.09688433322989e+19
3.05255024537363e+19
3.00781854704585e+19
2.96316930793732e+19
2.9181236402678e+19
2.87316525252928e+19
2.82781158351664e+19
2.78254988026916e+19
2.73689399325512e+19
2.69133459739216e+19
2.64538204696143e+19
2.59953032318848e+19
2.55328638295721e+19
2.50714738224246e+19
2.46061698477362e+19
2.41419537808432e+19
2.36738304220104e+19
2.32068304287055e+19
2.27359278840157e+19
2.22661806184098e+19
2.1792533178131e+19
2.13200688513244e+19
2.08437038391094e+19
2.03685451085543e+19
1.98894817484863e+19
1.94116426041715e+19
1.89298910116862e+19
1.84493759185016e+19
1.79649361959258e+19
1.74817390288571e+19
1.69946004473333e+19
1.65087044804805e+19
1.60188465581691e+19
1.5530226606998e+19
1.50376225981031e+19
1.45462503044182e+19
1.40508749117991e+19
1.3556730899958e+19
1.30585806340017e+19
1.25616843815531e+19
1.2060817306327e+19
1.15612848440625e+19
1.10579101928584e+19
1.05560825340473e+19
1.00507397401856e+19
9.54745085948618e+18
9.04143362015708e+18
8.53914724281009e+18
8.03868715838973e+18
7.54446073047821e+18
7.05453228981216e+18
6.57656356568562e+18
6.10726318590077e+18
5.65329621743467e+18
5.21619351558307e+18
4.80506235692902e+18
4.41903517170373e+18
4.06705076650718e+18
3.74973510409864e+18
3.46911677299651e+18
3.22334183240788e+18
3.01022538802742e+18
2.8260395968959e+18
2.66826688961842e+18
2.53010655524603e+18
2.41183158492334e+18
2.308484553729e+18
2.21844961903909e+18
2.13688382137654e+18
2.06526843605644e+18
1.9998326016813e+18
1.94244425892729e+18
1.88921035650513e+18
1.84139698209323e+18
1.79590654556022e+18
1.75477984857768e+18
1.71669335028635e+18
1.67343625776455e+18
)
;

boundaryField
{
    electrode
    {
        type            calculated;
        value           uniform 1.67343900495652e+18;
    }
    ground
    {
        type            calculated;
        value           uniform 1.67343625776455e+18;
    }
    otherfaces
    {
        type            empty;
    }
}


// ************************************************************************* //
