/*--------------------------------*- C++ -*----------------------------------*\
| =========                 |                                                 |
| \\      /  F ield         | foam-extend: Open Source CFD                    |
|  \\    /   O peration     | Version:     4.1                                |
|   \\  /    A nd           | Web:         http://www.foam-extend.org         |
|    \\/     M anipulation  |                                                 |
\*---------------------------------------------------------------------------*/
FoamFile
{
    version     2.0;
    format      ascii;
    class       volVectorField;
    location    "1.50100000171593e-05";
    object      Flux_Arm;
}
// * * * * * * * * * * * * * * * * * * * * * * * * * * * * * * * * * * * * * //

dimensions      [0 -2 -1 0 0 0 0];

internalField   nonuniform List<vector> 
500
(
(-2.09031409486061e+17 -0 -0)
(-6.27599792998179e+17 -0 -0)
(-1.04622416231061e+18 -0 -0)
(-1.46388298902524e+18 -0 -0)
(-1.87989067771e+18 -0 -0)
(-2.29334928488265e+18 -0 -0)
(-2.70342499471126e+18 -0 -0)
(-3.10904361876952e+18 -0 -0)
(-3.50891941318752e+18 -0 -0)
(-3.9017319556611e+18 -0 -0)
(-4.28619859558815e+18 -0 -0)
(-4.66080762670512e+18 -0 -0)
(-5.02377290773204e+18 -0 -0)
(-5.37289482924579e+18 -0 -0)
(-5.70538961890319e+18 -0 -0)
(-6.01791218095762e+18 -0 -0)
(-6.30601183535321e+18 -0 -0)
(-6.56369139064888e+18 -0 -0)
(-6.78452266683123e+18 -0 -0)
(-6.96254092807798e+18 -0 -0)
(-7.09266204358864e+18 -0 -0)
(-7.17142225960938e+18 -0 -0)
(-7.19754708004954e+18 -0 -0)
(-7.17201340888986e+18 -0 -0)
(-7.09728539830773e+18 -0 -0)
(-6.97714106422426e+18 -0 -0)
(-6.81711708712513e+18 -0 -0)
(-6.62360520628853e+18 -0 -0)
(-6.4027969914798e+18 -0 -0)
(-6.16039529535847e+18 -0 -0)
(-5.90148520225368e+18 -0 -0)
(-5.63005230003801e+18 -0 -0)
(-5.34919509757959e+18 -0 -0)
(-5.06194510661766e+18 -0 -0)
(-4.77126159145421e+18 -0 -0)
(-4.4798317050031e+18 -0 -0)
(-4.19004563678237e+18 -0 -0)
(-3.90399992206008e+18 -0 -0)
(-3.62351253556238e+18 -0 -0)
(-3.35013924689036e+18 -0 -0)
(-3.08519251627821e+18 -0 -0)
(-2.82975861960835e+18 -0 -0)
(-2.5847157032735e+18 -0 -0)
(-2.35074913654961e+18 -0 -0)
(-2.12836721638186e+18 -0 -0)
(-1.91791410014473e+18 -0 -0)
(-1.71958168439121e+18 -0 -0)
(-1.53341766309821e+18 -0 -0)
(-1.35932949094904e+18 -0 -0)
(-1.19707560600029e+18 -0 -0)
(-1.04620147761537e+18 -0 -0)
(-9.05959075477391e+17 -0 -0)
(-7.75715611188586e+17 -0 -0)
(-6.55112235096573e+17 -0 -0)
(-5.43783615703128e+17 -0 -0)
(-4.41350017614643e+17 -0 -0)
(-3.47418351817072e+17 -0 -0)
(-2.61586209052431e+17 -0 -0)
(-1.83446671453089e+17 -0 -0)
(-1.12592332124136e+17 -0 -0)
(-4.86189529963161e+16 -0 -0)
(8.87145893576258e+15 -0 -0)
(6.02681825833412e+16 -0 -0)
(1.05949848016125e+17 -0 -0)
(1.46282610072468e+17 -0 -0)
(1.81619350925942e+17 -0 -0)
(2.1229865206667e+17 -0 -0)
(2.38644535690937e+17 -0 -0)
(2.60966661075853e+17 -0 -0)
(2.7956077005955e+17 -0 -0)
(2.94709599355473e+17 -0 -0)
(3.06684693924785e+17 -0 -0)
(3.15748416989782e+17 -0 -0)
(3.22157392185294e+17 -0 -0)
(3.26167264441134e+17 -0 -0)
(3.28039729403038e+17 -0 -0)
(3.28054372365385e+17 -0 -0)
(3.26531094876801e+17 -0 -0)
(3.23881295557606e+17 -0 -0)
(3.20737306577689e+17 -0 -0)
(3.17640750127288e+17 -0 -0)
(3.14714581978924e+17 -0 -0)
(3.11920595015042e+17 -0 -0)
(3.092338937816e+17 -0 -0)
(3.06635271855663e+17 -0 -0)
(3.04108805407696e+17 -0 -0)
(3.01640995875535e+17 -0 -0)
(2.99220563588999e+17 -0 -0)
(2.96838111312654e+17 -0 -0)
(2.9448577324195e+17 -0 -0)
(2.921572134683e+17 -0 -0)
(2.89847145460621e+17 -0 -0)
(2.87551257076614e+17 -0 -0)
(2.85266267748071e+17 -0 -0)
(2.8298955280988e+17 -0 -0)
(2.80719057418404e+17 -0 -0)
(2.78453228782621e+17 -0 -0)
(2.76190939431223e+17 -0 -0)
(2.73931501605644e+17 -0 -0)
(2.71674421038623e+17 -0 -0)
(2.69419508314262e+17 -0 -0)
(2.67166699411005e+17 -0 -0)
(2.64916073386783e+17 -0 -0)
(2.62667809182972e+17 -0 -0)
(2.60422174711321e+17 -0 -0)
(2.58179528985214e+17 -0 -0)
(2.55940187603234e+17 -0 -0)
(2.53704565727213e+17 -0 -0)
(2.51473081303553e+17 -0 -0)
(2.49246064435575e+17 -0 -0)
(2.47023998628294e+17 -0 -0)
(2.44807169593375e+17 -0 -0)
(2.425959276934e+17 -0 -0)
(2.40390695022249e+17 -0 -0)
(2.38191754479729e+17 -0 -0)
(2.35999399688498e+17 -0 -0)
(2.33813869119006e+17 -0 -0)
(2.31635389808625e+17 -0 -0)
(2.29464203102586e+17 -0 -0)
(2.27300532542248e+17 -0 -0)
(2.25144575009719e+17 -0 -0)
(2.22996401251099e+17 -0 -0)
(2.20856229618395e+17 -0 -0)
(2.18724276887791e+17 -0 -0)
(2.16600544840526e+17 -0 -0)
(2.14485104229155e+17 -0 -0)
(2.12378075707226e+17 -0 -0)
(2.10279539869743e+17 -0 -0)
(2.08189581185239e+17 -0 -0)
(2.06108192453323e+17 -0 -0)
(2.0403536995339e+17 -0 -0)
(2.01971189435066e+17 -0 -0)
(1.99915683811506e+17 -0 -0)
(1.97868812854163e+17 -0 -0)
(1.95830604990606e+17 -0 -0)
(1.93800994676996e+17 -0 -0)
(1.91779953921611e+17 -0 -0)
(1.89767474795319e+17 -0 -0)
(1.87763589579416e+17 -0 -0)
(1.85768213928493e+17 -0 -0)
(1.8378129451908e+17 -0 -0)
(1.81802788459736e+17 -0 -0)
(1.79832620752708e+17 -0 -0)
(1.77870793027369e+17 -0 -0)
(1.75917178744776e+17 -0 -0)
(1.73971801208571e+17 -0 -0)
(1.72034580653946e+17 -0 -0)
(1.7010540591314e+17 -0 -0)
(1.68184206105469e+17 -0 -0)
(1.66270920468961e+17 -0 -0)
(1.64365503817586e+17 -0 -0)
(1.62467891098359e+17 -0 -0)
(1.60577957174616e+17 -0 -0)
(1.5869561440556e+17 -0 -0)
(1.56820795957157e+17 -0 -0)
(1.54953474972046e+17 -0 -0)
(1.53093599298409e+17 -0 -0)
(1.51240962129389e+17 -0 -0)
(1.49395507059233e+17 -0 -0)
(1.47557194701889e+17 -0 -0)
(1.45725945714439e+17 -0 -0)
(1.43901738707817e+17 -0 -0)
(1.42084378779689e+17 -0 -0)
(1.40273751346479e+17 -0 -0)
(1.38469854937774e+17 -0 -0)
(1.36672608380447e+17 -0 -0)
(1.34881902267769e+17 -0 -0)
(1.33097613400785e+17 -0 -0)
(1.31319680381897e+17 -0 -0)
(1.29548034962695e+17 -0 -0)
(1.27782584778249e+17 -0 -0)
(1.26023238328391e+17 -0 -0)
(1.24269910601268e+17 -0 -0)
(1.22522504410711e+17 -0 -0)
(1.20780873609343e+17 -0 -0)
(1.19045005824308e+17 -0 -0)
(1.17314857343337e+17 -0 -0)
(1.15590308217872e+17 -0 -0)
(1.13871220261951e+17 -0 -0)
(1.1215755021788e+17 -0 -0)
(1.10449250934033e+17 -0 -0)
(1.08746136823021e+17 -0 -0)
(1.07048126131509e+17 -0 -0)
(1.05355162210417e+17 -0 -0)
(1.0366720257621e+17 -0 -0)
(1.01984195307905e+17 -0 -0)
(1.00305995973741e+17 -0 -0)
(9.86325152600074e+16 -0 -0)
(9.69636615927966e+16 -0 -0)
(9.52994049226865e+16 -0 -0)
(9.36395631822678e+16 -0 -0)
(9.19841054552431e+16 -0 -0)
(9.03330323626516e+16 -0 -0)
(8.86861529415092e+16 -0 -0)
(8.7043427364942e+16 -0 -0)
(8.54047496486954e+16 -0 -0)
(8.37700306690619e+16 -0 -0)
(8.21392614254618e+16 -0 -0)
(8.05123628845461e+16 -0 -0)
(7.88892049601179e+16 -0 -0)
(7.72696776356418e+16 -0 -0)
(7.56536931380333e+16 -0 -0)
(7.40412369748652e+16 -0 -0)
(7.24321560237961e+16 -0 -0)
(7.08265428533107e+16 -0 -0)
(6.92242628026399e+16 -0 -0)
(6.76250272688847e+16 -0 -0)
(6.60289222445263e+16 -0 -0)
(6.44359321998431e+16 -0 -0)
(6.28459818993986e+16 -0 -0)
(6.12588210284243e+16 -0 -0)
(5.96744496825463e+16 -0 -0)
(5.80928871327099e+16 -0 -0)
(5.65139542321204e+16 -0 -0)
(5.49376408947901e+16 -0 -0)
(5.33638396327268e+16 -0 -0)
(5.17924495993633e+16 -0 -0)
(5.02234077946042e+16 -0 -0)
(4.86567547280379e+16 -0 -0)
(4.70923221853128e+16 -0 -0)
(4.55299929528642e+16 -0 -0)
(4.39697236750788e+16 -0 -0)
(4.2411409019165e+16 -0 -0)
(4.08551520395936e+16 -0 -0)
(3.93008301326174e+16 -0 -0)
(3.77481441853936e+16 -0 -0)
(3.61971316352285e+16 -0 -0)
(3.46479612548007e+16 -0 -0)
(3.31003282379636e+16 -0 -0)
(3.15540816973626e+16 -0 -0)
(3.00093366765761e+16 -0 -0)
(2.84659279301999e+16 -0 -0)
(2.69238132857417e+16 -0 -0)
(2.5382972826637e+16 -0 -0)
(2.38433006340512e+16 -0 -0)
(2.23047097365572e+16 -0 -0)
(2.07671060906762e+16 -0 -0)
(1.92304440693498e+16 -0 -0)
(1.76946673432855e+16 -0 -0)
(1.61596825606661e+16 -0 -0)
(1.46254674259831e+16 -0 -0)
(1.30918865999281e+16 -0 -0)
(1.1558845345903e+16 -0 -0)
(1.00264113302282e+16 -0 -0)
(8.4944135666954e+15 -0 -0)
(6.96268252054736e+15 -0 -0)
(5.43124844558779e+15 -0 -0)
(3.90010239686212e+15 -0 -0)
(2.36911416962044e+15 -0 -0)
(839086245588407 -0 -0)
(-690132171545356 -0 -0)
(-2.2201838521224e+15 -0 -0)
(-3.75103687088938e+15 -0 -0)
(-5.28212905551608e+15 -0 -0)
(-6.8134197564174e+15 -0 -0)
(-8.34498260051018e+15 -0 -0)
(-9.87692966492716e+15 -0 -0)
(-1.14091800296674e+16 -0 -0)
(-1.29419655212507e+16 -0 -0)
(-1.44753484431115e+16 -0 -0)
(-1.60093005633063e+16 -0 -0)
(-1.75439665702657e+16 -0 -0)
(-1.90794784937284e+16 -0 -0)
(-2.06157763667089e+16 -0 -0)
(-2.21529909681244e+16 -0 -0)
(-2.36912488591963e+16 -0 -0)
(-2.52305110647147e+16 -0 -0)
(-2.67709713793059e+16 -0 -0)
(-2.83126277884023e+16 -0 -0)
(-2.98555986593114e+16 -0 -0)
(-3.13998981080035e+16 -0 -0)
(-3.29456007713872e+16 -0 -0)
(-3.44928614380474e+16 -0 -0)
(-3.6041606851485e+16 -0 -0)
(-3.75919871400922e+16 -0 -0)
(-3.91441282705241e+16 -0 -0)
(-4.06979939137916e+16 -0 -0)
(-4.22537286552056e+16 -0 -0)
(-4.3811439609831e+16 -0 -0)
(-4.53711625014571e+16 -0 -0)
(-4.69328992236031e+16 -0 -0)
(-4.84968085433812e+16 -0 -0)
(-5.00631214487769e+16 -0 -0)
(-5.16315763654923e+16 -0 -0)
(-5.32022765357249e+16 -0 -0)
(-5.47755532044267e+16 -0 -0)
(-5.63514128957508e+16 -0 -0)
(-5.79298762214474e+16 -0 -0)
(-5.95110587507332e+16 -0 -0)
(-6.10949733351942e+16 -0 -0)
(-6.26816525680098e+16 -0 -0)
(-6.42712206629164e+16 -0 -0)
(-6.5863825309983e+16 -0 -0)
(-6.74594961471923e+16 -0 -0)
(-6.90583310421612e+16 -0 -0)
(-7.06604287529371e+16 -0 -0)
(-7.22657602552744e+16 -0 -0)
(-7.3874480416112e+16 -0 -0)
(-7.54867738980255e+16 -0 -0)
(-7.71026744308596e+16 -0 -0)
(-7.87220577575268e+16 -0 -0)
(-8.03451493110469e+16 -0 -0)
(-8.19721310790388e+16 -0 -0)
(-8.36029076088471e+16 -0 -0)
(-8.52376891944147e+16 -0 -0)
(-8.68765569403083e+16 -0 -0)
(-8.85194882729119e+16 -0 -0)
(-9.01666038859639e+16 -0 -0)
(-9.18180407412843e+16 -0 -0)
(-9.34739713477552e+16 -0 -0)
(-9.51342922182249e+16 -0 -0)
(-9.67991082215181e+16 -0 -0)
(-9.84686335592449e+16 -0 -0)
(-1.00142892499413e+17 -0 -0)
(-1.01821941320891e+17 -0 -0)
(-1.03505857451637e+17 -0 -0)
(-1.05194743749636e+17 -0 -0)
(-1.06888743882302e+17 -0 -0)
(-1.0858793222195e+17 -0 -0)
(-1.10292322972677e+17 -0 -0)
(-1.12002054631701e+17 -0 -0)
(-1.13717232425753e+17 -0 -0)
(-1.15437951534367e+17 -0 -0)
(-1.17164258124174e+17 -0 -0)
(-1.18896260948366e+17 -0 -0)
(-1.20634054762907e+17 -0 -0)
(-1.22377691389436e+17 -0 -0)
(-1.24127328248147e+17 -0 -0)
(-1.2588302290087e+17 -0 -0)
(-1.27644771823431e+17 -0 -0)
(-1.29412799869679e+17 -0 -0)
(-1.31187195207314e+17 -0 -0)
(-1.32967977088068e+17 -0 -0)
(-1.34755253849145e+17 -0 -0)
(-1.36549130565165e+17 -0 -0)
(-1.38349668468155e+17 -0 -0)
(-1.40156952612846e+17 -0 -0)
(-1.41971128935195e+17 -0 -0)
(-1.43792248951144e+17 -0 -0)
(-1.45620386337659e+17 -0 -0)
(-1.47455615205571e+17 -0 -0)
(-1.49298122952274e+17 -0 -0)
(-1.51147939992395e+17 -0 -0)
(-1.53005063586366e+17 -0 -0)
(-1.54869619711673e+17 -0 -0)
(-1.56741790899248e+17 -0 -0)
(-1.58621615131407e+17 -0 -0)
(-1.60509059654347e+17 -0 -0)
(-1.62404295903861e+17 -0 -0)
(-1.64307440150836e+17 -0 -0)
(-1.66218588272025e+17 -0 -0)
(-1.68137701989748e+17 -0 -0)
(-1.70064859586508e+17 -0 -0)
(-1.72000219670236e+17 -0 -0)
(-1.7394381087559e+17 -0 -0)
(-1.75895715244851e+17 -0 -0)
(-1.77855986278984e+17 -0 -0)
(-1.79824654011407e+17 -0 -0)
(-1.81801840426251e+17 -0 -0)
(-1.83787585481877e+17 -0 -0)
(-1.85781833375251e+17 -0 -0)
(-1.87784693929922e+17 -0 -0)
(-1.89796262540065e+17 -0 -0)
(-1.91816544582439e+17 -0 -0)
(-1.93845520760139e+17 -0 -0)
(-1.95883280408065e+17 -0 -0)
(-1.97929832132886e+17 -0 -0)
(-1.99985182422649e+17 -0 -0)
(-2.02049296324863e+17 -0 -0)
(-2.04122145809239e+17 -0 -0)
(-2.06203794787318e+17 -0 -0)
(-2.08294248926793e+17 -0 -0)
(-2.10393382250587e+17 -0 -0)
(-2.12501085874689e+17 -0 -0)
(-2.14617478075553e+17 -0 -0)
(-2.16742426249113e+17 -0 -0)
(-2.18875783425434e+17 -0 -0)
(-2.21017466461435e+17 -0 -0)
(-2.23167309463198e+17 -0 -0)
(-2.25325314957724e+17 -0 -0)
(-2.27491280515923e+17 -0 -0)
(-2.29664972987864e+17 -0 -0)
(-2.31846240330658e+17 -0 -0)
(-2.34034848082713e+17 -0 -0)
(-2.36230615893363e+17 -0 -0)
(-2.384332556982e+17 -0 -0)
(-2.4064243202521e+17 -0 -0)
(-2.42857909670154e+17 -0 -0)
(-2.45079384012342e+17 -0 -0)
(-2.47306419371288e+17 -0 -0)
(-2.49538707766223e+17 -0 -0)
(-2.51775955098738e+17 -0 -0)
(-2.54017626740436e+17 -0 -0)
(-2.56263349930818e+17 -0 -0)
(-2.58512760968736e+17 -0 -0)
(-2.60765380845276e+17 -0 -0)
(-2.63020820807959e+17 -0 -0)
(-2.65278796602895e+17 -0 -0)
(-2.67539100183857e+17 -0 -0)
(-2.69801403622878e+17 -0 -0)
(-2.72065587904369e+17 -0 -0)
(-2.74331817861228e+17 -0 -0)
(-2.76600218424889e+17 -0 -0)
(-2.78871225095205e+17 -0 -0)
(-2.81145556795804e+17 -0 -0)
(-2.83424315186443e+17 -0 -0)
(-2.85709018973104e+17 -0 -0)
(-2.88001673656605e+17 -0 -0)
(-2.90304914579619e+17 -0 -0)
(-2.92622102430465e+17 -0 -0)
(-2.94957394799419e+17 -0 -0)
(-2.97316093138848e+17 -0 -0)
(-2.99704569878288e+17 -0 -0)
(-3.0213056053868e+17 -0 -0)
(-3.04603538443131e+17 -0 -0)
(-3.07134736417315e+17 -0 -0)
(-3.09737587356369e+17 -0 -0)
(-3.12428074975017e+17 -0 -0)
(-3.15225304029616e+17 -0 -0)
(-3.18154240958998e+17 -0 -0)
(-3.21259944852807e+17 -0 -0)
(-3.24422686330886e+17 -0 -0)
(-3.2708346937326e+17 -0 -0)
(-3.28605140915028e+17 -0 -0)
(-3.28586897795738e+17 -0 -0)
(-3.26710242526077e+17 -0 -0)
(-3.2269561757978e+17 -0 -0)
(-3.16281372873541e+17 -0 -0)
(-3.07211822346077e+17 -0 -0)
(-2.95230333042204e+17 -0 -0)
(-2.80074507668753e+17 -0 -0)
(-2.61472809163074e+17 -0 -0)
(-2.39142507302921e+17 -0 -0)
(-2.12787854625417e+17 -0 -0)
(-1.82099170664381e+17 -0 -0)
(-1.46752415973612e+17 -0 -0)
(-1.06409009367803e+17 -0 -0)
(-6.07161277682601e+16 -0 -0)
(-9.30756641064828e+15 -0 -0)
(4.81952669216003e+16 -0 -0)
(1.1218167441941e+17 -0 -0)
(1.83049702816619e+17 -0 -0)
(2.61203518213308e+17 -0 -0)
(3.47050581278226e+17 -0 -0)
(4.40997771407412e+17 -0 -0)
(5.43447530097097e+17 -0 -0)
(6.54792995468485e+17 -0 -0)
(7.75413939245211e+17 -0 -0)
(9.05676096039119e+17 -0 -0)
(1.04593003111331e+18 -0 -0)
(1.19681013229619e+18 -0 -0)
(1.35907605364962e+18 -0 -0)
(1.53318197188039e+18 -0 -0)
(1.7193672439772e+18 -0 -0)
(1.91772365438933e+18 -0 -0)
(2.12820322758698e+18 -0 -0)
(2.35061390619702e+18 -0 -0)
(2.58461145462999e+18 -0 -0)
(2.82968755052568e+18 -0 -0)
(3.08515680524306e+18 -0 -0)
(3.35014096576077e+18 -0 -0)
(3.62355363650968e+18 -0 -0)
(3.90408215348335e+18 -0 -0)
(4.1901704233964e+18 -0 -0)
(4.47999981750043e+18 -0 -0)
(4.77147266993519e+18 -0 -0)
(5.06219678587139e+18 -0 -0)
(5.34948161926841e+18 -0 -0)
(5.63035920346596e+18 -0 -0)
(5.90179695688002e+18 -0 -0)
(6.16071372876344e+18 -0 -0)
(6.40312119709097e+18 -0 -0)
(6.6239172576399e+18 -0 -0)
(6.81739402891179e+18 -0 -0)
(6.97735511519116e+18 -0 -0)
(7.09742161074168e+18 -0 -0)
(7.17206198611428e+18 -0 -0)
(7.19747055870408e+18 -0 -0)
(7.17118115837583e+18 -0 -0)
(7.09224282120348e+18 -0 -0)
(6.96194804586858e+18 -0 -0)
(6.78377380467377e+18 -0 -0)
(6.56281035413145e+18 -0 -0)
(6.30501523433036e+18 -0 -0)
(6.01682728679598e+18 -0 -0)
(5.70426691450353e+18 -0 -0)
(5.37177680920394e+18 -0 -0)
(5.02268042550786e+18 -0 -0)
(4.65975278585505e+18 -0 -0)
(4.28519780993521e+18 -0 -0)
(3.90080338356869e+18 -0 -0)
(3.50808017088838e+18 -0 -0)
(3.10830104482321e+18 -0 -0)
(2.70278485424075e+18 -0 -0)
(2.2928164763484e+18 -0 -0)
(1.87946780397834e+18 -0 -0)
(1.46356199808376e+18 -0 -0)
(1.04600209423995e+18 -0 -0)
(6.27460693091079e+17 -0 -0)
(2.08975974722408e+17 -0 -0)
)
;

boundaryField
{
    electrode
    {
        type            calculated;
        value           uniform (-0 -0 -0);
    }
    ground
    {
        type            calculated;
        value           uniform (0 -0 -0);
    }
    otherfaces
    {
        type            empty;
    }
}


// ************************************************************************* //
