/*--------------------------------*- C++ -*----------------------------------*\
| =========                 |                                                 |
| \\      /  F ield         | foam-extend: Open Source CFD                    |
|  \\    /   O peration     | Version:     4.1                                |
|   \\  /    A nd           | Web:         http://www.foam-extend.org         |
|    \\/     M anipulation  |                                                 |
\*---------------------------------------------------------------------------*/
FoamFile
{
    version     2.0;
    format      ascii;
    class       volVectorField;
    location    "1.50100000171593e-05";
    object      totalIonFlux;
}
// * * * * * * * * * * * * * * * * * * * * * * * * * * * * * * * * * * * * * //

dimensions      [0 -2 0 0 0 1 0];

internalField   nonuniform List<vector> 
500
(
(-690.251671601191 0 0)
(-690.013349005662 0 0)
(-690.36576232411 0 0)
(-690.186463633746 0 0)
(-690.583318706479 0 0)
(-690.492277322091 0 0)
(-690.876652770359 0 0)
(-690.695143221727 0 0)
(-691.055065947773 0 0)
(-690.92884828664 0 0)
(-691.333292767103 0 0)
(-691.302518046298 0 0)
(-691.602913355267 0 0)
(-691.366145186992 0 0)
(-691.57522235149 0 0)
(-691.312135150338 0 0)
(-691.273395487082 0 0)
(-690.832558559308 0 0)
(-690.705332709057 0 0)
(-690.172678060986 0 0)
(-690.032748750535 0 0)
(-689.477804243195 0 0)
(-689.374125650729 0 0)
(-688.848178990452 0 0)
(-688.650018025713 0 0)
(-688.085988998497 0 0)
(-687.769052309133 0 0)
(-687.091692117481 0 0)
(-686.670470004148 0 0)
(-685.978173690312 0 0)
(-685.509653841572 0 0)
(-684.789193010053 0 0)
(-684.267185086719 0 0)
(-683.472024828373 0 0)
(-682.84113806193 0 0)
(-681.959175031705 0 0)
(-681.223171513694 0 0)
(-680.255793347329 0 0)
(-679.419511969121 0 0)
(-678.368953401394 0 0)
(-677.437331735877 0 0)
(-676.306308811499 0 0)
(-675.284000758595 0 0)
(-674.075300179966 0 0)
(-672.966541781407 0 0)
(-671.682837435311 0 0)
(-670.491448475355 0 0)
(-669.135255344576 0 0)
(-667.864667341106 0 0)
(-666.438321126128 0 0)
(-665.091625540596 0 0)
(-663.59729491221 0 0)
(-662.177289475946 0 0)
(-660.617005261783 0 0)
(-659.126273605227 0 0)
(-657.501959175431 0 0)
(-655.942890002297 0 0)
(-654.256361453443 0 0)
(-652.631167691854 0 0)
(-650.884139022622 0 0)
(-649.194873565121 0 0)
(-647.388954844821 0 0)
(-645.637523445842 0 0)
(-643.774227077128 0 0)
(-641.962394196235 0 0)
(-640.043133989013 0 0)
(-638.172535218801 0 0)
(-636.19863051617 0 0)
(-634.270778700317 0 0)
(-632.243457574397 0 0)
(-630.259750557279 0 0)
(-628.180151360394 0 0)
(-626.14188034324 0 0)
(-624.011058780828 0 0)
(-621.919412840862 0 0)
(-619.738344535339 0 0)
(-617.594421761371 0 0)
(-615.364009889543 0 0)
(-613.168822944747 0 0)
(-610.889904150337 0 0)
(-608.644391106855 0 0)
(-606.317751422502 0 0)
(-604.02281391185 0 0)
(-601.649225640001 0 0)
(-599.305736320645 0 0)
(-596.88594945906 0 0)
(-594.494749489066 0 0)
(-592.029490914581 0 0)
(-589.591392906696 0 0)
(-587.081370011359 0 0)
(-584.59715859176 0 0)
(-582.043057714206 0 0)
(-579.513493105807 0 0)
(-576.915983263196 0 0)
(-574.341802190849 0 0)
(-571.701533740312 0 0)
(-569.083451990421 0 0)
(-566.40106059195 0 0)
(-563.739772916277 0 0)
(-561.015879374016 0 0)
(-558.312063282578 0 0)
(-555.547274227677 0 0)
(-552.801590898012 0 0)
(-549.996501616765 0 0)
(-547.209596020535 0 0)
(-544.364789596365 0 0)
(-541.537293612179 0 0)
(-538.65334278114 0 0)
(-535.785875857685 0 0)
(-532.863344026578 0 0)
(-529.956513563131 0 0)
(-526.995956552995 0 0)
(-524.050359824648 0 0)
(-521.052325704127 0 0)
(-518.068551755224 0 0)
(-515.033579997727 0 0)
(-512.012206139712 0 0)
(-508.94083127184 0 0)
(-505.882429869847 0 0)
(-502.775180493986 0 0)
(-499.680316505893 0 0)
(-496.537717996765 0 0)
(-493.406949940493 0 0)
(-490.22952317489 0 0)
(-487.0634060171 0 0)
(-483.851668188679 0 0)
(-480.650750288591 0 0)
(-477.405216022829 0 0)
(-474.17004257637 0 0)
(-470.891224276187 0 0)
(-467.622337282256 0 0)
(-464.310744701498 0 0)
(-461.008681954704 0 0)
(-457.66482438002 0 0)
(-454.330122073129 0 0)
(-450.954506671382 0 0)
(-447.587699137112 0 0)
(-444.180832202731 0 0)
(-440.782451086866 0 0)
(-437.344839782264 0 0)
(-433.915415852205 0 0)
(-430.447566266503 0 0)
(-426.987629538821 0 0)
(-423.490047434036 0 0)
(-420.000126293566 0 0)
(-416.473319214033 0 0)
(-412.953942636702 0 0)
(-409.398417468832 0 0)
(-405.850113547262 0 0)
(-402.266378809701 0 0)
(-398.689675701206 0 0)
(-395.078240678025 0 0)
(-391.473667497348 0 0)
(-387.835042164167 0 0)
(-384.203127665021 0 0)
(-380.537824246556 0 0)
(-376.879098195797 0 0)
(-373.187629767738 0 0)
(-369.502622593693 0 0)
(-365.785503427404 0 0)
(-362.074746769123 0 0)
(-358.332494096883 0 0)
(-354.596520235629 0 0)
(-350.829651866791 0 0)
(-347.068994673046 0 0)
(-343.278030623064 0 0)
(-339.49322504503 0 0)
(-335.678687138143 0 0)
(-331.870269415802 0 0)
(-328.032682289785 0 0)
(-324.201190408545 0 0)
(-320.341079276422 0 0)
(-316.487052747105 0 0)
(-312.60494556046 0 0)
(-308.728925117353 0 0)
(-304.825352241994 0 0)
(-300.927880714083 0 0)
(-297.003373672045 0 0)
(-293.084995453583 0 0)
(-289.140088951737 0 0)
(-285.20135005215 0 0)
(-281.236579997288 0 0)
(-277.278028122135 0 0)
(-273.293933249135 0 0)
(-269.316117866203 0 0)
(-265.31323837676 0 0)
(-261.316711047021 0 0)
(-257.295589681127 0 0)
(-253.280902991258 0 0)
(-249.242084056402 0 0)
(-245.209793496859 0 0)
(-241.153823823765 0 0)
(-237.104485726364 0 0)
(-233.031913664977 0 0)
(-228.966086480721 0 0)
(-224.877463049983 0 0)
(-220.795707288313 0 0)
(-216.691584916092 0 0)
(-212.594461841063 0 0)
(-208.47539502184 0 0)
(-204.363468335987 0 0)
(-200.230012953141 0 0)
(-196.103846893765 0 0)
(-191.956560926043 0 0)
(-187.816722546161 0 0)
(-183.656165549708 0 0)
(-179.503223651563 0 0)
(-175.329958239136 0 0)
(-171.164484013965 0 0)
(-166.979075345959 0 0)
(-162.801640784619 0 0)
(-158.604654871576 0 0)
(-154.415832137754 0 0)
(-150.207832691933 0 0)
(-146.00819398048 0 0)
(-141.789741675419 0 0)
(-137.579856721232 0 0)
(-133.351519856324 0 0)
(-129.131957964457 0 0)
(-124.894315567813 0 0)
(-120.665669450868 0 0)
(-116.419293396018 0 0)
(-112.182190977512 0 0)
(-107.927656267148 0 0)
(-103.682677686831 0 0)
(-99.4206285020397 0 0)
(-95.1682087146212 0 0)
(-90.9000437226566 0 0)
(-86.6434680041057 0 0)
(-82.3714451418956 0 0)
(-78.1100918127247 0 0)
(-73.8322847070733 0 0)
(-69.5714468041798 0 0)
(-65.2867973918505 0 0)
(-61.0076963710383 0 0)
(-56.7132147511084 0 0)
(-52.4298796220153 0 0)
(-48.1312901959893 0 0)
(-43.8436750619175 0 0)
(-39.5424554858448 0 0)
(-35.2532479478031 0 0)
(-30.9499446380153 0 0)
(-26.6586849881989 0 0)
(-22.3533939683913 0 0)
(-18.0603396798956 0 0)
(-13.7534449184476 0 0)
(-9.45897852709118 0 0)
(-5.1511625449353 0 0)
(-0.856284063645793 0 0)
(3.45157631379363 0 0)
(7.74532030756234 0 0)
(12.0520129128351 0 0)
(16.3452908238908 0 0)
(20.650761991503 0 0)
(24.9428582339078 0 0)
(29.2470648401046 0 0)
(33.5377538061819 0 0)
(37.8401185780916 0 0)
(42.1283237022221 0 0)
(46.4279620839062 0 0)
(50.7130099075063 0 0)
(55.0087919285314 0 0)
(59.2889655649315 0 0)
(63.5802864939381 0 0)
(67.8570169506037 0 0)
(72.1452046968573 0 0)
(76.4162028469548 0 0)
(80.705323319429 0 0)
(84.9858247171145 0 0)
(89.2715519539598 0 0)
(93.5402378506055 0 0)
(97.8189051555302 0 0)
(102.080536172553 0 0)
(106.349786098582 0 0)
(110.601614946684 0 0)
(114.86307548982 0 0)
(119.107527577686 0 0)
(123.36148746832 0 0)
(127.598039892066 0 0)
(131.84382625551 0 0)
(136.071876763369 0 0)
(140.308901567518 0 0)
(144.52780861766 0 0)
(148.755490170266 0 0)
(152.964654910885 0 0)
(157.182400023035 0 0)
(161.38124534624 0 0)
(165.58847204605 0 0)
(169.776416651632 0 0)
(173.97255133721 0 0)
(178.149009742632 0 0)
(182.33347552067 0 0)
(186.497861891338 0 0)
(190.670078822862 0 0)
(194.821806492095 0 0)
(198.981194676922 0 0)
(203.119677982709 0 0)
(207.265659893927 0 0)
(211.390314516246 0 0)
(215.522313939223 0 0)
(219.632558468331 0 0)
(223.750001839918 0 0)
(227.845255323071 0 0)
(231.94757049076 0 0)
(236.027253730107 0 0)
(240.113869546083 0 0)
(244.177404704268 0 0)
(248.247751981982 0 0)
(252.294562116114 0 0)
(256.34807305226 0 0)
(260.377582993018 0 0)
(264.413691640861 0 0)
(268.425327883309 0 0)
(272.443470812075 0 0)
(276.436661360685 0 0)
(280.436276586986 0 0)
(284.410451654318 0 0)
(288.390979233206 0 0)
(292.345570421162 0 0)
(296.306453352531 0 0)
(300.240894542991 0 0)
(304.181576973793 0 0)
(308.095303468211 0 0)
(312.015233097931 0 0)
(315.907682654383 0 0)
(319.806308708336 0 0)
(323.676921319842 0 0)
(327.553695946919 0 0)
(331.401913207553 0 0)
(335.256291383398 0 0)
(339.081557365329 0 0)
(342.912996125024 0 0)
(346.714757268998 0 0)
(350.522716732642 0 0)
(354.300421784479 0 0)
(358.084365095466 0 0)
(361.837464916547 0 0)
(365.596858067402 0 0)
(369.324806049927 0 0)
(373.059117696838 0 0)
(376.761369443028 0 0)
(380.470071733765 0 0)
(384.146085671377 0 0)
(387.828652882014 0 0)
(391.477889720207 0 0)
(395.133800904136 0 0)
(398.755723078045 0 0)
(402.384459011666 0 0)
(405.978532508565 0 0)
(409.579577958994 0 0)
(413.145270596991 0 0)
(416.718112590161 0 0)
(420.25489470495 0 0)
(423.799024538134 0 0)
(427.306368703683 0 0)
(430.821280248982 0 0)
(434.298661879232 0 0)
(437.783852047583 0 0)
(441.230747940558 0 0)
(444.685717540379 0 0)
(448.101607537592 0 0)
(451.525859638581 0 0)
(454.910223941286 0 0)
(458.303265297153 0 0)
(461.65558832757 0 0)
(465.016927589494 0 0)
(468.336693760734 0 0)
(471.665844041012 0 0)
(474.952539674724 0 0)
(478.249014611869 0 0)
(481.502127484738 0 0)
(484.765445229912 0 0)
(487.984463913325 0 0)
(491.214143218474 0 0)
(494.398558310255 0 0)
(497.594120531838 0 0)
(500.743421603514 0 0)
(503.90438989143 0 0)
(507.018067311809 0 0)
(510.143965671945 0 0)
(513.221509234464 0 0)
(516.311863865131 0 0)
(519.352762508107 0 0)
(522.407099587775 0 0)
(525.410840792108 0 0)
(528.428686395712 0 0)
(531.394756938687 0 0)
(534.37563682199 0 0)
(537.303520161322 0 0)
(540.246960261767 0 0)
(543.136135784701 0 0)
(546.041660040876 0 0)
(548.891604530224 0 0)
(551.758734351336 0 0)
(554.568920282364 0 0)
(557.397174394495 0 0)
(560.167066821807 0 0)
(562.955961344707 0 0)
(565.685019217892 0 0)
(568.434064316505 0 0)
(571.121738560138 0 0)
(573.830440476841 0 0)
(576.476172438395 0 0)
(579.144029283109 0 0)
(581.747248629324 0 0)
(584.37375100478 0 0)
(586.93387665441 0 0)
(589.518507732878 0 0)
(592.034945400081 0 0)
(594.577178610289 0 0)
(597.049318205978 0 0)
(599.548616433051 0 0)
(601.975831518115 0 0)
(604.431645791329 0 0)
(606.813290365499 0 0)
(609.225057480982 0 0)
(611.560464554809 0 0)
(613.927606765866 0 0)
(616.216086720515 0 0)
(618.538011104066 0 0)
(620.778847835813 0 0)
(623.054943166972 0 0)
(625.247399223035 0 0)
(627.477047679734 0 0)
(629.620353445488 0 0)
(631.802891383134 0 0)
(633.896207494873 0 0)
(636.030910523838 0 0)
(638.073317804312 0 0)
(640.159393807424 0 0)
(642.149884772826 0 0)
(644.186466493435 0 0)
(646.123939171423 0 0)
(648.110079836389 0 0)
(649.993326417479 0 0)
(651.9279943187 0 0)
(653.755695615679 0 0)
(655.63777148841 0 0)
(657.408488817381 0 0)
(659.23676011725 0 0)
(660.948926492564 0 0)
(662.7220917677 0 0)
(664.374011527276 0 0)
(666.090677699442 0 0)
(667.68051430905 0 0)
(669.339198665948 0 0)
(670.864969507871 0 0)
(672.46410518066 0 0)
(673.923675121819 0 0)
(675.461616200336 0 0)
(676.852689296954 0 0)
(678.327727151863 0 0)
(679.647840832802 0 0)
(681.058187500538 0 0)
(682.304645431956 0 0)
(683.648398370644 0 0)
(684.81818843789 0 0)
(686.093236671554 0 0)
(687.18281551646 0 0)
(688.386563887838 0 0)
(689.391359281435 0 0)
(690.520076469851 0 0)
(691.433453493077 0 0)
(692.480957095273 0 0)
(693.292292417331 0 0)
(694.247721723516 0 0)
(694.939629167641 0 0)
(695.784531682602 0 0)
(696.329860026942 0 0)
(697.011737442266 0 0)
(697.302155941971 0 0)
(697.754096460838 0 0)
(697.847284658134 0 0)
(698.156704792637 0 0)
(698.136518740699 0 0)
(698.42307353048 0 0)
(698.384071285025 0 0)
(698.774076039907 0 0)
(698.868371326907 0 0)
(699.405243795536 0 0)
(699.63009302458 0 0)
(700.357830584831 0 0)
(700.661972047625 0 0)
(701.418132305624 0 0)
(701.766239699013 0 0)
(702.484828640817 0 0)
(702.759985951667 0 0)
(703.397297792254 0 0)
(703.574633102053 0 0)
(704.252206581992 0 0)
(704.315471181069 0 0)
(704.832927190123 0 0)
(704.745842562608 0 0)
(705.204152420659 0 0)
(705.06019347452 0 0)
(705.568087058303 0 0)
(705.367236055102 0 0)
(705.770229739174 0 0)
(705.487201644769 0 0)
(705.728392465372 0 0)
)
;

boundaryField
{
    electrode
    {
        type            calculated;
        value           uniform (-690.251671601191 0 0);
    }
    ground
    {
        type            calculated;
        value           uniform (705.728392465372 0 0);
    }
    otherfaces
    {
        type            empty;
    }
}


// ************************************************************************* //
