/*--------------------------------*- C++ -*----------------------------------*\
| =========                 |                                                 |
| \\      /  F ield         | foam-extend: Open Source CFD                    |
|  \\    /   O peration     | Version:     4.1                                |
|   \\  /    A nd           | Web:         http://www.foam-extend.org         |
|    \\/     M anipulation  |                                                 |
\*---------------------------------------------------------------------------*/
FoamFile
{
    version     2.0;
    format      ascii;
    class       volScalarField;
    location    "1.50099999934947e-05";
    object      eCollisionFrequencyMean;
}
// * * * * * * * * * * * * * * * * * * * * * * * * * * * * * * * * * * * * * //

dimensions      [0 0 -1 0 0 0 0];

internalField   nonuniform List<scalar> 
500
(
17065230462.4245
17128258776.7502
17157467567.021
17216109575.8486
17264450095.26
17316930321.6767
17366582966.9392
17415196171.4237
17460983339.2612
17504243270.4719
17544405898.4098
17581757828.5647
17616237283.5074
17648065928.9601
17677293635.0651
17704141104.1073
17728788171.4715
17751452418.5939
17772287704.5472
17791463806.4414
17809118860.604
17825391513.7109
17840427552.8733
17854370806.3125
17867329636.9997
17879406919.4925
17890655756.8658
17901136817.2077
17910918635.122
17920056505.5514
17928614585.1712
17936653344.9869
17944212002.8111
17951327147.629
17958037200.9626
17964390999.2968
17970421475.2991
17976153035.8983
17981606562.9148
17986800783.7694
17991745881.9642
17996445326.004
18000910798.9973
18005150039.828
18009183008.9327
18013025539.4612
18016689901.974
18020192778.4258
18023549119.3334
18026770856.0587
18029858386.0731
18032813569.6201
18035639662.8707
18038340117.5507
18040917807.8342
18043374849.4344
18045710677.6078
18047931915.8442
18050045170.0337
18052054827.6632
18053964681.4727
18055778211.685
18057498693.5884
18059129196.4908
18060672285.8884
18062128717.8079
18063503407.5075
18064802075.3939
18066028642.9664
18067186401.4829
18068278571.9239
18069308079.986
18070277790.2055
18071190618.7154
18072049331.8574
18072856618.5546
18073615208.7125
18074327783.4785
18074997641.3764
18075627177.7935
18076216711.4694
18076767551.3792
18077281326.2606
18077759672.0672
18078204209.9386
18078616517.0883
18078998164.2795
18079350721.9814
18079675595.9185
18079974233.1534
18080248034.5648
18080498225.0078
18080726023.39
18080932686.5853
18081119257.0497
18081286797.138
18081436449.7985
18081569235.1437
18081685984.7976
18081787657.7487
18081875099.0721
18081948994.2269
18082010247.4189
18082059548.2051
18082097605.6848
18082125081.4123
18082142530.4505
18082150599.149
18082149848.966
18082140891.7577
18082124175.0791
18082100217.7622
18082069388.2986
18082032146.8942
18081988887.2314
18081939939.4335
18081885764.2294
18081826582.416
18081762778.2795
18081694655.8672
18081622505.141
18081546622.8383
18081467197.9539
18081384478.2864
18081298716.274
18081210126.2319
18081118957.0272
18081025382.3947
18080929578.1398
18080831728.9939
18080732005.264
18080630551.2032
18080527533.4131
18080423096.3336
18080317325.6871
18080210345.375
18080102291.0824
18079993273.8427
18079883405.9563
18079772787.6568
18079661520.893
18079549720.3233
18079437476.5591
18079324869.0191
18079211979.6181
18079098897.0136
18078985696.0007
18078872448.7048
18078759221.3384
18078646080.4435
18078533084.5491
18078420298.6961
18078307782.416
18078195588.8073
18078083763.5477
18077972356.7192
18077861425.1693
18077751002.9454
18077641130.1148
18077531838.9284
18077423158.3391
18077315127.3323
18077207787.7447
18077101174.8147
18076995310.4866
18076890219.0186
18076785927.6821
18076682465.9516
18076579862.3038
18076478137.1157
18076377312.6404
18076277403.2471
18076178436.2191
18076080436.7401
18075983425.451
18075887415.1637
18075792423.6825
18075698468.2854
18075605565.5989
18075513736.118
18075422991.2883
18075333342.2125
18075244805.922
18075157399.4184
18075071130.4905
18074986015.9063
18074902067.2546
18074819291.5543
18074737689.4444
18074657278.6422
18074578070.0245
18074500077.5738
18074423306.2618
18074347766.588
18074273467.8941
18074200418.6517
18074128629.3388
18074058104.67
18073988854.4122
18073920885.4906
18073854204.9176
18073788816.2109
18073724724.1078
18073661938.0146
18073600457.9089
18073540294.8753
18073481457.1567
18073423949.9653
18073367765.5279
18073312901.643
18073259361.09
18073207163.2099
18073156300.4949
18073106781.7261
18073058609.3981
18073011796.1237
18072966332.7487
18072922213.4708
18072879445.0574
18072838027.6959
18072797972.3859
18072759279.2719
18072721952.7063
18072685983.1562
18072651380.929
18072618135.4628
18072586255.6615
18072555745.6296
18072526597.6577
18072498812.8167
18072472378.6675
18072447305.1388
18072423603.4019
18072401264.2738
18072380265.0454
18072360623.0398
18072342340.5795
18072325407.5437
18072309813.5162
18072295556.8601
18072282639.0886
18072271051.3279
18072260780.0721
18072251812.2418
18072244139.501
18072237731.9855
18072232557.7116
18072228633.2709
18072226000.1946
18072224742.6374
18072224687.2095
18072225831.8928
18072228351.3739
18072232164.5139
18072237228.9554
18072243527.8805
18072251092.6323
18072259957.3792
18072270124.356
18072281610.2253
18072294426.4032
18072308582.6555
18072324079.1443
18072340916.6441
18072359102.8377
18072378650.1497
18072399556.8422
18072421806.7017
18072445421.8827
18072470411.0312
18072496764.2982
18072524471.9822
18072553546.8316
18072583985.1522
18072615796.8046
18072648975.052
18072683514.4883
18072719424.6486
18072756694.8048
18072795336.8226
18072835346.5412
18072876724.5888
18072919459.0023
18072963550.0334
18073008992.2471
18073055788.8317
18073103949.8666
18073153461.4808
18073204324.8031
18073256529.282
18073310077.9968
18073364952.4617
18073421145.6934
18073478659.1467
18073537499.5486
18073597660.7317
18073659134.3551
18073721911.2575
18073785990.0144
18073851365.4687
18073918035.0511
18073985996.622
18074055240.4774
18074125754.3198
18074197529.3761
18074270560.5974
18074344839.7146
18074420356.5493
18074497106.4578
18074575084.7834
18074654284.8115
18074734693.5057
18074816299.3517
18074899090.4722
18074983064.7409
18075068214.2198
18075154525.0485
18075241985.4377
18075330581.9433
18075420298.4675
18075511116.5027
18075603018.4219
18075695998.5419
18075790046.013
18075885142.8225
18075981267.1288
18076078399.3233
18076176526.2213
18076275630.2236
18076375691.3036
18076476687.3459
18076578588.9982
18076681364.5609
18076784993.4406
18076889453.0356
18076994717.9713
18077100758.3067
18077207548.0128
18077315054.6687
18077423243.0518
18077532080.6547
18077641536.281
18077751577.8695
18077862171.0375
18077973273.482
18078084850.8375
18078196858.5641
18078309239.6442
18078421957.8241
18078534962.6245
18078648201.1127
18078761610.2017
18078875115.0734
18078988638.4641
18079102100.9404
18079215437.0487
18079328578.7902
18079441434.3473
18079553934.4608
18079665995.2911
18079777527.7143
18079888433.9292
18079998611.3856
18080107943.0382
18080216320.8256
18080323622.7782
18080429723.5211
18080534520.2111
18080637918.009
18080739743.2813
18080839812.8213
18080937989.4933
18081034098.3458
18081127949.603
18081219357.4391
18081308170.1158
18081394141.4032
18081477064.939
18081556699.2097
18081632801.5767
18081705167.5022
18081773525.3701
18081837559.1561
18081896975.6248
18081951391.5684
18082000537.0815
18082043990.7037
18082081393.3325
18082112374.0179
18082136463.0418
18082153261.2698
18082162277.9116
18082163043.7575
18082154929.6052
18082137401.404
18082109812.1935
18082071639.1973
18082022153.457
18081960644.3934
18081886452.6392
18081798649.6382
18081696516.2559
18081579245.478
18081445866.2584
18081295483.2283
18081127105.4525
18080939673.0241
18080732084.5472
18080503186.2203
18080251768.9471
18079976630.1521
18079676532.3884
18079350053.1634
18078995765.9979
18078612255.2044
18078198013.6457
18077751412.4716
18077270881.8701
18076754853.4643
18076201715.9805
18075609913.6536
18074978135.8247
18074305966.4255
18073591131.176
18072830343.3567
18072020892.0394
18071160166.4481
18070245450.8439
18069273962.6095
18068242825.3866
18067149200.4487
18065990206.2833
18064762728.1301
18063463443.6909
18062088334.1313
18060631906.5074
18059089175.8264
18057459422.9794
18055740075.1513
18053928030.1697
18052019959.6512
18050012335.672
18047901266.9858
18045682326.3787
18043348845.8866
18040894175.8076
18038318788.9523
18035620658.88
18032796827.2627
18029843941.6421
18026758610.8293
18023538949.9258
18020184579.9408
18016683531.3085
18013020878.059
18009179869.9834
18005148299.7708
18000910162.8123
17996445590.9843
17991746762.9669
17986802017.2029
17981607827.1439
17976154016.3393
17970421906.2761
17964390803.7147
17958036305.9627
17951325560.6723
17944209685.9679
17936650382.0876
17928611125.1176
17920052689.377
17910914515.7443
17901132507.1125
17890651409.469
17879402746.3006
17867325811.4379
17854367473.5127
17840425032.0825
17825390058.5333
17809118840.1453
17791465551.9649
17772291658.1824
17751458791.0694
17728797329.0183
17704153450.8202
17677309539.2701
17648085484.1464
17616260471.9329
17581784458.24
17544435587.2501
17504275567.2866
17461017636.6593
17415231708.0946
17366619117.6357
17316966251.9584
17264485929.3071
17216144349.0609
17157501872.9642
17128290704.926
17065262246.9377
)
;

boundaryField
{
    electrode
    {
        type            calculated;
        value           uniform 17065230462.4245;
    }
    ground
    {
        type            calculated;
        value           uniform 17065262246.9377;
    }
    otherfaces
    {
        type            empty;
    }
}


// ************************************************************************* //
