/*--------------------------------*- C++ -*----------------------------------*\
| =========                 |                                                 |
| \\      /  F ield         | foam-extend: Open Source CFD                    |
|  \\    /   O peration     | Version:     4.1                                |
|   \\  /    A nd           | Web:         http://www.foam-extend.org         |
|    \\/     M anipulation  |                                                 |
\*---------------------------------------------------------------------------*/
FoamFile
{
    version     2.0;
    format      ascii;
    class       volVectorField;
    location    "1.50099999934947e-05";
    object      EField;
}
// * * * * * * * * * * * * * * * * * * * * * * * * * * * * * * * * * * * * * //

dimensions      [1 1 -3 0 0 -1 0];

internalField   nonuniform List<vector> 
500
(
(-350129.101905915 -0 -0)
(-342693.286246428 -0 -0)
(-335222.733064066 -0 -0)
(-327719.875312694 -0 -0)
(-320193.304450048 -0 -0)
(-312645.303954386 -0 -0)
(-305084.995613279 -0 -0)
(-297514.307688871 -0 -0)
(-289942.202886082 -0 -0)
(-282371.462915157 -0 -0)
(-274811.004338394 -0 -0)
(-267265.577757867 -0 -0)
(-259744.786701315 -0 -0)
(-252255.4254021 -0 -0)
(-244808.199948112 -0 -0)
(-237411.949388788 -0 -0)
(-230077.987373671 -0 -0)
(-222815.613535021 -0 -0)
(-215636.00120543 -0 -0)
(-208549.020556238 -0 -0)
(-201565.91983663 -0 -0)
(-194696.799343291 -0 -0)
(-187952.482890255 -0 -0)
(-181342.319471914 -0 -0)
(-174875.449028432 -0 -0)
(-168559.45227632 -0 -0)
(-162401.917970885 -0 -0)
(-156409.438521807 -0 -0)
(-150588.717684549 -0 -0)
(-144945.798930683 -0 -0)
(-139486.73134339 -0 -0)
(-134215.852773537 -0 -0)
(-129135.408753633 -0 -0)
(-124245.46740967 -0 -0)
(-119545.588865377 -0 -0)
(-115034.909811725 -0 -0)
(-110712.831935851 -0 -0)
(-106578.58974963 -0 -0)
(-102630.52051868 -0 -0)
(-98864.6055959191 -0 -0)
(-95274.9232022152 -0 -0)
(-91854.8942766853 -0 -0)
(-88598.797898635 -0 -0)
(-85501.6107196136 -0 -0)
(-82558.9319266413 -0 -0)
(-79764.9158340138 -0 -0)
(-77111.4227112451 -0 -0)
(-74590.0051583866 -0 -0)
(-72193.6153567411 -0 -0)
(-69916.1050565267 -0 -0)
(-67751.5375003293 -0 -0)
(-65692.6294017652 -0 -0)
(-63732.4335821281 -0 -0)
(-61865.692806711 -0 -0)
(-60087.8312551465 -0 -0)
(-58394.0040981976 -0 -0)
(-56777.2121380899 -0 -0)
(-55229.9440227177 -0 -0)
(-53747.2466116618 -0 -0)
(-52326.3582882759 -0 -0)
(-50965.5202539037 -0 -0)
(-49661.1256348682 -0 -0)
(-48408.277660251 -0 -0)
(-47203.5957672133 -0 -0)
(-46045.3760123479 -0 -0)
(-44932.344700863 -0 -0)
(-43861.2212862409 -0 -0)
(-42826.7807320958 -0 -0)
(-41825.1687834429 -0 -0)
(-40855.4251041474 -0 -0)
(-39918.968877627 -0 -0)
(-39017.8142070384 -0 -0)
(-38152.126825443 -0 -0)
(-37319.1438008286 -0 -0)
(-36515.1537584246 -0 -0)
(-35737.1476192922 -0 -0)
(-34982.8483702477 -0 -0)
(-34250.864563938 -0 -0)
(-33540.8353339299 -0 -0)
(-32853.2808258782 -0 -0)
(-32188.980484484 -0 -0)
(-31547.5549596289 -0 -0)
(-30927.5044013039 -0 -0)
(-30327.3861419673 -0 -0)
(-29746.0554463411 -0 -0)
(-29182.6995756112 -0 -0)
(-28636.8585791653 -0 -0)
(-28108.3153538771 -0 -0)
(-27596.8172365666 -0 -0)
(-27101.6860266402 -0 -0)
(-26621.8242168476 -0 -0)
(-26156.1657235221 -0 -0)
(-25703.8241379927 -0 -0)
(-25264.0021010478 -0 -0)
(-24836.0820770556 -0 -0)
(-24419.5796808326 -0 -0)
(-24014.0509462808 -0 -0)
(-23619.0798298802 -0 -0)
(-23234.2809517211 -0 -0)
(-22859.296640681 -0 -0)
(-22493.7963688924 -0 -0)
(-22137.4602498283 -0 -0)
(-21789.9600447136 -0 -0)
(-21450.9518333926 -0 -0)
(-21120.1222069506 -0 -0)
(-20797.278864339 -0 -0)
(-20482.3981559855 -0 -0)
(-20175.467173338 -0 -0)
(-19876.1370638396 -0 -0)
(-19583.6190957179 -0 -0)
(-19297.2714919186 -0 -0)
(-19016.8319087164 -0 -0)
(-18742.1051742958 -0 -0)
(-18472.9088045036 -0 -0)
(-18209.0661186759 -0 -0)
(-17950.4049745366 -0 -0)
(-17696.758305044 -0 -0)
(-17447.9636145346 -0 -0)
(-17203.8638485791 -0 -0)
(-16964.3067627667 -0 -0)
(-16729.1455844692 -0 -0)
(-16498.2381275517 -0 -0)
(-16271.4472471274 -0 -0)
(-16048.6400161358 -0 -0)
(-15829.6882773568 -0 -0)
(-15614.4679667674 -0 -0)
(-15402.8599253482 -0 -0)
(-15194.7489769858 -0 -0)
(-14990.0247414616 -0 -0)
(-14788.5804760774 -0 -0)
(-14590.3137136721 -0 -0)
(-14395.1251600945 -0 -0)
(-14202.9195219671 -0 -0)
(-14013.6044051647 -0 -0)
(-13827.0914350133 -0 -0)
(-13643.294954772 -0 -0)
(-13462.133195982 -0 -0)
(-13283.526771615 -0 -0)
(-13107.3998952261 -0 -0)
(-12933.6787936875 -0 -0)
(-12762.2930958478 -0 -0)
(-12593.1740701324 -0 -0)
(-12426.2562408391 -0 -0)
(-12261.475598971 -0 -0)
(-12098.7713940339 -0 -0)
(-11938.084069336 -0 -0)
(-11779.3572186133 -0 -0)
(-11622.535350339 -0 -0)
(-11467.5660509846 -0 -0)
(-11314.3975899566 -0 -0)
(-11162.9812186192 -0 -0)
(-11013.2685649666 -0 -0)
(-10865.2142051535 -0 -0)
(-10718.772818386 -0 -0)
(-10573.9020117712 -0 -0)
(-10430.5593097019 -0 -0)
(-10288.7051772236 -0 -0)
(-10148.299807447 -0 -0)
(-10009.3063198223 -0 -0)
(-9871.68732365368 -0 -0)
(-9735.40836395547 -0 -0)
(-9600.43423020957 -0 -0)
(-9466.73264892257 -0 -0)
(-9334.27039302 -0 -0)
(-9203.01721098256 -0 -0)
(-9072.94170369175 -0 -0)
(-8944.01553554606 -0 -0)
(-8816.20901858772 -0 -0)
(-8689.49559882373 -0 -0)
(-8563.84718248293 -0 -0)
(-8439.2389154902 -0 -0)
(-8315.64427409733 -0 -0)
(-8193.03995309424 -0 -0)
(-8071.40070833089 -0 -0)
(-7950.70461083919 -0 -0)
(-7830.92765203421 -0 -0)
(-7712.04923117218 -0 -0)
(-7594.04647393493 -0 -0)
(-7476.89999755886 -0 -0)
(-7360.58796952594 -0 -0)
(-7245.09213564656 -0 -0)
(-7130.39162025788 -0 -0)
(-7016.4692381946 -0 -0)
(-6903.30498903212 -0 -0)
(-6790.88270775814 -0 -0)
(-6679.18320577805 -0 -0)
(-6568.19129753431 -0 -0)
(-6457.88850370551 -0 -0)
(-6348.26062231198 -0 -0)
(-6239.28974755884 -0 -0)
(-6130.96268998894 -0 -0)
(-6023.26192921382 -0 -0)
(-5916.17541200382 -0 -0)
(-5809.6857303358 -0 -0)
(-5703.78220496442 -0 -0)
(-5598.4471503801 -0 -0)
(-5493.67163400228 -0 -0)
(-5389.4371107628 -0 -0)
(-5285.736969222 -0 -0)
(-5182.55103203266 -0 -0)
(-5079.87585607431 -0 -0)
(-4977.68858608785 -0 -0)
(-4875.99006286351 -0 -0)
(-4774.75344396952 -0 -0)
(-4673.9852876991 -0 -0)
(-4573.6531307844 -0 -0)
(-4473.77096332463 -0 -0)
(-4374.29877706055 -0 -0)
(-4275.25996961313 -0 -0)
(-4176.60483663578 -0 -0)
(-4078.36834451878 -0 -0)
(-3980.48879789637 -0 -0)
(-3883.01500544307 -0 -0)
(-3785.87098599428 -0 -0)
(-3689.12162716977 -0 -0)
(-3592.67446731715 -0 -0)
(-3496.61248636298 -0 -0)
(-3400.82482087761 -0 -0)
(-3305.41421307282 -0 -0)
(-3210.24991816302 -0 -0)
(-3115.45563945557 -0 -0)
(-3020.8796582774 -0 -0)
(-2926.66738799348 -0 -0)
(-2832.64467048296 -0 -0)
(-2738.97481795865 -0 -0)
(-2645.4553768035 -0 -0)
(-2552.21923326799 -0 -0)
(-2458.92600354888 -0 -0)
(-2365.42302989329 -0 -0)
(-2273.40510235456 -0 -0)
(-2181.6027038824 -0 -0)
(-2089.94278095813 -0 -0)
(-1998.46376911288 -0 -0)
(-1907.14235789328 -0 -0)
(-1816.00149749424 -0 -0)
(-1725.00396579341 -0 -0)
(-1634.16813080855 -0 -0)
(-1543.45237383156 -0 -0)
(-1452.87626448825 -0 -0)
(-1362.3974086421 -0 -0)
(-1272.0363869527 -0 -0)
(-1181.7503096949 -0 -0)
(-1091.55999650828 -0 -0)
(-1001.42339133457 -0 -0)
(-911.36192181864 -0 -0)
(-821.334779827388 -0 -0)
(-731.363798268636 -0 -0)
(-641.408217713626 -0 -0)
(-551.4601930432 -0 -0)
(-461.374387183099 -0 -0)
(-371.708059158795 -0 -0)
(-281.60666732665 -0 -0)
(-191.624708563082 -0 -0)
(-101.61908916235 -0 -0)
(-11.5813089183971 -0 -0)
(78.5291340994485 -0 -0)
(168.690730461883 -0 -0)
(258.944050550045 -0 -0)
(349.268364748696 -0 -0)
(439.704805497921 -0 -0)
(530.233758494388 -0 -0)
(620.896504392059 -0 -0)
(711.673699992422 -0 -0)
(802.606783612591 -0 -0)
(893.677893902818 -0 -0)
(984.927137412134 -0 -0)
(1076.33656850949 -0 -0)
(1167.9434039114 -0 -0)
(1259.72484810478 -0 -0)
(1351.70123424753 -0 -0)
(1443.83705203514 -0 -0)
(1536.20439426113 -0 -0)
(1630.07678015749 -0 -0)
(1723.76245707844 -0 -0)
(1817.40416843559 -0 -0)
(1911.34345607743 -0 -0)
(2005.4515688475 -0 -0)
(2099.92853677854 -0 -0)
(2194.61447087982 -0 -0)
(2289.67927189881 -0 -0)
(2384.98130600565 -0 -0)
(2480.66893134501 -0 -0)
(2576.62173232404 -0 -0)
(2672.96714925374 -0 -0)
(2769.60573012979 -0 -0)
(2866.64513042985 -0 -0)
(2964.00552715405 -0 -0)
(3061.77634698047 -0 -0)
(3159.89575253394 -0 -0)
(3258.43674274615 -0 -0)
(3357.35347329274 -0 -0)
(3456.7047308571 -0 -0)
(3556.45842802317 -0 -0)
(3656.66147903771 -0 -0)
(3757.29330257686 -0 -0)
(3858.39119210432 -0 -0)
(3959.94386835551 -0 -0)
(4061.98116286141 -0 -0)
(4164.49911409859 -0 -0)
(4267.5219988878 -0 -0)
(4371.05149504291 -0 -0)
(4475.10797190928 -0 -0)
(4579.69734148768 -0 -0)
(4684.83739695604 -0 -0)
(4790.53713637861 -0 -0)
(4896.81280632572 -0 -0)
(5003.67562644438 -0 -0)
(5111.14106692801 -0 -0)
(5219.22198714909 -0 -0)
(5327.93365030951 -0 -0)
(5437.29016018188 -0 -0)
(5547.30695758994 -0 -0)
(5657.99916214453 -0 -0)
(5769.38271371015 -0 -0)
(5881.47367732652 -0 -0)
(5994.28872938127 -0 -0)
(6107.84487552277 -0 -0)
(6222.15967765233 -0 -0)
(6337.25104540344 -0 -0)
(6453.13747125552 -0 -0)
(6569.83774989438 -0 -0)
(6687.37135201605 -0 -0)
(6805.75801628121 -0 -0)
(6925.01830090579 -0 -0)
(7045.17296192392 -0 -0)
(7166.24366242961 -0 -0)
(7288.25214770349 -0 -0)
(7411.22119042717 -0 -0)
(7535.17357399529 -0 -0)
(7660.13334796044 -0 -0)
(7786.1245551563 -0 -0)
(7913.17275113595 -0 -0)
(8041.30360615356 -0 -0)
(8170.54457803184 -0 -0)
(8300.92316471331 -0 -0)
(8432.46877077507 -0 -0)
(8565.21069741371 -0 -0)
(8699.18022750967 -0 -0)
(8834.40836350801 -0 -0)
(8970.92810685399 -0 -0)
(9108.77212391292 -0 -0)
(9247.9753744716 -0 -0)
(9388.57259252498 -0 -0)
(9530.6011455685 -0 -0)
(9674.09832658293 -0 -0)
(9819.10435262246 -0 -0)
(9965.65940995978 -0 -0)
(10113.8067769956 -0 -0)
(10263.5895469716 -0 -0)
(10415.0539227211 -0 -0)
(10568.2459687609 -0 -0)
(10723.2152047708 -0 -0)
(10880.0111605474 -0 -0)
(11038.6871841905 -0 -0)
(11199.2969044483 -0 -0)
(11361.8980661774 -0 -0)
(11526.5487275781 -0 -0)
(11693.3111921678 -0 -0)
(11862.2482953704 -0 -0)
(12033.4275287711 -0 -0)
(12206.9172168114 -0 -0)
(12382.7907305352 -0 -0)
(12561.1225839393 -0 -0)
(12741.9927067703 -0 -0)
(12925.4823675824 -0 -0)
(13111.6785858951 -0 -0)
(13300.6703473301 -0 -0)
(13492.5532953282 -0 -0)
(13687.4260023228 -0 -0)
(13885.3945585305 -0 -0)
(14086.5686354542 -0 -0)
(14291.0656549245 -0 -0)
(14499.0067816407 -0 -0)
(14710.5213401741 -0 -0)
(14925.7430728751 -0 -0)
(15144.8151783271 -0 -0)
(15367.8873056077 -0 -0)
(15595.1206090698 -0 -0)
(15826.6848772522 -0 -0)
(16062.7629990611 -0 -0)
(16303.5476610876 -0 -0)
(16549.2454819801 -0 -0)
(16800.0743527202 -0 -0)
(17056.2680949682 -0 -0)
(17318.0748560303 -0 -0)
(17585.7622482243 -0 -0)
(17859.6161985717 -0 -0)
(18139.9457584574 -0 -0)
(18427.0820904655 -0 -0)
(18721.3835180569 -0 -0)
(19023.2428221366 -0 -0)
(19333.145965706 -0 -0)
(19651.9864797316 -0 -0)
(19980.8381785148 -0 -0)
(20320.3715217959 -0 -0)
(20670.9614314792 -0 -0)
(21033.0380696973 -0 -0)
(21407.2500408661 -0 -0)
(21794.4239840544 -0 -0)
(22195.4794307998 -0 -0)
(22611.3908308397 -0 -0)
(23043.1999497429 -0 -0)
(23492.0444139294 -0 -0)
(23959.1802359492 -0 -0)
(24445.9955865048 -0 -0)
(24954.0209689202 -0 -0)
(25484.9424827321 -0 -0)
(26040.6205213227 -0 -0)
(26623.1994099508 -0 -0)
(27235.1611002785 -0 -0)
(27879.256149273 -0 -0)
(28558.6024966245 -0 -0)
(29276.5625977383 -0 -0)
(30036.2985367235 -0 -0)
(30840.7925561629 -0 -0)
(31693.2434027278 -0 -0)
(32597.3741847216 -0 -0)
(33557.5470187672 -0 -0)
(34578.7713531746 -0 -0)
(35666.6702339352 -0 -0)
(36827.2775378949 -0 -0)
(38065.8546110179 -0 -0)
(39386.8730730374 -0 -0)
(40795.4218564401 -0 -0)
(42297.86146302 -0 -0)
(43901.9543423356 -0 -0)
(45616.7448861696 -0 -0)
(47452.3702828517 -0 -0)
(49420.0605061657 -0 -0)
(51530.4448137258 -0 -0)
(53791.5215167113 -0 -0)
(56209.6406039587 -0 -0)
(58791.9759905932 -0 -0)
(61548.2208293936 -0 -0)
(64491.0777845898 -0 -0)
(67634.6280985772 -0 -0)
(70990.8930822678 -0 -0)
(74569.5464647381 -0 -0)
(78380.3293498471 -0 -0)
(82434.1295547539 -0 -0)
(86742.7737023482 -0 -0)
(91315.9556084231 -0 -0)
(96160.4284830387 -0 -0)
(101282.643184106 -0 -0)
(106689.919051675 -0 -0)
(112390.603734533 -0 -0)
(118390.855792295 -0 -0)
(124692.590928659 -0 -0)
(131295.388911478 -0 -0)
(138197.365060616 -0 -0)
(145396.293727157 -0 -0)
(152887.992259586 -0 -0)
(160664.570552736 -0 -0)
(168715.993620557 -0 -0)
(177031.128481839 -0 -0)
(185598.26730681 -0 -0)
(194403.783963944 -0 -0)
(203430.117466039 -0 -0)
(212657.105082572 -0 -0)
(222064.240304238 -0 -0)
(231631.347609436 -0 -0)
(241338.938116057 -0 -0)
(251167.328659109 -0 -0)
(261095.322068823 -0 -0)
(271100.461323578 -0 -0)
(281160.669763273 -0 -0)
(291255.586636145 -0 -0)
(301366.805971002 -0 -0)
(311477.910615782 -0 -0)
(321574.101224764 -0 -0)
(331641.053867265 -0 -0)
(341664.471050005 -0 -0)
(351631.249177503 -0 -0)
(361530.395300454 -0 -0)
(371353.016653054 -0 -0)
(381092.122589732 -0 -0)
(390742.344689223 -0 -0)
(400299.610044331 -0 -0)
(409760.76444073 -0 -0)
(419123.346057832 -0 -0)
(428385.465441298 -0 -0)
(437545.89287083 -0 -0)
(446604.21929276 -0 -0)
(455560.803037737 -0 -0)
(464416.575533661 -0 -0)
(473172.84946718 -0 -0)
(481830.99086644 -0 -0)
(490392.599291195 -0 -0)
(498859.778140565 -0 -0)
(507235.081763993 -0 -0)
(515521.355074954 -0 -0)
(523721.663398618 -0 -0)
(531839.131742996 -0 -0)
(539876.86880276 -0 -0)
(547837.482938309 -0 -0)
(555723.101118542 -0 -0)
(563535.410457524 -0 -0)
(571275.742436707 -0 -0)
(578947.815619243 -0 -0)
(586538.986598582 -0 -0)
)
;

boundaryField
{
    electrode
    {
        type            calculated;
        value           uniform (-353848.694607143 -0 -0);
    }
    ground
    {
        type            calculated;
        value           uniform (590310.701407965 -0 -0);
    }
    otherfaces
    {
        type            empty;
    }
}


// ************************************************************************* //
