/*--------------------------------*- C++ -*----------------------------------*\
| =========                 |                                                 |
| \\      /  F ield         | foam-extend: Open Source CFD                    |
|  \\    /   O peration     | Version:     4.1                                |
|   \\  /    A nd           | Web:         http://www.foam-extend.org         |
|    \\/     M anipulation  |                                                 |
\*---------------------------------------------------------------------------*/
FoamFile
{
    version     2.0;
    format      ascii;
    class       volScalarField;
    location    "1.50099999934947e-05";
    object      eTempMean;
}
// * * * * * * * * * * * * * * * * * * * * * * * * * * * * * * * * * * * * * //

dimensions      [0 0 0 1 0 0 0];

internalField   nonuniform List<scalar> 
500
(
50150.3404268779
50284.3859665806
50342.2907515631
50464.8782703898
50563.4185674444
50671.1847005229
50772.3539139377
50871.4069753759
50964.4388230079
51052.1681528966
51133.3201980522
51208.4492420484
51277.3231017907
51340.4692809642
51398.0619361921
51450.5952548916
51498.3811807758
51541.862739771
51581.3747445442
51617.2996163166
51649.9478884542
51679.6411743349
51706.64967069
51731.2395742131
51753.6384797585
51774.0640773699
51792.7042819975
51809.7356160602
51825.3114804195
51839.5745492329
51852.6494568063
51864.6514154451
51875.6814264539
51885.8324196821
51895.1860716869
51903.817353122
51911.7923630801
51919.1716636409
51926.0087348624
51932.3525254612
51938.2463269065
51943.7297227298
51948.8377788332
51953.6025919222
51958.0526507639
51962.2140094008
51966.1098233503
51969.7612903989
51973.1872967042
51976.4051329298
51979.4302303062
51982.2767439086
51984.9573428946
51987.4836550295
51989.8661137678
51992.1143072804
51994.2368695197
51996.2417448253
51998.1361003161
51999.9265385673
52001.6190447923
52003.219148163
52004.7318856858
52006.1619247842
52007.513541422
52008.7907121325
52009.9970997233
52011.1361155344
52012.2109170134
52013.2244561499
52014.179482906
52015.0785783284
52015.9241611224
52016.7185086914
52017.4637674397
52018.1619649589
52018.8150224193
52019.4247598658
52019.9929094045
52020.5211161243
52021.0109541555
52021.4639231831
52021.8814631429
52022.2649483081
52022.6157018956
52022.9349883804
52023.2240284042
52023.4839897465
52023.7160022195
52023.9211475836
52024.1004741352
52024.2549862569
52024.3856583345
52024.493424511
52024.5791919748
52024.6438304099
52024.6881851998
52024.7130674825
52024.7192659491
52024.7075370336
52024.6786168619
52024.6332115351
52024.5720083638
52024.4956665439
52024.4048281385
52024.3001090861
52024.1821090019
52024.0514028631
52023.9085507304
52023.7540898022
52023.5885433832
52023.412413261
52023.2261884073
52023.030337551
52022.8253174634
52022.6115659713
52022.3895098065
52022.1595578339
52021.9221086151
52021.6775442186
52021.4262371966
52021.1685445559
52020.9048142668
52020.6353796271
52020.3605658615
52020.0806852072
52019.7960409006
52019.5069242395
52019.2136194904
52018.9163990402
52018.6155288097
52018.3112636498
52018.0038524034
52017.693533525
52017.3805397989
52017.0650942434
52016.7474148782
52016.4277106548
52016.1061858132
52015.7830360558
52015.4584528088
52015.1326194404
52014.805715489
52014.4779128615
52014.1493799924
52013.8202781516
52013.4907654126
52013.1609931871
52012.8311097731
52012.5012573492
52012.171575176
52011.8421967829
52011.5132531173
52011.1848696153
52010.857169412
52010.5302704726
52010.2042886903
52009.8793349797
52009.5555183847
52009.2329433189
52008.9117124197
52008.5919238796
52008.2736743729
52007.9570564801
52007.6421612913
52007.3290760899
52007.0178867325
52006.7086755046
52006.4015232796
52006.0965076799
52005.7937050294
52005.4931884751
52005.195030056
52004.8992987815
52004.6060626294
52004.3153867268
52004.0273352885
52003.7419697745
52003.459350784
52003.1795363707
52002.9025837728
52002.6285477437
52002.3574823983
52002.0894393518
52001.8244696554
52001.5626221416
52001.3039449877
52001.04848429
52000.796285518
52000.5473922469
52000.3018473677
52000.059691997
51999.8209666213
51999.5857100359
51999.3539604102
51999.1257544077
51998.9011279814
51998.680115672
51998.4627514319
51998.2490678011
51998.0390967383
51997.8328689032
51997.6304143929
51997.4317620187
51997.2369401763
51997.045975895
51996.8588958594
51996.6757254869
51996.4964897743
51996.3212126613
51996.1499175257
51995.9826267913
51995.8193623732
51995.6601452119
51995.5049957877
51995.353933647
51995.2069778967
51995.0641467822
51994.9254580315
51994.790928589
51994.6605749021
51994.5344127597
51994.4124572998
51994.2947230655
51994.1812240474
51994.0719736847
51993.9669847211
51993.8662694432
51993.7698394848
51993.6777060325
51993.5898796237
51993.5063703497
51993.4271876554
51993.3523406338
51993.2818376194
51993.2156867215
51993.1538951727
51993.0964701036
51993.0434176946
51992.9947441075
51992.950454519
51992.9105541148
51992.8750470162
51992.8439374911
51992.817228682
51992.7949239176
51992.7770253137
51992.7635353318
51992.7544961598
51992.7500573334
51992.7498022116
51992.753730313
51992.7622496136
51992.7752242602
51992.7926083355
51992.8143994751
51992.8405955209
51992.8711933758
51992.9061899943
51992.9455812525
51992.9893631841
51993.0375307354
51993.0900788779
51993.1470016178
51993.2082929211
51993.2739457843
51993.343953132
51993.4183069806
51993.4969992454
51993.5800208333
51993.6673626017
51993.7590145182
51993.8549662291
51993.95520667
51994.0597244215
51994.168507272
51994.2815426607
51994.3988172954
51994.5203173788
51994.6460284839
51994.7759356083
51994.9100230743
51995.0482747285
51995.190673619
51995.3372022201
51995.4878423981
51995.6425752976
51995.8013814063
51995.9642404348
51996.1311315726
51996.3020330286
51996.4769225478
51996.6557768477
51996.838572136
51997.025283635
51997.2158859396
51997.4103526371
51997.6086567175
51997.8107699962
51998.0166637469
51998.2263080613
51998.4396723053
51998.6567247346
51998.8774328381
51999.1017628579
51999.3296803623
51999.5611494749
51999.7961336787
52000.0345949617
52000.2764945626
52000.5217921736
52000.7704466962
52001.0224154349
52001.2776548673
52001.5361197095
52001.7977638251
52002.0625393113
52002.3303972633
52002.6012868883
52002.8751565052
52003.1519522718
52003.4316194261
52003.7141009308
52003.9993387259
52004.2872724647
52004.57784063
52004.8709792413
52005.1666231451
52005.4647045357
52005.7651543151
52006.0679006534
52006.372870302
52006.6799871295
52006.9891734722
52007.3003486701
52007.6134303006
52007.9283327417
52008.2449686038
52008.563246979
52008.8830751897
52009.2043568407
52009.5269934979
52009.8508827656
52010.1759201113
52010.5019967031
52010.8290014724
52011.1568187744
52011.4853304984
52011.8144137104
52012.1439427891
52012.4737869478
52012.8038125081
52013.133880294
52013.4638479909
52013.7935675364
52014.1228872987
52014.4516495122
52014.7796926018
52015.1068484728
52015.4329448994
52015.7578026473
52016.0812380439
52016.4030597764
52016.7230719202
52017.0410704074
52017.3568460295
52017.6701811073
52017.9808521774
52018.2886264769
52018.5932652683
52018.8945198676
52019.1921351501
52019.4858454233
52019.7753780008
52020.0604487292
52020.3407660294
52020.6160268021
52020.8859183396
52021.1501156159
52021.408284772
52021.6600779838
52021.9051378997
52022.1430922516
52022.373558632
52022.596138634
52022.810422995
52023.0159854597
52023.2123876966
52023.3991732948
52023.5758729645
52023.7419980441
52023.8970462914
52024.0404945108
52024.1718050897
52024.2904181161
52024.3957581162
52024.4872258201
52024.5642048916
52024.6260537962
52024.6721127618
52024.7016949482
52024.714093988
52024.7085743534
52024.6843792855
52024.6407208387
52024.5767880074
52024.4917360871
52024.3846952614
52024.2547595183
52024.1009950783
52023.922428867
52023.7180569072
52023.4868320047
52023.2276726692
52022.93945023
52022.6209969868
52022.2710934563
52021.8884751808
52021.4718199564
52021.0197531677
52020.5308352439
52020.0035653934
52019.4363698764
52018.8276025702
52018.1755313756
52017.4783348919
52016.7340917884
52015.9407724758
52015.0962299511
52014.1981843695
52013.2442160882
52012.2317410924
52011.1580074845
52010.0200590445
52008.8147362984
52007.5386233386
52006.1880542803
52004.759047405
52003.2473240313
52001.6482125851
51999.9566748829
51998.1671789945
51996.2737404615
51994.2697556927
51992.1480600226
51989.900709652
51987.5190751361
51984.9935703196
51982.3137670714
51979.4680396313
51976.4437242164
51973.2266687961
51969.8014492935
51966.1507793301
51962.2557812773
51958.0952628801
51953.6460782817
51948.8821796583
51943.7750891894
51938.2927169807
51932.4000087089
51926.0573886243
51919.2215778115
51911.8436351945
51903.8700914062
51895.2403891339
51885.8884380545
51875.7392706925
51864.7112169619
51852.7113467941
51839.6386615792
51825.3779470196
51809.8045692305
51792.775848849
51774.1383793689
51753.7156279959
51731.3196671745
51706.7327905753
51679.7273790369
51650.0372106885
51617.3920491416
51581.4702447023
51541.9612041837
51498.4824605487
51450.6991141101
51398.1680820138
51340.577301448
51277.4325241721
51208.5594445809
51133.4305077505
51052.2777093151
50964.5467577026
50871.5122107169
50772.4556288322
50671.2816068099
50563.5109129263
50464.964300172
50342.37104345
50284.4584771101
50150.4082837771
)
;

boundaryField
{
    electrode
    {
        type            calculated;
        value           uniform 50150.3404268779;
    }
    ground
    {
        type            calculated;
        value           uniform 50150.4082837771;
    }
    otherfaces
    {
        type            empty;
    }
}


// ************************************************************************* //
