/*--------------------------------*- C++ -*----------------------------------*\
| =========                 |                                                 |
| \\      /  F ield         | foam-extend: Open Source CFD                    |
|  \\    /   O peration     | Version:     4.1                                |
|   \\  /    A nd           | Web:         http://www.foam-extend.org         |
|    \\/     M anipulation  |                                                 |
\*---------------------------------------------------------------------------*/
FoamFile
{
    version     2.0;
    format      ascii;
    class       volVectorField;
    location    "1.50099999934947e-05";
    object      term2;
}
// * * * * * * * * * * * * * * * * * * * * * * * * * * * * * * * * * * * * * //

dimensions      [0 -2 -2 0 0 0 0];

internalField   nonuniform List<vector> 
500
(
(-3.71992482010642e+26 0 0)
(-3.6777490626661e+26 0 0)
(-3.64216630474267e+26 0 0)
(-3.60102037696169e+26 0 0)
(-3.56654902307604e+26 0 0)
(-3.51725999461756e+26 0 0)
(-3.46841025847306e+26 0 0)
(-3.41518882200281e+26 0 0)
(-3.36889128184802e+26 0 0)
(-3.31843070316315e+26 0 0)
(-3.27460107975312e+26 0 0)
(-3.22684522496946e+26 0 0)
(-3.18543420073897e+26 0 0)
(-3.14033260132356e+26 0 0)
(-3.10125092248926e+26 0 0)
(-3.04349956338947e+26 0 0)
(-2.99049884570553e+26 0 0)
(-2.9354337670182e+26 0 0)
(-2.88692110895841e+26 0 0)
(-2.83644911502466e+26 0 0)
(-2.79214413317037e+26 0 0)
(-2.74599793492677e+26 0 0)
(-2.70556907249423e+26 0 0)
(-2.64713043123465e+26 0 0)
(-2.59467483284484e+26 0 0)
(-2.54198176787633e+26 0 0)
(-2.49556798298584e+26 0 0)
(-2.44877785844787e+26 0 0)
(-2.40770170503196e+26 0 0)
(-2.3661268956683e+26 0 0)
(-2.31596878576315e+26 0 0)
(-2.26501780562241e+26 0 0)
(-2.22023267368813e+26 0 0)
(-2.17612546840351e+26 0 0)
(-2.13743155398101e+26 0 0)
(-2.09909756282008e+26 0 0)
(-2.06456926413866e+26 0 0)
(-2.01842118978622e+26 0 0)
(-1.97795063471951e+26 0 0)
(-1.93865972151153e+26 0 0)
(-1.9041821069576e+26 0 0)
(-1.87043746148689e+26 0 0)
(-1.84083248653944e+26 0 0)
(-1.81163218138577e+26 0 0)
(-1.77672428065013e+26 0 0)
(-1.74272024907143e+26 0 0)
(-1.7127676336015e+26 0 0)
(-1.68357633840391e+26 0 0)
(-1.6578107942072e+26 0 0)
(-1.63248209380758e+26 0 0)
(-1.61009149163719e+26 0 0)
(-1.58781689557663e+26 0 0)
(-1.56167822614191e+26 0 0)
(-1.53616987525981e+26 0 0)
(-1.51345784806781e+26 0 0)
(-1.49110275817913e+26 0 0)
(-1.47111723006835e+26 0 0)
(-1.45124066823534e+26 0 0)
(-1.43339571712301e+26 0 0)
(-1.41552398649102e+26 0 0)
(-1.39946735331102e+26 0 0)
(-1.38061863890346e+26 0 0)
(-1.36241480425409e+26 0 0)
(-1.34428436722438e+26 0 0)
(-1.32785082415576e+26 0 0)
(-1.31140425014021e+26 0 0)
(-1.29646012760616e+26 0 0)
(-1.28137760543118e+26 0 0)
(-1.26759435092177e+26 0 0)
(-1.2536094819631e+26 0 0)
(-1.24084696283456e+26 0 0)
(-1.22790740702099e+26 0 0)
(-1.21463173234684e+26 0 0)
(-1.20100669352803e+26 0 0)
(-1.18851737057072e+26 0 0)
(-1.17584805993756e+26 0 0)
(-1.16418223830147e+26 0 0)
(-1.15228897292471e+26 0 0)
(-1.14132031205517e+26 0 0)
(-1.13012309016442e+26 0 0)
(-1.11980918078037e+26 0 0)
(-1.1092704324417e+26 0 0)
(-1.09955187353429e+26 0 0)
(-1.08957952452661e+26 0 0)
(-1.08040933107039e+26 0 0)
(-1.07107862271699e+26 0 0)
(-1.06244296995993e+26 0 0)
(-1.0535257039141e+26 0 0)
(-1.04526756228496e+26 0 0)
(-1.03672361769182e+26 0 0)
(-1.02879308506672e+26 0 0)
(-1.02056367626749e+26 0 0)
(-1.01290567859967e+26 0 0)
(-1.00494149053323e+26 0 0)
(-9.97513954180914e+25 0 0)
(-9.89778127236264e+25 0 0)
(-9.82550568215303e+25 0 0)
(-9.75015464287147e+25 0 0)
(-9.67963247851845e+25 0 0)
(-9.60853482040528e+25 0 0)
(-9.54532796329062e+25 0 0)
(-9.47885474597688e+25 0 0)
(-9.41654191584133e+25 0 0)
(-9.35098574675462e+25 0 0)
(-9.28940872561092e+25 0 0)
(-9.22464100086008e+25 0 0)
(-9.16371493477587e+25 0 0)
(-9.09967930322084e+25 0 0)
(-9.03934677249911e+25 0 0)
(-8.97591788735481e+25 0 0)
(-8.91599217520604e+25 0 0)
(-8.85298804117537e+25 0 0)
(-8.79335706530293e+25 0 0)
(-8.73070366187182e+25 0 0)
(-8.67130536580841e+25 0 0)
(-8.6089412411334e+25 0 0)
(-8.54971986629153e+25 0 0)
(-8.4875896644792e+25 0 0)
(-8.4284945241792e+25 0 0)
(-8.36654601497569e+25 0 0)
(-8.30753318748559e+25 0 0)
(-8.24572097220059e+25 0 0)
(-8.18674832506564e+25 0 0)
(-8.12503085821877e+25 0 0)
(-8.06606179714733e+25 0 0)
(-8.0044030456416e+25 0 0)
(-7.94540490913097e+25 0 0)
(-7.88377091191259e+25 0 0)
(-7.82471476627319e+25 0 0)
(-7.76307658437831e+25 0 0)
(-7.70393638480402e+25 0 0)
(-7.6422668056349e+25 0 0)
(-7.58302044911283e+25 0 0)
(-7.5212974297331e+25 0 0)
(-7.46192416923929e+25 0 0)
(-7.40012648462542e+25 0 0)
(-7.34060918930652e+25 0 0)
(-7.27871868515729e+25 0 0)
(-7.21904193401631e+25 0 0)
(-7.15704334764975e+25 0 0)
(-7.09719444520647e+25 0 0)
(-7.03507414410261e+25 0 0)
(-6.97504081266589e+25 0 0)
(-6.91278726383047e+25 0 0)
(-6.85256083164249e+25 0 0)
(-6.79016394645321e+25 0 0)
(-6.72973599666589e+25 0 0)
(-6.66718707969819e+25 0 0)
(-6.60655151434952e+25 0 0)
(-6.54384368455793e+25 0 0)
(-6.48299508209769e+25 0 0)
(-6.42012268775242e+25 0 0)
(-6.35905677732998e+25 0 0)
(-6.29601533437406e+25 0 0)
(-6.23472989663533e+25 0 0)
(-6.17151602429263e+25 0 0)
(-6.11000841964808e+25 0 0)
(-6.04661979742153e+25 0 0)
(-5.98488932633662e+25 0 0)
(-5.92132463081887e+25 0 0)
(-5.8593710538947e+25 0 0)
(-5.79562990641069e+25 0 0)
(-5.73345344534865e+25 0 0)
(-5.6695355097605e+25 0 0)
(-5.6071385377669e+25 0 0)
(-5.54304479386425e+25 0 0)
(-5.48042834284219e+25 0 0)
(-5.41616060676583e+25 0 0)
(-5.35332735729871e+25 0 0)
(-5.28888820944671e+25 0 0)
(-5.22584117379984e+25 0 0)
(-5.16123277434126e+25 0 0)
(-5.09797611200165e+25 0 0)
(-5.03320180613945e+25 0 0)
(-4.96973956098911e+25 0 0)
(-4.90480335755872e+25 0 0)
(-4.84113985394297e+25 0 0)
(-4.77604606183924e+25 0 0)
(-4.71218662471298e+25 0 0)
(-4.64693983323562e+25 0 0)
(-4.5828893307748e+25 0 0)
(-4.51749442521935e+25 0 0)
(-4.4532590182308e+25 0 0)
(-4.38772181237706e+25 0 0)
(-4.32330719742098e+25 0 0)
(-4.25763340406626e+25 0 0)
(-4.19304615678694e+25 0 0)
(-4.12724172747464e+25 0 0)
(-4.06248860814246e+25 0 0)
(-3.99656002825663e+25 0 0)
(-3.93164768366247e+25 0 0)
(-3.86560164490971e+25 0 0)
(-3.80053721789669e+25 0 0)
(-3.7343806118394e+25 0 0)
(-3.66917196280408e+25 0 0)
(-3.60291187043049e+25 0 0)
(-3.53756618223816e+25 0 0)
(-3.47121040023152e+25 0 0)
(-3.40573555688786e+25 0 0)
(-3.33929151158648e+25 0 0)
(-3.27369553328009e+25 0 0)
(-3.20717084407746e+25 0 0)
(-3.1414621169879e+25 0 0)
(-3.07486504121163e+25 0 0)
(-3.00905159873458e+25 0 0)
(-2.9423905168244e+25 0 0)
(-2.87648076127755e+25 0 0)
(-2.80976396495333e+25 0 0)
(-2.74376662751868e+25 0 0)
(-2.67700254706612e+25 0 0)
(-2.61092664906321e+25 0 0)
(-2.54412402682933e+25 0 0)
(-2.47797811662116e+25 0 0)
(-2.41114561179973e+25 0 0)
(-2.34493911247772e+25 0 0)
(-2.27808563701185e+25 0 0)
(-2.21182738741916e+25 0 0)
(-2.14496205839951e+25 0 0)
(-2.07866156735101e+25 0 0)
(-2.01179333782753e+25 0 0)
(-1.94545997221792e+25 0 0)
(-1.87859766000175e+25 0 0)
(-1.81224142808021e+25 0 0)
(-1.7453940407876e+25 0 0)
(-1.67902464990741e+25 0 0)
(-1.61220119432378e+25 0 0)
(-1.54582740972069e+25 0 0)
(-1.47904113520005e+25 0 0)
(-1.41267013345501e+25 0 0)
(-1.34592228815694e+25 0 0)
(-1.27957504014537e+25 0 0)
(-1.21287742796e+25 0 0)
(-1.14655854251599e+25 0 0)
(-1.07991928354073e+25 0 0)
(-1.01363940881963e+25 0 0)
(-9.47067181802835e+24 0 0)
(-8.80837214211117e+24 0 0)
(-8.14341227157896e+24 0 0)
(-7.48172115193649e+24 0 0)
(-6.81761564142608e+24 0 0)
(-6.15664448312482e+24 0 0)
(-5.49348262680164e+24 0 0)
(-4.83334775609477e+24 0 0)
(-4.17122007011958e+24 0 0)
(-3.51191058891298e+24 0 0)
(-2.85115900801351e+24 0 0)
(-2.19255918594297e+24 0 0)
(-1.53348983129734e+24 0 0)
(-8.75672654489406e+23 0 0)
(-2.18249948720997e+23 0 0)
(4.38428312611246e+23 0 0)
(1.09447504922731e+24 0 0)
(1.74951656404704e+24 0 0)
(2.40444621082122e+24 0 0)
(3.00436598331084e+24 0 0)
(3.714956462302e+24 0 0)
(4.37115625348151e+24 0 0)
(5.03017318128591e+24 0 0)
(5.68717221770361e+24 0 0)
(6.34720138670999e+24 0 0)
(7.00501176221595e+24 0 0)
(7.66596744382879e+24 0 0)
(8.32448367993726e+24 0 0)
(8.98628092250928e+24 0 0)
(9.6453904728418e+24 0 0)
(1.03079416009138e+25 0 0)
(1.0967541138983e+25 0 0)
(1.16307634129186e+25 0 0)
(1.22907444979136e+25 0 0)
(1.2954551973522e+25 0 0)
(1.36147957463879e+25 0 0)
(1.42789923734263e+25 0 0)
(1.49398612825113e+25 0 0)
(1.56046528452829e+25 0 0)
(1.62652792676929e+25 0 0)
(1.69304224907849e+25 0 0)
(1.75910124072038e+25 0 0)
(1.82564054603522e+25 0 0)
(1.89168730309278e+25 0 0)
(1.95824286846901e+25 0 0)
(2.02426770166118e+25 0 0)
(2.09083066249588e+25 0 0)
(2.1568239021755e+25 0 0)
(2.22338527272362e+25 0 0)
(2.28933788971269e+25 0 0)
(2.35588881179285e+25 0 0)
(2.4217913078561e+25 0 0)
(2.48832292244758e+25 0 0)
(2.55416643022023e+25 0 0)
(2.62067012997785e+25 0 0)
(2.68644555707314e+25 0 0)
(2.75291263268586e+25 0 0)
(2.81861158073175e+25 0 0)
(2.88503320490529e+25 0 0)
(2.95064679008776e+25 0 0)
(3.01701507378764e+25 0 0)
(3.08253470800616e+25 0 0)
(3.14884105389445e+25 0 0)
(3.21425846714184e+25 0 0)
(3.28049484087776e+25 0 0)
(3.34580213334227e+25 0 0)
(3.41196065932313e+25 0 0)
(3.47714958387884e+25 0 0)
(3.54322227786967e+25 0 0)
(3.60828493899041e+25 0 0)
(3.67426474864986e+25 0 0)
(3.73919339329619e+25 0 0)
(3.80507293347474e+25 0 0)
(3.86986022543054e+25 0 0)
(3.9356319831526e+25 0 0)
(4.00027074987444e+25 0 0)
(4.06592824018686e+25 0 0)
(4.13041149069241e+25 0 0)
(4.19594815280394e+25 0 0)
(4.26026875656704e+25 0 0)
(4.32567822371455e+25 0 0)
(4.38982984406862e+25 0 0)
(4.45510628625028e+25 0 0)
(4.51908246729982e+25 0 0)
(4.58422029184237e+25 0 0)
(4.6480151082843e+25 0 0)
(4.71300896621218e+25 0 0)
(4.77661706582667e+25 0 0)
(4.84146185688186e+25 0 0)
(4.90487814314769e+25 0 0)
(4.96956901968633e+25 0 0)
(5.03278864846172e+25 0 0)
(5.09732177514904e+25 0 0)
(5.16034017070211e+25 0 0)
(5.22471203574177e+25 0 0)
(5.28752447223277e+25 0 0)
(5.35173185148872e+25 0 0)
(5.41433544423458e+25 0 0)
(5.47837548461962e+25 0 0)
(5.54076734018345e+25 0 0)
(5.60463754087414e+25 0 0)
(5.6668146682876e+25 0 0)
(5.73051457679825e+25 0 0)
(5.79247560604521e+25 0 0)
(5.85600349649623e+25 0 0)
(5.91774745841966e+25 0 0)
(5.98110330873659e+25 0 0)
(6.04262919769896e+25 0 0)
(6.10581436668874e+25 0 0)
(6.16712296836361e+25 0 0)
(6.23013888652492e+25 0 0)
(6.29123052946041e+25 0 0)
(6.35407961278619e+25 0 0)
(6.41495700207414e+25 0 0)
(6.47764272280213e+25 0 0)
(6.53830914300014e+25 0 0)
(6.60083607558136e+25 0 0)
(6.66129539460272e+25 0 0)
(6.72366978730447e+25 0 0)
(6.78392802508481e+25 0 0)
(6.84615738101433e+25 0 0)
(6.90622074002854e+25 0 0)
(6.96831387553859e+25 0 0)
(7.02819139716709e+25 0 0)
(7.09015851371991e+25 0 0)
(7.14986063069467e+25 0 0)
(7.21171393387604e+25 0 0)
(7.27125253398887e+25 0 0)
(7.33300747652818e+25 0 0)
(7.39239654851985e+25 0 0)
(7.45407032343413e+25 0 0)
(7.51332665250013e+25 0 0)
(7.57493827192263e+25 0 0)
(7.63408219331781e+25 0 0)
(7.69565437934599e+25 0 0)
(7.75470880787858e+25 0 0)
(7.81626822347342e+25 0 0)
(7.87525941136665e+25 0 0)
(7.93683753640936e+25 0 0)
(7.99579590133555e+25 0 0)
(8.05742808306352e+25 0 0)
(8.11638974205931e+25 0 0)
(8.17811543799071e+25 0 0)
(8.23712192849414e+25 0 0)
(8.29899018891462e+25 0 0)
(8.35809016596935e+25 0 0)
(8.42015501460755e+25 0 0)
(8.4794054008005e+25 0 0)
(8.54173089262182e+25 0 0)
(8.60119747189983e+25 0 0)
(8.66385910496687e+25 0 0)
(8.72362064093873e+25 0 0)
(8.78670555406964e+25 0 0)
(8.8468533391187e+25 0 0)
(8.91046612770926e+25 0 0)
(8.97111083651692e+25 0 0)
(9.03537842373254e+25 0 0)
(9.09667632872826e+25 0 0)
(9.16182591060816e+25 0 0)
(9.22404113335156e+25 0 0)
(9.29030091258292e+25 0 0)
(9.35360325793056e+25 0 0)
(9.42115324136721e+25 0 0)
(9.48576407379029e+25 0 0)
(9.5548817761047e+25 0 0)
(9.62112869464154e+25 0 0)
(9.69305536389615e+25 0 0)
(9.76865980620834e+25 0 0)
(9.84988446512234e+25 0 0)
(9.92891918090749e+25 0 0)
(1.00140757428139e+26 0 0)
(1.00973049409577e+26 0 0)
(1.01872583749131e+26 0 0)
(1.02756480331878e+26 0 0)
(1.03715251294057e+26 0 0)
(1.04663692355739e+26 0 0)
(1.05696787835752e+26 0 0)
(1.06726805051668e+26 0 0)
(1.07857149521895e+26 0 0)
(1.09011829133623e+26 0 0)
(1.10277855272399e+26 0 0)
(1.11561613412083e+26 0 0)
(1.12974346110208e+26 0 0)
(1.14420456415542e+26 0 0)
(1.16019323541898e+26 0 0)
(1.1767346181577e+26 0 0)
(1.1951088983099e+26 0 0)
(1.21321274637579e+26 0 0)
(1.23156697591134e+26 0 0)
(1.25066508379764e+26 0 0)
(1.27196478013674e+26 0 0)
(1.29437957893471e+26 0 0)
(1.31953023717867e+26 0 0)
(1.34634109318158e+26 0 0)
(1.37358402531501e+26 0 0)
(1.39897831418238e+26 0 0)
(1.42755330449778e+26 0 0)
(1.45801357825215e+26 0 0)
(1.49240513039484e+26 0 0)
(1.52948570867404e+26 0 0)
(1.56506575766101e+26 0 0)
(1.59885807179455e+26 0 0)
(1.63709376920198e+26 0 0)
(1.67822899758487e+26 0 0)
(1.7249580597474e+26 0 0)
(1.77132786364645e+26 0 0)
(1.81307087022681e+26 0 0)
(1.85765284991924e+26 0 0)
(1.90812013776656e+26 0 0)
(1.96247799471993e+26 0 0)
(2.01998898719628e+26 0 0)
(2.06696854822352e+26 0 0)
(2.11990156026683e+26 0 0)
(2.17612179002253e+26 0 0)
(2.23952151767413e+26 0 0)
(2.3042954858618e+26 0 0)
(2.35781195390825e+26 0 0)
(2.41354408366334e+26 0 0)
(2.47585377862156e+26 0 0)
(2.54097396474292e+26 0 0)
(2.6137474770705e+26 0 0)
(2.67181554912602e+26 0 0)
(2.73034393207128e+26 0 0)
(2.78984376961941e+26 0 0)
(2.85573012224123e+26 0 0)
(2.92273307475212e+26 0 0)
(2.99679683255977e+26 0 0)
(3.05470644128376e+26 0 0)
(3.11189948650217e+26 0 0)
(3.16805427918949e+26 0 0)
(3.22995603164871e+26 0 0)
(3.29061452480306e+26 0 0)
(3.35732899342017e+26 0 0)
(3.42259491416383e+26 0 0)
(3.48486689375338e+26 0 0)
(3.53232309524111e+26 0 0)
(3.58509666753015e+26 0 0)
(3.63450316702931e+26 0 0)
(3.68947274764716e+26 0 0)
(3.74072487655215e+26 0 0)
(3.79780204420323e+26 0 0)
(3.85084136609802e+26 0 0)
(3.90998491052199e+26 0 0)
(3.96482261146775e+26 0 0)
(4.01307356764591e+26 0 0)
(4.05126596976264e+26 0 0)
(4.09548325459894e+26 0 0)
(4.13410780567277e+26 0 0)
(4.17905804637379e+26 0 0)
(4.21812359578047e+26 0 0)
(4.26378310633088e+26 0 0)
(4.30329590890372e+26 0 0)
(4.34975727623704e+26 0 0)
(4.38977504757204e+26 0 0)
(4.43699773678072e+26 0 0)
(4.47750511725423e+26 0 0)
(4.52554096147345e+26 0 0)
(4.56661139465864e+26 0 0)
(4.60893862489319e+26 0 0)
(4.63683433730229e+26 0 0)
(4.67251843338823e+26 0 0)
(4.70044990482909e+26 0 0)
(4.73650582070048e+26 0 0)
(4.76453048736372e+26 0 0)
(4.80054511943501e+26 0 0)
)
;

boundaryField
{
    electrode
    {
        type            calculated;
        value           uniform (-3.71992482010642e+26 0 0);
    }
    ground
    {
        type            calculated;
        value           uniform (4.80054511943501e+26 0 0);
    }
    otherfaces
    {
        type            empty;
    }
}


// ************************************************************************* //
