/*--------------------------------*- C++ -*----------------------------------*\
| =========                 |                                                 |
| \\      /  F ield         | foam-extend: Open Source CFD                    |
|  \\    /   O peration     | Version:     4.1                                |
|   \\  /    A nd           | Web:         http://www.foam-extend.org         |
|    \\/     M anipulation  |                                                 |
\*---------------------------------------------------------------------------*/
FoamFile
{
    version     2.0;
    format      ascii;
    class       volScalarField;
    location    "1.50399999960923e-05";
    object      Arp1Mean;
}
// * * * * * * * * * * * * * * * * * * * * * * * * * * * * * * * * * * * * * //

dimensions      [0 -3 0 0 0 0 0];

internalField   nonuniform List<scalar> 
500
(
2.87531174378158e+17
2.90697646219472e+17
2.9174140129371e+17
2.93673622131033e+17
2.94924576093304e+17
2.9686256411362e+17
2.98219902195809e+17
3.00123588933057e+17
3.01612821827464e+17
3.03531922338923e+17
3.05187315937536e+17
3.07154988009606e+17
3.08910083829712e+17
3.10893545985148e+17
3.12755475365983e+17
3.14822124323759e+17
3.16816593217156e+17
3.18940450810878e+17
3.20991175619686e+17
3.23162867583914e+17
3.25338080214026e+17
3.27630620787816e+17
3.29918607886307e+17
3.32260718401342e+17
3.34606298538936e+17
3.37023572885313e+17
3.39469098169177e+17
3.41965590915582e+17
3.44484588064193e+17
3.47064277452664e+17
3.49707460280414e+17
3.52427929693105e+17
3.55188636473751e+17
3.57995209665147e+17
3.60852063077291e+17
3.63778630721762e+17
3.66775275197418e+17
3.69834982525821e+17
3.72948000333379e+17
3.76120934991521e+17
3.7935844741458e+17
3.82664853964161e+17
3.86042469333916e+17
3.89489699395247e+17
3.93003622108898e+17
3.96588218166706e+17
4.00244876463996e+17
4.03975083839672e+17
4.07781890230802e+17
4.11668940630315e+17
4.15636788564272e+17
4.19683200566696e+17
4.2380448530861e+17
4.28002308064194e+17
4.32286756651171e+17
4.36669279906499e+17
4.41145710236966e+17
4.45687028229758e+17
4.50258604714147e+17
4.54866576471983e+17
4.59596055538507e+17
4.64453986684935e+17
4.6941437981109e+17
4.74500586734179e+17
4.79711122006564e+17
4.85051829518376e+17
4.90525935501521e+17
4.96139310474109e+17
5.0189622275221e+17
5.07802527890209e+17
5.13863056474158e+17
5.20081334383003e+17
5.26459227392801e+17
5.33000909698461e+17
5.39716953774949e+17
5.46618081618699e+17
5.53690193625445e+17
5.60873782279943e+17
5.6810363688911e+17
5.755121426542e+17
5.8319825619288e+17
5.91127833987103e+17
5.99324797535252e+17
6.07798104771529e+17
6.16559903275513e+17
6.25618578465015e+17
6.34987302118202e+17
6.44681409060927e+17
6.54694958580129e+17
6.64953493805217e+17
6.75313421961477e+17
6.85934908800652e+17
6.97041450609386e+17
7.08620160943212e+17
7.20692807863763e+17
7.33282118952901e+17
7.4638435971282e+17
7.59901563695006e+17
7.73592543739136e+17
7.87648985406033e+17
8.02438832206384e+17
8.17968506813801e+17
8.34191064832271e+17
8.50901036077197e+17
8.67820675524445e+17
8.8532621302623e+17
9.03795275067011e+17
9.22992118017635e+17
9.42461400855167e+17
9.62328561487691e+17
9.83104627490454e+17
1.00456081568588e+18
1.02618920943904e+18
1.04830530936889e+18
1.07124058777892e+18
1.09435219742292e+18
1.11772454134352e+18
1.1417726641047e+18
1.16595429365201e+18
1.1902690172024e+18
1.21508396827924e+18
1.23991863420987e+18
1.26478369814267e+18
1.2899815982465e+18
1.31508294121584e+18
1.34011106958853e+18
1.36534097720938e+18
1.39041538894143e+18
1.4153083661501e+18
1.4402939756632e+18
1.46516461500318e+18
1.48976740225328e+18
1.51428117507806e+18
1.53878399876693e+18
1.56309821771435e+18
1.58714590668953e+18
1.61106220355505e+18
1.63489116718592e+18
1.65857514573454e+18
1.68202351909366e+18
1.70520525800603e+18
1.72817640055163e+18
1.75096974890117e+18
1.7735851870919e+18
1.79601430233542e+18
1.81824267178847e+18
1.84026916682549e+18
1.86211286759497e+18
1.88378313350147e+18
1.90527562835663e+18
1.92658848604997e+18
1.94772129807251e+18
1.96867079304146e+18
1.98943394439813e+18
2.01000924043683e+18
2.03039576367676e+18
2.05059279776978e+18
2.07059970780485e+18
2.09041592102016e+18
2.11004095449302e+18
2.12947422192307e+18
2.14871477531755e+18
2.16776110180237e+18
2.18661125396842e+18
2.20526889852866e+18
2.22374439160922e+18
2.24203874848663e+18
2.26014463000018e+18
2.27805823966618e+18
2.29577778283977e+18
2.31330208890491e+18
2.33063017798046e+18
2.34776114784494e+18
2.36469413149718e+18
2.38142828105568e+18
2.39796275885568e+18
2.41429673386098e+18
2.4304293840997e+18
2.44635989575721e+18
2.46208745975215e+18
2.47761126948331e+18
2.49293051937515e+18
2.50804440622903e+18
2.52295213237363e+18
2.53765290731238e+18
2.55214594912895e+18
2.56643048553085e+18
2.58050575423438e+18
2.59437100290062e+18
2.60802548966556e+18
2.62146848345345e+18
2.63469926377391e+18
2.64771712096586e+18
2.66052135695516e+18
2.67311128622394e+18
2.6854862365363e+18
2.69764554949585e+18
2.70958858082937e+18
2.72131470064865e+18
2.73282329352428e+18
2.74411375852881e+18
2.7551855100818e+18
2.76603797855328e+18
2.77667061043697e+18
2.78708286856186e+18
2.79727423237583e+18
2.80724419821158e+18
2.81699227957317e+18
2.82651800742945e+18
2.83582093046326e+18
2.84490061536209e+18
2.85375664707906e+18
2.86238862906737e+18
2.87079618352301e+18
2.87897895161374e+18
2.88693659369262e+18
2.89466878936238e+18
2.90217523771302e+18
2.90945565760341e+18
2.91650978782247e+18
2.92333738719996e+18
2.92993823484185e+18
2.93631213023885e+18
2.94245889332215e+18
2.94837836461316e+18
2.95407040549441e+18
2.95953489829246e+18
2.96477174634144e+18
2.96978087426477e+18
2.97456222855426e+18
2.9791157784708e+18
2.98344151350616e+18
2.98753949973232e+18
2.99141003497449e+18
2.99505287176583e+18
2.99846918343568e+18
3.00165945394432e+18
3.00462264059285e+18
3.00735855905352e+18
3.00986707766007e+18
3.01214807070061e+18
3.01420142497854e+18
3.01602703999989e+18
3.01762482656253e+18
3.01899470579614e+18
3.02013660564987e+18
3.02105045795232e+18
3.02173629698832e+18
3.02219472096678e+18
3.02242268918093e+18
3.02242408479622e+18
3.02219893361988e+18
3.02174334154326e+18
3.02106030593579e+18
3.02014926343878e+18
3.01901017139295e+18
3.01764309668883e+18
3.01604811093315e+18
3.01422529245563e+18
3.01217472987036e+18
3.0098965231188e+18
3.00739078475693e+18
3.00465763985549e+18
3.00169722003575e+18
2.99850971169107e+18
2.99509613366827e+18
2.99145603250542e+18
2.98758825062239e+18
2.98349300141988e+18
2.97916999721156e+18
2.9746191702725e+18
2.96984052990232e+18
2.964834106087e+18
2.9595999516165e+18
2.95413814112847e+18
2.94844877056622e+18
2.94253195692126e+18
2.9363878381803e+18
2.93001657309383e+18
2.92341834100815e+18
2.9165933418209e+18
2.90954179576738e+18
2.90226394332647e+18
2.89476004507188e+18
2.88703038148455e+18
2.87907525280312e+18
2.87089497875316e+18
2.86248989832031e+18
2.85386036966023e+18
2.84500676992637e+18
2.83592949501165e+18
2.82662895931233e+18
2.81710559549462e+18
2.80735985424786e+18
2.79739220397149e+18
2.78720313052624e+18
2.77679313695706e+18
2.76616274318949e+18
2.75531248574674e+18
2.7442429174401e+18
2.73295460709062e+18
2.72144813928515e+18
2.70972411425503e+18
2.69778314761629e+18
2.68562586925072e+18
2.67325292283286e+18
2.66066496614092e+18
2.64786267083678e+18
2.63484672195365e+18
2.62161781702625e+18
2.60817666518759e+18
2.59452398635634e+18
2.58066051097707e+18
2.5665869802285e+18
2.55230414585372e+18
2.53781276982894e+18
2.52311362408844e+18
2.50820749000978e+18
2.49309515763489e+18
2.47777742429989e+18
2.46225509284192e+18
2.44652896857724e+18
2.43059985817166e+18
2.41446857125998e+18
2.39813592181459e+18
2.38160273001667e+18
2.36486982527709e+18
2.34793804506333e+18
2.33080823672226e+18
2.31348126682457e+18
2.29595803686517e+18
2.27823952623524e+18
2.26032690487177e+18
2.24222196126443e+18
2.22392847696653e+18
2.20545380025759e+18
2.18679698508672e+18
2.16794766803708e+18
2.14890212473009e+18
2.12966230438056e+18
2.11022972504567e+18
2.09060534312823e+18
2.07078974431707e+18
2.05078340462554e+18
2.03058689502653e+18
2.01020084982396e+18
1.98962598447447e+18
1.96886321469028e+18
1.94791405333001e+18
1.92678152906385e+18
1.9054689213777e+18
1.88397663220616e+18
1.86230651295944e+18
1.84046292323343e+18
1.81843657292045e+18
1.79620834303118e+18
1.77377928637272e+18
1.75116382766498e+18
1.72837039146937e+18
1.70539917561367e+18
1.68221756285404e+18
1.6587692693981e+18
1.63508501878206e+18
1.61125543893546e+18
1.58733841437684e+18
1.5632905193424e+18
1.53897605914327e+18
1.51447225828359e+18
1.48995732269521e+18
1.46535412297767e+18
1.44048293438592e+18
1.41549568601847e+18
1.39060150658103e+18
1.36552634107814e+18
1.34029461158954e+18
1.3152645835311e+18
1.29016207819045e+18
1.26496190195796e+18
1.24009441076943e+18
1.21525804594364e+18
1.1904400208003e+18
1.16612246688502e+18
1.14193872744326e+18
1.11788680182658e+18
1.09451107431072e+18
1.07139704750386e+18
1.04845781173765e+18
1.02633736568989e+18
1.00470614806852e+18
9.83246785565243e+17
9.62465745337547e+17
9.42594761762502e+17
9.23122796933974e+17
9.0392217799091e+17
8.85448545669499e+17
8.67938716714059e+17
8.51016187435277e+17
8.34303486884382e+17
8.18077311037542e+17
8.02543885135991e+17
7.8775016226297e+17
7.73690651528041e+17
7.59997503648373e+17
7.46477789278205e+17
7.33372734728506e+17
7.20780601740678e+17
7.08705224374352e+17
6.9712395973293e+17
6.86014854171143e+17
6.75391176476145e+17
6.65029584380751e+17
6.54769285535948e+17
6.44753826571175e+17
6.3505780058434e+17
6.25687223801987e+17
6.16626775313812e+17
6.07863274838195e+17
5.99388336505788e+17
5.91189805125757e+17
5.83258742588738e+17
5.75571164605537e+17
5.68161286398301e+17
5.6093024520031e+17
5.5374550865898e+17
5.46672214300053e+17
5.39769895916543e+17
5.33052691856034e+17
5.26509895309784e+17
5.2013092846926e+17
5.13911608511805e+17
5.0785006876872e+17
5.01942785497936e+17
4.96184929297606e+17
4.90570643430004e+17
4.85095656744812e+17
4.79754096047975e+17
4.74542736181649e+17
4.69455732167503e+17
4.64494564996908e+17
4.59635883692329e+17
4.54905691418189e+17
4.5029700282013e+17
4.45724698413156e+17
4.41182689692706e+17
4.36705604402393e+17
4.32322447996914e+17
4.28037379531274e+17
4.23838950900028e+17
4.19717079280446e+17
4.15670101157754e+17
4.11701704489474e+17
4.07814120876173e+17
4.04006800112684e+17
4.00276091380455e+17
3.96618948145972e+17
3.93033881932598e+17
3.89519491124684e+17
3.86071807257552e+17
3.82693772727082e+17
3.79386970507219e+17
3.76149063299549e+17
3.72975731945123e+17
3.69862310747754e+17
3.66802219993963e+17
3.63805256894757e+17
3.60878393702153e+17
3.58021213814924e+17
3.55214280616885e+17
3.52453216496489e+17
3.49732447944182e+17
3.47089080853506e+17
3.44509138361932e+17
3.41989820036688e+17
3.39493026449026e+17
3.37047223772802e+17
3.34629731954363e+17
3.32283905885036e+17
3.29941456310016e+17
3.27653164189034e+17
3.25360468655763e+17
3.23185123686243e+17
3.21013289475966e+17
3.18962307097534e+17
3.16838147192179e+17
3.14843540921142e+17
3.12776790954967e+17
3.10914739253244e+17
3.08931135115974e+17
3.07175802511322e+17
3.05207908703778e+17
3.03552497953286e+17
3.01633331818604e+17
3.00143995568095e+17
2.98240187217708e+17
2.96882626287278e+17
2.94944399926184e+17
2.93693469503331e+17
2.91761226989632e+17
2.90717438646715e+17
2.8755074339844e+17
)
;

boundaryField
{
    electrode
    {
        type            calculated;
        value           uniform 2.87531174378158e+17;
    }
    ground
    {
        type            calculated;
        value           uniform 2.8755074339844e+17;
    }
    otherfaces
    {
        type            empty;
    }
}


// ************************************************************************* //
