/*--------------------------------*- C++ -*----------------------------------*\
| =========                 |                                                 |
| \\      /  F ield         | foam-extend: Open Source CFD                    |
|  \\    /   O peration     | Version:     4.1                                |
|   \\  /    A nd           | Web:         http://www.foam-extend.org         |
|    \\/     M anipulation  |                                                 |
\*---------------------------------------------------------------------------*/
FoamFile
{
    version     2.0;
    format      ascii;
    class       volVectorField;
    location    "1.50399999960923e-05";
    object      Flux_electron;
}
// * * * * * * * * * * * * * * * * * * * * * * * * * * * * * * * * * * * * * //

dimensions      [0 -2 -1 0 0 0 0];

internalField   nonuniform List<vector> 
500
(
(-6.69075975590195e+21 0 0)
(-6.57234960112069e+21 0 0)
(-6.43699660270344e+21 0 0)
(-6.27489555843414e+21 0 0)
(-6.08538380195757e+21 0 0)
(-5.8675073210352e+21 0 0)
(-5.62013407214734e+21 0 0)
(-5.34340677683849e+21 0 0)
(-5.03665551317672e+21 0 0)
(-4.69998881075796e+21 0 0)
(-4.33451386820045e+21 0 0)
(-3.9412421079387e+21 0 0)
(-3.52260532981821e+21 0 0)
(-3.07959182653532e+21 0 0)
(-2.61419190702275e+21 0 0)
(-2.1290045486145e+21 0 0)
(-1.6273477710227e+21 0 0)
(-1.11260841725785e+21 0 0)
(-5.86631411785825e+20 0 0)
(-5.06187369117532e+19 0 0)
(4.91873332487315e+20 0 0)
(1.03765823443183e+21 0 0)
(1.58222423696174e+21 0 0)
(2.12413906342728e+21 0 0)
(2.66254558821543e+21 0 0)
(3.19596246689823e+21 0 0)
(3.72205159073716e+21 0 0)
(4.2364963605607e+21 0 0)
(4.73918797594228e+21 0 0)
(5.23025647047623e+21 0 0)
(5.70904405664909e+21 0 0)
(6.17263085573335e+21 0 0)
(6.61939433630074e+21 0 0)
(7.05036538797576e+21 0 0)
(7.4658156679327e+21 0 0)
(7.86534945048094e+21 0 0)
(8.24827329366796e+21 0 0)
(8.61268379323755e+21 0 0)
(8.95963194852286e+21 0 0)
(9.29063417298409e+21 0 0)
(9.6048342539447e+21 0 0)
(9.90356388085736e+21 0 0)
(1.01863934705712e+22 0 0)
(1.04530464324052e+22 0 0)
(1.0705305654895e+22 0 0)
(1.0943032715698e+22 0 0)
(1.1166758097298e+22 0 0)
(1.13772591309468e+22 0 0)
(1.15750920655704e+22 0 0)
(1.17606675460199e+22 0 0)
(1.19343450382604e+22 0 0)
(1.20965660989066e+22 0 0)
(1.22482907101723e+22 0 0)
(1.23908613481968e+22 0 0)
(1.25249668926797e+22 0 0)
(1.26498054489726e+22 0 0)
(1.27638652858278e+22 0 0)
(1.2867466007144e+22 0 0)
(1.29651595224311e+22 0 0)
(1.30590577935602e+22 0 0)
(1.31473127497744e+22 0 0)
(1.3228167617945e+22 0 0)
(1.33032189041808e+22 0 0)
(1.337347602608e+22 0 0)
(1.34386482847378e+22 0 0)
(1.34991067917275e+22 0 0)
(1.35552688874184e+22 0 0)
(1.36074552231381e+22 0 0)
(1.36563263624217e+22 0 0)
(1.37008559245886e+22 0 0)
(1.37423618211154e+22 0 0)
(1.37805982620289e+22 0 0)
(1.38161060056378e+22 0 0)
(1.38497060276979e+22 0 0)
(1.38808603969915e+22 0 0)
(1.39083350243884e+22 0 0)
(1.39284749340718e+22 0 0)
(1.39445463277569e+22 0 0)
(1.39639326017627e+22 0 0)
(1.39865833165116e+22 0 0)
(1.40069270418587e+22 0 0)
(1.40248709007593e+22 0 0)
(1.40423357713678e+22 0 0)
(1.40581037914459e+22 0 0)
(1.40727998429918e+22 0 0)
(1.40870872396083e+22 0 0)
(1.4100984090636e+22 0 0)
(1.41113844685443e+22 0 0)
(1.41132389506413e+22 0 0)
(1.41082146654011e+22 0 0)
(1.41094116322292e+22 0 0)
(1.41213462399079e+22 0 0)
(1.41346267177908e+22 0 0)
(1.4147303461679e+22 0 0)
(1.4161175700788e+22 0 0)
(1.41714507909855e+22 0 0)
(1.41696195815139e+22 0 0)
(1.41566311921059e+22 0 0)
(1.41542416049183e+22 0 0)
(1.41740434360396e+22 0 0)
(1.41990687978543e+22 0 0)
(1.4213466882472e+22 0 0)
(1.42095361603496e+22 0 0)
(1.41993784342703e+22 0 0)
(1.42122039817215e+22 0 0)
(1.4244317321067e+22 0 0)
(1.42605223718432e+22 0 0)
(1.42521668828801e+22 0 0)
(1.42553864568624e+22 0 0)
(1.42842017682836e+22 0 0)
(1.42991008760041e+22 0 0)
(1.4294404488506e+22 0 0)
(1.43069212575378e+22 0 0)
(1.43278649178424e+22 0 0)
(1.43267793617841e+22 0 0)
(1.43271941595558e+22 0 0)
(1.43433347973998e+22 0 0)
(1.43431783956699e+22 0 0)
(1.43388582961385e+22 0 0)
(1.43474714395509e+22 0 0)
(1.43434687314391e+22 0 0)
(1.4336320734506e+22 0 0)
(1.43379939819815e+22 0 0)
(1.4329102380507e+22 0 0)
(1.43205776490481e+22 0 0)
(1.43199114388157e+22 0 0)
(1.43077989399676e+22 0 0)
(1.42945587643744e+22 0 0)
(1.42928678357272e+22 0 0)
(1.42833855445807e+22 0 0)
(1.42678263876165e+22 0 0)
(1.42663341200778e+22 0 0)
(1.42697166364066e+22 0 0)
(1.42612410646676e+22 0 0)
(1.42499720170039e+22 0 0)
(1.42503855544353e+22 0 0)
(1.42570167687396e+22 0 0)
(1.42589533492715e+22 0 0)
(1.42547770436264e+22 0 0)
(1.42502525265003e+22 0 0)
(1.4251577529115e+22 0 0)
(1.42574619429643e+22 0 0)
(1.42636540672024e+22 0 0)
(1.42680840074109e+22 0 0)
(1.42698825822991e+22 0 0)
(1.42729079941533e+22 0 0)
(1.42817378298999e+22 0 0)
(1.42932718025442e+22 0 0)
(1.43037736307478e+22 0 0)
(1.43136141899299e+22 0 0)
(1.43233073083109e+22 0 0)
(1.43329543341559e+22 0 0)
(1.43427410674748e+22 0 0)
(1.43535454106509e+22 0 0)
(1.43654771734081e+22 0 0)
(1.43769808298126e+22 0 0)
(1.43876066912599e+22 0 0)
(1.43981240982092e+22 0 0)
(1.44088024795607e+22 0 0)
(1.44196321792114e+22 0 0)
(1.44305878705076e+22 0 0)
(1.4441668147226e+22 0 0)
(1.44530072100343e+22 0 0)
(1.44648368466093e+22 0 0)
(1.44769934368158e+22 0 0)
(1.44890428141097e+22 0 0)
(1.45008343626308e+22 0 0)
(1.45125167631125e+22 0 0)
(1.45242049667639e+22 0 0)
(1.45359185102058e+22 0 0)
(1.45476527678938e+22 0 0)
(1.45594022456741e+22 0 0)
(1.4571167992961e+22 0 0)
(1.45829458687717e+22 0 0)
(1.45947362746311e+22 0 0)
(1.46065386632943e+22 0 0)
(1.46183530411758e+22 0 0)
(1.46301786448968e+22 0 0)
(1.4642016999383e+22 0 0)
(1.46538653853669e+22 0 0)
(1.46657290297234e+22 0 0)
(1.46776036311821e+22 0 0)
(1.46894934174007e+22 0 0)
(1.47013965776726e+22 0 0)
(1.47133146647315e+22 0 0)
(1.47252485857337e+22 0 0)
(1.47371979292986e+22 0 0)
(1.47491645213435e+22 0 0)
(1.47611481627559e+22 0 0)
(1.4773148895626e+22 0 0)
(1.47851690003526e+22 0 0)
(1.47972052057853e+22 0 0)
(1.48092631614925e+22 0 0)
(1.48213377124334e+22 0 0)
(1.48334340904174e+22 0 0)
(1.48455474439145e+22 0 0)
(1.48576833064669e+22 0 0)
(1.48698366706207e+22 0 0)
(1.48820114014883e+22 0 0)
(1.48942044563082e+22 0 0)
(1.49064192292921e+22 0 0)
(1.49186527006009e+22 0 0)
(1.49309046175071e+22 0 0)
(1.49431772156533e+22 0 0)
(1.49554692123716e+22 0 0)
(1.49677780042949e+22 0 0)
(1.49801066759802e+22 0 0)
(1.49924529812101e+22 0 0)
(1.50048165152637e+22 0 0)
(1.50171967658042e+22 0 0)
(1.50295936796998e+22 0 0)
(1.50420072040046e+22 0 0)
(1.50544338321137e+22 0 0)
(1.50668751889839e+22 0 0)
(1.50793307026906e+22 0 0)
(1.50917991282161e+22 0 0)
(1.51042783389997e+22 0 0)
(1.51167696514563e+22 0 0)
(1.51292717696513e+22 0 0)
(1.51417819998972e+22 0 0)
(1.51543019220474e+22 0 0)
(1.5166829134461e+22 0 0)
(1.51793623269449e+22 0 0)
(1.51919015994589e+22 0 0)
(1.52044457755218e+22 0 0)
(1.52169933828548e+22 0 0)
(1.52295446283702e+22 0 0)
(1.52420990059452e+22 0 0)
(1.52546541510499e+22 0 0)
(1.5267212879239e+22 0 0)
(1.52797752900179e+22 0 0)
(1.52923599093715e+22 0 0)
(1.53049573182621e+22 0 0)
(1.53176234409853e+22 0 0)
(1.53304911015335e+22 0 0)
(1.53434843031937e+22 0 0)
(1.53563796118068e+22 0 0)
(1.53691925501307e+22 0 0)
(1.53819619741373e+22 0 0)
(1.53947078981555e+22 0 0)
(1.54074430099316e+22 0 0)
(1.54201707605701e+22 0 0)
(1.54328932181432e+22 0 0)
(1.54456116468597e+22 0 0)
(1.54583310082185e+22 0 0)
(1.54710470703144e+22 0 0)
(1.54837613358114e+22 0 0)
(1.54965011000005e+22 0 0)
(1.55092183920848e+22 0 0)
(1.55218541064822e+22 0 0)
(1.55346973921369e+22 0 0)
(1.55474692735248e+22 0 0)
(1.5560130396481e+22 0 0)
(1.55729214503994e+22 0 0)
(1.55855646634719e+22 0 0)
(1.55981302771471e+22 0 0)
(1.56106789989684e+22 0 0)
(1.56232110297051e+22 0 0)
(1.56357199662939e+22 0 0)
(1.56482047548719e+22 0 0)
(1.56606598393275e+22 0 0)
(1.56730839483158e+22 0 0)
(1.56854726033168e+22 0 0)
(1.56978243275799e+22 0 0)
(1.57101432064449e+22 0 0)
(1.57224212600474e+22 0 0)
(1.57346458179663e+22 0 0)
(1.57468076414544e+22 0 0)
(1.57589111298238e+22 0 0)
(1.57709580697891e+22 0 0)
(1.57829509343837e+22 0 0)
(1.57948855965706e+22 0 0)
(1.58067657134278e+22 0 0)
(1.58185894528644e+22 0 0)
(1.58303551357411e+22 0 0)
(1.58420631983834e+22 0 0)
(1.58537146703585e+22 0 0)
(1.58653066519699e+22 0 0)
(1.58768392870497e+22 0 0)
(1.588831192344e+22 0 0)
(1.58997233331985e+22 0 0)
(1.59110738309177e+22 0 0)
(1.59223604231026e+22 0 0)
(1.59335837193754e+22 0 0)
(1.5944741654705e+22 0 0)
(1.59558344965937e+22 0 0)
(1.59668601474612e+22 0 0)
(1.59778171240714e+22 0 0)
(1.59887059549054e+22 0 0)
(1.59995248169522e+22 0 0)
(1.60102689597168e+22 0 0)
(1.60209410255998e+22 0 0)
(1.60315389545151e+22 0 0)
(1.60420595072878e+22 0 0)
(1.60525039596282e+22 0 0)
(1.60628693326806e+22 0 0)
(1.60731557138597e+22 0 0)
(1.60833587131257e+22 0 0)
(1.60934821396627e+22 0 0)
(1.6103519216798e+22 0 0)
(1.61134734962858e+22 0 0)
(1.61233394700339e+22 0 0)
(1.61331194586619e+22 0 0)
(1.61428095259095e+22 0 0)
(1.61524095450926e+22 0 0)
(1.6161920971279e+22 0 0)
(1.61713366575171e+22 0 0)
(1.61806628551235e+22 0 0)
(1.61898931082238e+22 0 0)
(1.61990289832894e+22 0 0)
(1.6208070666357e+22 0 0)
(1.62170148369429e+22 0 0)
(1.62258658733505e+22 0 0)
(1.62346173810101e+22 0 0)
(1.6243275485372e+22 0 0)
(1.62518371103086e+22 0 0)
(1.62603043855193e+22 0 0)
(1.6268677464658e+22 0 0)
(1.62769592037832e+22 0 0)
(1.6285151987167e+22 0 0)
(1.6293256113572e+22 0 0)
(1.63012794668385e+22 0 0)
(1.63092214048262e+22 0 0)
(1.6317091173629e+22 0 0)
(1.63248919144906e+22 0 0)
(1.63326338547189e+22 0 0)
(1.63403243176447e+22 0 0)
(1.63479733714614e+22 0 0)
(1.63555941235759e+22 0 0)
(1.63631978205841e+22 0 0)
(1.63708045621781e+22 0 0)
(1.63784244692479e+22 0 0)
(1.63860800069602e+22 0 0)
(1.63939085955369e+22 0 0)
(1.64028519814109e+22 0 0)
(1.64144645301771e+22 0 0)
(1.64269207097525e+22 0 0)
(1.64365246121218e+22 0 0)
(1.64441882192613e+22 0 0)
(1.64524397289631e+22 0 0)
(1.64616699399771e+22 0 0)
(1.64717020604638e+22 0 0)
(1.64824541671093e+22 0 0)
(1.64939450170206e+22 0 0)
(1.65062340250036e+22 0 0)
(1.65193304141482e+22 0 0)
(1.65325087206512e+22 0 0)
(1.65449076707633e+22 0 0)
(1.65578831648111e+22 0 0)
(1.65737022518544e+22 0 0)
(1.65919876483791e+22 0 0)
(1.66110401770202e+22 0 0)
(1.66308351602918e+22 0 0)
(1.66519878795517e+22 0 0)
(1.66738299668405e+22 0 0)
(1.66950128938017e+22 0 0)
(1.6715554672361e+22 0 0)
(1.6737072205396e+22 0 0)
(1.67601410822363e+22 0 0)
(1.67812349796423e+22 0 0)
(1.6778057910722e+22 0 0)
(1.67575931373681e+22 0 0)
(1.67631472041822e+22 0 0)
(1.67882522750846e+22 0 0)
(1.68019793806513e+22 0 0)
(1.67576095370236e+22 0 0)
(1.6675816687249e+22 0 0)
(1.66408556803938e+22 0 0)
(1.66065435511519e+22 0 0)
(1.64616630812297e+22 0 0)
(1.62601763183425e+22 0 0)
(1.61116658170223e+22 0 0)
(1.58859242309855e+22 0 0)
(1.55259628283104e+22 0 0)
(1.51824710138414e+22 0 0)
(1.4776247570662e+22 0 0)
(1.42207944180454e+22 0 0)
(1.36560902155387e+22 0 0)
(1.30250420604447e+22 0 0)
(1.22604355003712e+22 0 0)
(1.15152106067832e+22 0 0)
(1.07252439398265e+22 0 0)
(9.85645330357343e+21 0 0)
(9.07711485971077e+21 0 0)
(8.3234701702743e+21 0 0)
(7.57848306328754e+21 0 0)
(6.98672989536767e+21 0 0)
(6.50190156600131e+21 0 0)
(6.0811284294967e+21 0 0)
(5.7939888056499e+21 0 0)
(5.6239670492802e+21 0 0)
(5.48916981744639e+21 0 0)
(5.37812088258384e+21 0 0)
(5.29376845462655e+21 0 0)
(5.18239891039229e+21 0 0)
(5.00496022308847e+21 0 0)
(4.75947428836183e+21 0 0)
(4.45363930091377e+21 0 0)
(4.09015968442879e+21 0 0)
(3.67729284670258e+21 0 0)
(3.23575841569273e+21 0 0)
(2.78670249766699e+21 0 0)
(2.35021926195972e+21 0 0)
(1.94234089146317e+21 0 0)
(1.57298518648534e+21 0 0)
(1.2486698441122e+21 0 0)
(9.7248919126214e+20 0 0)
(7.43622103903978e+20 0 0)
(5.58653671588841e+20 0 0)
(4.12593437321856e+20 0 0)
(2.99795004961233e+20 0 0)
(2.14565843097204e+20 0 0)
(1.51320937806389e+20 0 0)
(1.05202245304882e+20 0 0)
(7.21640905149941e+19 0 0)
(4.88637985066682e+19 0 0)
(3.26940708234848e+19 0 0)
(2.16359858768755e+19 0 0)
(1.41631665011788e+19 0 0)
(9.18480962316675e+18 0 0)
(5.90091621721371e+18 0 0)
(3.76113269643001e+18 0 0)
(2.37799804128989e+18 0 0)
(1.49378797080698e+18 0 0)
(9.32478713762349e+17 0 0)
(5.79359337990671e+17 0 0)
(3.58655397878628e+17 0 0)
(2.21237980337623e+17 0 0)
(1.3606031370723e+17 0 0)
(8.36307940503206e+16 0 0)
(5.13928483014988e+16 0 0)
(3.15425200917926e+16 0 0)
(1.92521962198548e+16 0 0)
(1.16252397532341e+16 0 0)
(6.91496635704542e+15 0 0)
(4.05784397389842e+15 0 0)
(2.34758759281629e+15 0 0)
(1.3322291229171e+15 0 0)
(733707756912604 0 0)
(383560909453525 0 0)
(180694152386949 0 0)
(64285309742452 0 0)
(-2289074263653.5 0 0)
(-40568910711601.6 0 0)
(-62833342381469.8 0 0)
(-75979964103499.5 0 0)
(-83898964217078 0 0)
(-86048888302036.1 0 0)
(-91062840919226.3 0 0)
(-94649017172173.5 0 0)
(-95147328357590.6 0 0)
(-95543296942550.5 0 0)
(-95855930466000.9 0 0)
(-96100954752101.7 0 0)
(-96291330065529.6 0 0)
(-96437691942803 0 0)
(-96548726187113.1 0 0)
(-96631504594198.4 0 0)
(-96691767500808.2 0 0)
(-96734144442415.5 0 0)
(-96762361754020.1 0 0)
(-96779413631776.1 0 0)
(-96787689826473.5 0 0)
(-96789104887903.6 0 0)
(-96785183379106.6 0 0)
(-96777117636316.2 0 0)
(-96765842384295 0 0)
(-96752087698569.6 0 0)
(-96736446385964.8 0 0)
(-96719393644056.1 0 0)
(-96701293765220.3 0 0)
(-96682402221046.1 0 0)
(-96662913620401.3 0 0)
(-96643009211732.6 0 0)
(-96659488260057.5 0 0)
(-97363990535175.1 0 0)
(-98844736520996.6 0 0)
(-99883037946016.7 0 0)
(-100481062856510 0 0)
(-101075025257460 0 0)
(-101665013757058 0 0)
(-102251006501044 0 0)
(-102832961478377 0 0)
(-103410934355185 0 0)
(-103985140753579 0 0)
(-104555729317497 0 0)
(-105122792549956 0 0)
(-105686288621730 0 0)
(-106246271927836 0 0)
(-106802816772033 0 0)
(-107356089648939 0 0)
(-107906145921690 0 0)
(-108453009169511 0 0)
(-108996662810809 0 0)
(-109537265748281 0 0)
(-110074807632489 0 0)
(-110609617797433 0 0)
(-111141643445415 0 0)
(-111670895784227 0 0)
(-116062343991678 0 0)
)
;

boundaryField
{
    electrode
    {
        type            calculated;
        value           uniform (-6.49362046719639e+21 0 0);
    }
    ground
    {
        type            calculated;
        value           uniform (-10178052284022.6 0 0);
    }
    otherfaces
    {
        type            empty;
    }
}


// ************************************************************************* //
