/*--------------------------------*- C++ -*----------------------------------*\
| =========                 |                                                 |
| \\      /  F ield         | foam-extend: Open Source CFD                    |
|  \\    /   O peration     | Version:     4.1                                |
|   \\  /    A nd           | Web:         http://www.foam-extend.org         |
|    \\/     M anipulation  |                                                 |
\*---------------------------------------------------------------------------*/
FoamFile
{
    version     2.0;
    format      ascii;
    class       volVectorField;
    location    "1.50399999960923e-05";
    object      Flux_Arp1Mean;
}
// * * * * * * * * * * * * * * * * * * * * * * * * * * * * * * * * * * * * * //

dimensions      [0 -2 -1 0 0 0 0];

internalField   nonuniform List<vector> 
500
(
(-1.23789253205263e+21 0 0)
(-1.24489335960344e+21 0 0)
(-1.24286716284331e+21 0 0)
(-1.24461810463608e+21 0 0)
(-1.24314332496358e+21 0 0)
(-1.24448465409683e+21 0 0)
(-1.24338914600114e+21 0 0)
(-1.24438249288653e+21 0 0)
(-1.24359390407479e+21 0 0)
(-1.24431767927932e+21 0 0)
(-1.24375099682449e+21 0 0)
(-1.24428565392256e+21 0 0)
(-1.24387979010565e+21 0 0)
(-1.24427507688487e+21 0 0)
(-1.2439826494281e+21 0 0)
(-1.2442702513196e+21 0 0)
(-1.24406573699578e+21 0 0)
(-1.2442734523903e+21 0 0)
(-1.2441374749605e+21 0 0)
(-1.24427765628178e+21 0 0)
(-1.24418368741842e+21 0 0)
(-1.24427895924362e+21 0 0)
(-1.24421588475238e+21 0 0)
(-1.24428356581848e+21 0 0)
(-1.2442349439425e+21 0 0)
(-1.24427396047122e+21 0 0)
(-1.24423494744898e+21 0 0)
(-1.24425484172429e+21 0 0)
(-1.24422532290057e+21 0 0)
(-1.24422591742899e+21 0 0)
(-1.24419132197925e+21 0 0)
(-1.24417838324201e+21 0 0)
(-1.24414505196089e+21 0 0)
(-1.24412150906691e+21 0 0)
(-1.24407987185893e+21 0 0)
(-1.24404272093272e+21 0 0)
(-1.2439923477388e+21 0 0)
(-1.24394542718171e+21 0 0)
(-1.24388904649705e+21 0 0)
(-1.24382903311022e+21 0 0)
(-1.24376154340596e+21 0 0)
(-1.24369038582602e+21 0 0)
(-1.24361022393271e+21 0 0)
(-1.24352776877611e+21 0 0)
(-1.2434370924238e+21 0 0)
(-1.24334054602702e+21 0 0)
(-1.24323725298654e+21 0 0)
(-1.24312770896416e+21 0 0)
(-1.24301015372674e+21 0 0)
(-1.24288573743537e+21 0 0)
(-1.24275364517375e+21 0 0)
(-1.24261495140483e+21 0 0)
(-1.24246926369913e+21 0 0)
(-1.24231534634594e+21 0 0)
(-1.24215090292905e+21 0 0)
(-1.24197548076532e+21 0 0)
(-1.24179236552349e+21 0 0)
(-1.24160714158928e+21 0 0)
(-1.24141760964022e+21 0 0)
(-1.24120877542721e+21 0 0)
(-1.24097336745425e+21 0 0)
(-1.24075899802722e+21 0 0)
(-1.24051263433148e+21 0 0)
(-1.24026421270652e+21 0 0)
(-1.2400009547618e+21 0 0)
(-1.23972819228046e+21 0 0)
(-1.23944169151733e+21 0 0)
(-1.23914375646121e+21 0 0)
(-1.23883221939702e+21 0 0)
(-1.23850739004391e+21 0 0)
(-1.23816835345121e+21 0 0)
(-1.23781532456773e+21 0 0)
(-1.23744820427705e+21 0 0)
(-1.23706588166323e+21 0 0)
(-1.23666495158312e+21 0 0)
(-1.23624279056438e+21 0 0)
(-1.23580534091572e+21 0 0)
(-1.23536589205286e+21 0 0)
(-1.23491886020443e+21 0 0)
(-1.2343958107949e+21 0 0)
(-1.23389673585702e+21 0 0)
(-1.23336250022463e+21 0 0)
(-1.23280928451489e+21 0 0)
(-1.23223078560755e+21 0 0)
(-1.23162944187797e+21 0 0)
(-1.2310043251827e+21 0 0)
(-1.23035126533781e+21 0 0)
(-1.22966508842543e+21 0 0)
(-1.22894608004253e+21 0 0)
(-1.22821477898275e+21 0 0)
(-1.22749394785548e+21 0 0)
(-1.22665284832291e+21 0 0)
(-1.225812918426e+21 0 0)
(-1.22494181907244e+21 0 0)
(-1.22402676990677e+21 0 0)
(-1.22306678231783e+21 0 0)
(-1.22205544099498e+21 0 0)
(-1.2210164611796e+21 0 0)
(-1.22000923042884e+21 0 0)
(-1.21882946227677e+21 0 0)
(-1.21762422465086e+21 0 0)
(-1.21637277326261e+21 0 0)
(-1.21504505359466e+21 0 0)
(-1.21370040537457e+21 0 0)
(-1.21237945045966e+21 0 0)
(-1.21078046569553e+21 0 0)
(-1.20919508587014e+21 0 0)
(-1.20752777972974e+21 0 0)
(-1.20593467569548e+21 0 0)
(-1.20407813227519e+21 0 0)
(-1.20210996741944e+21 0 0)
(-1.20014094337338e+21 0 0)
(-1.19821576287655e+21 0 0)
(-1.19591390623744e+21 0 0)
(-1.19360718104976e+21 0 0)
(-1.19140513928422e+21 0 0)
(-1.18884584480532e+21 0 0)
(-1.18619441800829e+21 0 0)
(-1.18367641315537e+21 0 0)
(-1.18081259439489e+21 0 0)
(-1.17784184371669e+21 0 0)
(-1.17498726559579e+21 0 0)
(-1.17178754746007e+21 0 0)
(-1.16849867380141e+21 0 0)
(-1.16529203569764e+21 0 0)
(-1.16176991125523e+21 0 0)
(-1.15814151585499e+21 0 0)
(-1.15456973112763e+21 0 0)
(-1.15073706744679e+21 0 0)
(-1.14677012404568e+21 0 0)
(-1.1427973092547e+21 0 0)
(-1.13868114650422e+21 0 0)
(-1.1343936000597e+21 0 0)
(-1.12999711745396e+21 0 0)
(-1.12555814467928e+21 0 0)
(-1.12097115697012e+21 0 0)
(-1.11623874616116e+21 0 0)
(-1.11140859904199e+21 0 0)
(-1.10646516143819e+21 0 0)
(-1.10143220011792e+21 0 0)
(-1.09627152470668e+21 0 0)
(-1.09098760765115e+21 0 0)
(-1.08559495876232e+21 0 0)
(-1.08009148368917e+21 0 0)
(-1.07447589883295e+21 0 0)
(-1.06875151352542e+21 0 0)
(-1.06291445118017e+21 0 0)
(-1.05696165389422e+21 0 0)
(-1.05090002573131e+21 0 0)
(-1.04472917996992e+21 0 0)
(-1.03844718543952e+21 0 0)
(-1.03205550991015e+21 0 0)
(-1.02555474067391e+21 0 0)
(-1.01894505423668e+21 0 0)
(-1.01222683784633e+21 0 0)
(-1.0054005650656e+21 0 0)
(-9.98466740934211e+20 0 0)
(-9.91425917806736e+20 0 0)
(-9.84278690966937e+20 0 0)
(-9.77025146232495e+20 0 0)
(-9.69666218219874e+20 0 0)
(-9.62202498170766e+20 0 0)
(-9.54634615073625e+20 0 0)
(-9.46964401587876e+20 0 0)
(-9.39190598194403e+20 0 0)
(-9.31311326216315e+20 0 0)
(-9.23333003569177e+20 0 0)
(-9.15253953252519e+20 0 0)
(-9.07074462934839e+20 0 0)
(-8.98795337527426e+20 0 0)
(-8.90417426541747e+20 0 0)
(-8.81941513430606e+20 0 0)
(-8.73368381685999e+20 0 0)
(-8.64698848120339e+20 0 0)
(-8.5593373336897e+20 0 0)
(-8.4707388842516e+20 0 0)
(-8.38120194087126e+20 0 0)
(-8.29073498650829e+20 0 0)
(-8.1993470268894e+20 0 0)
(-8.10704738883417e+20 0 0)
(-8.01384534989039e+20 0 0)
(-7.91975046627891e+20 0 0)
(-7.82477236747074e+20 0 0)
(-7.72892087827165e+20 0 0)
(-7.63220598378191e+20 0 0)
(-7.53463782282593e+20 0 0)
(-7.43622665011832e+20 0 0)
(-7.33698293112582e+20 0 0)
(-7.2369172580024e+20 0 0)
(-7.13604031810207e+20 0 0)
(-7.03436297194434e+20 0 0)
(-6.9318962242232e+20 0 0)
(-6.82865121351539e+20 0 0)
(-6.72463919566074e+20 0 0)
(-6.61987154497368e+20 0 0)
(-6.51435976822084e+20 0 0)
(-6.40811545715239e+20 0 0)
(-6.30115036497012e+20 0 0)
(-6.19347627812969e+20 0 0)
(-6.08510520197678e+20 0 0)
(-5.97604926640634e+20 0 0)
(-5.86632054329921e+20 0 0)
(-5.75593129777642e+20 0 0)
(-5.64489388865994e+20 0 0)
(-5.53322076549368e+20 0 0)
(-5.42092446589412e+20 0 0)
(-5.30801761355594e+20 0 0)
(-5.19451291523458e+20 0 0)
(-5.0804231591488e+20 0 0)
(-4.96576121075781e+20 0 0)
(-4.85054001199708e+20 0 0)
(-4.73477257775056e+20 0 0)
(-4.61847199181894e+20 0 0)
(-4.50165140444649e+20 0 0)
(-4.38432402918096e+20 0 0)
(-4.266503138315e+20 0 0)
(-4.14820206115208e+20 0 0)
(-4.02943418508858e+20 0 0)
(-3.91021294584638e+20 0 0)
(-3.79055183792916e+20 0 0)
(-3.67046440332149e+20 0 0)
(-3.54996421799012e+20 0 0)
(-3.42906492319146e+20 0 0)
(-3.30778018325843e+20 0 0)
(-3.18612371308656e+20 0 0)
(-3.06410924953935e+20 0 0)
(-2.94175058438154e+20 0 0)
(-2.81906152820006e+20 0 0)
(-2.69605593153579e+20 0 0)
(-2.57274767129044e+20 0 0)
(-2.44915056081149e+20 0 0)
(-2.32527901632025e+20 0 0)
(-2.20114654922603e+20 0 0)
(-2.07676380337421e+20 0 0)
(-1.95215881518061e+20 0 0)
(-1.82731767668387e+20 0 0)
(-1.70228412697933e+20 0 0)
(-1.5770565890769e+20 0 0)
(-1.45165197852445e+20 0 0)
(-1.32608455267789e+20 0 0)
(-1.20036836399307e+20 0 0)
(-1.0745174920281e+20 0 0)
(-9.48546039147706e+19 0 0)
(-8.22468115389402e+19 0 0)
(-6.96297833980872e+19 0 0)
(-5.7004934231914e+19 0 0)
(-4.43737188474888e+19 0 0)
(-3.17376540051963e+19 0 0)
(-1.90958441646856e+19 0 0)
(-6.45358856914229e+18 0 0)
(6.18514584612704e+18 0 0)
(1.8827400250854e+19 0 0)
(3.14693663960824e+19 0 0)
(4.41057018386959e+19 0 0)
(5.67372279497631e+19 0 0)
(6.93624687886053e+19 0 0)
(8.19799676630037e+19 0 0)
(9.4588309375247e+19 0 0)
(1.07186082832928e+20 0 0)
(1.19771876653312e+20 0 0)
(1.32344280798345e+20 0 0)
(1.44901886821509e+20 0 0)
(1.57443289448419e+20 0 0)
(1.69967062357534e+20 0 0)
(1.82471527958489e+20 0 0)
(1.9495678110873e+20 0 0)
(2.07418577097732e+20 0 0)
(2.1985816099196e+20 0 0)
(2.32272820945658e+20 0 0)
(2.44661462869224e+20 0 0)
(2.57022736825745e+20 0 0)
(2.69355202803397e+20 0 0)
(2.81657478917761e+20 0 0)
(2.93928176536841e+20 0 0)
(3.06165910713903e+20 0 0)
(3.18369299478198e+20 0 0)
(3.30536964034352e+20 0 0)
(3.4266752986646e+20 0 0)
(3.54759624141544e+20 0 0)
(3.66811880092544e+20 0 0)
(3.78822934114674e+20 0 0)
(3.90791426041013e+20 0 0)
(4.02716002159504e+20 0 0)
(4.14595312148482e+20 0 0)
(4.26428011359362e+20 0 0)
(4.3821276043554e+20 0 0)
(4.49948225697932e+20 0 0)
(4.6163307900549e+20 0 0)
(4.73265998244356e+20 0 0)
(4.8484566756724e+20 0 0)
(4.96370777754484e+20 0 0)
(5.07840026520388e+20 0 0)
(5.19252118844018e+20 0 0)
(5.30605767267174e+20 0 0)
(5.41899692064551e+20 0 0)
(5.53132621430429e+20 0 0)
(5.64303292070475e+20 0 0)
(5.75410449293094e+20 0 0)
(5.86452847283184e+20 0 0)
(5.97429249462799e+20 0 0)
(6.0833842847968e+20 0 0)
(6.19179166333229e+20 0 0)
(6.29950259113627e+20 0 0)
(6.40650519522208e+20 0 0)
(6.51278742804284e+20 0 0)
(6.6183376285211e+20 0 0)
(6.72314417420182e+20 0 0)
(6.8271955590892e+20 0 0)
(6.93048039615436e+20 0 0)
(7.03298740437693e+20 0 0)
(7.13470544246769e+20 0 0)
(7.23562348846555e+20 0 0)
(7.33573067658499e+20 0 0)
(7.43501628023191e+20 0 0)
(7.53346970706127e+20 0 0)
(7.63108053305823e+20 0 0)
(7.72783841792022e+20 0 0)
(7.82373323277034e+20 0 0)
(7.91875498437729e+20 0 0)
(8.01289383521381e+20 0 0)
(8.1061401223224e+20 0 0)
(8.19848428481387e+20 0 0)
(8.28991700412348e+20 0 0)
(8.38042914410697e+20 0 0)
(8.47001154707718e+20 0 0)
(8.55865534749611e+20 0 0)
(8.64635224686249e+20 0 0)
(8.73309355647217e+20 0 0)
(8.81887095360769e+20 0 0)
(8.90367642758012e+20 0 0)
(8.98750187348268e+20 0 0)
(9.07033964679686e+20 0 0)
(9.15218154366066e+20 0 0)
(9.23301899520768e+20 0 0)
(9.31284878249876e+20 0 0)
(9.3916883779557e+20 0 0)
(9.4694737592195e+20 0 0)
(9.5462225594852e+20 0 0)
(9.62194836318673e+20 0 0)
(9.6966322452414e+20 0 0)
(9.7702682427301e+20 0 0)
(9.84285129473857e+20 0 0)
(9.91436963840369e+20 0 0)
(9.98482438357418e+20 0 0)
(1.00542089883852e+21 0 0)
(1.01225180306406e+21 0 0)
(1.01897462358883e+21 0 0)
(1.0255888820621e+21 0 0)
(1.03209425737028e+21 0 0)
(1.03849058561964e+21 0 0)
(1.04477709019767e+21 0 0)
(1.05095247054004e+21 0 0)
(1.05701863533156e+21 0 0)
(1.06297594380455e+21 0 0)
(1.06881749586337e+21 0 0)
(1.07454642103399e+21 0 0)
(1.08016655330814e+21 0 0)
(1.08567440648988e+21 0 0)
(1.09107146180742e+21 0 0)
(1.09635979455598e+21 0 0)
(1.10152493585412e+21 0 0)
(1.10656221835062e+21 0 0)
(1.11151002077878e+21 0 0)
(1.11634448578982e+21 0 0)
(1.12108124848868e+21 0 0)
(1.12567295052697e+21 0 0)
(1.13011588677547e+21 0 0)
(1.13451674619166e+21 0 0)
(1.13880864007649e+21 0 0)
(1.14292955388275e+21 0 0)
(1.14690613016269e+21 0 0)
(1.15087734995872e+21 0 0)
(1.15471492296516e+21 0 0)
(1.15829044630255e+21 0 0)
(1.16192288557062e+21 0 0)
(1.16544989562398e+21 0 0)
(1.16866038409281e+21 0 0)
(1.17195294562175e+21 0 0)
(1.1751575906662e+21 0 0)
(1.1780158516057e+21 0 0)
(1.1809901106748e+21 0 0)
(1.18385896221831e+21 0 0)
(1.18638022163371e+21 0 0)
(1.18903504176357e+21 0 0)
(1.19159918025936e+21 0 0)
(1.19380431756438e+21 0 0)
(1.19611423353091e+21 0 0)
(1.19842028240906e+21 0 0)
(1.20034887606722e+21 0 0)
(1.20232078162226e+21 0 0)
(1.20429193768361e+21 0 0)
(1.20615249114838e+21 0 0)
(1.20774793258549e+21 0 0)
(1.20941821266938e+21 0 0)
(1.21100623902446e+21 0 0)
(1.21260819209394e+21 0 0)
(1.21393171231176e+21 0 0)
(1.21527857032804e+21 0 0)
(1.21660874913524e+21 0 0)
(1.21786262315259e+21 0 0)
(1.21906974042386e+21 0 0)
(1.22025200718168e+21 0 0)
(1.22126094605673e+21 0 0)
(1.22230185929128e+21 0 0)
(1.22331515112948e+21 0 0)
(1.2242770204882e+21 0 0)
(1.22519375005414e+21 0 0)
(1.22606657499153e+21 0 0)
(1.22690786399236e+21 0 0)
(1.22775066206633e+21 0 0)
(1.22847284295704e+21 0 0)
(1.22920558257479e+21 0 0)
(1.22992604818936e+21 0 0)
(1.23061360097412e+21 0 0)
(1.23126795713603e+21 0 0)
(1.23189430604098e+21 0 0)
(1.23249682753823e+21 0 0)
(1.23307645622685e+21 0 0)
(1.23363074234395e+21 0 0)
(1.23416602742911e+21 0 0)
(1.23466603178652e+21 0 0)
(1.23519005867778e+21 0 0)
(1.23563798751357e+21 0 0)
(1.23607837222204e+21 0 0)
(1.23651674276722e+21 0 0)
(1.2369397851371e+21 0 0)
(1.23734153492747e+21 0 0)
(1.237724645074e+21 0 0)
(1.23809251117831e+21 0 0)
(1.23844625168002e+21 0 0)
(1.2387859638988e+21 0 0)
(1.23911144031747e+21 0 0)
(1.23942359341642e+21 0 0)
(1.23972211057381e+21 0 0)
(1.24000916946722e+21 0 0)
(1.24028245417568e+21 0 0)
(1.24054621882083e+21 0 0)
(1.24079510052455e+21 0 0)
(1.24104191865019e+21 0 0)
(1.24125670177132e+21 0 0)
(1.24149252297131e+21 0 0)
(1.24170170521287e+21 0 0)
(1.24189162847747e+21 0 0)
(1.24207726849881e+21 0 0)
(1.24226076586638e+21 0 0)
(1.24243651442475e+21 0 0)
(1.2426012603119e+21 0 0)
(1.24275545834885e+21 0 0)
(1.24290142789703e+21 0 0)
(1.24304037242689e+21 0 0)
(1.24317270184535e+21 0 0)
(1.24329733398676e+21 0 0)
(1.24341509714742e+21 0 0)
(1.24352481543751e+21 0 0)
(1.24362829426859e+21 0 0)
(1.24372498270458e+21 0 0)
(1.24381580609213e+21 0 0)
(1.24389839985128e+21 0 0)
(1.24397866631188e+21 0 0)
(1.2440499316495e+21 0 0)
(1.24411749941606e+21 0 0)
(1.24417761058317e+21 0 0)
(1.24423404699821e+21 0 0)
(1.24428105300729e+21 0 0)
(1.24433146334519e+21 0 0)
(1.24436864597083e+21 0 0)
(1.2444102998673e+21 0 0)
(1.24443386885979e+21 0 0)
(1.24446723872601e+21 0 0)
(1.24448018027777e+21 0 0)
(1.24451479729863e+21 0 0)
(1.24451412482414e+21 0 0)
(1.24454366267017e+21 0 0)
(1.2445237569217e+21 0 0)
(1.2445627595655e+21 0 0)
(1.24452373732473e+21 0 0)
(1.24457236111153e+21 0 0)
(1.24450464680992e+21 0 0)
(1.24456777685487e+21 0 0)
(1.24447242682865e+21 0 0)
(1.24456636696892e+21 0 0)
(1.24442611831663e+21 0 0)
(1.24456203672862e+21 0 0)
(1.24435432321421e+21 0 0)
(1.24455882605752e+21 0 0)
(1.24427112426645e+21 0 0)
(1.24456354164113e+21 0 0)
(1.24416814988024e+21 0 0)
(1.24457401240032e+21 0 0)
(1.24403924782984e+21 0 0)
(1.24460595666007e+21 0 0)
(1.24388199245288e+21 0 0)
(1.24467063455441e+21 0 0)
(1.24367714796061e+21 0 0)
(1.24477270538783e+21 0 0)
(1.24343121204285e+21 0 0)
(1.24490612590799e+21 0 0)
(1.24315480014235e+21 0 0)
(1.24518128271015e+21 0 0)
(1.23817884551133e+21 0 0)
)
;

boundaryField
{
    electrode
    {
        type            calculated;
        value           uniform (-1.24371057599586e+21 0 0);
    }
    ground
    {
        type            calculated;
        value           uniform (1.243998064964e+21 0 0);
    }
    otherfaces
    {
        type            empty;
    }
}


// ************************************************************************* //
