/*--------------------------------*- C++ -*----------------------------------*\
| =========                 |                                                 |
| \\      /  F ield         | foam-extend: Open Source CFD                    |
|  \\    /   O peration     | Version:     4.1                                |
|   \\  /    A nd           | Web:         http://www.foam-extend.org         |
|    \\/     M anipulation  |                                                 |
\*---------------------------------------------------------------------------*/
FoamFile
{
    version     2.0;
    format      ascii;
    class       volScalarField;
    location    "1.50399999960923e-05";
    object      powerDissipatedMean;
}
// * * * * * * * * * * * * * * * * * * * * * * * * * * * * * * * * * * * * * //

dimensions      [1 2 -3 0 0 0 0];

internalField   nonuniform List<scalar> 
500
(
0.000451038618641566
0.000454693250385478
0.000454235515851675
0.000455626197906811
0.000455405775058345
0.000456523935311339
0.000456513685691575
0.000457422007033887
0.000457534886361531
0.000458273582786658
0.000458374173351421
0.000458921640749626
0.000458962040076084
0.000459313708455052
0.000459279701955197
0.000459420834978003
0.000459276606487036
0.000459218180150081
0.000458945470888177
0.000458701391019954
0.00045825056233619
0.000457785722409173
0.000457149239316719
0.000456503663436195
0.000455746359058931
0.000454950254596525
0.000454043153754934
0.000453059970077024
0.000451984544350537
0.00045085043213755
0.000449613850192336
0.000448300767056632
0.000446894185432355
0.000445429281521288
0.000443895209820223
0.000442293340173892
0.000440612470563361
0.000438853077009376
0.000437025888081475
0.000435137981423678
0.000433187097889848
0.00043117457202305
0.000429093112684794
0.000426943036030725
0.000424727907282685
0.000422450282430781
0.000420110075417415
0.000417707784677286
0.000415239768292577
0.000412704405831975
0.000410102307560601
0.000407435803619809
0.000404707247417612
0.000401914492188541
0.000399047874777886
0.000396097585918635
0.000393065452764027
0.000389972807888233
0.000386841023252096
0.000383652396038237
0.000380351117917815
0.000376954833903339
0.000373454296713155
0.000369852767039584
0.000366142304875081
0.000362321914508954
0.000358386890373803
0.000354334178631104
0.000350158292161728
0.000345854232036951
0.000341417048896379
0.000336841976268906
0.000332124444959564
0.00032725849948545
0.0003222330898517
0.00031703152868953
0.000311641673889114
0.000306072394619289
0.000300342400822093
0.000294378933236765
0.000288152008206757
0.000281624801645501
0.000274781243927012
0.000267588129155719
0.000260011426416954
0.000252021610052317
0.000243587735177351
0.000234675782980402
0.000225247661660102
0.000215291334736047
0.000204892770455356
0.00019409833614998
0.000182962518489103
0.000171582452783266
0.000160169694611536
0.000148984679905425
0.000138314860314333
0.000128461995477084
0.00011988492805759
0.000113047866914308
0.00010821469841582
0.000105443007356642
0.000104712793887304
0.000105789077992373
0.000108539309269905
0.00011277947552251
0.000117838534766793
0.000122689971794825
0.0001268024450205
0.000130176721536557
0.000132542757029461
0.000133125907435716
0.000132047630562246
0.000130085118722174
0.000127069813664622
0.000122946918464898
0.000118667699076331
0.000114294915926088
0.000109656107010765
0.00010543235643692
0.000101576480264777
9.78288393863879e-05
9.46347200769563e-05
9.18207677241697e-05
8.91200381014527e-05
8.6873301338651e-05
8.49162212952718e-05
8.29946272758093e-05
8.1367481970552e-05
7.99816430957571e-05
7.85853007189575e-05
7.72967382425531e-05
7.62370534269644e-05
7.5249869065493e-05
7.4229566493379e-05
7.32865236732602e-05
7.24781548894026e-05
7.17181621282507e-05
7.09352900826242e-05
7.01365024641698e-05
6.93773316934683e-05
6.86829524954871e-05
6.80285950161188e-05
6.73906919012318e-05
6.67597926299551e-05
6.61357633407358e-05
6.5527236888045e-05
6.49377924362006e-05
6.43601815832239e-05
6.37893117037862e-05
6.32257107426558e-05
6.26687196490868e-05
6.21166645868601e-05
6.1569417501431e-05
6.10275138728283e-05
6.04912320280224e-05
5.99606840731342e-05
5.94360164562395e-05
5.89175366198254e-05
5.84053593130806e-05
5.78991129743901e-05
5.73983794892288e-05
5.69031552644131e-05
5.64158970040936e-05
5.59421023416825e-05
5.54824278118382e-05
5.50306260363315e-05
5.45830621488253e-05
5.41405213011863e-05
5.37040176056542e-05
5.32741394721304e-05
5.28512335624758e-05
5.24355329494778e-05
5.20272029135408e-05
5.1626361272146e-05
5.12330883453497e-05
5.08474433203384e-05
5.04694679396003e-05
5.00991788951336e-05
4.97365634528126e-05
4.93815794793318e-05
4.90341621298044e-05
4.86942369746045e-05
4.83617261976706e-05
4.80365487881922e-05
4.77186225999774e-05
4.74078634751738e-05
4.71041827443472e-05
4.68074881163427e-05
4.65176846157863e-05
4.62346749563067e-05
4.59583597989954e-05
4.5688640578964e-05
4.54254211515318e-05
4.51686071362906e-05
4.49181051579854e-05
4.4673822234942e-05
4.4435665992424e-05
4.42035444074253e-05
4.39773661906107e-05
4.37570418809264e-05
4.35424842605409e-05
4.33336080619934e-05
4.31303298596838e-05
4.29325679473313e-05
4.27402430220281e-05
4.25532778303082e-05
4.2371597566123e-05
4.2195129621267e-05
4.20238037897135e-05
4.18575520349361e-05
4.1696308991351e-05
4.15400111530619e-05
4.13885972513098e-05
4.12420081617221e-05
4.11001865617171e-05
4.09630769853221e-05
4.08306255143424e-05
4.07027796554919e-05
4.05794880945699e-05
4.0460700052382e-05
4.03463649405427e-05
4.02364319161575e-05
4.01308491927886e-05
4.00295630675811e-05
3.99325170535077e-05
3.98396507965419e-05
3.97508984512643e-05
3.96661876402796e-05
3.95854380538794e-05
3.95085616421569e-05
3.94354663553196e-05
3.93660666846333e-05
3.93003034381585e-05
3.92381543918011e-05
3.91796813633919e-05
3.91250863182086e-05
3.90745453022616e-05
3.90281003460938e-05
3.89857383170458e-05
3.89474231629984e-05
3.89131111351312e-05
3.88827568524915e-05
3.88563166152733e-05
3.88337505100137e-05
3.88150238344892e-05
3.88001111626846e-05
3.87889703739593e-05
3.87812448020544e-05
3.8777609439471e-05
3.87777668931401e-05
3.87817055951369e-05
3.87897408058435e-05
3.88012006665637e-05
3.88164254622812e-05
3.88354642416748e-05
3.88583425598142e-05
3.88850951709772e-05
3.89157621412756e-05
3.89503872555459e-05
3.89890159879877e-05
3.90316923153175e-05
3.90784524769357e-05
3.91293101421493e-05
3.9184223985029e-05
3.92430208104244e-05
3.93054997602335e-05
3.937159614124e-05
3.94413306747091e-05
3.95147623649611e-05
3.95919766087082e-05
3.96730655274844e-05
3.97581173276488e-05
3.98472125696451e-05
3.99404238902149e-05
4.00378173177655e-05
4.01394533976739e-05
4.02453888136353e-05
4.03556774163219e-05
4.04703711832052e-05
4.05895210146609e-05
4.07131777154238e-05
4.08413921228534e-05
4.09742156595679e-05
4.11117011697606e-05
4.12539024981076e-05
4.14008753369273e-05
4.15526771376127e-05
4.17093671912872e-05
4.18710069217153e-05
4.2037660033058e-05
4.22093919685685e-05
4.2386270856051e-05
4.2568367273004e-05
4.27557537725632e-05
4.29485055352374e-05
4.31466998152678e-05
4.33504163877147e-05
4.35597370020026e-05
4.37747456504534e-05
4.39955283402378e-05
4.42221725641749e-05
4.44547668482437e-05
4.46934022860272e-05
4.49381717865631e-05
4.51891687472926e-05
4.54464859847102e-05
4.5710216844751e-05
4.59804559756714e-05
4.62572997421587e-05
4.65408473832945e-05
4.68311986843239e-05
4.71284516518881e-05
4.74327014423424e-05
4.7744040645198e-05
4.80625579850457e-05
4.83883383750511e-05
4.87214645257906e-05
4.90620176008001e-05
4.94100756128161e-05
4.97657136004676e-05
5.01289963258221e-05
5.04999654984904e-05
5.08786338130104e-05
5.12649868907198e-05
5.16589854850863e-05
5.20605702021152e-05
5.24696607679627e-05
5.28861406673621e-05
5.33098455163543e-05
5.37405418055986e-05
5.41778803339464e-05
5.46212726500669e-05
5.50697083306393e-05
5.55223933371033e-05
5.59829399769818e-05
5.64576191663086e-05
5.69458224241324e-05
5.74420429431482e-05
5.79437975244442e-05
5.8451076246208e-05
5.89642998720851e-05
5.94838581364228e-05
6.0009645883426e-05
6.05413487774763e-05
6.10788205565385e-05
6.16219497428958e-05
6.21704501684051e-05
6.272376982096e-05
6.32820442239016e-05
6.38469720739899e-05
6.44192239768604e-05
6.49982571080586e-05
6.55891511164712e-05
6.61991514866908e-05
6.68246893221457e-05
6.74571583621952e-05
6.80967076237454e-05
6.87527178784145e-05
6.94486729057656e-05
7.02094807201186e-05
7.10101798832844e-05
7.1795176855191e-05
7.25572183550264e-05
7.33672185641178e-05
7.43119471743732e-05
7.53345897741296e-05
7.63241324351203e-05
7.7385493975445e-05
7.86759111723954e-05
8.00749929265795e-05
8.14630899536712e-05
8.30919468270035e-05
8.50162712753917e-05
8.69758987075566e-05
8.92242738127569e-05
9.19277437834666e-05
9.47444703352778e-05
9.79403404132898e-05
0.000101691141586126
0.00010555014717021
0.00010977624177308
0.000114419776919925
0.0001187974415744
0.00012308070491171
0.000127210441082625
0.00013023321238251
0.0001322013970829
0.000133286286000967
0.000132710595328363
0.00013034880161592
0.000126975769329269
0.000122863729333735
0.000118010664289637
0.000112946096879983
0.000108697426927251
0.000105937516465484
0.000104851430281456
0.000105571579509335
0.000108333541733544
0.000113157766158945
0.000119987249053087
0.000128558745276695
0.000138408222552105
0.000149076119253473
0.00016026044884791
0.000171673518469501
0.000183054738581379
0.000194192136726477
0.000204988403667233
0.000215388879881857
0.000225347325193483
0.000234777474133109
0.000243691251751109
0.000252126759156167
0.00026011803428262
0.000267696031458776
0.000274890291935418
0.000281734846034936
0.000288262957613907
0.000294490696208936
0.00030045491275785
0.000306185548248358
0.000311755484441347
0.000317145982314846
0.000322348155786398
0.000327374150356073
0.000332240649221488
0.000336958697352836
0.000341534294028322
0.000345971991184755
0.000350276572754492
0.000354452977587184
0.00035850620795116
0.000362441728033347
0.000366262621437215
0.000369973588637226
0.000373575638175243
0.000377076681759514
0.000380473497228444
0.000383775278987364
0.000386964429637636
0.000390096820906771
0.000393190095433413
0.000396222826461357
0.000399173693468447
0.000402040905351863
0.000404834263013465
0.00040756343296934
0.000410230559884093
0.000412833290307021
0.000415369275346077
0.000417837912844434
0.000420240845738637
0.000422581679289066
0.000424859974704724
0.000427075764264737
0.000429226501528999
0.000431308618970623
0.000433321816096733
0.000435273417318867
0.000437162051407069
0.000438989990130416
0.000440750082435766
0.000442431670115027
0.000444034286863689
0.000445569178849913
0.000447034959854081
0.000448442364762313
0.000449756269869141
0.000450993695969578
0.000452128700044729
0.000453205195743536
0.00045418933055792
0.000455097482965065
0.000455894728499687
0.000456653264548636
0.000457300234363025
0.000457938030017482
0.000458404194089988
0.000458856416085646
0.000459101905705644
0.000459376248098152
0.000459436326507494
0.000459582281462
0.000459442967919277
0.000459478946193323
0.000459129289886392
0.000459091088153723
0.000458545774794302
0.00045844750399341
0.000457711137222999
0.000457600928738472
0.000456695219512265
0.000456708334737174
0.000455592899190149
0.000455816165129933
0.000454428162354828
0.000454889102408622
0.000451236895564793
)
;

boundaryField
{
    electrode
    {
        type            calculated;
        value           uniform 0.000451038618641566;
    }
    ground
    {
        type            calculated;
        value           uniform 0.000451236895564793;
    }
    otherfaces
    {
        type            empty;
    }
}


// ************************************************************************* //
