/*--------------------------------*- C++ -*----------------------------------*\
| =========                 |                                                 |
| \\      /  F ield         | foam-extend: Open Source CFD                    |
|  \\    /   O peration     | Version:     4.1                                |
|   \\  /    A nd           | Web:         http://www.foam-extend.org         |
|    \\/     M anipulation  |                                                 |
\*---------------------------------------------------------------------------*/
FoamFile
{
    version     2.0;
    format      ascii;
    class       volVectorField;
    location    "1.50399999960923e-05";
    object      totalIonFlux;
}
// * * * * * * * * * * * * * * * * * * * * * * * * * * * * * * * * * * * * * //

dimensions      [0 -2 0 0 0 1 0];

internalField   nonuniform List<vector> 
500
(
(-111.254009047507 0 0)
(-110.873410668932 0 0)
(-109.691434099713 0 0)
(-108.688910880739 0 0)
(-107.376929699855 0 0)
(-106.144091796169 0 0)
(-104.563440054008 0 0)
(-103.020592768517 0 0)
(-101.208945656531 0 0)
(-100.130473537092 0 0)
(-98.8059829462188 0 0)
(-97.428532627812 0 0)
(-95.8271394099005 0 0)
(-94.1264683789622 0 0)
(-92.2623480363332 0 0)
(-90.9719393618941 0 0)
(-89.6003365457186 0 0)
(-88.0893013852707 0 0)
(-86.3809540280585 0 0)
(-84.5760032884183 0 0)
(-82.938962477233 0 0)
(-81.6481522379083 0 0)
(-80.1938907861163 0 0)
(-78.5850267119787 0 0)
(-76.8551874172086 0 0)
(-75.2069530045062 0 0)
(-73.9502834264266 0 0)
(-72.5688940627266 0 0)
(-71.0666742410427 0 0)
(-69.4953931334298 0 0)
(-67.9967874030794 0 0)
(-66.8656853162432 0 0)
(-65.6371993840843 0 0)
(-64.3351489405552 0 0)
(-62.9960341401109 0 0)
(-61.6450190029823 0 0)
(-60.687299805844 0 0)
(-59.6839852786947 0 0)
(-58.6495095983892 0 0)
(-57.6091928787124 0 0)
(-56.5792807006272 0 0)
(-55.6294615550105 0 0)
(-54.8906282802231 0 0)
(-54.1595991147772 0 0)
(-53.4475887892745 0 0)
(-52.7661576342695 0 0)
(-52.1226398666499 0 0)
(-51.5238448420441 0 0)
(-50.9752449074635 0 0)
(-50.5637094539038 0 0)
(-50.2056790547775 0 0)
(-49.8938189566142 0 0)
(-49.6313312209026 0 0)
(-49.4240342360301 0 0)
(-49.2766131403851 0 0)
(-49.1868745070007 0 0)
(-49.1450941941777 0 0)
(-49.1448126452838 0 0)
(-49.1958419884582 0 0)
(-49.3159045986346 0 0)
(-49.5053467610734 0 0)
(-49.7523239947304 0 0)
(-50.0579048811703 0 0)
(-50.4245198390459 0 0)
(-50.8492124334798 0 0)
(-51.3315125793724 0 0)
(-51.8706151773804 0 0)
(-52.4657915224789 0 0)
(-53.1162328133935 0 0)
(-53.8210385488073 0 0)
(-54.5788441042998 0 0)
(-55.3884412564468 0 0)
(-56.2499117178955 0 0)
(-57.1651936666034 0 0)
(-58.1348174604582 0 0)
(-59.1516866538459 0 0)
(-60.203034203354 0 0)
(-61.2898386745891 0 0)
(-62.4384431117673 0 0)
(-63.667882707284 0 0)
(-64.9659576193675 0 0)
(-66.3267421454016 0 0)
(-67.7542473112273 0 0)
(-69.2460791799124 0 0)
(-70.8021284236441 0 0)
(-72.4233111711256 0 0)
(-74.1104604416346 0 0)
(-75.8566712834574 0 0)
(-77.6439508469575 0 0)
(-79.464493117632 0 0)
(-81.3512391533615 0 0)
(-83.3450553775 0 0)
(-85.4365752783173 0 0)
(-87.6114167833879 0 0)
(-89.8727903929577 0 0)
(-92.207731153235 0 0)
(-94.5996994887851 0 0)
(-97.0817812316662 0 0)
(-99.630753922623 0 0)
(-102.312869492773 0 0)
(-105.116481631506 0 0)
(-107.989136408099 0 0)
(-110.887895519656 0 0)
(-113.797761515943 0 0)
(-116.782645329142 0 0)
(-119.884830605018 0 0)
(-123.034224728497 0 0)
(-126.153080157953 0 0)
(-129.269143364973 0 0)
(-132.454814777036 0 0)
(-135.653843448433 0 0)
(-138.781908629458 0 0)
(-141.886472343567 0 0)
(-144.990417704126 0 0)
(-148.011585421489 0 0)
(-150.931359484392 0 0)
(-153.803711027722 0 0)
(-156.571014090429 0 0)
(-159.193430934606 0 0)
(-161.719182604124 0 0)
(-164.104957080279 0 0)
(-166.321040350671 0 0)
(-168.4039721526 0 0)
(-170.319210426439 0 0)
(-172.0550357179 0 0)
(-173.642591034005 0 0)
(-175.051595717665 0 0)
(-176.275697553195 0 0)
(-177.539480279102 0 0)
(-178.651420037755 0 0)
(-179.590360045774 0 0)
(-180.395991235028 0 0)
(-181.078164828016 0 0)
(-181.609716470202 0 0)
(-181.995182389879 0 0)
(-182.268466283691 0 0)
(-182.440054102014 0 0)
(-182.496721625088 0 0)
(-182.435658035639 0 0)
(-182.268681855606 0 0)
(-182.016402931726 0 0)
(-181.678232350069 0 0)
(-181.24985446585 0 0)
(-180.750629146362 0 0)
(-180.184100893545 0 0)
(-179.560634711263 0 0)
(-178.895887539451 0 0)
(-178.193567466249 0 0)
(-177.449448453011 0 0)
(-176.664208943922 0 0)
(-175.839835191233 0 0)
(-174.97829736817 0 0)
(-174.081806300495 0 0)
(-173.153249370386 0 0)
(-172.148606116361 0 0)
(-171.034675216413 0 0)
(-169.893423203998 0 0)
(-168.727239025419 0 0)
(-167.537971911302 0 0)
(-166.327152356518 0 0)
(-165.096154512429 0 0)
(-163.846272579156 0 0)
(-162.578787084157 0 0)
(-161.294767867712 0 0)
(-159.99450145067 0 0)
(-158.677452477586 0 0)
(-157.343249558736 0 0)
(-155.992153838089 0 0)
(-154.6245475575 0 0)
(-153.240825792232 0 0)
(-151.84125742614 0 0)
(-150.426129794064 0 0)
(-148.995705748842 0 0)
(-147.550203314369 0 0)
(-146.089868663112 0 0)
(-144.614908011284 0 0)
(-143.125513717084 0 0)
(-141.621866232374 0 0)
(-140.104179554052 0 0)
(-138.572613513966 0 0)
(-137.027362539103 0 0)
(-135.468581054139 0 0)
(-133.896448594759 0 0)
(-132.311137411884 0 0)
(-130.712823797586 0 0)
(-129.101677893834 0 0)
(-127.477854140566 0 0)
(-125.841531467025 0 0)
(-124.1928834349 0 0)
(-122.532087715705 0 0)
(-120.859307086532 0 0)
(-119.174718151647 0 0)
(-117.478510394 0 0)
(-115.770840905641 0 0)
(-114.051889284917 0 0)
(-112.321855706423 0 0)
(-110.580900184212 0 0)
(-108.829212184142 0 0)
(-107.066975944823 0 0)
(-105.294378472896 0 0)
(-103.511609043359 0 0)
(-101.718836824299 0 0)
(-99.9162725090508 0 0)
(-98.1040902011026 0 0)
(-96.2824894849503 0 0)
(-94.4516573820582 0 0)
(-92.6117898858127 0 0)
(-90.7630779739264 0 0)
(-88.9057151513641 0 0)
(-87.0399030389728 0 0)
(-85.1658317452874 0 0)
(-83.2837002705974 0 0)
(-81.3937093665188 0 0)
(-79.4960559628251 0 0)
(-77.5909456949191 0 0)
(-75.6785864973316 0 0)
(-73.7591830704309 0 0)
(-71.8329371558329 0 0)
(-69.9000639799882 0 0)
(-67.9607761968968 0 0)
(-66.015289155521 0 0)
(-64.0638210954541 0 0)
(-62.1065889698102 0 0)
(-60.1438176734278 0 0)
(-58.1757352776964 0 0)
(-56.2025650237112 0 0)
(-54.2245458847323 0 0)
(-52.2419113271924 0 0)
(-50.25489411848 0 0)
(-48.2637400101837 0 0)
(-46.2686858247812 0 0)
(-44.2699764495384 0 0)
(-42.2678057464245 0 0)
(-40.2623807483703 0 0)
(-38.2538596161809 0 0)
(-36.2419466851093 0 0)
(-34.2260303605325 0 0)
(-32.2057593929366 0 0)
(-30.1810183176283 0 0)
(-28.1517164238113 0 0)
(-26.1178017996659 0 0)
(-24.0792385446406 0 0)
(-22.036020975805 0 0)
(-19.9881501384642 0 0)
(-17.9356418816178 0 0)
(-15.8785187781107 0 0)
(-13.816809046965 0 0)
(-11.7505717437897 0 0)
(-9.6797751512858 0 0)
(-7.60439370380762 0 0)
(-5.52490776054359 0 0)
(-3.44041586512079 0 0)
(-1.35078658182516 0 0)
(0.745501185647646 0 0)
(2.8348971473075 0 0)
(4.92388598576202 0 0)
(7.00950654207352 0 0)
(9.09161863002164 0 0)
(11.1701034309828 0 0)
(13.2448591012551 0 0)
(15.3158046406766 0 0)
(17.3828721433517 0 0)
(19.4460085519469 0 0)
(21.5051652058697 0 0)
(23.560305430806 0 0)
(25.6114072871473 0 0)
(27.6584608372074 0 0)
(29.7014397584942 0 0)
(31.7402789456763 0 0)
(33.7748891030402 0 0)
(35.8051810806852 0 0)
(37.8310401814927 0 0)
(39.8523475541428 0 0)
(41.8689747097198 0 0)
(43.8807780411954 0 0)
(45.8876086606214 0 0)
(47.8893175115571 0 0)
(49.8857355959031 0 0)
(51.8766987037102 0 0)
(53.8620386136657 0 0)
(55.841575822908 0 0)
(57.8151314153773 0 0)
(59.7825280659962 0 0)
(61.7435781494937 0 0)
(63.6980968823816 0 0)
(65.6458932538228 0 0)
(67.586789501707 0 0)
(69.5205892596927 0 0)
(71.4471028875814 0 0)
(73.3661514155069 0 0)
(75.2775390937632 0 0)
(77.1810817062229 0 0)
(79.0765846030609 0 0)
(80.9638713290984 0 0)
(82.8427432635301 0 0)
(84.7130209476833 0 0)
(86.5745142622957 0 0)
(88.4270349751144 0 0)
(90.2704032780356 0 0)
(92.1044417220918 0 0)
(93.9289549176251 0 0)
(95.7437705169885 0 0)
(97.5487125505252 0 0)
(99.3435936675734 0 0)
(101.128252249718 0 0)
(102.902500702816 0 0)
(104.666178272847 0 0)
(106.419122027209 0 0)
(108.161158419159 0 0)
(109.89213624172 0 0)
(111.611895226856 0 0)
(113.320282667636 0 0)
(115.017163695202 0 0)
(116.702387649314 0 0)
(118.375842496102 0 0)
(120.037403540249 0 0)
(121.686952188108 0 0)
(123.324416253264 0 0)
(124.949698141968 0 0)
(126.562753382743 0 0)
(128.163537790277 0 0)
(129.75204026828 0 0)
(131.328288693222 0 0)
(132.892316038227 0 0)
(134.444238692487 0 0)
(135.984204166772 0 0)
(137.51239985284 0 0)
(139.029106497372 0 0)
(140.534658494171 0 0)
(142.029502630693 0 0)
(143.51417158379 0 0)
(144.989338394614 0 0)
(146.455807394602 0 0)
(147.914477183813 0 0)
(149.36608451258 0 0)
(150.812835659081 0 0)
(152.263823275273 0 0)
(153.728811086505 0 0)
(155.209113199999 0 0)
(156.704028672857 0 0)
(158.215647016432 0 0)
(159.747628200329 0 0)
(161.304548645053 0 0)
(162.891897591007 0 0)
(164.516121765074 0 0)
(166.184774790704 0 0)
(167.906976781243 0 0)
(169.69098156885 0 0)
(171.37695879187 0 0)
(173.119843174542 0 0)
(174.935405375491 0 0)
(176.838117620696 0 0)
(178.8407995738 0 0)
(180.956712108245 0 0)
(183.200911440509 0 0)
(185.587863907484 0 0)
(188.119760573691 0 0)
(190.760450853024 0 0)
(193.559856210698 0 0)
(196.524073934655 0 0)
(199.666341449577 0 0)
(202.910973918259 0 0)
(206.188241280619 0 0)
(210.21258965357 0 0)
(214.388536123791 0 0)
(218.709338500199 0 0)
(222.949983521607 0 0)
(227.603790877352 0 0)
(233.206979072838 0 0)
(238.812929803582 0 0)
(243.965664435139 0 0)
(250.168751537011 0 0)
(257.128058984964 0 0)
(263.441594226463 0 0)
(269.864636117676 0 0)
(278.013289416569 0 0)
(285.185751665859 0 0)
(292.098868342489 0 0)
(301.098221813289 0 0)
(308.653094209 0 0)
(316.077497297456 0 0)
(325.465765526763 0 0)
(332.926032695257 0 0)
(340.539267901482 0 0)
(349.842048394796 0 0)
(356.912179283768 0 0)
(363.910121607263 0 0)
(372.70142340582 0 0)
(379.413918436742 0 0)
(384.534946821265 0 0)
(392.443406968834 0 0)
(399.008527117702 0 0)
(403.111758721942 0 0)
(407.650280835951 0 0)
(413.522610047228 0 0)
(418.130819894342 0 0)
(420.920475993208 0 0)
(422.22190044251 0 0)
(426.262590990854 0 0)
(429.47781224837 0 0)
(431.67100454382 0 0)
(432.945380897287 0 0)
(432.804068732905 0 0)
(432.769238602797 0 0)
(434.403323985792 0 0)
(435.469662415161 0 0)
(435.913906506732 0 0)
(435.812835262265 0 0)
(435.231350719589 0 0)
(434.247993717601 0 0)
(432.480985664012 0 0)
(430.752054453813 0 0)
(430.587836759304 0 0)
(430.182620002055 0 0)
(429.459456564158 0 0)
(428.458185095627 0 0)
(427.225044009266 0 0)
(425.793153997042 0 0)
(424.179272964789 0 0)
(422.404566715031 0 0)
(420.483160902015 0 0)
(418.446252933752 0 0)
(416.027070900081 0 0)
(413.422923938755 0 0)
(412.213248152747 0 0)
(410.969012695952 0 0)
(409.585485201812 0 0)
(408.072360731197 0 0)
(406.461694093292 0 0)
(404.775940819308 0 0)
(403.023737670215 0 0)
(401.20834689611 0 0)
(399.334617974401 0 0)
(397.408724661149 0 0)
(395.437246619002 0 0)
(393.424250837741 0 0)
(391.376746583375 0 0)
(389.295367367158 0 0)
(387.181426406917 0 0)
(385.04731536664 0 0)
(382.913586415702 0 0)
(380.610599801877 0 0)
(378.144414956737 0 0)
(376.351388032811 0 0)
(374.857661626366 0 0)
(373.334357747253 0 0)
(371.745187693023 0 0)
(370.101816749118 0 0)
(368.435451344354 0 0)
(366.766070306629 0 0)
(365.094212339902 0 0)
(363.412085327754 0 0)
(361.715418874785 0 0)
(360.006057521017 0 0)
(358.292623474322 0 0)
(356.578948895463 0 0)
(354.864400593854 0 0)
(353.155132004879 0 0)
(351.450405660015 0 0)
(349.737123234284 0 0)
(348.023083829897 0 0)
(346.311411676322 0 0)
(344.610893359575 0 0)
(342.941981534747 0 0)
(341.289414115476 0 0)
(339.626545487773 0 0)
(337.94678482865 0 0)
(336.261069393739 0 0)
(334.628834072443 0 0)
(333.040981867034 0 0)
(331.477310656787 0 0)
(329.865362614062 0 0)
(328.245069520729 0 0)
(326.627747310828 0 0)
(324.994147100594 0 0)
(323.464160127987 0 0)
(322.296900287151 0 0)
(321.099946967833 0 0)
(320.019146272732 0 0)
(318.933217304739 0 0)
(317.886632577342 0 0)
(316.716546369855 0 0)
(315.5632173071 0 0)
(314.391577022009 0 0)
(313.415402056201 0 0)
(312.35246692455 0 0)
(311.427420601643 0 0)
(310.2669400447 0 0)
(309.351164957737 0 0)
(308.222234811218 0 0)
(307.44509208673 0 0)
(306.332777167392 0 0)
(305.539217151351 0 0)
(304.362714801517 0 0)
(303.706328155612 0 0)
(302.474371939257 0 0)
(302.152654731846 0 0)
(300.824220871863 0 0)
(300.485894930385 0 0)
(298.223338348945 0 0)
)
;

boundaryField
{
    electrode
    {
        type            calculated;
        value           uniform (-112.914578141732 0 0);
    }
    ground
    {
        type            calculated;
        value           uniform (298.895849642439 0 0);
    }
    otherfaces
    {
        type            empty;
    }
}


// ************************************************************************* //
