/*--------------------------------*- C++ -*----------------------------------*\
| =========                 |                                                 |
| \\      /  F ield         | foam-extend: Open Source CFD                    |
|  \\    /   O peration     | Version:     4.1                                |
|   \\  /    A nd           | Web:         http://www.foam-extend.org         |
|    \\/     M anipulation  |                                                 |
\*---------------------------------------------------------------------------*/
FoamFile
{
    version     2.0;
    format      ascii;
    class       volScalarField;
    location    "1.23673874951005e-05";
    object      eTemp;
}
// * * * * * * * * * * * * * * * * * * * * * * * * * * * * * * * * * * * * * //

dimensions      [0 0 0 1 0 0 0];

internalField   nonuniform List<scalar> 
500
(
45413.4295387844
44285.5784596517
43648.4119361999
43249.6792243142
43004.6910043134
42874.9664179027
42837.1219476601
42874.3439053769
42971.1732167393
43113.0771360021
43286.4943264206
43479.221312105
43680.642671047
43882.3016151368
44077.9596637825
44263.3313776897
44435.9636151083
44595.0263544113
44740.6279437795
44873.4512130479
44994.6438815986
45105.3675931645
45206.6556886018
45299.5926184685
45385.0995422911
45463.7321509627
45536.1109185215
45602.9788963012
45664.6117654147
45721.2623885005
45773.6433213263
45822.1483894801
45866.7189370833
45907.6024287402
45945.362451243
45980.3613736166
46012.6720025379
46042.3323911171
46069.5615088117
46094.6712300371
46117.878051496
46139.3087508403
46159.0682323377
46177.2508477922
46193.9449509667
46209.2688746945
46223.3534334536
46236.2974582223
46248.1796140926
46259.0741632065
46269.0497746247
46278.1711493549
46286.4927031756
46294.0572639972
46300.9130807463
46307.1148111147
46312.7103624266
46317.7434712695
46322.2550388281
46326.2800282998
46329.8505529611
46332.9975312766
46335.7501106732
46338.1356126144
46340.1796732453
46341.9068245819
46343.3405372917
46344.5022968133
46345.4117518648
46346.0876591932
46346.5479113733
46346.8093141791
46346.8876750734
46346.7979388554
46346.5539995186
46346.1690320654
46345.6554334375
46345.02484074
46344.2881860458
46343.455700724
46342.5367750243
46341.5400170034
46340.4745254365
46339.3500365117
46338.1742984967
46336.9530118961
46335.6921349055
46334.3978501488
46333.075890412
46331.7315997247
46330.3699639286
46328.9956299261
46327.6129183104
46326.2258454828
46324.8381372969
46323.4532437365
46322.0743580714
46320.704428228
46319.3461665689
46318.0020679071
46316.6744187608
46315.3653084314
46314.0766400998
46312.8101414346
46311.5673735366
46310.3497420837
46309.1585025637
46307.9947712216
46306.8595356565
46305.7536552431
46304.6778747398
46303.6328306091
46302.6190534276
46301.6369786685
46300.6869520776
46299.7692289212
46298.8839898334
46298.0313406418
46297.2113137045
46296.4238789577
46295.668945344
46294.9463657398
46294.2559394077
46293.5974178886
46292.9705073595
46292.374872906
46291.8101404159
46291.2759018673
46290.7717165981
46290.2971135295
46289.8515969079
46289.4346451467
46289.0457138366
46288.6842409062
46288.3496469675
46288.0413362126
46287.7586994351
46287.5011142174
46287.267951169
46287.0585710631
46286.8723260396
46286.7085650658
46286.5666320468
46286.4458682533
46286.3456128102
46286.2652047499
46286.2039820551
46286.1612854183
46286.1364678363
46286.1288554179
46286.1378085538
46286.1626813359
46286.2028351942
46286.2576352703
46286.3264544052
46286.408671968
46286.5036760453
46286.6108628031
46286.7296349265
46286.8594063061
46286.9995984412
46287.1496432897
46287.3089830934
46287.4770693891
46287.653362403
46287.8373359261
46288.028473872
46288.2262685796
46288.4302254933
46288.6398599032
46288.8546986431
46289.0742804793
46289.2981538608
46289.5258791097
46289.7570277131
46289.9911833988
46290.2279394464
46290.4668997987
46290.7076817958
46290.9499121366
46291.1932283472
46291.4372798706
46291.6817256757
46291.9262355965
46292.1704914877
46292.4141837744
46292.6570130815
46292.8986914631
46293.1389407031
46293.3774914847
46293.6140844201
46293.8484699742
46294.0804085264
46294.309667847
46294.5360269812
46294.7592724785
46294.9791985589
46295.195609809
46295.4083185253
46295.6171447688
46295.8219164434
46296.022469243
46296.2186476293
46296.4103013554
46296.5972877129
46296.779472911
46296.9567238948
46297.1289412239
46297.2960151423
46297.4577662114
46297.6140989886
46297.7650052542
46297.9103851853
46298.0501113216
46298.1841035869
46298.3122883894
46298.4345953459
46298.5509594346
46298.6613191159
46298.7656152866
46298.8637960123
46298.9558135342
46299.0416236296
46299.1211836662
46299.1944566047
46299.2614109055
46299.322013124
46299.3762338206
46299.4240512048
46299.4654458711
46299.5003948613
46299.5288782646
46299.5508798143
46299.5663902731
46299.5753997378
46299.577894667
46299.573866178
46299.5633122021
46299.5462252128
46299.5225910886
46299.4924113346
46299.4556816417
46299.4123980955
46299.3625582742
46299.3061600912
46299.2431993719
46299.1736646315
46299.097576568
46299.0149052646
46298.9255761691
46298.8295976891
46298.7269814873
46298.617790466
46298.5020846104
46298.3797966936
46298.2508663141
46298.1152775756
46297.973012385
46297.8240516359
46297.6683718885
46297.5059456821
46297.3367450133
46297.1607369932
46296.9778865947
46296.7881570853
46296.5915060863
46296.3878845049
46296.1772446065
46295.9595348607
46295.7346910492
46295.5026491761
46295.2633431599
46295.0167014808
46294.7626468654
46294.5010909894
46294.2319446952
46293.9551165946
46293.6705042631
46293.3779988499
46293.0774878384
46292.7688517293
46292.4519622319
46292.1266841831
46291.7928750676
46291.4503865737
46291.0990655033
46290.7387448438
46290.3692400595
46289.9903681364
46289.6019892882
46289.2039097219
46288.7958108019
46288.3774607066
46287.9487168539
46287.5093393943
46287.0590518738
46286.5975982314
46286.1247094224
46285.6401061911
46285.143498673
46284.6345847748
46284.1130526645
46283.5785781606
46283.0308249982
46282.4694460191
46281.8940810404
46281.3043590274
46280.699895119
46280.0802913887
46279.4451388899
46278.7940131685
46278.1264774009
46277.4420836098
46276.7403674215
46276.0208503635
46275.2830427109
46274.5264387896
46273.7505177827
46272.9547474601
46272.1385789092
46271.3014488496
46270.4427809337
46269.5619812472
46268.6584438158
46267.731546987
46266.7806529136
46265.8051109405
46264.8042549928
46263.7774024248
46262.7238568028
46261.6429087144
46260.5338318389
46259.3958845051
46258.2283127716
46257.030347225
46255.8012050134
46254.5400885738
46253.2461858086
46251.9186732416
46250.5567125723
46249.1594533352
46247.7260323005
46246.255573561
46244.7471903058
46243.1999824231
46241.6130422473
46239.9854498063
46238.3162749888
46236.6045808541
46234.8494185803
46233.0498342707
46231.2048662458
46229.3135468315
46227.3749038323
46225.3879586653
46223.3517304564
46221.2652373656
46219.1274931739
46216.9375125732
46214.6943139266
46212.3969132163
46210.0443331541
46207.6356008808
46205.169749143
46202.6458199708
46200.0628643301
46197.4199438008
46194.7161339416
46191.9505258722
46189.1222249156
46186.2303583255
46183.2740734357
46180.25253853
46177.1649503888
46174.010533209
46170.7885381054
46167.4982535043
46164.1390015949
46160.7101420092
46157.2110788061
46153.6412567916
46150.0001680803
46146.2873605262
46142.5024315323
46138.6450366298
46134.7148956843
46130.7117907508
46126.6355729519
46122.4861664048
46118.263574393
46113.9678808249
46109.599255102
46105.1579573782
46100.644345766
46096.0588763686
46091.4021119507
46086.6747291585
46081.8775187193
46077.0113969372
46072.0774100507
46067.0767369446
46062.0107011203
46056.8807874167
46051.6886047066
46046.4359423514
46041.124864954
46035.7575481892
46030.3362720277
46024.8635475678
46019.3420920398
46013.7748360095
46008.1649398179
46002.5157968699
45996.8310479032
45991.1145899843
45985.3705088327
45979.6037115648
45973.8200531341
45968.0244236682
45962.2208026407
45956.4144529243
45950.6118241742
45944.8195848383
45939.0446667985
45933.2944106092
45927.5765938706
45921.8994523429
45916.2717186805
45910.7026527105
45905.2020626625
45899.7803524694
45894.4485492847
45889.2183258771
45884.1022814087
45879.114069348
45874.2677140242
45869.5775748899
45865.0592812451
45860.7298802456
45856.6075467795
45852.7116802112
45849.0632604853
45845.6857998112
45842.6036936824
45839.83915941
45837.4164072789
45835.3616822822
45833.7001825094
45832.4678993198
45831.7124417531
45831.4785708396
45831.8090687518
45832.7520688779
45834.3599615632
45836.6918888843
45839.8016512788
45843.7261274986
45848.5268948862
45854.3107040341
45861.201247149
45869.3362131888
45878.8536114053
45889.8274806006
45902.2646602235
45916.2922938427
45932.2560389228
45950.5068290784
45971.1379987865
45994.0801117547
46019.6242938581
46048.4064058903
46080.6473381253
46116.3000811145
46155.822324139
46199.6905577797
46247.9813464215
46300.9434897502
46358.9151275553
46421.9158440598
46489.8290673785
46562.5527049182
46639.7422216974
46720.7808466652
46805.0071446214
46891.6103665237
46979.7022557407
47068.6497877245
47158.1163229616
47248.1604420189
47339.6336600596
47434.2647305729
47534.5182773917
47643.7573024062
47766.2943594455
47907.6819132478
48074.6459013841
48276.8728292724
48531.161002931
48870.2643004044
49378.2330739841
)
;

boundaryField
{
    electrode
    {
        type            zeroGradient;
    }
    ground
    {
        type            zeroGradient;
    }
    otherfaces
    {
        type            empty;
    }
}


// ************************************************************************* //
