/*--------------------------------*- C++ -*----------------------------------*\
| =========                 |                                                 |
| \\      /  F ield         | foam-extend: Open Source CFD                    |
|  \\    /   O peration     | Version:     4.1                                |
|   \\  /    A nd           | Web:         http://www.foam-extend.org         |
|    \\/     M anipulation  |                                                 |
\*---------------------------------------------------------------------------*/
FoamFile
{
    version     2.0;
    format      ascii;
    class       volScalarField;
    location    "1.23673874951005e-05";
    object      powerDissipated;
}
// * * * * * * * * * * * * * * * * * * * * * * * * * * * * * * * * * * * * * //

dimensions      [1 2 -3 0 0 0 0];

internalField   nonuniform List<scalar> 
500
(
0.00162488813247194
0.00119697255850546
0.000444250622020033
-0.000433536750552442
-0.00146343323467517
-0.00241408313573196
-0.00302916754924921
-0.00286613481834103
-0.00156154856171671
0.00118565064227182
0.00538552885674647
0.0107890212532133
0.0167654399044073
0.0226316776250635
0.0277369849237363
0.031596328876051
0.0340392103863217
0.0351666108371173
0.0351619884856469
0.0343225310309785
0.0329496427574629
0.0312337160482523
0.029357531559542
0.0274971741349838
0.0256735281930422
0.0239033296855948
0.0222947145550259
0.0208443902846073
0.0194481740013129
0.0182093160242905
0.0171607902958468
0.01616749322563
0.0152160241779089
0.0143926509161844
0.0136920290503344
0.0130508892628277
0.0124346194994799
0.011856174308605
0.0113457523515809
0.0108956443470999
0.0104844675077894
0.0101014658566875
0.00974274524019643
0.00940442870168615
0.00908727797789068
0.00879707027121436
0.00853058859815105
0.00828226104640777
0.00805034334492028
0.00783286611320741
0.00762820853258319
0.00743497796215111
0.00725067902743055
0.00707431523785175
0.00690759125629861
0.0067501758043872
0.00660091663517661
0.00645960756003095
0.00632517517419762
0.00619671017784122
0.00607381881807142
0.00595608582610009
0.00584312934460017
0.00573460458257611
0.00563022381215443
0.0055297953635976
0.00543306181197569
0.00533965753915038
0.00524936514982321
0.00516204863011377
0.0050775408346341
0.00499568620856898
0.00491634657890239
0.00483939174044452
0.00476470188859214
0.00469216532080811
0.0046216805988384
0.00455315161837064
0.00448649016226184
0.00442160941105926
0.00435841331446371
0.00429684193136653
0.00423704748338288
0.00417896300473882
0.00412217391708315
0.00406656808131091
0.00401220364522917
0.00395902957513488
0.00390700175111927
0.00385607866873832
0.00380622146579247
0.00375739211559652
0.00370955449298564
0.00366267468991942
0.00361671951269975
0.00357165796793048
0.00352746031723358
0.00348409804283754
0.00344154362416917
0.00339977167511947
0.00335875662315877
0.0033184752544732
0.00327890414891513
0.00324002204617378
0.00320180729420745
0.00316424064789153
0.00312730168466295
0.00309097297359449
0.00305523597268838
0.00302007377499317
0.00298546995306481
0.00295140879856746
0.00291787460329443
0.00288485337157222
0.00285233049438176
0.002820292183165
0.00278872602385489
0.00275761862457373
0.00272695809582364
0.00269673262451871
0.0026669307777286
0.00263754167161774
0.00260855444865759
0.00257995917243689
0.00255174556297027
0.00252390445977434
0.00249642603927486
0.00246930196512977
0.00244252286842796
0.00241608092223231
0.0023899676246568
0.00236417524869275
0.0023386958954609
0.00231352258202728
0.0022886476683997
0.00226406454028593
0.00223976613345356
0.00221574600656569
0.00219199796132605
0.00216851550651825
0.00214529278760789
0.00212232403685932
0.00209960339316159
0.00207712557916538
0.00205488497235598
0.00203287666705705
0.00201109523736617
0.00198953619909046
0.00196819423350845
0.00194706522667872
0.00192614413146453
0.00190542688417631
0.00188490905240134
0.00186458636256282
0.00184445491353929
0.00182451045607301
0.00180474946140057
0.00178516780726402
0.00176576197761794
0.00174652842959132
0.00172746342986923
0.0017085638352476
0.00168982606765762
0.00167124706776824
0.00165282331263113
0.00163455226523486
0.00161643027845285
0.00159845481141111
0.00158062274020217
0.00156293134963157
0.00154537780437424
0.00152795953646221
0.00151067363416947
0.00149351782520435
0.00147648926632478
0.00145958589245306
0.00144280476251469
0.00142614398223154
0.0014096009466348
0.00139317353743876
0.00137685937736754
0.00136065653248731
0.0013445625485084
0.00132857566527758
0.00131269362109138
0.00129691449581126
0.00128123624143926
0.00126565710934381
0.00125017501690817
0.00123478823608832
0.00121949485227935
0.0012042932052216
0.00118918145431444
0.00117415784076572
0.0011592208848661
0.00114436866383225
0.00112959975469951
0.00111491246546284
0.00110030528743767
0.00108577661864811
0.00107132500123359
0.00105694888110893
0.00104264694438518
0.00102841750631334
0.00101425940375902
0.00100017105702978
0.000986150960481419
0.000972199927920712
0.000958311534982833
0.000944482666348665
0.000930723148129662
0.000917029125651353
0.000903391120698764
0.000889809819630127
0.000876284259811579
0.000862812840453403
0.000849394184868155
0.000836026860003576
0.000822709290033252
0.000809440207424863
0.000796218525031002
0.000783042735714787
0.000769911718875583
0.000756823925001248
0.000743778529863091
0.000730774070193357
0.000717809209987079
0.000704883016853305
0.000691994595716972
0.000679142428839677
0.000666325177899177
0.000653541934341829
0.000640791700543796
0.000628073678550935
0.000615386308354976
0.000602728589780981
0.000590099474508344
0.000577498021473487
0.000564923029228523
0.000552373496449789
0.000539848413806546
0.00052734679583103
0.000514867649084494
0.00050241000074269
0.000489972733948897
0.000477554723918256
0.00046515483839636
0.000452773819518456
0.000440405746062156
0.000428054038023038
0.000415723494037833
0.000403400449490448
0.000391088478494605
0.000378792293708431
0.000366505350345739
0.000354227930251535
0.000341959108408775
0.000329697902665976
0.000317443423010145
0.000305194573516603
0.000292950426397095
0.000280710050861046
0.000268472521316494
0.00025623694171347
0.000244002261555381
0.000231767422668699
0.000219531473921493
0.000207293556556826
0.000195052493381558
0.000182807175446107
0.000170556779851832
0.000158300390305676
0.000146036975836162
0.000133765300301741
0.000121484296890842
0.000109193162846131
9.68907746266959e-05
8.45759305057464e-05
7.22476247337511e-05
5.99047697332252e-05
4.75462291389957e-05
3.51708379272505e-05
2.27775301577131e-05
1.03652226374348e-05
-2.06709756094585e-06
-1.45206440388482e-05
-2.69969657382634e-05
-3.94972728832562e-05
-5.20223209424794e-05
-6.45737105334623e-05
-7.71572991311033e-05
-8.97751165514132e-05
-0.000102422624411073
-0.000115100749668099
-0.000127812997071042
-0.000140560342344465
-0.000153343791482288
-0.000166164447076165
-0.000179023441752986
-0.000191921862416955
-0.000204860870604297
-0.000217841644733687
-0.000230865315549152
-0.000243933092648292
-0.000257046225355181
-0.000270205944267339
-0.000283413510177874
-0.000296670128216473
-0.000309977160312106
-0.000323335895513443
-0.000336747640548032
-0.000350213811584626
-0.00036373578657423
-0.000377314897468678
-0.000390952645148945
-0.000404650465652773
-0.000418409782447336
-0.000432232151898118
-0.000446119163213594
-0.000460072234729417
-0.000474093088883826
-0.000488183271398591
-0.000502344420948763
-0.000516578314946834
-0.00053088654861996
-0.000545270938711958
-0.00055973328867558
-0.000574275389455142
-0.00058889904358698
-0.000603606237435255
-0.000618398898799857
-0.000633278932643203
-0.000648248379316637
-0.00066330936478463
-0.000678463923054834
-0.000693714313300212
-0.00070906257631425
-0.000724511097423304
-0.000740062148794055
-0.000755718075077462
-0.000771481327794761
-0.000787354305281955
-0.000803339578364663
-0.00081943973109271
-0.000835657356992362
-0.000851995400857628
-0.000868456316112382
-0.000885043265827904
-0.000901758963314784
-0.000918606471266535
-0.000935588953123224
-0.000952709464891291
-0.000969971367961671
-0.00098737791611711
-0.00100493251922574
-0.00102263877884533
-0.00104050031118278
-0.00105852066854405
-0.00107670390036315
-0.00109505385415182
-0.00111357440197807
-0.00113227006365778
-0.0011511447496935
-0.00117020320475238
-0.00118944972901885
-0.00120888921519066
-0.00122852623882846
-0.0012483661111891
-0.00126841367065654
-0.00128867437170575
-0.00130915371274295
-0.00132985726786109
-0.00135079081949996
-0.00137196063282162
-0.00139337266786159
-0.00141503342956946
-0.00143694981442757
-0.00145912838661766
-0.00148157656375422
-0.00150430163816726
-0.00152731110840463
-0.0015506130897122
-0.00157421600834847
-0.00159812787721915
-0.00162235808956646
-0.00164691552471281
-0.00167180985137397
-0.00169705085152482
-0.00172264899914074
-0.00174861499206456
-0.00177495991226901
-0.00180169538745838
-0.0018288334739863
-0.00185638695502983
-0.00188436858607243
-0.00191279249341616
-0.00194167271616684
-0.00197102424185236
-0.00200086284027554
-0.00203120474432055
-0.00206206693575173
-0.00209346767611472
-0.00212542650749003
-0.00215796061425778
-0.00219109533621458
-0.00222485468970356
-0.00225925204336446
-0.00229431396986817
-0.00233006577933102
-0.00236653364937951
-0.00240374521822596
-0.00244173011221546
-0.00248051858342989
-0.00252014406204764
-0.00256064056139169
-0.00260203810423467
-0.00264442427012052
-0.0026878928240935
-0.0027324748800186
-0.00277825647706494
-0.00282533101357073
-0.00287373230823865
-0.00292350514864497
-0.00297471279232772
-0.00302742563627527
-0.00308172067061314
-0.00313768166326909
-0.00319540102648058
-0.00325497799902518
-0.00331652106620569
-0.0033801495078798
-0.00344599162251377
-0.003514187586869
-0.00358491344805985
-0.00365836656740709
-0.00373472824736888
-0.00381422551146737
-0.00389711918694967
-0.00398367041373374
-0.00407417384808899
-0.00416897410683199
-0.00426848778620263
-0.00437328798585662
-0.0044838846081118
-0.00460065794022534
-0.00472434585867377
-0.00485514831732176
-0.004993247859855
-0.00513972019316436
-0.00529518607767272
-0.00546027079891863
-0.00563642922082009
-0.00582524822290855
-0.00602844804786075
-0.00624832207888744
-0.00648544581597279
-0.00673999066666745
-0.00701511093860001
-0.00731263842273715
-0.00763469306650399
-0.00798655273863892
-0.00837276515582224
-0.00879202670803833
-0.00924298190983538
-0.00973983822620445
-0.0102944762535827
-0.0109072723066854
-0.0115641632411477
-0.0122683218518161
-0.0130656522004263
-0.013962515048537
-0.0149073939925827
-0.0159288104701688
-0.0170821457226528
-0.0183144605237367
-0.0196209877027114
-0.0210344829711307
-0.0225206821433005
-0.0240320369297557
-0.0255444964860169
-0.0270111479709997
-0.0283280988736561
-0.0294152185827186
-0.0301953805447211
-0.0305483997837637
-0.0304437037690477
-0.0298541283771588
-0.0288006966154992
-0.0273281584816778
-0.0255456511841898
-0.0234999344732219
-0.0212659728868263
-0.0188836527696924
-0.0164526129933761
-0.0139777301875442
-0.0115745368824412
-0.00930292786838225
-0.0072944907729573
-0.00551955704099589
-0.00425327618376569
)
;

boundaryField
{
    electrode
    {
        type            zeroGradient;
    }
    ground
    {
        type            zeroGradient;
    }
    otherfaces
    {
        type            empty;
    }
}


// ************************************************************************* //
