/*--------------------------------*- C++ -*----------------------------------*\
| =========                 |                                                 |
| \\      /  F ield         | foam-extend: Open Source CFD                    |
|  \\    /   O peration     | Version:     4.1                                |
|   \\  /    A nd           | Web:         http://www.foam-extend.org         |
|    \\/     M anipulation  |                                                 |
\*---------------------------------------------------------------------------*/
FoamFile
{
    version     2.0;
    format      ascii;
    class       volScalarField;
    location    "1.0915218995983e-05";
    object      eTempMean;
}
// * * * * * * * * * * * * * * * * * * * * * * * * * * * * * * * * * * * * * //

dimensions      [0 0 0 1 0 0 0];

internalField   nonuniform List<scalar> 
500
(
45197.5826521361
45345.7711076597
45628.7482916544
45826.2550808266
45996.0950292883
46135.2292765062
46249.3851418949
46342.297740037
46418.4746563083
46481.10526646
46533.0499820173
46576.1967050578
46612.3385323769
46642.6721805929
46668.3068056309
46690.0324767519
46708.5611251966
46724.3919051986
46737.9824424201
46749.7109176134
46759.903797167
46768.8038260598
46776.6134851732
46783.5011953027
46789.6096660125
46795.0487883573
46799.9060720195
46804.2534489676
46808.1543188928
46811.6639714223
46814.8299155135
46817.6923095007
46820.2854294356
46822.638893567
46824.778608396
46826.7272752074
46828.5048363511
46830.1287351179
46831.6142567222
46832.9747477988
46834.2218569947
46835.3658423836
46836.4157441277
46837.3795181166
46838.2642516909
46839.0762185589
46839.8210535377
46840.5037698464
46841.1289011281
46841.7005104968
46842.2223186989
46842.6976602942
46843.1295998921
46843.5209198117
46843.8741989091
46844.1917696894
46844.4758113661
46844.7283058727
46844.9511270457
46845.1459770228
46845.3144755812
46845.4580977944
46845.5782580848
46845.6762450738
46845.7533024698
46845.8105628854
46845.8491267293
46845.8699954526
46845.8741473239
46845.8624706533
46845.8358380359
46845.7950406369
46845.7408595417
46845.6740011055
46845.595166524
46845.5049882609
46845.4040971173
46845.2930602755
46845.1724468198
46845.042766697
46844.904533859
46844.7582072835
46844.6042519246
46844.4430813049
46844.2751166341
46844.1007309237
46843.9203062779
46843.7341797571
46843.5426987745
46843.3461685752
46843.1449052646
46842.9391851245
46842.7292964594
46842.5154901072
46842.2980293372
46842.0771417873
46841.8530681479
46841.6260151821
46841.3962033119
46841.1638208032
46840.9290696403
46840.69212106
46840.4531605511
46840.2123441906
46839.9698424829
46839.7257978412
46839.4803672435
46839.2336805821
46838.9858823902
46838.7370913973
46838.4874411247
46838.2370401427
46837.9860118139
46837.7344553737
46837.4824850784
46837.230192002
46836.9776819889
46836.7250385591
46836.4723599688
46836.2197228572
46835.9672184732
46835.7149172093
46835.4629040397
46835.2112435758
46834.960014928
46834.7092775663
46834.4591052301
46834.2095526355
46833.9606886452
46833.7125635914
46833.4652418307
46833.2187697868
46832.9732075948
46832.7285980728
46832.4849975365
46832.2424455998
46832.0009950926
46831.7606825873
46831.5215576602
46831.2836541302
46831.0470184667
46830.8116819463
46830.5776883073
46830.3450663873
46830.1138573497
46829.884087921
46829.6557967896
46829.429008701
46829.2037601289
46828.9800740061
46828.7579846737
46828.5375133529
46828.3186924325
46828.1015416257
46827.8860914923
46827.6723603115
46827.4603769396
46827.2501583249
46827.0417317554
46826.8351129411
46826.6303277095
46826.4273906294
46826.2263261638
46826.0271478143
46825.829878764
46825.6345315513
46825.4411280063
46825.2496797676
46825.0602076414
46824.872722439
46824.6872440118
46824.5037823866
46824.322356414
46824.1429753755
46823.9656571457
46823.790410437
46823.6172521848
46823.4461904605
46823.2772414361
46823.1104125501
46822.9457192318
46822.783168399
46822.6227746525
46822.4645444794
46822.3084917705
46822.1546225436
46822.0029500052
46821.8534797244
46821.7062243276
46821.5611890487
46821.418385786
46821.2778194757
46821.1395014411
46821.0034362722
46820.8696346593
46820.7381009596
46820.6088452793
46820.4818717006
46820.3571898201
46820.2348034224
46820.1147216222
46819.9969479638
46819.8814910423
46819.7683541687
46819.6575454793
46819.5490680581
46819.4429296416
46819.3391330878
46819.2376856121
46819.1385899682
46819.04185294
46818.9474770612
46818.8554687267
46818.7658302726
46818.6785677229
46818.5936832599
46818.5111824908
46818.4310674552
46818.3533434291
46818.2780121994
46818.2050787838
46818.1345447612
46818.0664148087
46818.0006903836
46817.9373758273
46817.8764723644
46817.817984124
46817.761912175
46817.7082602615
46817.6570293373
46817.6082228718
46817.5618416435
46817.5178888212
46817.4763650942
46817.4372733092
46817.4006139836
46817.3663896903
46817.3346008821
46817.3052497556
46817.2783366825
46817.2538635323
46817.2318305957
46817.2122394497
46817.1950902781
46817.18038429
46817.1681218224
46817.1583039609
46817.1509308095
46817.1460122407
46817.1436400949
46817.1436007628
46817.1458944176
46817.1507346219
46817.1580293031
46817.1677686931
46817.179952674
46817.1945801311
46817.2116507501
46817.2311633502
46817.2531176863
46817.2775122369
46817.304346686
46817.3336191484
46817.3653292664
46817.3994748211
46817.4360553809
46817.4750683513
46817.5165132282
46817.5603871236
46817.606689401
46817.6554168856
46817.7065687473
46817.7601415665
46817.816134363
46817.8745433711
46817.9353675366
46817.9986027663
46818.0642477639
46818.1322982338
46818.2027526711
46818.2756064772
46818.3508580039
46818.4285022534
46818.5085374239
46818.59095825
46818.6757627062
46818.7629451594
46818.8525034185
46818.9444314949
46819.0387270377
46819.1353836391
46819.2343987511
46819.3357656069
46819.4394814505
46819.5455390854
46819.6539355869
46819.7646632923
46819.8777190856
46819.9930948663
46820.1107872695
46820.2307877355
46820.3530926965
46820.4776930684
46820.6045850646
46820.7337590734
46820.865211046
46820.9989308522
46821.134914165
46821.2731502889
46821.4136345991
46821.556355808
46821.7013089968
46821.84848222
46821.9978702609
46822.1494605552
46822.3032474417
46822.4592177869
46822.6173655301
46822.7776768257
46822.9401451912
46823.104755986
46823.2715023184
46823.4403687688
46823.6113479045
46823.7844235513
46823.9595876959
46824.1368233366
46824.316121794
46824.49746524
46824.6808443324
46824.8662402306
46825.0536429414
46825.2430326263
46825.4343984632
46825.6277195946
46825.8229845117
46826.0201712686
46826.2192673929
46826.4202496777
46826.6231046331
46826.8278078223
46827.0343447347
46827.2426894917
46827.4528264465
46827.664728286
46827.8783781055
46828.0937469957
46828.3108167165
46828.5295567501
46828.7499473604
46828.9719562048
46829.1955620641
46829.4207306086
46829.6474389231
46829.8756505977
46830.1053408899
46830.3364711211
46830.5690146109
46830.8029302559
46831.0381891556
46831.2747476466
46831.51257446
46831.7516231255
46831.9918598344
46832.2332350734
46832.4757123293
46832.7192387321
46832.9637747313
46833.2092640097
46833.4556637772
46833.7029139154
46833.950967969
46834.1997616668
46834.4492446513
46834.6993480601
46834.9500172632
46835.2011784782
46835.4527722227
46835.7047194715
46835.9569555335
46836.2093954593
46836.4619688812
46836.7145844539
46836.9671655964
46837.2196140258
46837.4718461549
46837.7237560573
46837.975252735
46838.2262219448
46838.4765643722
46838.7261565511
46838.9748898046
46839.2226306151
46839.4692603556
46839.7146343254
46839.958622474
46840.2010676895
46840.4418276162
46840.6807316583
46840.917623596
46841.1523178558
46841.3846431307
46841.6143973355
46841.8413922843
46842.0654075745
46842.2862364091
46842.5036380655
46842.7173849329
46842.9272137446
46843.1328739391
46843.3340772339
46843.5305473919
46843.7219683899
46843.9080355302
46844.088401803
46844.2627301275
46844.4306384979
46844.5917540833
46844.7456559529
46844.8919307746
46845.0301138328
46845.1597461973
46845.2803138495
46845.3913068169
46845.4921560272
46845.5822941461
46845.6610901466
46845.7279113179
46845.782056112
46845.8228177941
46845.849415005
46845.861056437
46845.8568690991
46845.8359644242
46845.7973639832
46845.7400662088
46845.6629704706
46845.5649441503
46845.4447430325
46845.3010784513
46845.1325360062
46844.9376405479
46844.7147720243
46844.462227907
46844.1781340646
46843.8605082878
46843.5071709153
46843.1157892896
46842.6837842854
46842.2083733813
46841.6864914309
46841.1148035336
46840.4895884903
46839.8067829101
46839.0618528619
46838.2497850622
46837.3649445447
46836.4010581132
46835.3510387939
46834.2069313617
46832.9596965066
46831.5990776447
46830.1134275797
46828.4894003516
46826.7117099103
46824.7629086508
46822.6230453469
46820.2694012817
46817.6760503116
46814.813345738
46811.6469829408
46808.136804365
46804.2353125583
46799.8872474518
46795.0293018973
46789.5896044233
46783.4804696854
46776.5915816011
46768.780064303
46759.878053532
46749.6838560428
46737.9540662249
46724.3602502607
46708.5233940258
46689.9881122557
46668.2569199686
46642.6158970776
46612.2752681215
46576.127238822
46532.9767596466
46481.027939217
46418.3870817931
46342.2019012627
46249.2759291324
46135.1041584167
45995.9699570346
45826.126583611
45628.6205792313
45345.6469688765
45197.485405754
)
;

boundaryField
{
    electrode
    {
        type            calculated;
        value           uniform 45198.3729459905;
    }
    ground
    {
        type            calculated;
        value           uniform 45198.2838035986;
    }
    otherfaces
    {
        type            empty;
    }
}


// ************************************************************************* //
