/*--------------------------------*- C++ -*----------------------------------*\
| =========                 |                                                 |
| \\      /  F ield         | foam-extend: Open Source CFD                    |
|  \\    /   O peration     | Version:     4.1                                |
|   \\  /    A nd           | Web:         http://www.foam-extend.org         |
|    \\/     M anipulation  |                                                 |
\*---------------------------------------------------------------------------*/
FoamFile
{
    version     2.0;
    format      ascii;
    class       volScalarField;
    location    "1.0915218995983e-05";
    object      powerDissipatedIonMean;
}
// * * * * * * * * * * * * * * * * * * * * * * * * * * * * * * * * * * * * * //

dimensions      [1 -1 -3 0 0 0 0];

internalField   nonuniform List<scalar> 
500
(
1076249573.03887
1024742549.09173
973967662.959223
919435964.285941
866257692.784114
809923633.32165
754924835.227823
697839932.683766
642478261.814035
586471514.147949
532971624.328489
480431729.206281
431373594.636257
384720252.491143
342279631.376601
303186703.876522
268499885.986885
237411201.800137
210380835.776637
186618958.325274
166242503.645309
148528643.869009
133431472.684979
120358766.502646
109230415.145403
99556736.1378533
91279536.9561608
84052049.2741959
77821180.5473717
72307831.1605652
67504409.8295179
63241962.4964093
59522999.392025
56181332.3788156
53212518.7778731
50497501.4653443
48065068.1612941
45841088.0646717
43852386.7896604
42018850.7306358
40360604.8314706
38814440.5461126
37403859.8299057
36074746.8576117
34852274.6006736
33695871.305165
32633378.5673152
31624242.106181
30691546.889954
29799467.4121852
28970795.3349228
28174053.7218744
27431526.1684875
26713476.7273944
26039418.447254
25383518.5072379
24767972.7381465
24169710.8741698
23607699.5702162
23059481.2181349
22542996.3792179
22037522.2397015
21560168.2354028
21091737.325929
20648489.3244606
20212526.0299853
19799236.8948374
19391870.9512131
19005012.0769566
18622970.2644297
18259601.2453855
17900177.9668228
17557738.382086
17218398.1706722
16894602.2412107
16573329.1730661
16266388.634153
15961492.3690833
15669845.0453244
15379848.8484099
15102150.2849419
14825788.5995233
14560868.711046
14297008.7939289
14043807.5953776
13791439.8182849
13549043.4780765
13307320.4460879
13074966.5422852
12843185.554193
12620231.8271925
12397765.5711398
12183639.5106049
11969751.8401649
11763532.2492337
11557417.8538898
11358541.7408884
11159719.7769573
10967747.2287858
10775791.0416415
10590324.7784751
10404846.3631332
10225524.2402453
10046169.6513321
9872661.84778221
9699108.74774795
9531115.04393916
9363069.71569894
9200316.02636488
9037508.53690636
8879742.44684182
8721926.28753688
8568919.63890105
8415870.72835248
8267413.67542346
8118923.81360542
7974820.43856213
7830695.44899339
7690764.0200587
7550824.31531778
7414896.98811163
7278976.39681353
7146897.67628973
7014842.26258796
6886468.38689375
6758135.03190284
6633331.11062871
6508585.9732568
6387228.18537873
6265948.25127917
6147920.92554458
6029988.73402321
5915179.18315223
5800490.40790571
5688814.32069358
5577278.08284994
5468632.33798816
5360142.37871259
5254435.46140452
5148904.21978313
5046053.31524937
4943397.33492445
4843324.67718655
4743465.42059443
4646097.51228953
4548961.90240824
4454229.9722354
4359748.5647173
4267587.98830661
4175695.86840939
4086045.80898327
3996681.68631693
3909484.69302756
3822590.97291909
3737793.00031066
3653315.08048043
3570865.10619834
3488751.68561495
3408601.52658513
3328804.04699921
3250908.24917003
3173380.81979439
3097696.10957991
3022393.41079478
2948843.90545265
2875297.80998749
2803605.87165656
2732660.32606267
2663705.82779244
2595043.09488864
2528024.12308456
2461392.78688056
2396391.44587558
2331794.79850259
2268791.92418219
2206201.72836464
2145165.31954707
2084548.95220714
2025448.49338815
1966776.0967363
1909583.51578616
1852824.97138462
1797509.51816814
1742633.65549332
1689173.21265162
1636157.37886406
1584569.4990264
1533422.25828064
1483629.07684753
1434292.02558306
1386283.16423408
1338738.77079498
1292495.21383236
1246723.08849613
1202225.23593928
1158206.44348401
1115436.19902009
1073152.87839055
1032093.09229645
991528.49047828
952163.119501717
913301.443844998
875615.405641263
838441.890628711
802420.983020185
766921.807526171
732552.77001697
698714.896209558
665985.279999596
633796.538818946
602694.673026301
572143.708772386
542658.716156564
513734.848377583
485856.514054448
458549.779032436
432268.712413193
406569.854541931
381877.227878782
357777.615088341
334665.27975532
312156.886935657
290617.361588413
269692.772683125
249719.120326853
230371.533641601
211957.392908395
194180.507666411
177320.197158475
161108.23925737
145796.51422629
131144.316029724
117376.504449182
104279.347832118
92051.3112764897
80505.0112052638
69813.1087903783
59813.9605383411
50655.0598560675
42199.8517304594
34571.3048479016
27657.3044755723
21556.9501270973
16181.8967667224
11608.0520011858
7770.1637682037
4721.63534319397
2419.66264997943
895.79124487673
127.593968268726
127.769470792105
896.319238957809
2420.54181172545
4722.86573158126
7771.74449955846
11609.9835419559
16184.1770172769
21559.5791383012
27660.281221662
34574.6258356502
42203.5224201877
50659.0672654543
59818.316647354
69817.8005271949
80510.0441177776
92056.6760486498
104285.055927191
117382.535407514
131150.675787776
145803.207121241
161115.2633883
177327.519090246
194188.163808878
211965.397733906
230379.790039671
249727.707292613
269701.687909489
290626.551312008
312166.40400501
334675.078394466
357787.683770393
381887.595281428
406580.517186874
432279.65316793
458561.016588579
485867.998513269
513746.555313481
542670.694448751
572155.97246912
602707.202457308
633809.315900269
665998.264838224
698728.127774996
732566.238478796
766935.492772875
802434.912929369
838456.01107315
875629.702724257
913315.95488291
952177.809754566
991543.362063962
1032108.15434093
1073168.10498524
1115451.57334693
1158222.01734151
1202240.94985545
1246738.92801346
1292511.20349494
1338754.89506047
1386299.4039091
1434308.38600825
1483645.55366456
1533438.85923621
1584586.17992268
1636174.09920898
1689190.07846497
1742650.61427417
1797526.50580687
1852842.00413866
1909600.60751808
1966793.24222782
2025465.64720699
2084566.11236349
2145182.46499698
2206218.93281025
2268809.09822002
2331811.95882851
2396408.55956033
2461409.84745186
2528041.14956635
2595060.06679847
2663722.72439237
2732677.16466901
2803622.68479469
2875314.48416729
2948860.47253027
3022409.86733901
3097712.43174407
3173396.98994675
3250924.26341777
3328819.96733045
3408617.29239995
3488767.27453707
3570880.49506258
3653330.26776039
3737807.99958382
3822605.75940377
3909499.24561367
3996695.97839962
4086059.81260413
4175709.68894347
4267601.49161914
4359761.77311376
4454242.90636706
4548974.50880145
4646109.82404333
4743477.43959695
4843336.31760882
4943408.63198914
5046064.28206265
5148914.76655892
5254445.65910192
5360152.22091942
5468641.7392215
5577287.05655633
5688822.82037147
5800498.46449676
5915186.79633585
6029995.90839464
6147927.67328918
6265954.50051839
6387233.90868575
6508591.19944067
6633335.81785608
6758139.21776345
6886472.02610598
7014845.34877136
7146900.18086548
7278978.31888138
7414898.30806679
7550825.03670755
7690764.12368627
7830694.93318944
7974819.271764
8118921.996168
8267411.17785593
8415867.55042243
8568915.7545927
8721921.70414728
8879737.14305704
9037502.52095918
9200309.26675517
9363062.21960087
9531106.77454334
9699099.70389218
9872651.9883882
10046158.9871516
10225512.7362298
10404834.0342776
10590311.5892537
10775777.0066325
10967732.3080535
11159703.982534
11358525.0361184
11557400.2537137
11763513.7086391
11969732.3661274
12183619.0639563
12397744.1806111
12620209.4475251
12843162.194202
13074942.1465084
13307295.0334729
13549016.9986352
13791412.2957265
14043778.9784354
14296979.1229796
14560837.9383877
14825756.7463113
15102117.2762296
15379814.702792
15669809.6898833
15961455.8386668
16266350.8622053
16573290.1798273
16894561.9290967
17218356.5593727
17557695.3590574
17900133.5359444
18259555.2767018
18622922.7829603
19004962.9930161
19391820.3413415
19799184.6809656
20212472.2866222
20648433.941925
21091680.3780949
21560109.5709718
22037461.8997843
22542934.1606017
23059417.153823
23607633.4201022
24169642.6980338
24767902.2901795
25383445.8271959
26039343.2123209
26713398.9852488
27431445.542926
28173970.3026924
28970708.7407491
29799377.7603579
30691453.7043167
31624145.4447625
32633277.817169
33695766.5360583
34852165.0723226
36074632.5108541
37403739.8050669
38814314.8434125
40360472.5249061
42018711.9262864
43852240.4634399
45840934.1993045
48064905.4167662
50497329.6087081
53212336.2399907
56181138.9324042
59522793.6651049
63241744.4361398
67504177.9075752
72307584.9832554
77820918.0983492
84051770.4387283
91279240.0519975
99556420.9746585
109230079.413397
120358409.601211
133431092.102164
148528238.338231
166242069.032661
186618491.391376
210380330.107511
237410652.639632
268499284.37973
303186040.808933
342278893.724312
384719429.132946
431372669.297502
480430690.953078
532970457.788852
586470210.873151
642476809.331151
697838326.641938
754923067.334894
809921705.9498
866255600.802211
919433715.629923
973965253.114466
1024739988.92113
1076246861.15652
)
;

boundaryField
{
    electrode
    {
        type            calculated;
        value           uniform 1101178698.69173;
    }
    ground
    {
        type            calculated;
        value           uniform 1101175914.01701;
    }
    otherfaces
    {
        type            empty;
    }
}


// ************************************************************************* //
