/*--------------------------------*- C++ -*----------------------------------*\
| =========                 |                                                 |
| \\      /  F ield         | foam-extend: Open Source CFD                    |
|  \\    /   O peration     | Version:     4.1                                |
|   \\  /    A nd           | Web:         http://www.foam-extend.org         |
|    \\/     M anipulation  |                                                 |
\*---------------------------------------------------------------------------*/
FoamFile
{
    version     2.0;
    format      ascii;
    class       volVectorField;
    location    "1.0915218995983e-05";
    object      term3;
}
// * * * * * * * * * * * * * * * * * * * * * * * * * * * * * * * * * * * * * //

dimensions      [0 -2 -2 0 0 0 0];

internalField   nonuniform List<vector> 
500
(
(-7.32254956604346e+27 -0 -0)
(-7.3440541167484e+27 -0 -0)
(-7.25199583876647e+27 -0 -0)
(-7.13693339669334e+27 -0 -0)
(-7.03942458829512e+27 -0 -0)
(-6.89538444239184e+27 -0 -0)
(-6.76064640282168e+27 -0 -0)
(-6.57511497369129e+27 -0 -0)
(-6.39165857316983e+27 -0 -0)
(-6.15614300130976e+27 -0 -0)
(-5.91330616067685e+27 -0 -0)
(-5.62425630328018e+27 -0 -0)
(-5.32752637169572e+27 -0 -0)
(-4.99498033521992e+27 -0 -0)
(-4.66392537829371e+27 -0 -0)
(-4.31363880021585e+27 -0 -0)
(-3.97774908382295e+27 -0 -0)
(-3.64136311506986e+27 -0 -0)
(-3.32998141468026e+27 -0 -0)
(-3.03329165978641e+27 -0 -0)
(-2.7667901567423e+27 -0 -0)
(-2.52191533220963e+27 -0 -0)
(-2.30737916745425e+27 -0 -0)
(-2.1149552023898e+27 -0 -0)
(-1.95278714095393e+27 -0 -0)
(-1.81176769842013e+27 -0 -0)
(-1.69531415445059e+27 -0 -0)
(-1.59369279676007e+27 -0 -0)
(-1.50699573122876e+27 -0 -0)
(-1.42578346674549e+27 -0 -0)
(-1.35226839679119e+27 -0 -0)
(-1.28277543325365e+27 -0 -0)
(-1.22174601664999e+27 -0 -0)
(-1.16531890957217e+27 -0 -0)
(-1.11632565574363e+27 -0 -0)
(-1.0711629523757e+27 -0 -0)
(-1.03255519110411e+27 -0 -0)
(-9.97759183211502e+26 -0 -0)
(-9.68773995983488e+26 -0 -0)
(-9.41994893918218e+26 -0 -0)
(-9.19009091714518e+26 -0 -0)
(-8.97114594192953e+26 -0 -0)
(-8.78172287345423e+26 -0 -0)
(-8.59661398125936e+26 -0 -0)
(-8.43215248171694e+26 -0 -0)
(-8.26814663824083e+26 -0 -0)
(-8.12428828276062e+26 -0 -0)
(-7.9828498709857e+26 -0 -0)
(-7.86208953895615e+26 -0 -0)
(-7.74320592151828e+26 -0 -0)
(-7.63900487817195e+26 -0 -0)
(-7.52931716445861e+26 -0 -0)
(-7.4286448884232e+26 -0 -0)
(-7.32291931080166e+26 -0 -0)
(-7.22972432167172e+26 -0 -0)
(-7.13677005703275e+26 -0 -0)
(-7.05796410459458e+26 -0 -0)
(-6.9741515140132e+26 -0 -0)
(-6.89248435473516e+26 -0 -0)
(-6.79517720455783e+26 -0 -0)
(-6.69532179258042e+26 -0 -0)
(-6.58402100365834e+26 -0 -0)
(-6.4798533594566e+26 -0 -0)
(-6.37638776262702e+26 -0 -0)
(-6.2894222409364e+26 -0 -0)
(-6.2086092199232e+26 -0 -0)
(-6.14426229304388e+26 -0 -0)
(-6.08234047703475e+26 -0 -0)
(-6.03010064609887e+26 -0 -0)
(-5.97319285161437e+26 -0 -0)
(-5.9198241476341e+26 -0 -0)
(-5.85869398036121e+26 -0 -0)
(-5.80055694352343e+26 -0 -0)
(-5.73652288551831e+26 -0 -0)
(-5.67751463909545e+26 -0 -0)
(-5.61411379700431e+26 -0 -0)
(-5.55568578340653e+26 -0 -0)
(-5.49264215386189e+26 -0 -0)
(-5.43452125201703e+26 -0 -0)
(-5.37299552067997e+26 -0 -0)
(-5.31775705582618e+26 -0 -0)
(-5.26019110040145e+26 -0 -0)
(-5.20835004630702e+26 -0 -0)
(-5.15264697661829e+26 -0 -0)
(-5.10060930477142e+26 -0 -0)
(-5.04389160998778e+26 -0 -0)
(-4.99139815306135e+26 -0 -0)
(-4.93643073129542e+26 -0 -0)
(-4.88795172986685e+26 -0 -0)
(-4.83866006172082e+26 -0 -0)
(-4.79569118607217e+26 -0 -0)
(-4.75050155587379e+26 -0 -0)
(-4.70906315343911e+26 -0 -0)
(-4.66277905932696e+26 -0 -0)
(-4.6181480536824e+26 -0 -0)
(-4.56795813604427e+26 -0 -0)
(-4.5195723250611e+26 -0 -0)
(-4.46683394762039e+26 -0 -0)
(-4.41738615913166e+26 -0 -0)
(-4.36533699316231e+26 -0 -0)
(-4.31774285189647e+26 -0 -0)
(-4.26823515770348e+26 -0 -0)
(-4.22291601518919e+26 -0 -0)
(-4.17507048150972e+26 -0 -0)
(-4.130446948592e+26 -0 -0)
(-4.08275009792084e+26 -0 -0)
(-4.03796486737959e+26 -0 -0)
(-3.99034339394908e+26 -0 -0)
(-3.94580765804578e+26 -0 -0)
(-3.89864776348553e+26 -0 -0)
(-3.85436034792687e+26 -0 -0)
(-3.80724999856014e+26 -0 -0)
(-3.76269480334236e+26 -0 -0)
(-3.71541678315851e+26 -0 -0)
(-3.67091736479278e+26 -0 -0)
(-3.62425726498196e+26 -0 -0)
(-3.58072309891919e+26 -0 -0)
(-3.53528984723414e+26 -0 -0)
(-3.49275442273368e+26 -0 -0)
(-3.44797789220548e+26 -0 -0)
(-3.40548330000512e+26 -0 -0)
(-3.36033920650617e+26 -0 -0)
(-3.31709175449527e+26 -0 -0)
(-3.27118562239878e+26 -0 -0)
(-3.22722409061475e+26 -0 -0)
(-3.18094972259844e+26 -0 -0)
(-3.13688656324835e+26 -0 -0)
(-3.09091636405608e+26 -0 -0)
(-3.04732646499639e+26 -0 -0)
(-3.00200985251764e+26 -0 -0)
(-2.95895065574508e+26 -0 -0)
(-2.91406445691163e+26 -0 -0)
(-2.8711376228691e+26 -0 -0)
(-2.826255598051e+26 -0 -0)
(-2.78315505149405e+26 -0 -0)
(-2.73816665093589e+26 -0 -0)
(-2.69496295823925e+26 -0 -0)
(-2.65002834493402e+26 -0 -0)
(-2.60685527909807e+26 -0 -0)
(-2.56200423221875e+26 -0 -0)
(-2.51877790771245e+26 -0 -0)
(-2.47387207118653e+26 -0 -0)
(-2.4304859290949e+26 -0 -0)
(-2.38551794475866e+26 -0 -0)
(-2.34208049007073e+26 -0 -0)
(-2.29723589075012e+26 -0 -0)
(-2.25394025664181e+26 -0 -0)
(-2.2093525445641e+26 -0 -0)
(-2.16623384655521e+26 -0 -0)
(-2.12183934902171e+26 -0 -0)
(-2.07876393922677e+26 -0 -0)
(-2.03440109477964e+26 -0 -0)
(-1.99121826038217e+26 -0 -0)
(-1.94677695661551e+26 -0 -0)
(-1.90343033732177e+26 -0 -0)
(-1.85891379978435e+26 -0 -0)
(-1.81545715364607e+26 -0 -0)
(-1.77095577004593e+26 -0 -0)
(-1.7274885761322e+26 -0 -0)
(-1.68308406277758e+26 -0 -0)
(-1.63964595621922e+26 -0 -0)
(-1.59534768939864e+26 -0 -0)
(-1.55187016190137e+26 -0 -0)
(-1.50753135521576e+26 -0 -0)
(-1.46374471619927e+26 -0 -0)
(-1.417614278372e+26 -0 -0)
(-1.37496742178571e+26 -0 -0)
(-1.33125301190152e+26 -0 -0)
(-1.28819910843174e+26 -0 -0)
(-1.24428411737863e+26 -0 -0)
(-1.20121339300611e+26 -0 -0)
(-1.15726736904048e+26 -0 -0)
(-1.11416703276897e+26 -0 -0)
(-1.07022997550104e+26 -0 -0)
(-1.02707091162299e+26 -0 -0)
(-9.83126285714422e+25 -0 -0)
(-9.39918421858918e+25 -0 -0)
(-8.95978817709426e+25 -0 -0)
(-8.52761810181431e+25 -0 -0)
(-8.0885506492688e+25 -0 -0)
(-7.65638778184812e+25 -0 -0)
(-7.21769887757448e+25 -0 -0)
(-6.7854911890217e+25 -0 -0)
(-6.34708907859388e+25 -0 -0)
(-5.91473686948113e+25 -0 -0)
(-5.47636281236463e+25 -0 -0)
(-5.04368587725052e+25 -0 -0)
(-4.60523457618166e+25 -0 -0)
(-4.1721426812935e+25 -0 -0)
(-3.73366708456337e+25 -0 -0)
(-3.30027092671725e+25 -0 -0)
(-2.8618535716729e+25 -0 -0)
(-2.42831686670357e+25 -0 -0)
(-1.98997408880485e+25 -0 -0)
(-1.55608693661599e+25 -0 -0)
(-1.1176132109e+25 -0 -0)
(-6.83358371256062e+24 -0 -0)
(-2.44756192373884e+24 -0 -0)
(1.89891607689349e+24 -0 -0)
(6.2862868676781e+24 -0 -0)
(1.06365428063397e+25 -0 -0)
(1.5024280174677e+25 -0 -0)
(1.93767424704214e+25 -0 -0)
(2.37650647386601e+25 -0 -0)
(2.81208417864138e+25 -0 -0)
(3.25097340182486e+25 -0 -0)
(3.68692416375847e+25 -0 -0)
(4.12599204271038e+25 -0 -0)
(4.56226614243061e+25 -0 -0)
(5.00141949790777e+25 -0 -0)
(5.4380526654046e+25 -0 -0)
(5.87747577971115e+25 -0 -0)
(6.3145410798853e+25 -0 -0)
(6.75413665231711e+25 -0 -0)
(7.19149474311012e+25 -0 -0)
(7.6311969229883e+25 -0 -0)
(8.06886492884909e+25 -0 -0)
(8.5088656110934e+25 -0 -0)
(8.94687146415737e+25 -0 -0)
(9.38699518506868e+25 -0 -0)
(9.82544393931826e+25 -0 -0)
(1.02658781058349e+26 -0 -0)
(1.07045873337275e+26 -0 -0)
(1.11453145673847e+26 -0 -0)
(1.15843234671853e+26 -0 -0)
(1.20253122334961e+26 -0 -0)
(1.24646399186274e+26 -0 -0)
(1.29059208207951e+26 -0 -0)
(1.33455351974079e+26 -0 -0)
(1.37871681612676e+26 -0 -0)
(1.42270338982898e+26 -0 -0)
(1.46689961241751e+26 -0 -0)
(1.51091735396932e+26 -0 -0)
(1.55514863682895e+26 -0 -0)
(1.59919656416821e+26 -0 -0)
(1.64346911093045e+26 -0 -0)
(1.68753929733965e+26 -0 -0)
(1.73185270162166e+26 -0 -0)
(1.77595029463539e+26 -0 -0)
(1.8203011219802e+26 -0 -0)
(1.86442420633017e+26 -0 -0)
(1.90881730895337e+26 -0 -0)
(1.95296352914763e+26 -0 -0)
(1.99740052707888e+26 -0 -0)
(2.04158106378375e+26 -0 -0)
(2.08606350988569e+26 -0 -0)
(2.13026530464466e+26 -0 -0)
(2.17477973134314e+26 -0 -0)
(2.21899512501002e+26 -0 -0)
(2.26373426149861e+26 -0 -0)
(2.30769635482491e+26 -0 -0)
(2.35254562719782e+26 -0 -0)
(2.39673723570389e+26 -0 -0)
(2.44148172512248e+26 -0 -0)
(2.48570327757424e+26 -0 -0)
(2.53051647969854e+26 -0 -0)
(2.57475069073876e+26 -0 -0)
(2.61963871168308e+26 -0 -0)
(2.66388229781732e+26 -0 -0)
(2.70883836323318e+26 -0 -0)
(2.75308774917583e+26 -0 -0)
(2.7981217953478e+26 -0 -0)
(2.8423737363404e+26 -0 -0)
(2.88748932660904e+26 -0 -0)
(2.93174758355231e+26 -0 -0)
(2.9769437238944e+26 -0 -0)
(3.02120319109481e+26 -0 -0)
(3.06648382021052e+26 -0 -0)
(3.11074111876283e+26 -0 -0)
(3.156114313453e+26 -0 -0)
(3.20037128347431e+26 -0 -0)
(3.24583995501095e+26 -0 -0)
(3.29009651778106e+26 -0 -0)
(3.33565734670358e+26 -0 -0)
(3.37991223909912e+26 -0 -0)
(3.42556775721761e+26 -0 -0)
(3.46982223343725e+26 -0 -0)
(3.51556845378519e+26 -0 -0)
(3.55982578931138e+26 -0 -0)
(3.60567736684649e+26 -0 -0)
(3.64992719673786e+26 -0 -0)
(3.69588712391247e+26 -0 -0)
(3.74014675843984e+26 -0 -0)
(3.78619560841887e+26 -0 -0)
(3.83046156350957e+26 -0 -0)
(3.87662010944856e+26 -0 -0)
(3.92088465628768e+26 -0 -0)
(3.96714257478302e+26 -0 -0)
(4.01140845565224e+26 -0 -0)
(4.05776582300583e+26 -0 -0)
(4.10204814154369e+26 -0 -0)
(4.14851520016802e+26 -0 -0)
(4.19280780240399e+26 -0 -0)
(4.2393778242766e+26 -0 -0)
(4.28368998655228e+26 -0 -0)
(4.33037050792341e+26 -0 -0)
(4.37470072485904e+26 -0 -0)
(4.42148599587949e+26 -0 -0)
(4.46583600280969e+26 -0 -0)
(4.51272228846788e+26 -0 -0)
(4.55709090462764e+26 -0 -0)
(4.60408212150107e+26 -0 -0)
(4.64848411252492e+26 -0 -0)
(4.69559094008652e+26 -0 -0)
(4.74002923249627e+26 -0 -0)
(4.78725164954442e+26 -0 -0)
(4.8317240810661e+26 -0 -0)
(4.87905397058234e+26 -0 -0)
(4.92356411927496e+26 -0 -0)
(4.97099924019564e+26 -0 -0)
(5.01553150827967e+26 -0 -0)
(5.06306946351759e+26 -0 -0)
(5.10763767128798e+26 -0 -0)
(5.15528515816191e+26 -0 -0)
(5.1999046979022e+26 -0 -0)
(5.24768612740715e+26 -0 -0)
(5.29237375551143e+26 -0 -0)
(5.34029201130616e+26 -0 -0)
(5.3850459064108e+26 -0 -0)
(5.4330989587626e+26 -0 -0)
(5.47791623373906e+26 -0 -0)
(5.52608842256297e+26 -0 -0)
(5.57095316367424e+26 -0 -0)
(5.61924059290358e+26 -0 -0)
(5.66416867123998e+26 -0 -0)
(5.71261333665416e+26 -0 -0)
(5.757630275052e+26 -0 -0)
(5.80623117750561e+26 -0 -0)
(5.85132550626882e+26 -0 -0)
(5.90007096501232e+26 -0 -0)
(5.9452061919568e+26 -0 -0)
(5.99399662440495e+26 -0 -0)
(6.03914303639655e+26 -0 -0)
(6.08776767307142e+26 -0 -0)
(6.13254143485169e+26 -0 -0)
(6.18374139222569e+26 -0 -0)
(6.22972665172728e+26 -0 -0)
(6.27932889875908e+26 -0 -0)
(6.32522501855322e+26 -0 -0)
(6.37497336036684e+26 -0 -0)
(6.42096590569425e+26 -0 -0)
(6.47091139454317e+26 -0 -0)
(6.51696160006876e+26 -0 -0)
(6.56701315744495e+26 -0 -0)
(6.61305411719824e+26 -0 -0)
(6.66317952929802e+26 -0 -0)
(6.70922852804847e+26 -0 -0)
(6.75949197922943e+26 -0 -0)
(6.80563228702994e+26 -0 -0)
(6.85609928182041e+26 -0 -0)
(6.90234756930668e+26 -0 -0)
(6.95297879995339e+26 -0 -0)
(6.99926296003253e+26 -0 -0)
(7.04999967265676e+26 -0 -0)
(7.09631955179208e+26 -0 -0)
(7.14724518750704e+26 -0 -0)
(7.19375160740579e+26 -0 -0)
(7.24503693677894e+26 -0 -0)
(7.29185437750196e+26 -0 -0)
(7.34352481461998e+26 -0 -0)
(7.39055572379456e+26 -0 -0)
(7.44240786283979e+26 -0 -0)
(7.48938710957464e+26 -0 -0)
(7.54115838983925e+26 -0 -0)
(7.58788647887529e+26 -0 -0)
(7.63949687933969e+26 -0 -0)
(7.68605053201113e+26 -0 -0)
(7.73774484770517e+26 -0 -0)
(7.78450438984221e+26 -0 -0)
(7.83671996618622e+26 -0 -0)
(7.88405527830366e+26 -0 -0)
(7.93697625790855e+26 -0 -0)
(7.98480804373464e+26 -0 -0)
(8.03811879579219e+26 -0 -0)
(8.08601702764878e+26 -0 -0)
(8.13935286153588e+26 -0 -0)
(8.18716368146353e+26 -0 -0)
(8.24061749464896e+26 -0 -0)
(8.28857421888923e+26 -0 -0)
(8.34233624605613e+26 -0 -0)
(8.39042017869379e+26 -0 -0)
(8.44424043896393e+26 -0 -0)
(8.49211042389163e+26 -0 -0)
(8.54581143801912e+26 -0 -0)
(8.59367244226893e+26 -0 -0)
(8.64790538304372e+26 -0 -0)
(8.69668429131604e+26 -0 -0)
(8.75233318125075e+26 -0 -0)
(8.80250429808824e+26 -0 -0)
(8.85940389760444e+26 -0 -0)
(8.91011681329453e+26 -0 -0)
(8.96690126153561e+26 -0 -0)
(9.0165787651613e+26 -0 -0)
(9.071836420062e+26 -0 -0)
(9.11961903120039e+26 -0 -0)
(9.17336033496189e+26 -0 -0)
(9.22028252889087e+26 -0 -0)
(9.27444233089452e+26 -0 -0)
(9.32284946854569e+26 -0 -0)
(9.37945792607537e+26 -0 -0)
(9.43031244950645e+26 -0 -0)
(9.48890292229891e+26 -0 -0)
(9.54054048048726e+26 -0 -0)
(9.59906854472237e+26 -0 -0)
(9.65005808623982e+26 -0 -0)
(9.70836725096199e+26 -0 -0)
(9.75975007254736e+26 -0 -0)
(9.81935327579362e+26 -0 -0)
(9.87218228204631e+26 -0 -0)
(9.93334383991732e+26 -0 -0)
(9.98739444537589e+26 -0 -0)
(1.00498643951917e+27 -0 -0)
(1.01055230189745e+27 -0 -0)
(1.01706997877966e+27 -0 -0)
(1.02295494373934e+27 -0 -0)
(1.02978102025066e+27 -0 -0)
(1.03579640654507e+27 -0 -0)
(1.04251235662182e+27 -0 -0)
(1.04811763816777e+27 -0 -0)
(1.05423967422757e+27 -0 -0)
(1.05918433405262e+27 -0 -0)
(1.06481209994041e+27 -0 -0)
(1.0695768909555e+27 -0 -0)
(1.07551318779948e+27 -0 -0)
(1.08106820698832e+27 -0 -0)
(1.08821286635255e+27 -0 -0)
(1.09509873143189e+27 -0 -0)
(1.10341078081565e+27 -0 -0)
(1.1109599975345e+27 -0 -0)
(1.11938187091848e+27 -0 -0)
(1.12659419078941e+27 -0 -0)
(1.13463351688199e+27 -0 -0)
(1.14170796652272e+27 -0 -0)
(1.15007517938616e+27 -0 -0)
(1.15777394867506e+27 -0 -0)
(1.16681212199495e+27 -0 -0)
(1.17488563174223e+27 -0 -0)
(1.18399876179844e+27 -0 -0)
(1.19196362556941e+27 -0 -0)
(1.20114337813185e+27 -0 -0)
(1.2094678577681e+27 -0 -0)
(1.21935906311274e+27 -0 -0)
(1.22851492646097e+27 -0 -0)
(1.23932906726713e+27 -0 -0)
(1.24946757650638e+27 -0 -0)
(1.26154281247528e+27 -0 -0)
(1.27310873813465e+27 -0 -0)
(1.28677612667632e+27 -0 -0)
(1.29987348294725e+27 -0 -0)
(1.31470585950877e+27 -0 -0)
(1.3279738055865e+27 -0 -0)
(1.34192817316464e+27 -0 -0)
(1.35338483639819e+27 -0 -0)
(1.36527335452587e+27 -0 -0)
(1.37510808273679e+27 -0 -0)
(1.38697688645033e+27 -0 -0)
(1.39897958597582e+27 -0 -0)
(1.41546332539116e+27 -0 -0)
(1.43406719354843e+27 -0 -0)
(1.45824526649277e+27 -0 -0)
(1.48377726350114e+27 -0 -0)
(1.51321468413525e+27 -0 -0)
(1.5423581329635e+27 -0 -0)
(1.57550268276107e+27 -0 -0)
(1.60915392152533e+27 -0 -0)
(1.64768280338818e+27 -0 -0)
(1.68703992526507e+27 -0 -0)
(1.73214621711981e+27 -0 -0)
(1.77869327849754e+27 -0 -0)
(1.83238508523726e+27 -0 -0)
(1.88801222450229e+27 -0 -0)
(1.9507589883683e+27 -0 -0)
(2.0155844037535e+27 -0 -0)
(2.08967325152437e+27 -0 -0)
(2.16688872776975e+27 -0 -0)
(2.25398890359401e+27 -0 -0)
(2.34414341432863e+27 -0 -0)
(2.44673809105396e+27 -0 -0)
(2.55309293576938e+27 -0 -0)
(2.67201223118169e+27 -0 -0)
(2.79540890196737e+27 -0 -0)
(2.93299749840793e+27 -0 -0)
(3.07411424002976e+27 -0 -0)
(3.23221645749941e+27 -0 -0)
(3.39129904991347e+27 -0 -0)
(3.56852939638513e+27 -0 -0)
(3.74292306697021e+27 -0 -0)
(3.934547134326e+27 -0 -0)
(4.11861259689012e+27 -0 -0)
(4.31707772659561e+27 -0 -0)
(4.50142831993659e+27 -0 -0)
(4.69852620421218e+27 -0 -0)
(4.87293390403679e+27 -0 -0)
(5.06168620767582e+27 -0 -0)
(5.22201420347183e+27 -0 -0)
(5.39579337053914e+27 -0 -0)
(5.53693535018471e+27 -0 -0)
(5.69238238214705e+27 -0 -0)
(5.82837892908994e+27 -0 -0)
(5.87096263822986e+27 -0 -0)
)
;

boundaryField
{
    electrode
    {
        type            calculated;
        value           uniform (-7.47772317710662e+27 -0 -0);
    }
    ground
    {
        type            calculated;
        value           uniform (6.02453521388146e+27 -0 -0);
    }
    otherfaces
    {
        type            empty;
    }
}


// ************************************************************************* //
