/*--------------------------------*- C++ -*----------------------------------*\
| =========                 |                                                 |
| \\      /  F ield         | foam-extend: Open Source CFD                    |
|  \\    /   O peration     | Version:     4.1                                |
|   \\  /    A nd           | Web:         http://www.foam-extend.org         |
|    \\/     M anipulation  |                                                 |
\*---------------------------------------------------------------------------*/
FoamFile
{
    version     2.0;
    format      ascii;
    class       volVectorField;
    location    "1.0915218995983e-05";
    object      totalIonFlux;
}
// * * * * * * * * * * * * * * * * * * * * * * * * * * * * * * * * * * * * * //

dimensions      [0 -2 0 0 0 1 0];

internalField   nonuniform List<vector> 
500
(
(-986.667362274049 0 0)
(-985.739503944466 0 0)
(-987.055209264672 0 0)
(-985.578578149823 0 0)
(-986.825799806959 0 0)
(-985.436523475798 0 0)
(-986.597957730118 0 0)
(-985.270549503864 0 0)
(-986.233326156113 0 0)
(-985.022882477803 0 0)
(-985.860102493162 0 0)
(-984.659360478786 0 0)
(-985.399385451091 0 0)
(-984.221636719292 0 0)
(-984.785536625165 0 0)
(-983.663569647092 0 0)
(-983.992331547504 0 0)
(-982.891128686493 0 0)
(-982.994738148841 0 0)
(-981.819781738138 0 0)
(-981.748322165075 0 0)
(-980.418645174972 0 0)
(-980.166460757753 0 0)
(-978.717543913276 0 0)
(-978.255785859307 0 0)
(-976.691058951775 0 0)
(-976.053521119597 0 0)
(-974.376911250514 0 0)
(-973.569693247938 0 0)
(-971.790035012435 0 0)
(-970.842807627798 0 0)
(-968.975260003503 0 0)
(-967.88568254219 0 0)
(-965.936538617545 0 0)
(-964.724071540641 0 0)
(-962.70148952993 0 0)
(-961.377200179982 0 0)
(-959.281832175665 0 0)
(-957.847354659331 0 0)
(-955.679269574058 0 0)
(-954.141716078614 0 0)
(-951.902331788891 0 0)
(-950.266059740067 0 0)
(-947.957227538331 0 0)
(-946.227926650827 0 0)
(-943.851392013661 0 0)
(-942.029288946427 0 0)
(-939.58418900955 0 0)
(-937.672520213759 0 0)
(-935.159670003192 0 0)
(-933.160640682247 0 0)
(-930.580660244086 0 0)
(-928.496343324283 0 0)
(-925.850291789829 0 0)
(-923.683530677479 0 0)
(-920.97313352591 0 0)
(-918.725148262594 0 0)
(-915.94957083916 0 0)
(-913.621616476573 0 0)
(-910.781959003496 0 0)
(-908.37628809774 0 0)
(-905.47407930668 0 0)
(-902.992910053012 0 0)
(-900.029208473303 0 0)
(-897.473866126401 0 0)
(-894.448954306727 0 0)
(-891.820154899715 0 0)
(-888.734095164236 0 0)
(-886.032604828524 0 0)
(-882.885789665446 0 0)
(-880.11275177417 0 0)
(-876.905970032467 0 0)
(-874.062817582378 0 0)
(-870.797048829979 0 0)
(-867.885071370416 0 0)
(-864.561027801436 0 0)
(-861.581299859857 0 0)
(-858.199637169999 0 0)
(-855.153224737946 0 0)
(-851.71462990599 0 0)
(-848.602541007495 0 0)
(-845.107602824564 0 0)
(-841.930725436888 0 0)
(-838.380014996269 0 0)
(-835.139301592104 0 0)
(-831.53354023259 0 0)
(-828.230045680894 0 0)
(-824.569974568066 0 0)
(-821.204630078719 0 0)
(-817.490802008046 0 0)
(-814.064323388801 0 0)
(-810.297093625854 0 0)
(-806.810172432404 0 0)
(-802.990320640256 0 0)
(-799.44404169738 0 0)
(-795.572300878025 0 0)
(-791.967634098213 0 0)
(-788.044817585892 0 0)
(-784.382699442519 0 0)
(-780.409477942914 0 0)
(-776.69073200074 0 0)
(-772.667682643039 0 0)
(-768.893053250599 0 0)
(-764.820747190341 0 0)
(-760.991006689075 0 0)
(-756.870081995654 0 0)
(-752.9860557036 0 0)
(-748.817183873389 0 0)
(-744.879690014897 0 0)
(-740.663522160202 0 0)
(-736.673350007157 0 0)
(-732.410533526121 0 0)
(-728.368480772331 0 0)
(-724.059686676059 0 0)
(-719.966558647949 0 0)
(-715.612450207566 0 0)
(-711.469017868509 0 0)
(-707.070223008635 0 0)
(-702.87722513345 0 0)
(-698.434366563339 0 0)
(-694.192553874835 0 0)
(-689.706286797076 0 0)
(-685.416439929496 0 0)
(-680.887447717584 0 0)
(-676.550356572918 0 0)
(-671.979320761777 0 0)
(-667.595756750614 0 0)
(-662.983338685048 0 0)
(-658.554046319638 0 0)
(-653.900888325702 0 0)
(-649.426596391875 0 0)
(-644.733340316775 0 0)
(-640.214782826725 0 0)
(-635.482085703906 0 0)
(-630.920008618093 0 0)
(-626.148539692109 0 0)
(-621.543689127222 0 0)
(-616.734114519487 0 0)
(-612.087225740311 0 0)
(-607.240206849784 0 0)
(-602.552011102334 0 0)
(-597.668213613095 0 0)
(-592.939445362072 0 0)
(-588.019541575616 0 0)
(-583.250933332029 0 0)
(-578.295593662762 0 0)
(-573.487868194509 0 0)
(-568.49775675281 0 0)
(-563.651629582959 0 0)
(-558.627411708448 0 0)
(-553.743597954556 0 0)
(-548.685947723793 0 0)
(-543.765168477611 0 0)
(-538.674771915898 0 0)
(-533.717755476657 0 0)
(-528.595312329374 0 0)
(-523.602808979956 0 0)
(-518.449043492201 0 0)
(-513.421811642324 0 0)
(-508.237464624392 0 0)
(-503.176291181254 0 0)
(-497.962131537503 0 0)
(-492.866996411182 0 0)
(-487.623494508078 0 0)
(-482.495789239918 0 0)
(-477.221666786287 0 0)
(-472.062334492832 0 0)
(-466.763162050059 0 0)
(-461.572066830228 0 0)
(-456.244199973962 0 0)
(-451.024679336983 0 0)
(-445.669524020812 0 0)
(-440.419300867374 0 0)
(-435.038405461926 0 0)
(-429.759701148742 0 0)
(-424.353489392461 0 0)
(-419.046406297214 0 0)
(-413.615198506749 0 0)
(-408.280839086037 0 0)
(-402.825442696471 0 0)
(-397.464500656864 0 0)
(-391.985671652506 0 0)
(-386.598766436002 0 0)
(-381.096955821835 0 0)
(-375.68486588672 0 0)
(-370.160960819642 0 0)
(-364.72441585402 0 0)
(-359.178790530352 0 0)
(-353.718725075031 0 0)
(-348.152453110904 0 0)
(-342.669223795104 0 0)
(-337.082459304456 0 0)
(-331.577333223206 0 0)
(-325.970947992281 0 0)
(-320.444302088154 0 0)
(-314.819171958385 0 0)
(-309.271709125686 0 0)
(-303.628287106097 0 0)
(-298.061056767221 0 0)
(-292.400111572638 0 0)
(-286.813565924538 0 0)
(-281.1356066453 0 0)
(-275.530511738973 0 0)
(-269.83639838404 0 0)
(-264.213618320659 0 0)
(-258.50378234413 0 0)
(-252.864107810731 0 0)
(-247.139367809772 0 0)
(-241.483404403385 0 0)
(-235.744389317129 0 0)
(-230.072965959924 0 0)
(-224.320268991035 0 0)
(-218.634218001976 0 0)
(-212.868684545446 0 0)
(-207.168694957346 0 0)
(-201.390777374317 0 0)
(-195.677573399884 0 0)
(-189.888119047269 0 0)
(-184.162587112915 0 0)
(-178.36203728721 0 0)
(-172.624869072831 0 0)
(-166.814114024207 0 0)
(-161.065974572474 0 0)
(-155.245667920897 0 0)
(-149.487323323108 0 0)
(-143.658252915317 0 0)
(-137.890246582395 0 0)
(-132.053191873137 0 0)
(-126.276369839651 0 0)
(-120.431786540977 0 0)
(-114.647148121153 0 0)
(-108.795527389679 0 0)
(-103.003970067906 0 0)
(-97.1459711120756 0 0)
(-91.3481808390288 0 0)
(-85.4845478466932 0 0)
(-79.6812061737661 0 0)
(-73.8127107295059 0 0)
(-68.0044768890661 0 0)
(-62.131877213145 0 0)
(-56.3194368255374 0 0)
(-50.4434803417914 0 0)
(-44.6275441309185 0 0)
(-38.7489291527652 0 0)
(-32.9302522917506 0 0)
(-27.0496563388291 0 0)
(-21.2290066424632 0 0)
(-15.3470969946731 0 0)
(-9.5251217515055 0 0)
(-3.64264252217222 0 0)
(2.1795455520573 0 0)
(8.06201451610131 0 0)
(13.8840588090411 0 0)
(19.7659195892809 0 0)
(25.5867479649482 0 0)
(31.4672140146243 0 0)
(37.2862278720748 0 0)
(43.1645771570322 0 0)
(48.981053395036 0 0)
(54.8565864672729 0 0)
(60.6697669590095 0 0)
(66.5418199512125 0 0)
(72.3509249725753 0 0)
(78.2188559527353 0 0)
(84.02305928603 0 0)
(89.8862657207157 0 0)
(95.6847375234166 0 0)
(101.542626636009 0 0)
(107.334518805999 0 0)
(113.186475772747 0 0)
(118.971010204056 0 0)
(124.816349140223 0 0)
(130.592841869044 0 0)
(136.430690239712 0 0)
(142.198665211106 0 0)
(148.028112095679 0 0)
(153.78687753014 0 0)
(159.607364264855 0 0)
(165.355992906999 0 0)
(171.166892652042 0 0)
(176.904653093365 0 0)
(182.705270876561 0 0)
(188.431424096609 0 0)
(194.221268188342 0 0)
(199.93493396097 0 0)
(205.713098402838 0 0)
(211.41365336881 0 0)
(217.17972584948 0 0)
(222.866375903044 0 0)
(228.619345242029 0 0)
(234.291344773593 0 0)
(240.03079340438 0 0)
(245.687307314687 0 0)
(251.412502277172 0 0)
(257.052938665052 0 0)
(262.763127685474 0 0)
(268.386605434637 0 0)
(274.081363694221 0 0)
(279.687113291337 0 0)
(285.365614107666 0 0)
(290.952752386712 0 0)
(296.614454178303 0 0)
(302.182643382633 0 0)
(307.826460221954 0 0)
(313.374812142437 0 0)
(319.000370311919 0 0)
(324.527954316894 0 0)
(330.134965934032 0 0)
(335.640795357683 0 0)
(341.228093167105 0 0)
(346.712047141207 0 0)
(352.279048927696 0 0)
(357.740089059737 0 0)
(363.286355866771 0 0)
(368.723749429074 0 0)
(374.248140392457 0 0)
(379.661107442333 0 0)
(385.163583745613 0 0)
(390.551487303172 0 0)
(396.031027016911 0 0)
(401.392679893735 0 0)
(406.848611796127 0 0)
(412.183917794856 0 0)
(417.615632107738 0 0)
(422.923678337357 0 0)
(428.330475571995 0 0)
(433.610223442515 0 0)
(438.991834704505 0 0)
(444.242810906129 0 0)
(449.598276520524 0 0)
(454.81892680286 0 0)
(460.14760863667 0 0)
(465.339663140983 0 0)
(470.639381614972 0 0)
(475.799996167902 0 0)
(481.072906944139 0 0)
(486.201337812783 0 0)
(491.445063057316 0 0)
(496.540883138891 0 0)
(501.755351081061 0 0)
(506.817251285109 0 0)
(512.001914780561 0 0)
(517.029892992486 0 0)
(522.184001083628 0 0)
(527.177265830767 0 0)
(532.300065847346 0 0)
(537.257844563376 0 0)
(542.34860727186 0 0)
(547.270161806176 0 0)
(552.328191122366 0 0)
(557.212799828985 0 0)
(562.237417048803 0 0)
(567.084361994273 0 0)
(572.074892513451 0 0)
(576.883451929182 0 0)
(581.839221562021 0 0)
(586.608672832387 0 0)
(591.529014644884 0 0)
(596.258640249097 0 0)
(601.14289489512 0 0)
(605.831975730878 0 0)
(610.67948264812 0 0)
(615.327290851858 0 0)
(620.137382127406 0 0)
(624.743177098401 0 0)
(629.51517796988 0 0)
(634.07821268027 0 0)
(638.811451937765 0 0)
(643.330984212795 0 0)
(648.024804588456 0 0)
(652.500105125399 0 0)
(657.153863955679 0 0)
(661.584205728481 0 0)
(666.197257428434 0 0)
(670.581896937675 0 0)
(675.153579437491 0 0)
(679.491756654006 0 0)
(684.021405039152 0 0)
(688.312362256469 0 0)
(692.799323925349 0 0)
(697.042307921009 0 0)
(701.485929277948 0 0)
(705.680169209911 0 0)
(710.07978028985 0 0)
(714.224490844756 0 0)
(718.579427957498 0 0)
(722.67384262618 0 0)
(726.983478732965 0 0)
(731.026860578046 0 0)
(735.290589256228 0 0)
(739.282191707177 0 0)
(743.499378312464 0 0)
(747.438401354773 0 0)
(751.608356302877 0 0)
(755.493942945447 0 0)
(759.615946257488 0 0)
(763.447232860796 0 0)
(767.520601959445 0 0)
(771.296786305986 0 0)
(775.320923772024 0 0)
(779.041266215116 0 0)
(783.0156040973 0 0)
(786.679327435517 0 0)
(790.603230229591 0 0)
(794.209457250725 0 0)
(798.082243973278 0 0)
(801.630098995047 0 0)
(805.451088570998 0 0)
(808.939770853542 0 0)
(812.708491935388 0 0)
(816.137236219074 0 0)
(819.852990906381 0 0)
(823.220919727222 0 0)
(826.883149461845 0 0)
(830.18943736023 0 0)
(833.797591317667 0 0)
(837.041407692461 0 0)
(840.594872267583 0 0)
(843.775223789497 0 0)
(847.273200184449 0 0)
(850.388896803468 0 0)
(853.8304520828 0 0)
(856.880238817984 0 0)
(860.264587620777 0 0)
(863.247514672163 0 0)
(866.574241281897 0 0)
(869.489628745727 0 0)
(872.758472291677 0 0)
(875.605564822025 0 0)
(878.816018505585 0 0)
(881.593688469323 0 0)
(884.744911777758 0 0)
(887.45179365074 0 0)
(890.543048277093 0 0)
(893.17804644325 0 0)
(896.208880932878 0 0)
(898.770935651511 0 0)
(901.740743735742 0 0)
(904.228472555942 0 0)
(907.136420626221 0 0)
(909.548369757665 0 0)
(912.393832579928 0 0)
(914.728668410894 0 0)
(917.511159790109 0 0)
(919.76747587343 0 0)
(922.486029601766 0 0)
(924.661240774014 0 0)
(927.315165603278 0 0)
(929.408452748323 0 0)
(931.997427317718 0 0)
(934.006899914126 0 0)
(936.530363616919 0 0)
(938.453941551179 0 0)
(940.910612828258 0 0)
(942.745131806387 0 0)
(945.133521124018 0 0)
(946.873511900168 0 0)
(949.189827684352 0 0)
(950.833084808242 0 0)
(953.078453174822 0 0)
(954.622838172412 0 0)
(956.798378234571 0 0)
(958.242627438733 0 0)
(960.348394378295 0 0)
(961.67890113954 0 0)
(963.704426077221 0 0)
(964.919487490611 0 0)
(966.872296726427 0 0)
(967.971723350864 0 0)
(969.851541781168 0 0)
(970.806544941668 0 0)
(972.59570378777 0 0)
(973.423707595246 0 0)
(975.145891541291 0 0)
(975.816918650574 0 0)
(977.434555063037 0 0)
(977.959879346739 0 0)
(979.524750593537 0 0)
(979.841643791005 0 0)
(981.319313793288 0 0)
(981.526491207407 0 0)
(982.85776029556 0 0)
(982.925807736865 0 0)
(984.205947706428 0 0)
(984.053785370581 0 0)
(985.337946839068 0 0)
(984.946677257113 0 0)
(986.236298044264 0 0)
(985.647328007997 0 0)
(986.908321054447 0 0)
(986.128060700088 0 0)
(987.396872077466 0 0)
(986.419892566349 0 0)
(987.740524731539 0 0)
(986.589548544304 0 0)
(987.94266304059 0 0)
(986.655330983406 0 0)
(988.099373954393 0 0)
(986.7613355992 0 0)
(987.630325232599 0 0)
)
;

boundaryField
{
    electrode
    {
        type            calculated;
        value           uniform (-986.667362274049 0 0);
    }
    ground
    {
        type            calculated;
        value           uniform (987.630325232599 0 0);
    }
    otherfaces
    {
        type            empty;
    }
}


// ************************************************************************* //
