/*--------------------------------*- C++ -*----------------------------------*\
| =========                 |                                                 |
| \\      /  F ield         | foam-extend: Open Source CFD                    |
|  \\    /   O peration     | Version:     4.1                                |
|   \\  /    A nd           | Web:         http://www.foam-extend.org         |
|    \\/     M anipulation  |                                                 |
\*---------------------------------------------------------------------------*/
FoamFile
{
    version     2.0;
    format      ascii;
    class       volScalarField;
    location    "1.50009999935002e-05";
    object      eCollisionFrequencyMean;
}
// * * * * * * * * * * * * * * * * * * * * * * * * * * * * * * * * * * * * * //

dimensions      [0 0 -1 0 0 0 0];

internalField   nonuniform List<scalar> 
500
(
14747148691.3244
14818468335.3408
14895217224.6804
14968314620.3825
15031996276.5325
15086518957.8715
15131972370.1465
15169640331.2656
15200484879.849
15225240598.0501
15244723277.215
15260092011.3572
15272382412.9859
15282471245.0396
15290891774.4247
15297876587.5632
15303632137.8969
15308558125.9895
15312830565.9487
15316625578.1288
15319871705.8888
15322626665.7818
15324926140.2765
15326995613.7963
15328942915.2668
15330767503.2036
15332456522.4437
15333947234.5551
15335266507.4011
15336475606.493
15337587423.0093
15338617879.5763
15339570883.5998
15340442262.088
15341237489.2157
15341964365.3614
15342628449.545
15343235754.9609
15343791402.5464
15344299565.8944
15344762897.8905
15345184853.6108
15345568164.253
15345915996.2421
15346231024.1064
15346515623.0008
15346772249.5657
15347002705.3014
15347208876.689
15347392461.7768
15347554984.2663
15347697876.7835
15347822458.5916
15347929948.7147
15348021602.5358
15348098310.2978
15348160911.5316
15348210375.7693
15348247511.8949
15348272946.6589
15348287143.7557
15348290719.8888
15348284192.506
15348267950.4139
15348242369.3574
15348207815.2106
15348164593.9598
15348112814.4254
15348052578.125
15347983576.9758
15347906486.3942
15347821750.9303
15347730491.19
15347633930.7736
15347532477.8608
15347426715.0917
15347317074.3025
15347203723.3526
15347086881.9799
15346966777.0558
15346843553.4046
15346717381.525
15346588440.4935
15346456901.1964
15346322877.0909
15346186504.8814
15346047983.5931
15345907452.9452
15345765005.1278
15345620739.1013
15345474731.9735
15345327075.2897
15345177897.9897
15345027335.5724
15344875508.6807
15344722515.2832
15344568457.5217
15344413449.6606
15344257603.3026
15344100990.9465
15343943689.7399
15343785761.4874
15343627270.1657
15343468297.6913
15343308914.9626
15343149156.2806
15342989064.1485
15342828708.0244
15342668167.0661
15342507504.3764
15342346760.5596
15342185966.6669
15342025172.6081
15341864400.8805
15341703699.162
15341543093.9932
15341382597.0398
15341222203.4498
15341062005.0264
15340902060.7014
15340742423.4692
15340583138.1726
15340424248.0475
15340265770.895
15340107724.0875
15339950127.7011
15339792987.7665
15339636273.8954
15339479961.8141
15339324175.0878
15339169013.5603
15339014549.0865
15338860823.9087
15338707865.6715
15338555706.8189
15338404374.0039
15338253900.0184
15338104320.0511
15337955672.1625
15337807977.7078
15337661247.9792
15337515490.831
15337370729.3515
15337226982.7361
15337084273.2138
15336942676.6924
15336802265.1029
15336663033.4658
15336524994.9331
15336388149.6024
15336252506.6386
15336118078.8845
15335984878.7788
15335852916.8404
15335722198.3978
15335592733.4863
15335464518.9855
15335337562.4789
15335211873.6393
15335087452.298
15334964296.9953
15334842408.5524
15334721796.2006
15334602468.1682
15334484429.6452
15334367682.1947
15334252229.3007
15334138078.8106
15334025231.2737
15333913685.4656
15333803445.6672
15333694509.2313
15333586880.0971
15333480561.7231
15333375558.6328
15333271872.2115
15333169506.2611
15333068461.4963
15332968740.5457
15332870345.2602
15332773278.8008
15332677543.8069
15332583148.0713
15332490092.655
15332398381.7445
15332308017.6815
15332219005.1333
15332131342.5441
15332045033.2587
15331960076.4163
15331876475.7602
15331794231.7174
15331713346.2832
15331633821.2965
15331555659.0105
15331478862.1769
15331403431.796
15331329368.4825
15331256674.6651
15331185353.5383
15331115406.7595
15331046835.633
15330979642.1562
15330913828.2446
15330849394.7401
15330786342.9156
15330724674.3135
15330664390.9168
15330605494.3484
15330547984.8857
15330491864.386
15330437134.022
15330383795.2237
15330331847.7583
15330281293.5152
15330232133.7165
15330184369.0678
15330137999.5098
15330093027.2371
15330049452.2365
15330007275.3033
15329966496.901
15329927118.3277
15329889139.7163
15329852562.3437
15329817386.414
15329783612.5094
15329751241.0726
15329720273.4348
15329690709.4913
15329662550.4401
15329635796.1803
15329610447.2798
15329586504.2198
15329563966.716
15329542835.8202
15329523111.5309
15329504795.252
15329487886.2907
15329472385.1514
15329458292.0236
15329445607.034
15329434330.7553
15329424463.5232
15329416004.9391
15329408955.8405
15329403316.2024
15329399085.6468
15329396268.4412
15329394910.7798
15329394908.3828
15329396260.6146
15329399071.8804
15329403297.1105
15329408931.8416
15329415975.9444
15329424428.6121
15329434290.3189
15329445560.8277
15329458239.7104
15329472327.1706
15329487822.6882
15329504725.7518
15329523036.533
15329542753.9779
15329563878.8695
15329586410.1054
15329610347.8498
15329635690.4838
15329662439.0165
15329690592.4378
15329720149.8788
15329751111.1771
15329783475.8313
15329817243.5105
15329852413.3446
15329888984.4047
15329926956.7406
15329966329.4095
15330007101.4271
15330049272.112
15330092840.271
15330137806.8025
15330184169.6623
15330231929.1136
15330281083.5913
15330331632.361
15330383574.4655
15330436908.7772
15330491634.8728
15330547749.3581
15330605252.5671
15330664143.5538
15330724420.687
15330786082.4508
15330849127.8189
15330913554.8109
15330979362.3008
15331046547.735
15331115110.1096
15331185047.0506
15331256359.0549
15331329043.4145
15331403098.493
15331478521.2657
15331555310.2792
15331633464.0473
15331712981.3582
15331793861.3399
15331876101.7302
15331959700.3095
15332044655.5255
15332130963.4375
15332218624.214
15332307636.2488
15332397998.3989
15332489705.922
15332582757.7604
15332677148.5729
15332772877.4552
15332869940.778
15332968336.0251
15333068059.5442
15333169106.2586
15333271475.2203
15333375162.9956
15333480167.0132
15333586485.3507
15333694116.6182
15333803056.1261
15333913303.0115
15334024857.1524
15334137710.9131
15334251866.9532
15334367325.6858
15334484081.8046
15334602125.983
15334721452.2333
15334842060.4677
15334963946.4711
15335087102.5282
15335211534.926
15335337238.1151
15335464203.5075
15335592424.429
15335721902.9734
15335852628.9215
15335984596.991
15336117800.6871
15336252233.6183
15336387891.4415
15336524763.9111
15336662838.077
15336802103.9307
15336942544.1692
15337084146.2251
15337226861.145
15337370626.7448
15337515417.4777
15337661209.2485
15337807983.8215
15337955732.5817
15338104426.9924
15338254036.1201
15338404525.4102
15338555878.6144
15338708077.3087
15338861105.5358
15339014907.9224
15339169439.5625
15339324644.9871
15339480459.9088
15339636793.9221
15339793529.1562
15339950708.6996
15340108363.6362
15340266483.937
15340425048.722
15340584024.5125
15340743377.2386
15340903072.986
15341063066.9385
15341223312.6942
15341383757.114
15341544288.6588
15341704925.3492
15341865654.5873
15342026471.3725
15342187340.0465
15342348225.6527
15342509067.9294
15342669806.1973
15342830405.2119
15342990816.855
15343150979.6836
15343310814.5166
15343470269.8651
15343629302.3122
15343787844.1549
15343945826.3859
15344103192.8011
15344259871.0459
15344415780.9223
15344570843.3294
15344724958.1377
15344878006.6934
15345029888.3521
15345180510.9477
15345329768.9588
15345477515.711
15345623570.2501
15345767893.1556
15345910413.124
15346051034.3805
15346189630.2751
15346326037.1861
15346460104.168
15346591678.0765
15346720608.363
15346846747.8078
15346969933.8575
15347089971.4141
15347206670.5735
15347319858.5641
15347429358.1281
15347534983.0184
15347636268.6365
15347732672.8602
15347823799.1865
15347908420.5045
15347985407.0926
15348054308.0573
15348114452.4691
15348166207.3729
15348209464.9522
15348244086.017
15348269779.925
15348286166.6922
15348292863.753
15348289477.4872
15348275489.7513
15348250264.6746
15348213357.9041
15348164151.9769
15348101801.7015
15348025336.9706
15347933950.0423
15347826729.6313
15347702393.2583
15347559737.7195
15347397454.1677
15347214062.2019
15347008091.0954
15346777893.9744
15346521497.172
15346237071.5484
15345922211.6487
15345574567.6156
15345191431.84
15344769624.6972
15344306457.2843
15343798481.1922
15343242983.2205
15342635805.3252
15341971866.9752
15341245117.8626
15340449935.5646
15339578474.1005
15338625247.7503
15337594444.233
15336482328.9639
15335273170.7499
15333954098.4481
15332463895.0296
15330775398.4592
15328951134.2938
15327003710.9775
15324933949.0782
15322635222.1578
15319882985.3752
15316639983.001
15312848838.4711
15308581333.5922
15303661241.403
15297912208.5285
15290933919.0613
15282520462.5266
15272437848.0868
15260153922.0454
15244792459.152
15225315495.5127
15200568240.7176
15169737035.7628
15132090609.3985
15086647795.515
15032137362.9705
14968464989.839
14895362282.0461
14818599336.5003
14747273288.2243
)
;

boundaryField
{
    electrode
    {
        type            calculated;
        value           uniform 14747148691.3244;
    }
    ground
    {
        type            calculated;
        value           uniform 14747273288.2243;
    }
    otherfaces
    {
        type            empty;
    }
}


// ************************************************************************* //
