/*--------------------------------*- C++ -*----------------------------------*\
| =========                 |                                                 |
| \\      /  F ield         | foam-extend: Open Source CFD                    |
|  \\    /   O peration     | Version:     4.1                                |
|   \\  /    A nd           | Web:         http://www.foam-extend.org         |
|    \\/     M anipulation  |                                                 |
\*---------------------------------------------------------------------------*/
FoamFile
{
    version     2.0;
    format      ascii;
    class       volVectorField;
    location    "1.50009999935002e-05";
    object      EFieldMean;
}
// * * * * * * * * * * * * * * * * * * * * * * * * * * * * * * * * * * * * * //

dimensions      [1 1 -3 0 0 -1 0];

internalField   nonuniform List<vector> 
500
(
(-1017503.39360636 0 0)
(-976363.348488348 0 0)
(-934168.83325951 0 0)
(-891116.454587721 0 0)
(-847227.374026722 0 0)
(-802556.253210385 0 0)
(-757214.280878986 0 0)
(-711360.845733574 0 0)
(-665226.95018328 0 0)
(-619095.451304815 0 0)
(-573310.187663282 0 0)
(-528259.439057355 0 0)
(-484365.439805673 0 0)
(-442045.184623638 0 0)
(-401706.134096281 0 0)
(-363701.626013665 0 0)
(-328299.301917078 0 0)
(-295697.053746285 0 0)
(-265985.798653936 0 0)
(-239160.683292833 0 0)
(-215160.051636543 0 0)
(-193831.623140215 0 0)
(-174984.259252806 0 0)
(-158411.207556992 0 0)
(-143880.765542325 0 0)
(-131154.70703828 0 0)
(-120026.537701681 0 0)
(-110294.271658675 0 0)
(-101765.957644572 0 0)
(-94271.5235339581 0 0)
(-87678.382390068 0 0)
(-81862.8600941603 0 0)
(-76703.9995521764 0 0)
(-72095.6913499077 0 0)
(-67969.1546711277 0 0)
(-64281.9627648224 0 0)
(-60987.2786960107 0 0)
(-58023.6831715983 0 0)
(-55330.2748406881 0 0)
(-52859.7273198959 0 0)
(-50586.045904311 0 0)
(-48501.8179410269 0 0)
(-46597.0445180321 0 0)
(-44849.3063165277 0 0)
(-43235.946574585 0 0)
(-41740.2254443099 0 0)
(-40349.4938775034 0 0)
(-39051.4277246159 0 0)
(-37833.1841622727 0 0)
(-36685.0177889362 0 0)
(-35603.5143185246 0 0)
(-34587.0873586059 0 0)
(-33631.2980645574 0 0)
(-32730.7152600701 0 0)
(-31880.5065644206 0 0)
(-31076.2350268673 0 0)
(-30313.832701416 0 0)
(-29589.5909760981 0 0)
(-28900.5304867863 0 0)
(-28243.9941507981 0 0)
(-27616.8539006356 0 0)
(-27015.76685643 0 0)
(-26439.3672400634 0 0)
(-25887.2756817799 0 0)
(-25358.247525666 0 0)
(-24850.6687623137 0 0)
(-24363.137005066 0 0)
(-23894.3461098092 0 0)
(-23443.1396195241 0 0)
(-23008.3913250305 0 0)
(-22589.0869811092 0 0)
(-22184.2509311786 0 0)
(-21793.0293761006 0 0)
(-21414.6094876835 0 0)
(-21048.3088580673 0 0)
(-20693.466723636 0 0)
(-20349.5161327789 0 0)
(-20015.9104873805 0 0)
(-19692.1580964275 0 0)
(-19377.6628196394 0 0)
(-19071.9194071989 0 0)
(-18774.4657886002 0 0)
(-18484.9334319488 0 0)
(-18202.9307792603 0 0)
(-17928.1316317654 0 0)
(-17660.1803074287 0 0)
(-17398.7861711939 0 0)
(-17143.6421268323 0 0)
(-16894.5145098333 0 0)
(-16651.1491366704 0 0)
(-16413.3386768054 0 0)
(-16180.8360645243 0 0)
(-15953.4429901034 0 0)
(-15730.9339273473 0 0)
(-15513.1414649413 0 0)
(-15299.8708028421 0 0)
(-15090.9901995385 0 0)
(-14886.3305436832 0 0)
(-14685.8067017994 0 0)
(-14489.3250082757 0 0)
(-14296.6937757297 0 0)
(-14107.6074916398 0 0)
(-13921.9165441469 0 0)
(-13739.478741617 0 0)
(-13560.2124716206 0 0)
(-13383.9952829821 0 0)
(-13210.7519827221 0 0)
(-13040.3618678421 0 0)
(-12872.7553898574 0 0)
(-12707.8215761939 0 0)
(-12545.5020713153 0 0)
(-12385.696760471 0 0)
(-12228.352519198 0 0)
(-12073.3705854433 0 0)
(-11920.7047454095 0 0)
(-11770.263015195 0 0)
(-11622.0032021909 0 0)
(-11475.8379966339 0 0)
(-11331.7319839289 0 0)
(-11189.6023095246 0 0)
(-11049.4174815039 0 0)
(-10911.0984378332 0 0)
(-10774.6193937662 0 0)
(-10639.9067867179 0 0)
(-10506.9400266527 0 0)
(-10375.6481885035 0 0)
(-10246.0116458176 0 0)
(-10117.9602282278 0 0)
(-9991.4776227403 0 0)
(-9866.49671799215 0 0)
(-9743.00553295294 0 0)
(-9620.93927156897 0 0)
(-9500.28936086752 0 0)
(-9380.99278245151 0 0)
(-9263.0446944713 0 0)
(-9146.38189386872 0 0)
(-9031.00485241078 0 0)
(-8916.84994217012 0 0)
(-8803.92185639616 0 0)
(-8692.15571108725 0 0)
(-8581.56249353074 0 0)
(-8472.07319161207 0 0)
(-8363.70688727733 0 0)
(-8256.38962120776 0 0)
(-8150.14936089194 0 0)
(-8044.90473004997 0 0)
(-7940.69574553459 0 0)
(-7837.43004764485 0 0)
(-7735.16223778819 0 0)
(-7633.78676279981 0 0)
(-7533.37570993827 0 0)
(-7433.80462654381 0 0)
(-7335.1610314607 0 0)
(-7237.13520780676 0 0)
(-7139.26236852766 0 0)
(-7042.92248599206 0 0)
(-6947.7233367049 0 0)
(-6853.1143753596 0 0)
(-6759.82043889707 0 0)
(-6667.27301301246 0 0)
(-6575.4362499831 0 0)
(-6484.27913578416 0 0)
(-6393.86250885732 0 0)
(-6304.11261609757 0 0)
(-6215.08570162553 0 0)
(-6126.69049496667 0 0)
(-6038.98966656347 0 0)
(-5951.88734199687 0 0)
(-5865.45627269741 0 0)
(-5779.59128394001 0 0)
(-5694.37271240202 0 0)
(-5609.68715654243 0 0)
(-5525.62633880543 0 0)
(-5442.06805427399 0 0)
(-5359.1152035855 0 0)
(-5276.63342566193 0 0)
(-5194.73956376345 0 0)
(-5113.28830968019 0 0)
(-5032.40679731912 0 0)
(-4951.9403087397 0 0)
(-4872.02896960708 0 0)
(-4792.50354557506 0 0)
(-4713.50856167913 0 0)
(-4634.88505324098 0 0)
(-4556.80254454649 0 0)
(-4479.04318459354 0 0)
(-4401.79336927211 0 0)
(-4324.84538059716 0 0)
(-4248.39662737004 0 0)
(-4172.22428963393 0 0)
(-4096.5401400539 0 0)
(-4021.10725632414 0 0)
(-3946.15221260583 0 0)
(-3871.42383496914 0 0)
(-3797.16352947331 0 0)
(-3723.106288743 0 0)
(-3649.5073684028 0 0)
(-3576.08875829183 0 0)
(-3503.11925241179 0 0)
(-3430.30764781259 0 0)
(-3357.93645472275 0 0)
(-3285.70161653013 0 0)
(-3213.89825054448 0 0)
(-3142.21085915311 0 0)
(-3070.94616207763 0 0)
(-2999.77774734792 0 0)
(-2929.02328035463 0 0)
(-2858.34627567234 0 0)
(-2788.07447202628 0 0)
(-2717.86193141712 0 0)
(-2648.04573877746 0 0)
(-2578.27154898164 0 0)
(-2508.88451685352 0 0)
(-2439.52374751818 0 0)
(-2370.54078116146 0 0)
(-2301.56806849916 0 0)
(-2232.96352171782 0 0)
(-2164.35464930296 0 0)
(-2096.10400215292 0 0)
(-2027.83530428714 0 0)
(-1959.91451048386 0 0)
(-1891.96269581231 0 0)
(-1824.34821690688 0 0)
(-1756.69051534728 0 0)
(-1689.35914393144 0 0)
(-1621.97319054919 0 0)
(-1554.90216695109 0 0)
(-1487.76595611461 0 0)
(-1420.93291149954 0 0)
(-1354.02476935895 0 0)
(-1287.40763585624 0 0)
(-1220.7061855934 0 0)
(-1154.28320758407 0 0)
(-1087.76736385196 0 0)
(-1021.51707691387 0 0)
(-955.165939515573 0 0)
(-889.067133796531 0 0)
(-822.860065403956 0 0)
(-756.891762765324 0 0)
(-690.808267820585 0 0)
(-624.949686228121 0 0)
(-558.969481852835 0 0)
(-493.200094506132 0 0)
(-427.303119329981 0 0)
(-361.602837223662 0 0)
(-295.769836436223 0 0)
(-230.120725997789 0 0)
(-164.34053220188 0 0)
(-98.7485213278067 0 0)
(-32.7246407997005 0 0)
(32.4917203777222 0 0)
(98.5152689563687 0 0)
(164.107539338557 0 0)
(229.887719625102 0 0)
(295.536758810161 0 0)
(361.369764526494 0 0)
(427.069999781919 0 0)
(492.96699262317 0 0)
(558.736299929901 0 0)
(624.716506215991 0 0)
(690.575014489441 0 0)
(756.658515138736 0 0)
(822.626735166128 0 0)
(888.83379568651 0 0)
(954.93250359629 0 0)
(1021.28361261016 0 0)
(1087.53379690486 0 0)
(1154.04962257651 0 0)
(1220.47249572092 0 0)
(1287.17389452675 0 0)
(1353.79092683211 0 0)
(1420.699014797 0 0)
(1487.53193945689 0 0)
(1554.66813129759 0 0)
(1621.73897943116 0 0)
(1689.12487071 0 0)
(1756.45611500328 0 0)
(1824.11378207077 0 0)
(1891.72809920476 0 0)
(1959.67985233913 0 0)
(2027.60044156737 0 0)
(2095.86907710606 0 0)
(2164.11957563441 0 0)
(2232.72837059055 0 0)
(2301.3327826884 0 0)
(2370.30536752085 0 0)
(2439.28822360044 0 0)
(2508.64874450494 0 0)
(2578.0357062775 0 0)
(2647.80972823729 0 0)
(2717.62578224354 0 0)
(2787.83818992255 0 0)
(2858.10984900682 0 0)
(2928.78672822944 0 0)
(2999.54094463263 0 0)
(3070.70924430379 0 0)
(3141.97363832779 0 0)
(3213.66098755673 0 0)
(3285.4641082295 0 0)
(3357.69874220546 0 0)
(3430.06987996395 0 0)
(3502.88118179725 0 0)
(3575.85045643355 0 0)
(3649.2690248693 0 0)
(3722.86763892042 0 0)
(3796.92461552915 0 0)
(3871.18482211894 0 0)
(3945.91286755851 0 0)
(4020.86770981415 0 0)
(4096.30039891625 0 0)
(4171.98424981671 0 0)
(4248.15640586322 0 0)
(4324.60489515376 0 0)
(4401.55270631938 0 0)
(4478.80226044667 0 0)
(4556.56149992615 0 0)
(4634.64395952561 0 0)
(4713.26589803136 0 0)
(4792.26071377672 0 0)
(4871.78623930441 0 0)
(4951.6970819243 0 0)
(5032.16352889228 0 0)
(5113.04465712474 0 0)
(5194.49569175869 0 0)
(5276.38925971484 0 0)
(5358.87094694577 0 0)
(5441.82343188785 0 0)
(5525.38150493328 0 0)
(5609.44203261414 0 0)
(5694.12737939301 0 0)
(5779.34563636 0 0)
(5865.21060874333 0 0)
(5951.64148148123 0 0)
(6038.74347496073 0 0)
(6126.44385245349 0 0)
(6214.83874566257 0 0)
(6303.86577274676 0 0)
(6393.615335132 0 0)
(6484.03188549416 0 0)
(6575.18869113108 0 0)
(6667.02514370635 0 0)
(6759.57262096786 0 0)
(6852.86574138157 0 0)
(6947.47456382902 0 0)
(7042.67387810157 0 0)
(7139.01348229119 0 0)
(7236.88625604727 0 0)
(7334.9119003374 0 0)
(7433.55538806889 0 0)
(7533.12618291715 0 0)
(7633.53708949038 0 0)
(7734.91260910101 0 0)
(7837.18030512912 0 0)
(7940.44579046723 0 0)
(8044.65488572032 0 0)
(8149.8994086501 0 0)
(8256.1394309786 0 0)
(8363.45651776009 0 0)
(8471.82266176735 0 0)
(8581.31184455253 0 0)
(8691.90509329736 0 0)
(8803.67126912192 0 0)
(8916.59916592896 0 0)
(9030.75426310407 0 0)
(9146.13131737455 0 0)
(9262.79386794748 0 0)
(9380.74206287145 0 0)
(9500.03861590689 0 0)
(9620.68831101447 0 0)
(9742.75450589402 0 0)
(9866.24569528729 0 0)
(9991.22656012595 0 0)
(10117.7091508645 0 0)
(10245.760684909 0 0)
(10375.3971554728 0 0)
(10506.6889920204 0 0)
(10639.6560181284 0 0)
(10774.3683777755 0 0)
(10910.8474451879 0 0)
(11049.1668489926 0 0)
(11189.3519160302 0 0)
(11331.4816391615 0 0)
(11475.5870960384 0 0)
(11621.7520006462 0 0)
(11770.0121857693 0 0)
(11920.4540531665 0 0)
(12073.1195876527 0 0)
(12228.1013848287 0 0)
(12385.4456208113 0 0)
(12545.2507869082 0 0)
(12707.5701047449 0 0)
(12872.5039050036 0 0)
(13040.1103268908 0 0)
(13210.500129419 0 0)
(13383.7432907638 0 0)
(13559.9605039955 0 0)
(13739.2266112019 0 0)
(13921.6641293088 0 0)
(14107.3550932262 0 0)
(14296.4415080334 0 0)
(14489.0725335039 0 0)
(14685.5540208751 0 0)
(14886.0778329903 0 0)
(15090.7372155628 0 0)
(15299.6173891492 0 0)
(15512.8877209058 0 0)
(15730.6799332464 0 0)
(15953.188775715 0 0)
(16180.5816288552 0 0)
(16413.0840168362 0 0)
(16650.8942135986 0 0)
(16894.2593129348 0 0)
(17143.3866488073 0 0)
(17398.5304034548 0 0)
(17659.9242713659 0 0)
(17927.8752621434 0 0)
(18202.6740902683 0 0)
(18484.6764227309 0 0)
(18774.2083182764 0 0)
(19071.6613899434 0 0)
(19377.4042071357 0 0)
(19691.8988289648 0 0)
(20015.6505573954 0 0)
(20349.2555013501 0 0)
(20693.2053751591 0 0)
(21048.0468357485 0 0)
(21414.3468611864 0 0)
(21792.7661922878 0 0)
(22183.9872814915 0 0)
(22588.8228821785 0 0)
(23008.1265268761 0 0)
(23442.8737051797 0 0)
(23894.0787714858 0 0)
(24362.8681140111 0 0)
(24850.3982375139 0 0)
(25357.9751566989 0 0)
(25887.0011994878 0 0)
(26439.0904783108 0 0)
(27015.4879287797 0 0)
(27616.5728649713 0 0)
(28243.710460532 0 0)
(28900.2432194329 0 0)
(29589.299406882 0 0)
(30313.5362013253 0 0)
(31075.9328919239 0 0)
(31880.1979085397 0 0)
(32730.3990584892 0 0)
(33630.9733131418 0 0)
(34586.7533284369 0 0)
(35603.1705055999 0 0)
(36684.6641232474 0 0)
(37832.820560144 0 0)
(39051.0530010212 0 0)
(40349.1053415661 0 0)
(41739.8197812924 0 0)
(43235.5205772168 0 0)
(44848.8570603636 0 0)
(46596.5691636796 0 0)
(48501.3135890951 0 0)
(50585.5102246718 0 0)
(52859.1590157138 0 0)
(55329.6716973658 0 0)
(58023.0406561668 0 0)
(60986.5903282032 0 0)
(64281.2216910862 0 0)
(67968.3556773731 0 0)
(72094.831626932 0 0)
(76703.0765154788 0 0)
(81861.8703612365 0 0)
(87677.3220269829 0 0)
(94270.3889937428 0 0)
(101764.748051438 0 0)
(110292.988779112 0 0)
(120025.185027639 0 0)
(131153.292383922 0 0)
(143879.304272947 0 0)
(158409.721724062 0 0)
(174982.778322325 0 0)
(193830.185909161 0 0)
(215158.706161273 0 0)
(239159.485037682 0 0)
(265984.81137089 0 0)
(295696.348584767 0 0)
(328298.955516922 0 0)
(363701.71745848 0 0)
(401706.740451109 0 0)
(442046.376807001 0 0)
(484367.28035608 0 0)
(528261.97971429 0 0)
(573313.467060592 0 0)
(619099.495508664 0 0)
(665231.772375703 0 0)
(711366.447150775 0 0)
(757220.65140714 0 0)
(802563.376117671 0 0)
(847235.230147709 0 0)
(891125.021909486 0 0)
(934178.090125297 0 0)
(976373.274865844 0 0)
(1017514.0148121 0 0)
)
;

boundaryField
{
    electrode
    {
        type            calculated;
        value           uniform (-1037784.15567656 0 0);
    }
    ground
    {
        type            calculated;
        value           uniform (1037795.14264241 0 0);
    }
    otherfaces
    {
        type            empty;
    }
}


// ************************************************************************* //
