/*--------------------------------*- C++ -*----------------------------------*\
| =========                 |                                                 |
| \\      /  F ield         | foam-extend: Open Source CFD                    |
|  \\    /   O peration     | Version:     4.1                                |
|   \\  /    A nd           | Web:         http://www.foam-extend.org         |
|    \\/     M anipulation  |                                                 |
\*---------------------------------------------------------------------------*/
FoamFile
{
    version     2.0;
    format      ascii;
    class       volScalarField;
    location    "1.50009999935002e-05";
    object      EPotential;
}
// * * * * * * * * * * * * * * * * * * * * * * * * * * * * * * * * * * * * * //

dimensions      [1 2 -3 0 0 -1 0];

internalField   nonuniform List<scalar> 
500
(
0.980701972351025
2.858693194282
4.65129818529722
6.35682605131934
7.97417002363911
9.50225650277539
10.9406641458428
12.2894260354036
13.5497393101955
14.7229961794153
15.8118788037309
16.8189072534333
17.7478861355614
18.6025551574387
19.3876127836655
20.107590219979
20.7675884840608
21.3724009627275
21.9270864338452
22.4360993797751
22.9038921898821
23.3344373063399
23.7315613270026
24.0985538853182
24.4385636902585
24.7541598864883
25.0478647318158
25.3218309601135
25.5781110955034
25.8183328673467
26.0440509553428
26.2565660802861
26.4571563175989
26.646843687021
26.8266479041735
26.9974351598529
27.1601023689112
27.3152789562954
27.4635180585403
27.6051519124356
27.7406011328443
27.8702673190781
27.9947643278009
28.1146170466295
28.2304070093174
28.3425472376665
28.4514756186454
28.5574496719148
28.6607450467122
28.7614587703197
28.859752804158
28.9556752312421
29.0493768090242
29.1408989145372
29.2303962112337
29.3179143006734
29.4035973924504
29.4874673325641
29.5696384143325
29.6501186739171
29.7290263495627
29.8063827135847
29.8823105099026
29.9568248061173
30.0300196943571
30.1018657943612
30.1724238863525
30.2416580874613
30.3096512406777
30.3764067630521
30.442047568309
30.5066028866286
30.5702003332337
30.6328540542693
30.6946640635799
30.7556127983715
30.8157704549761
30.8750955640687
30.9336427249913
30.9913645899581
31.0483195665079
31.1044715945683
31.159892675723
31.2145563497003
31.2685363923608
31.321801499756
31.374417441748
31.4263476313361
31.477657821834
31.5283163485207
31.5783950947649
31.6278647276225
31.6767933357557
31.7251413227851
31.7729642989915
31.8202118764012
31.8669344591068
31.9130829788883
31.9587136141947
32.0037860196403
32.0483642560337
32.0924130504407
32.1359987926829
32.1790868287403
32.2217412890965
32.2639234959511
32.3056920069588
32.3470027534148
32.3879100486303
32.4283680619827
32.4684316536801
32.5080572017043
32.5473018406176
32.586123000564
32.6245769968911
32.6626190513126
32.7003029260799
32.7375823646279
32.77451127055
32.811045203307
32.8472406029215
32.8830553555612
32.9185471210606
32.9536736941339
32.9884914532641
33.0229563099147
33.0571225068607
33.0909441506013
33.1244739278609
33.1576650884249
33.1905698490625
33.2231417644541
33.2554336715607
33.2874001759132
33.3190949043317
33.3504730301075
33.3815879133945
33.4123942093582
33.442944129142
33.4731917816549
33.503188647534
33.5328893931527
33.5623455165612
33.5915129133521
33.6204428120612
33.6490919596625
33.6775102785592
33.7056549599975
33.7335739528955
33.7612252326897
33.7886546670407
33.815821824947
33.8427703373045
33.8694623264274
33.8959344160601
33.922152214504
33.9481674578417
33.9739322286228
33.999498698741
34.0248192310111
34.0499460165823
34.0748312294076
34.0995266361765
34.1239843696908
34.1482560283011
34.1722939256949
34.1961497465304
34.2197761703558
34.2432245382578
34.2664476346449
34.2894966114155
34.3123242225059
34.3349809668002
34.3574198549767
34.379691063501
34.4017475582403
34.4236390449959
34.4453191691462
34.4668373399278
34.488147482515
34.5092984116728
34.5302445761677
34.5510342416597
34.571622359676
34.5920565725999
34.6122923439943
34.6323764782792
34.6522650610763
34.6720040544316
34.6915502632584
34.7109489656372
34.730157852623
34.7492213920686
34.7680980312305
34.7868312016858
34.8053802412769
34.8237876155449
34.8420135685223
34.8600994436748
34.8780064351292
34.8957749161011
34.9133670921495
34.9308221202789
34.9481033977968
34.9652489447107
34.9822232211632
34.9990630791445
35.0157341440358
35.0322719320831
35.0486433918821
35.0648826988611
35.0809579460814
35.0969019924019
35.1126843279681
35.1283363432522
35.1438288882957
35.1591919775215
35.1743978979333
35.1894751258072
35.2043974080116
35.2191917033726
35.2338332621093
35.2483474169732
35.2627109800547
35.2769476852208
35.2910358725171
35.3049976619465
35.3188130556338
35.3325023921384
35.3460474189485
35.3594667735153
35.3727437640536
35.3858954693805
35.3989067160245
35.4117929808192
35.4245406692084
35.4371636346317
35.4496498131141
35.4620115364345
35.474238155651
35.486340583898
35.4983095382951
35.5101545574073
35.5218676573112
35.5334571074134
35.5449161078381
35.5562517084923
35.5674583137757
35.578541739393
35.5894976329228
35.6003294563218
35.6110373602958
35.621619015725
35.6320792861355
35.6424130978087
35.6526269664761
35.6627142463071
35.6726829784756
35.6825250015539
35.6922497956187
35.7018477527864
35.7113297944391
35.7206848131523
35.7299251633475
35.7390382819193
35.7480379272281
35.7569100959997
35.7656699919015
35.7743021077969
35.7828231242055
35.7912160828471
35.7994990093891
35.807653610198
35.8156992566028
35.8236161635103
35.831425215434
35.8391050769519
35.8466780870816
35.8541214636215
35.8614589372723
35.8686662997392
35.875768736724
35.8827405409762
35.8896083455949
35.8963450144057
35.9029786129592
35.9094804786029
35.9158800923711
35.9221473892385
35.9283132701422
35.9343461137058
35.9402782781687
35.9460767906371
35.9517753098271
35.9573394515387
35.9628043377243
35.968134181312
35.9733654338168
35.9784610224066
35.9834585567537
35.9883196740065
35.9930832361782
35.9977096001114
36.0022387005961
36.0066298955799
36.0109241614957
36.0150797524222
36.0191386540113
36.0230582526899
36.0268815078
36.0305648122236
36.0341517973989
36.037598024916
36.0409479361133
36.0441563581806
36.0472683771133
36.0502380902517
36.0531111170861
36.0558409513427
36.0584738788766
36.0609629694438
36.0633551243106
36.0656029214914
36.0677536904005
36.0697593442347
36.0716672663
36.0734289406638
36.0750923201124
36.0766085497918
36.0780257372816
36.0792948215365
36.0804642268817
36.0814846347277
36.082404979629
36.0831755626581
36.0838452844569
36.0843640474569
36.0847807776486
36.0850451177153
36.085205983891
36.0852128416041
36.0851148614075
36.0848614168111
36.084502110212
36.0839868817799
36.0833660761097
36.0825901003152
36.0816954225774
36.0806470060076
36.079484207427
36.0781644741196
36.0767294077895
36.0751344088745
36.0734232542562
36.0715501315466
36.0695605328776
36.067407463193
36.0651371829873
36.0627012675907
36.0601460764506
36.0574219233709
36.0545752473658
36.0515556537212
36.0484100061379
36.0450879029285
36.0416371478238
36.0380080135388
36.0342495184016
36.0303125828145
36.0262466436422
36.0220020494967
36.0176271574366
36.0130707063728
36.0083798051146
36.0035024949582
35.9984862989704
35.9932801808306
35.9879328744379
35.9823937378587
35.9767110481408
35.970832461498
35.964804286586
35.9585722301278
35.9521818167193
35.9455790129584
35.9388109629752
35.9318259939011
35.9246740682991
35.9173062887984
35.9097747714535
35.9020317328087
35.8941284856026
35.8860144089606
35.877735947162
35.8692367533677
35.8605584877276
35.8516424728647
35.8425316635675
35.8331712395075
35.8236089667889
35.8137930298342
35.803771189672
35.793488187881
35.7829872484732
35.7722116900791
35.7612070379014
35.7499219106882
35.738408850473
35.7266214964341
35.7146131596859
35.7023327142481
35.6898240711066
35.6770240536507
35.6639640648364
35.6505701027307
35.6368666557184
35.6227791346543
35.6083399082747
35.5934906443777
35.5782852161806
35.5626846260864
35.5467531083303
35.530447319673
35.5138148664926
35.4967892001919
35.4794004025575
35.4615753644843
35.4433503909856
35.424663598918
35.4055592771033
35.3859732206767
35.3659382962946
35.3453794789186
35.3243279928096
35.3027227814019
35.2806179758694
35.2579763987227
35.234864552704
35.2112406963339
35.1871481025408
35.1625090302067
35.1373127312123
35.1114067172532
35.0847117873004
35.0570353554918
35.0282981360777
34.9983522587166
34.9671987406759
34.9347756379319
34.9011353265409
34.8662045944329
34.8299696456497
34.792292212098
34.7531215124786
34.7122999283076
34.6697747105044
34.6253900835923
34.5790682119392
34.530581790108
34.4797339461029
34.4261693087447
34.3696373641404
34.3097638052405
34.2461785763027
34.1782400547655
34.105192912641
34.0259705722384
33.9394926519014
33.8444377255824
33.7393909341604
33.6225583794182
33.4921000404262
33.3459161784664
33.1818693314211
32.9972098026404
32.788727005228
32.5522796227311
32.2831071834373
31.9753635228358
31.6227402973409
31.2182433350519
30.7547091021025
30.2245393049425
29.6203228499239
28.9346348854862
28.161053488288
27.2938823569127
26.3286893911105
25.2621615814923
24.0924805332601
22.818829851517
21.4416125163134
19.9618595235045
18.3814037880482
16.702283677583
14.9269777354948
13.0578193593525
11.0973448071578
9.04781752878709
6.91146290567173
)
;

boundaryField
{
    electrode
    {
        type            fixedValue;
        value           uniform 1e-10;
    }
    ground
    {
        type            plasmaPower;
        frequency       10000000000;
        nCycles         1;
        power           0.0735;
        dampingFactor   0.01;
        amplitude       5.80179198632756;
        bias            0;
        value           uniform 5.80134175661916;
    }
    otherfaces
    {
        type            empty;
    }
}


// ************************************************************************* //
