/*--------------------------------*- C++ -*----------------------------------*\
| =========                 |                                                 |
| \\      /  F ield         | foam-extend: Open Source CFD                    |
|  \\    /   O peration     | Version:     4.1                                |
|   \\  /    A nd           | Web:         http://www.foam-extend.org         |
|    \\/     M anipulation  |                                                 |
\*---------------------------------------------------------------------------*/
FoamFile
{
    version     2.0;
    format      ascii;
    class       volVectorField;
    location    "1.50009999935002e-05";
    object      velocityelectronMean;
}
// * * * * * * * * * * * * * * * * * * * * * * * * * * * * * * * * * * * * * //

dimensions      [0 1 -1 0 0 0 0];

internalField   nonuniform List<vector> 
500
(
(-516309.556667018 0 0)
(-277638.376603539 0 0)
(-192438.050626803 0 0)
(-125574.931854362 0 0)
(-88267.5271225892 0 0)
(-61280.6474706474 0 0)
(-44303.2315335218 0 0)
(-32008.4721689015 0 0)
(-23777.4700687114 0 0)
(-17749.4186413378 0 0)
(-13508.6505739725 0 0)
(-10375.3431785163 0 0)
(-8148.01381803548 0 0)
(-6571.94171496876 0 0)
(-5434.68229655099 0 0)
(-4610.7399306965 0 0)
(-3901.8174268174 0 0)
(-3337.79848422237 0 0)
(-2858.24078169663 0 0)
(-2496.96063717558 0 0)
(-2194.09678785672 0 0)
(-1956.12030780798 0 0)
(-1758.53825430329 0 0)
(-1604.65278015997 0 0)
(-1477.72514489941 0 0)
(-1372.60728302675 0 0)
(-1283.59710270598 0 0)
(-1209.47532023904 0 0)
(-1147.88680085925 0 0)
(-1095.40221794136 0 0)
(-1049.72721745129 0 0)
(-1009.07624930693 0 0)
(-972.483944506324 0 0)
(-939.148714527475 0 0)
(-908.590348266154 0 0)
(-880.720092204294 0 0)
(-854.853022411486 0 0)
(-831.187967269626 0 0)
(-808.906318274853 0 0)
(-788.561704560493 0 0)
(-769.192329621709 0 0)
(-751.582609297733 0 0)
(-734.605774526103 0 0)
(-719.224018416341 0 0)
(-704.189306164494 0 0)
(-690.62000102475 0 0)
(-677.17276943308 0 0)
(-665.087556575253 0 0)
(-652.934649689017 0 0)
(-642.067022939144 0 0)
(-630.978594782232 0 0)
(-621.111181740354 0 0)
(-610.895101666096 0 0)
(-601.841517197467 0 0)
(-592.342186023932 0 0)
(-583.95171391891 0 0)
(-575.046651306612 0 0)
(-567.199742438278 0 0)
(-558.793819663862 0 0)
(-551.398375326281 0 0)
(-543.418081954263 0 0)
(-536.405091876518 0 0)
(-528.794719343506 0 0)
(-522.113597968812 0 0)
(-514.828521156439 0 0)
(-508.439415103245 0 0)
(-501.443457775848 0 0)
(-495.316401276243 0 0)
(-488.581185413741 0 0)
(-482.693568592132 0 0)
(-476.196451292774 0 0)
(-470.530738368276 0 0)
(-464.253391400366 0 0)
(-458.795552200708 0 0)
(-452.722710385076 0 0)
(-447.461129055692 0 0)
(-441.579902135531 0 0)
(-436.504680550632 0 0)
(-430.804169933061 0 0)
(-425.906643993711 0 0)
(-420.377516982228 0 0)
(-415.649855345502 0 0)
(-410.283926119208 0 0)
(-405.718670686647 0 0)
(-400.508362532438 0 0)
(-396.098157694771 0 0)
(-391.036222069267 0 0)
(-386.773769246795 0 0)
(-381.85313344199 0 0)
(-377.731228843319 0 0)
(-372.945006531522 0 0)
(-368.956616545115 0 0)
(-364.29818320547 0 0)
(-360.436500367785 0 0)
(-355.899573339416 0 0)
(-352.158033491202 0 0)
(-347.736700339628 0 0)
(-344.109002915052 0 0)
(-339.797701637838 0 0)
(-336.277822535324 0 0)
(-332.071261337684 0 0)
(-328.653492276779 0 0)
(-324.546735236927 0 0)
(-321.225867270339 0 0)
(-317.214266832205 0 0)
(-313.98545764097 0 0)
(-310.064552315435 0 0)
(-306.923301569181 0 0)
(-303.088816203246 0 0)
(-300.030938419052 0 0)
(-296.278781337263 0 0)
(-293.300378528637 0 0)
(-289.626653139179 0 0)
(-286.724089880655 0 0)
(-283.125095833921 0 0)
(-280.29496591268 0 0)
(-276.767196424085 0 0)
(-274.006297072853 0 0)
(-270.546436490024 0 0)
(-267.85174792881 0 0)
(-264.456674918555 0 0)
(-261.825336939186 0 0)
(-258.492119265955 0 0)
(-255.921412295309 0 0)
(-252.647298366049 0 0)
(-250.134629272204 0 0)
(-246.917038316975 0 0)
(-244.459932907137 0 0)
(-241.296437833611 0 0)
(-238.892532505306 0 0)
(-235.780839800841 0 0)
(-233.4278807358 0 0)
(-230.365816011838 0 0)
(-228.061655476318 0 0)
(-225.047153509121 0 0)
(-222.789746909939 0 0)
(-219.820843265515 0 0)
(-217.608241848058 0 0)
(-214.683066787806 0 0)
(-212.513410808148 0 0)
(-209.630182791874 0 0)
(-207.501698155405 0 0)
(-204.65872098789 0 0)
(-202.569718783838 0 0)
(-199.765372670409 0 0)
(-197.714246250186 0 0)
(-194.946979558498 0 0)
(-192.932201028143 0 0)
(-190.200525826752 0 0)
(-188.220643850312 0 0)
(-185.523133417333 0 0)
(-183.576766843454 0 0)
(-180.912054741907 0 0)
(-178.997885445804 0 0)
(-176.364694072808 0 0)
(-174.481613944804 0 0)
(-171.878666152645 0 0)
(-170.025281305595 0 0)
(-167.45136145135 0 0)
(-165.626440151895 0 0)
(-163.080329850104 0 0)
(-161.28275206716 0 0)
(-158.763385176179 0 0)
(-156.992060833384 0 0)
(-154.498408200354 0 0)
(-152.752275786698 0 0)
(-150.283355619032 0 0)
(-148.561388977928 0 0)
(-146.116263234201 0 0)
(-144.417469673241 0 0)
(-141.995238322005 0 0)
(-140.31866060725 0 0)
(-137.918456605238 0 0)
(-136.263175776973 0 0)
(-133.884158839371 0 0)
(-132.24929498655 0 0)
(-129.890644476179 0 0)
(-128.275359393375 0 0)
(-125.936269737674 0 0)
(-124.339767342642 0 0)
(-122.019444747187 0 0)
(-120.440970779652 0 0)
(-118.138630505885 0 0)
(-116.577473455241 0 0)
(-114.292338136045 0 0)
(-112.747819932855 0 0)
(-110.479120807328 0 0)
(-108.950603950813 0 0)
(-106.697584463686 0 0)
(-105.184460574503 0 0)
(-102.946378187106 0 0)
(-101.448062171223 0 0)
(-99.2241934424482 0 0)
(-97.7401161385073 0 0)
(-95.5297620098906 0 0)
(-94.0593620416445 0 0)
(-91.8618538903784 0 0)
(-90.4045695318001 0 0)
(-88.2192750307472 0 0)
(-86.7745368908982 0 0)
(-84.6008651110726 0 0)
(-83.168090047481 0 0)
(-81.0054940758025 0 0)
(-79.5840820633813 0 0)
(-77.432059456262 0 0)
(-76.0213925921352 0 0)
(-73.8794828837183 0 0)
(-72.4789279327864 0 0)
(-70.3467075622546 0 0)
(-68.9556201895952 0 0)
(-66.8326950181684 0 0)
(-65.4504271780153 0 0)
(-63.336422868645 0 0)
(-61.9623322421996 0 0)
(-59.8568830175444 0 0)
(-58.4903432304367 0 0)
(-56.3930801131283 0 0)
(-55.03349180547 0 0)
(-52.944030155231 0 0)
(-51.5908317369273 0 0)
(-49.5087596371322 0 0)
(-48.1614370244329 0 0)
(-46.086305619401 0 0)
(-44.7443997772271 0 0)
(-42.6757156891342 0 0)
(-41.3388273914397 0 0)
(-39.276048594216 0 0)
(-37.9438393470829 0 0)
(-35.8863747799732 0 0)
(-34.5585640776059 0 0)
(-32.505778643495 0 0)
(-31.1821355626641 0 0)
(-29.1333594930526 0 0)
(-27.8136897422726 0 0)
(-25.7682329221692 0 0)
(-24.4523622634779 0 0)
(-22.4095318731905 0 0)
(-21.09728516237 0 0)
(-19.0564076013072 0 0)
(-17.7475852555022 0 0)
(-15.7080289000278 0 0)
(-14.4023820265199 0 0)
(-12.3635806405354 0 0)
(-11.0607872290624 0 0)
(-9.02226152812998 0 0)
(-7.72190291231863 0 0)
(-5.68318213704614 0 0)
(-4.38389113972261 0 0)
(-2.33327735552455 0 0)
(-0.899743390286553 0 0)
(0.841980038642849 0 0)
(2.27430844547428 0 0)
(4.32583564002657 0 0)
(5.62482873398711 0 0)
(7.66382375856479 0 0)
(8.96388462871498 0 0)
(11.0026836062686 0 0)
(12.3051780235895 0 0)
(14.3442460426641 0 0)
(15.6495910237304 0 0)
(17.6894093111713 0 0)
(18.9979254638262 0 0)
(21.0390610764954 0 0)
(22.3509966098547 0 0)
(24.3940810912329 0 0)
(25.7096355172516 0 0)
(27.7553425705734 0 0)
(29.0746909077662 0 0)
(31.1237132741193 0 0)
(32.447029615687 0 0)
(34.5000572767958 0 0)
(35.8275360421386 0 0)
(37.8852383472506 0 0)
(39.2171106042019 0 0)
(41.2801225053097 0 0)
(42.616669037136 0 0)
(44.6855812737182 0 0)
(46.027140685354 0 0)
(48.102495197175 0 0)
(49.4494669307777 0 0)
(51.5317570426303 0 0)
(52.8846003077464 0 0)
(54.9742750154084 0 0)
(56.3335041144707 0 0)
(58.430975165709 0 0)
(59.7971520025151 0 0)
(61.9028039641631 0 0)
(63.276528107954 0 0)
(65.3907300156377 0 0)
(66.7726281451284 0 0)
(68.8957456725146 0 0)
(70.2864602295434 0 0)
(72.4188676339983 0 0)
(73.8190465419564 0 0)
(75.9611379359682 0 0)
(77.3714255114731 0 0)
(79.5236243758215 0 0)
(80.9446541658871 0 0)
(83.1074209330987 0 0)
(84.5398107132767 0 0)
(86.7136476039832 0 0)
(88.1579971935447 0 0)
(90.3434509873566 0 0)
(91.8003431809816 0 0)
(93.9980045736214 0 0)
(95.4680085101319 0 0)
(97.6785093190629 0 0)
(99.1621864080923 0 0)
(101.386194635966 0 0)
(102.884105913658 0 0)
(105.122320062755 0 0)
(106.635034604066 0 0)
(108.888177808731 0 0)
(110.416280440627 0 0)
(112.685094509293 0 0)
(114.229193693162 0 0)
(116.514434482539 0 0)
(118.075167680413 0 0)
(120.377602700051 0 0)
(121.955647383559 0 0)
(124.276053518259 0 0)
(125.872121064251 0 0)
(128.211282644371 0 0)
(129.826127386362 0 0)
(132.184837994979 0 0)
(133.81925592473 0 0)
(136.198320760157 0 0)
(137.853150278545 0 0)
(140.253389512024 0 0)
(141.929510236169 0 0)
(144.351764764693 0 0)
(146.050095846302 0 0)
(148.495233056782 0 0)
(150.216732133847 0 0)
(152.685651916508 0 0)
(154.431312606686 0 0)
(156.924953125999 0 0)
(158.695803319259 0 0)
(161.215146486423 0 0)
(163.012248062408 0 0)
(165.558323306548 0 0)
(167.382766754949 0 0)
(169.956642336571 0 0)
(171.80954764985 0 0)
(174.412442530738 0 0)
(176.29504129965 0 0)
(178.928171762067 0 0)
(180.841857592852 0 0)
(183.506501518681 0 0)
(185.452382658054 0 0)
(188.149819201502 0 0)
(190.129212369052 0 0)
(192.860807759703 0 0)
(194.87509335392 0 0)
(197.642272966666 0 0)
(199.692899361903 0 0)
(202.49714890367 0 0)
(204.585640996744 0 0)
(207.428511083513 0 0)
(209.556475141867 0 0)
(212.439585476131 0 0)
(214.60870876636 0 0)
(217.533753593612 0 0)
(219.745807663547 0 0)
(222.714563992939 0 0)
(224.971405044786 0 0)
(227.985739155575 0 0)
(230.289313364486 0 0)
(233.351188932873 0 0)
(235.703539096395 0 0)
(238.815016849749 0 0)
(241.218285367318 0 0)
(244.381536665405 0 0)
(246.837974391723 0 0)
(250.05529076785 0 0)
(252.567260293453 0 0)
(255.841067040064 0 0)
(258.411041470813 0 0)
(261.743917225703 0 0)
(264.374487282279 0 0)
(267.769184022249 0 0)
(270.463070181337 0 0)
(273.922523300565 0 0)
(276.68258799186 0 0)
(280.209920242227 0 0)
(283.039185345915 0 0)
(286.637712517016 0 0)
(289.539380515025 0 0)
(293.212611780511 0 0)
(296.190095213109 0 0)
(299.941738922417 0 0)
(302.998682988024 0 0)
(306.832644425151 0 0)
(309.972953643814 0 0)
(313.893329529471 0 0)
(317.121194460299 0 0)
(321.132265656792 0 0)
(324.452190105745 0 0)
(328.558417202424 0 0)
(331.975239847201 0 0)
(336.181268459074 0 0)
(339.700198660992 0 0)
(344.010967799152 0 0)
(347.637714359185 0 0)
(352.058513559031 0 0)
(355.799095240628 0 0)
(360.335475256866 0 0)
(364.196179234582 0 0)
(368.854036677798 0 0)
(372.841411833879 0 0)
(377.627014671482 0 0)
(381.747852779182 0 0)
(386.6678141014 0 0)
(390.929142403165 0 0)
(395.990340875613 0 0)
(400.399350769409 0 0)
(405.608838151362 0 0)
(410.172802314277 0 0)
(415.537802145559 0 0)
(420.264043663677 0 0)
(425.792106155426 0 0)
(430.688065079788 0 0)
(436.387361941317 0 0)
(441.460859668804 0 0)
(447.34070293365 0 0)
(452.600379452388 0 0)
(458.671651373665 0 0)
(464.127366299506 0 0)
(470.402921746852 0 0)
(476.066266719312 0 0)
(482.561355104667 0 0)
(488.446355570157 0 0)
(495.179319814266 0 0)
(501.303532303323 0 0)
(508.297038817742 0 0)
(514.683096842828 0 0)
(521.965531732204 0 0)
(528.643390973608 0 0)
(536.250921215138 0 0)
(543.260426213462 0 0)
(551.23769426478 0 0)
(558.629501892495 0 0)
(567.032334449721 0 0)
(574.875598919699 0 0)
(583.777521728699 0 0)
(592.164332796467 0 0)
(601.660492757459 0 0)
(610.710289287304 0 0)
(620.923181509464 0 0)
(630.786738715148 0 0)
(641.872057264675 0 0)
(652.735755946845 0 0)
(664.885627045572 0 0)
(676.966989058952 0 0)
(690.411235608861 0 0)
(703.9766684097 0 0)
(719.008626943727 0 0)
(734.386838935678 0 0)
(751.361422328282 0 0)
(768.969344318739 0 0)
(788.339158598303 0 0)
(808.682050983377 0 0)
(830.963002391668 0 0)
(854.616861950575 0 0)
(880.471764810762 0 0)
(908.332460112002 0 0)
(938.892313249303 0 0)
(972.236999932304 0 0)
(1008.88729642017 0 0)
(1049.64789160903 0 0)
(1095.35806070726 0 0)
(1147.84076849984 0 0)
(1209.51392039077 0 0)
(1283.57287636903 0 0)
(1372.46632137145 0 0)
(1477.52623601564 0 0)
(1604.32695927072 0 0)
(1758.73805400978 0 0)
(1957.11353864405 0 0)
(2195.4010223795 0 0)
(2497.07428710908 0 0)
(2858.27545604983 0 0)
(3336.64560242575 0 0)
(3901.81077112826 0 0)
(4607.00483307521 0 0)
(5436.33993539906 0 0)
(6574.92616957728 0 0)
(8152.11799419882 0 0)
(10385.7716836018 0 0)
(13521.2329771489 0 0)
(17761.8360449953 0 0)
(23795.2727078726 0 0)
(32035.8721214843 0 0)
(44303.7858784995 0 0)
(61247.8829294768 0 0)
(88257.5655592483 0 0)
(125509.757381559 0 0)
(192389.158007904 0 0)
(277616.573194337 0 0)
(516238.120164345 0 0)
)
;

boundaryField
{
    electrode
    {
        type            calculated;
        value           uniform (-660215.295039129 0 0);
    }
    ground
    {
        type            calculated;
        value           uniform (660218.274746225 0 0);
    }
    otherfaces
    {
        type            empty;
    }
}


// ************************************************************************* //
