/*--------------------------------*- C++ -*----------------------------------*\
| =========                 |                                                 |
| \\      /  F ield         | foam-extend: Open Source CFD                    |
|  \\    /   O peration     | Version:     4.1                                |
|   \\  /    A nd           | Web:         http://www.foam-extend.org         |
|    \\/     M anipulation  |                                                 |
\*---------------------------------------------------------------------------*/
FoamFile
{
    version     2.0;
    format      ascii;
    class       volScalarField;
    location    "1.50099999934947e-05";
    object      electronMean;
}
// * * * * * * * * * * * * * * * * * * * * * * * * * * * * * * * * * * * * * //

dimensions      [0 -3 0 0 0 0 0];

internalField   nonuniform List<scalar> 
500
(
4.84799968919472e+15
1.15662083933742e+16
1.15088930874189e+16
1.83308132438653e+16
2.10553963865716e+16
2.88392601323261e+16
3.44269161088013e+16
4.3908519609846e+16
5.25084236352209e+16
6.43680684550126e+16
7.61973863517352e+16
9.09467536062798e+16
1.06239204006944e+17
1.24277457630369e+17
1.4327167732018e+17
1.64951811210424e+17
1.879278137458e+17
2.13640146762888e+17
2.40994239383812e+17
2.7126833967808e+17
3.03601437298568e+17
3.39204256132029e+17
3.77419146290586e+17
4.1944294741497e+17
4.64810217945454e+17
5.14734580602912e+17
5.68917524421152e+17
6.28572221600771e+17
6.93488403001663e+17
7.64789303544888e+17
8.42211367053938e+17
9.26632286032944e+17
1.01753909298069e+18
1.11538055973248e+18
1.21924320606018e+18
1.32907276645394e+18
1.44355079687092e+18
1.56222685310135e+18
1.68357115697801e+18
1.80698826411687e+18
1.93101250814642e+18
2.05516315536429e+18
2.17823620096259e+18
2.30000612941146e+18
2.41958834975184e+18
2.53701761024534e+18
2.65168329346889e+18
2.7638249153003e+18
2.87304247178312e+18
2.97971778304202e+18
3.0835627860399e+18
3.18500628233791e+18
3.28382286731343e+18
3.38045022573712e+18
3.47475201463099e+18
3.56719536390886e+18
3.65758980939541e+18
3.74629957768045e+18
3.83311942661205e+18
3.91844091160531e+18
4.00211792307336e+18
4.08453514992536e+18
4.16553435256213e+18
4.24545613612523e+18
4.32411099141744e+18
4.40179312818241e+18
4.47831116748249e+18
4.55396833859366e+18
4.62859497222247e+18
4.70247450508492e+18
4.77543094310529e+18
4.84772839807402e+18
4.91918938310404e+18
4.9900588603975e+18
5.06015582416557e+18
5.12971229643312e+18
5.19855981226764e+18
5.26692625766367e+18
5.33464172924629e+18
5.40191562318986e+18
5.46857905456935e+18
5.53483024637295e+18
5.60050374323621e+18
5.66578832628183e+18
5.73052269015285e+18
5.7948869728801e+18
5.8587242817252e+18
5.92220748290682e+18
5.98518448408435e+18
6.04782012420762e+18
6.10996771248581e+18
6.17179004474867e+18
6.23314544730743e+18
6.29418483601104e+18
6.35476740962239e+18
6.41503748703698e+18
6.47485873912182e+18
6.53437005160442e+18
6.59343947815401e+18
6.65220075657516e+18
6.71052617923812e+18
6.76854459689543e+18
6.82613239441582e+18
6.88341377825631e+18
6.94026908016741e+18
6.99681808929181e+18
7.0529449409231e+18
7.10876521919411e+18
7.16416672293414e+18
7.21926102976004e+18
7.27393946612931e+18
7.32830978879883e+18
7.38226672079977e+18
7.43591437169661e+18
7.48915073540905e+18
7.54207643665621e+18
7.5945926201446e+18
7.646796577587e+18
7.69859249027759e+18
7.7500744586459e+18
7.80114959206611e+18
7.85190893193587e+18
7.90226241308279e+18
7.95229814119574e+18
8.00192877959678e+18
8.0512396131995e+18
8.10014594259249e+18
8.1487303388288e+18
8.19691065402496e+18
8.24476684482888e+18
8.29221923448944e+18
8.33934525767338e+18
8.38606763358379e+18
8.43246136071074e+18
8.4784514839852e+18
8.52411064523133e+18
8.56936614968102e+18
8.61428835615634e+18
8.65880676926381e+18
8.70298953295991e+18
8.74676829467756e+18
8.79020904643455e+18
8.83324552606436e+18
8.87594163177985e+18
8.91823314324891e+18
8.96018191844537e+18
9.00172573402268e+18
9.04292445707104e+18
9.08371781981675e+18
9.12416374389468e+18
9.16420387887827e+18
9.20389424276263e+18
9.24317836721618e+18
9.28211040516526e+18
9.32063573778807e+18
9.35880668844224e+18
9.39657045767903e+18
9.43397757224215e+18
9.47097702395643e+18
9.50761757360348e+18
9.54384997786722e+18
9.57972126041751e+18
9.6151839177456e+18
9.65028326413374e+18
9.68497351157521e+18
9.71929829171839e+18
9.75321350803152e+18
9.78676113612501e+18
9.81989874679858e+18
9.85266668672722e+18
9.88502416856597e+18
9.91700993815456e+18
9.94858482287324e+18
9.97978599779905e+18
1.00105758755043e+19
1.00409900928361e+19
1.00709926150372e+19
1.01006175769157e+19
1.01298304599931e+19
1.01586639371643e+19
1.01870849652307e+19
1.0215124800081e+19
1.02427518280711e+19
1.02699959384152e+19
1.02968268954232e+19
1.03232732774488e+19
1.03493061691641e+19
1.03749528999235e+19
1.04001858110889e+19
1.04250310508472e+19
1.04494621473747e+19
1.04735041416929e+19
1.04971316729121e+19
1.05203687545657e+19
1.05431910551623e+19
1.05656216458159e+19
1.05876371378676e+19
1.06092597496913e+19
1.06304669445171e+19
1.06512801815363e+19
1.06716776814744e+19
1.06916802408185e+19
1.07112667410552e+19
1.07304574140847e+19
1.0749231704183e+19
1.07676093775151e+19
1.07855703431061e+19
1.08031339995031e+19
1.08202806238187e+19
1.08370293430466e+19
1.08533607083002e+19
1.08692936677945e+19
1.08848089565153e+19
1.08999254320933e+19
1.09146239283534e+19
1.09289232947337e+19
1.09428043852914e+19
1.09562861168876e+19
1.09693492927014e+19
1.09820129648667e+19
1.09942578223485e+19
1.10061031111833e+19
1.10175293526575e+19
1.10285560356855e+19
1.10391634600365e+19
1.10493712761418e+19
1.10591579020837e+19
1.1068533948711e+19
1.10775049238865e+19
1.10860676841212e+19
1.1094223840753e+19
1.11019712079085e+19
1.11093124468374e+19
1.11162444019396e+19
1.11227704590329e+19
1.11288869062563e+19
1.11345977461092e+19
1.11398986374231e+19
1.11447942224925e+19
1.11492795011125e+19
1.1153359796171e+19
1.11570294066305e+19
1.11602943826864e+19
1.1163148268763e+19
1.11655979055494e+19
1.11676360122292e+19
1.1169270319898e+19
1.11704926368212e+19
1.11713117165753e+19
1.11717183592893e+19
1.11717192756766e+19
1.11713146467862e+19
1.11704974137204e+19
1.11692770988721e+19
1.11676446389607e+19
1.11656085326597e+19
1.11631607427192e+19
1.11603088544682e+19
1.11570457237346e+19
1.11533781079181e+19
1.11492996558863e+19
1.11448163682203e+19
1.11399226231615e+19
1.11346237184285e+19
1.11289147150109e+19
1.11228002494689e+19
1.11162760244149e+19
1.11093460454374e+19
1.11020066332156e+19
1.10942612342925e+19
1.10861068952691e+19
1.10775461155971e+19
1.10685769461989e+19
1.10592028666469e+19
1.10494180879373e+19
1.10392122077646e+19
1.10286066132425e+19
1.1017581857583e+19
1.10061574364555e+19
1.09943140661782e+19
1.09820710187127e+19
1.096940925532e+19
1.0956347878328e+19
1.09428680447868e+19
1.09289887410154e+19
1.09146912610125e+19
1.08999945385414e+19
1.08848799366466e+19
1.08693664079258e+19
1.08534353084186e+19
1.08371056884849e+19
1.0820358814607e+19
1.08032139200526e+19
1.07856520933532e+19
1.07676928411405e+19
1.07493169808828e+19
1.07305443869277e+19
1.07113555093407e+19
1.06917706871514e+19
1.06717699046321e+19
1.06513740638109e+19
1.06305625839779e+19
1.06093570285195e+19
1.05877361532527e+19
1.05657222799428e+19
1.05432934042449e+19
1.05204727009252e+19
1.0497237311628e+19
1.04736113553886e+19
1.04495710298309e+19
1.0425141485104e+19
1.04002978895535e+19
1.03750665061864e+19
1.0349421394124e+19
1.03233900052997e+19
1.02969452154901e+19
1.02701157356403e+19
1.02428731900587e+19
1.02152476126279e+19
1.01872093141785e+19
1.01587897091787e+19
1.01299577391122e+19
1.01007462507352e+19
1.00711227657377e+19
1.00411216090046e+19
1.00107088374168e+19
9.97992029508395e+18
9.94872053384748e+18
9.91714695349219e+18
9.88516256468485e+18
9.85280635535254e+18
9.82003976235849e+18
9.78690339148557e+18
9.75335707561693e+18
9.71944306547631e+18
9.68511956198651e+18
9.65043048624325e+18
9.61533238006912e+18
9.57987085912602e+18
9.54400077946386e+18
9.5077694753812e+18
9.47113009047654e+18
9.43413170189596e+18
9.3967257130905e+18
9.35896296910578e+18
9.3207931043929e+18
9.28226875830517e+18
9.24333776563146e+18
9.20405458813605e+18
9.16436522805267e+18
9.12432599968828e+18
9.08388103717099e+18
9.04308853985293e+18
9.00189073529596e+18
8.96034774314981e+18
8.91839984260701e+18
8.87610911181197e+18
8.83341383615247e+18
8.79037809365543e+18
8.74693812657304e+18
8.70316005766963e+18
8.65897803253777e+18
8.61446026719433e+18
8.56953875246176e+18
8.52428384999158e+18
8.4786253329176e+18
8.43263576510033e+18
8.38624263390609e+18
8.33952076624241e+18
8.29239529006841e+18
8.24494336075535e+18
8.19708766736278e+18
8.14890776393639e+18
8.10032381487722e+18
8.05141784804888e+18
8.00210741079608e+18
7.95247708511648e+18
7.90244170187732e+18
7.85208848300193e+18
7.80132943597632e+18
7.75025451378988e+18
7.6987727856908e+18
7.6469770326063e+18
7.59477326228216e+18
7.54225718626242e+18
7.48933161855505e+18
7.43609530968413e+18
7.38244773822227e+18
7.32849080789096e+18
7.27412051007516e+18
7.21944202173688e+18
7.16434768479023e+18
7.10894607506396e+18
7.05312571134656e+18
6.99699869936937e+18
6.94044954914557e+18
6.88359403210663e+18
6.8263124510628e+18
6.76872438319428e+18
6.71070571197481e+18
6.65237996358621e+18
6.59361837521152e+18
6.53454856748071e+18
6.47503688844406e+18
6.4152151992986e+18
6.35494469833702e+18
6.2943616314784e+18
6.23332176219721e+18
6.17196581069205e+18
6.11014294470599e+18
6.04799476155632e+18
5.98535854223227e+18
5.92238089690854e+18
5.85889706399257e+18
5.7950590594381e+18
5.73069409296697e+18
5.66595898207623e+18
5.600673663637e+18
5.53499936918978e+18
5.46874739043585e+18
5.4020831104836e+18
5.33480837852367e+18
5.26709200922926e+18
5.19872467843777e+18
5.12987622258059e+18
5.06031882732468e+18
4.99022088339598e+18
4.9193504345247e+18
4.84788841878154e+18
4.77558994550777e+18
4.70263243537911e+18
4.62875184503406e+18
4.55412410177745e+18
4.47846583682408e+18
4.40194665435307e+18
4.32426337997409e+18
4.24560732147028e+18
4.16568433269185e+18
4.08468387162183e+18
4.00226539859718e+18
3.91858710098137e+18
3.833264346291e+18
3.74644318770999e+18
3.65773209987662e+18
3.5673362572913e+18
3.47489148262998e+18
3.3805882066597e+18
3.28395936701838e+18
3.18514123535483e+18
3.08369614906051e+18
2.97984945569974e+18
2.87317237708025e+18
2.76395289717661e+18
2.65180922315585e+18
2.53714126170047e+18
2.41970951299294e+18
2.30012448516112e+18
2.178351435366e+18
2.05527484153245e+18
1.93112023239219e+18
1.80709152484157e+18
1.68366951118281e+18
1.5623198056291e+18
1.44363799469021e+18
1.32915383073235e+18
1.21931799087726e+18
1.11544892255938e+18
1.017601173707e+18
9.26688186981609e+17
8.42261440548965e+17
7.64833837912538e+17
6.93527875572876e+17
6.28606989473946e+17
5.68948079803049e+17
5.14761286863654e+17
4.64833501444935e+17
4.19463105567119e+17
3.77436541966747e+17
3.39219143779212e+17
3.03614106451586e+17
2.71278996190402e+17
2.41003129656767e+17
2.13647414982705e+17
1.87933681533245e+17
1.64956428460196e+17
1.43275247558131e+17
1.24280045534425e+17
1.0624104184701e+17
9.09478938294877e+16
7.61980500501973e+16
6.43682408456083e+16
5.25083560767976e+16
4.39081441957479e+16
3.44264885155928e+16
2.88386469293772e+16
2.10548745560563e+16
1.83301704760133e+16
1.15083991066849e+16
1.15656346938102e+16
4.84769080129009e+15
)
;

boundaryField
{
    electrode
    {
        type            calculated;
        value           uniform 4.84799968919472e+15;
    }
    ground
    {
        type            calculated;
        value           uniform 4.84769080129009e+15;
    }
    otherfaces
    {
        type            empty;
    }
}


// ************************************************************************* //
