/*--------------------------------*- C++ -*----------------------------------*\
| =========                 |                                                 |
| \\      /  F ield         | foam-extend: Open Source CFD                    |
|  \\    /   O peration     | Version:     4.1                                |
|   \\  /    A nd           | Web:         http://www.foam-extend.org         |
|    \\/     M anipulation  |                                                 |
\*---------------------------------------------------------------------------*/
FoamFile
{
    version     2.0;
    format      ascii;
    class       volScalarField;
    location    "1.50099999934947e-05";
    object      powerDissipatedMean;
}
// * * * * * * * * * * * * * * * * * * * * * * * * * * * * * * * * * * * * * //

dimensions      [1 2 -3 0 0 0 0];

internalField   nonuniform List<scalar> 
500
(
0.000886134396803563
0.000414065788073714
0.000624862117573357
0.000510910037917061
0.000545866467834941
0.00051959775958482
0.000530769132484557
0.000518947290170264
0.000521891930651782
0.000515084167782702
0.000514367882039819
0.000509248754925316
0.000506370628725884
0.000501334611079385
0.000496614269380111
0.000490964436766108
0.000484513799796072
0.000477822907489672
0.000469621502655604
0.000461589558508456
0.000451927927375897
0.00044333145877525
0.000433699277392869
0.000425260979922421
0.000415871773547757
0.000407807584578371
0.000398834110016727
0.000391130664064962
0.000382497375554288
0.000375035458076069
0.000366702296611987
0.000359478351233393
0.000351427134782735
0.000344394145171931
0.000336601512362582
0.000329717003479372
0.000322116554790785
0.000315291733144715
0.000307799435593107
0.000300940444730955
0.000293489936470626
0.000286552461686883
0.000279132077011393
0.000272139628377012
0.000264800456359499
0.000257839471022651
0.000250674580237052
0.000243856566414727
0.000236964452093367
0.000230405940188229
0.000223885086020314
0.00021768774900424
0.000211606099899457
0.000205828243655403
0.000200212930248027
0.000194878136249536
0.00018973239962116
0.000184845926601177
0.000180164970098228
0.000175715836801533
0.00017146469087699
0.000167413378471208
0.000163552743172832
0.000159866355396148
0.000156359690374829
0.000153003305114605
0.000149814554402815
0.00014675319797848
0.000143844469805081
0.000141041946152662
0.000138379137976891
0.000135805299064557
0.000133359642979411
0.000130988154529603
0.000128734485956417
0.000126542479725533
0.00012445941923757
0.00012242771283885
0.000120496887472065
0.000118608180575742
0.00011681304969192
0.000115052373924899
0.000113378990619834
0.00011173368602252
0.000110170165801484
0.000108629370014212
0.000107165470814915
0.000105719764227025
0.000104346554371995
0.000102987629966754
0.000101697093894974
0.000100417368158739
9.92024083616368e-05
9.79956366926996e-05
9.68505257943846e-05
9.57112418083337e-05
9.46305721165607e-05
9.35536433950139e-05
9.25325332586201e-05
9.1513396392882e-05
9.05475026031043e-05
8.9582073884271e-05
8.86674983645884e-05
8.77520954367702e-05
8.6885316191801e-05
8.60165991530342e-05
8.5194418444891e-05
8.43693458178821e-05
8.35888503870784e-05
8.28046438510807e-05
8.2063171719047e-05
8.13172861115135e-05
8.06123982719399e-05
7.99024960485115e-05
7.92319524618654e-05
7.85558821732238e-05
7.79176214684613e-05
7.72733992636257e-05
7.66655209182683e-05
7.60513140799434e-05
7.54720626228668e-05
7.48861751386242e-05
7.43339263824495e-05
7.377478629239e-05
7.32480351749662e-05
7.27141833587328e-05
7.22115331626227e-05
7.1701613372035e-05
7.12217661167008e-05
7.07345160410268e-05
7.0276263858052e-05
6.98105070899045e-05
6.9372724458317e-05
6.89273632909653e-05
6.85090001323367e-05
6.8083009118556e-05
6.7683084580266e-05
6.72755047402763e-05
6.6893101609263e-05
6.65030351841064e-05
6.61372948340635e-05
6.57639005678557e-05
6.5414018402311e-05
6.50565072366523e-05
6.47217285259211e-05
6.43793596839468e-05
6.40589758030202e-05
6.37310532688394e-05
6.34243983127493e-05
6.31102676118466e-05
6.2816715278934e-05
6.25157605344371e-05
6.22347213030219e-05
6.19463625566924e-05
6.16772810800781e-05
6.14009718093385e-05
6.11433245644654e-05
6.08785494725813e-05
6.06318425951083e-05
6.03781154540522e-05
6.0141882628505e-05
5.98987443627967e-05
5.96725450801802e-05
5.9439562079639e-05
5.92229800064812e-05
5.89997426054652e-05
5.87923841067031e-05
5.85785051100274e-05
5.83799978497705e-05
5.8175111234276e-05
5.798510294285e-05
5.77888626136627e-05
5.76070197101586e-05
5.74190979010196e-05
5.72451040529334e-05
5.70651905457669e-05
5.68987462715477e-05
5.67265475751692e-05
5.65673689264157e-05
5.64026070310792e-05
5.62504249541178e-05
5.60928372512896e-05
5.59473973251805e-05
5.57967354471841e-05
5.56577962586962e-05
5.55138248358383e-05
5.53811572837603e-05
5.52436534023735e-05
5.51170401343724e-05
5.49857927372262e-05
5.48650275825005e-05
5.47398369171264e-05
5.46247243416432e-05
5.45054013662203e-05
5.43957559277822e-05
5.42821218356414e-05
5.41777677096754e-05
5.40696534162149e-05
5.39704239592519e-05
5.38676696425347e-05
5.37734069129088e-05
5.36758615941562e-05
5.35864159884326e-05
5.34939371074263e-05
5.34091669695093e-05
5.33216199972774e-05
5.32413912232233e-05
5.31586493094247e-05
5.30828350897192e-05
5.30047787174226e-05
5.29332591701433e-05
5.28597759042319e-05
5.27924379012406e-05
5.27234220935643e-05
5.26601590201051e-05
5.25955117984826e-05
5.25362238785573e-05
5.24758537131497e-05
5.24204485372872e-05
5.23642711633758e-05
5.23126634145675e-05
5.22606030126816e-05
5.22127179194272e-05
5.21647115461033e-05
5.21204779022225e-05
5.20762771139805e-05
5.20352906668651e-05
5.19950797001539e-05
5.19580271925283e-05
5.19218037334182e-05
5.18880833676836e-05
5.18556131224601e-05
5.18252535390693e-05
5.17964699008836e-05
5.17693936962238e-05
5.17442823230512e-05
5.17204704779781e-05
5.16990036545507e-05
5.16784222088907e-05
5.16605717384768e-05
5.1643189643629e-05
5.16289305135226e-05
5.16147199473884e-05
5.1604029029284e-05
5.15929639028043e-05
5.15858155499906e-05
5.15778674543664e-05
5.15742431454221e-05
5.15693259135044e-05
5.15684152350433e-05
5.15684591510875e-05
5.15694035424256e-05
5.15744043680728e-05
5.15780972601181e-05
5.15861088149708e-05
5.15933263175543e-05
5.16044538723151e-05
5.16152145202739e-05
5.16294868557055e-05
5.1643816396872e-05
5.16612596928018e-05
5.16791813206712e-05
5.16998234386682e-05
5.17213622054939e-05
5.17452342426951e-05
5.17704184084943e-05
5.17975544143135e-05
5.18264118466248e-05
5.18568313089082e-05
5.18893757160156e-05
5.19231536157454e-05
5.19594523558284e-05
5.19965630586586e-05
5.20368487041673e-05
5.20778959661266e-05
5.21221757006289e-05
5.21664675638355e-05
5.22145524444734e-05
5.22624953383519e-05
5.2314635306313e-05
5.23663005901285e-05
5.2422558534427e-05
5.24780209475157e-05
5.25384726868753e-05
5.25978176021122e-05
5.26625474988638e-05
5.27258673596164e-05
5.27949668663718e-05
5.2862361432569e-05
5.29359294995452e-05
5.30075054101948e-05
5.30856476761099e-05
5.31615180977281e-05
5.32443470315648e-05
5.3324631852803e-05
5.34122669784247e-05
5.3497093038867e-05
5.35896612384771e-05
5.36791626671425e-05
5.37767984825129e-05
5.3871116953474e-05
5.39739629691705e-05
5.4073248134012e-05
5.41814553614298e-05
5.42858651628859e-05
5.43995934380023e-05
5.450929456509e-05
5.46287129961978e-05
5.4743881293693e-05
5.48691687042327e-05
5.49899896302412e-05
5.51213350842616e-05
5.52480042144884e-05
5.53856074957721e-05
5.5518331036234e-05
5.56624032380062e-05
5.58013985839301e-05
5.59521626541338e-05
5.60976589499e-05
5.62553502964754e-05
5.64075889982032e-05
5.65724560270261e-05
5.67316916040386e-05
5.69039969633016e-05
5.70704985142367e-05
5.72505202536957e-05
5.74245717789243e-05
5.76126034279428e-05
5.77945044486637e-05
5.79908562647666e-05
5.81809231732058e-05
5.83859229782501e-05
5.85844894152718e-05
5.87984833460571e-05
5.90059016284768e-05
5.92292557559885e-05
5.94458982897759e-05
5.9678999875212e-05
5.99052603692386e-05
6.01485191389388e-05
6.03848139913428e-05
6.0638663612482e-05
6.0885433420006e-05
6.11503330679454e-05
6.14080442525429e-05
6.16844802396878e-05
6.1953626754872e-05
6.2242114454736e-05
6.25232199243544e-05
6.28243059821058e-05
6.31179259162295e-05
6.34321904460255e-05
6.37389145028187e-05
6.4066973479179e-05
6.43874280783764e-05
6.47299361198491e-05
6.50647873492872e-05
6.54224406389293e-05
6.57723972705876e-05
6.61459367052603e-05
6.65117536263978e-05
6.69019684637304e-05
6.72844505273294e-05
6.76921822742712e-05
6.80921883355161e-05
6.85183349477249e-05
6.89367824555496e-05
6.93823031987679e-05
6.98201733454065e-05
7.02860940079564e-05
7.0744437207591e-05
7.1231855802727e-05
7.1711797916494e-05
7.22218912542812e-05
7.27246406163902e-05
7.3258671459244e-05
7.37855264988183e-05
7.4344851553518e-05
7.48972095148799e-05
7.54832884810772e-05
7.60626550336788e-05
7.66770604536237e-05
7.72850603896245e-05
7.79294889415191e-05
7.85678785279141e-05
7.92441638230157e-05
7.9914844524868e-05
8.06249713119851e-05
8.13300053711404e-05
8.20761259827665e-05
8.28177544377565e-05
8.36022075382062e-05
8.4382870675778e-05
8.52082028563676e-05
8.60305642446929e-05
8.68995554180256e-05
8.77665297952208e-05
8.86822227486146e-05
8.95970092544169e-05
9.05627456625276e-05
9.15288686630126e-05
9.25483336384512e-05
9.35696940010037e-05
9.46469736804555e-05
9.57279166373988e-05
9.68675762592618e-05
9.80129856211867e-05
9.9220160687716e-05
0.000100435448594684
0.000101715611106469
0.0001030065124081
0.000104365915846482
0.000105739533073888
0.000107185761291678
0.000108650112236847
0.000110191479294185
0.000111755504482777
0.000113401438933791
0.000115075388390303
0.000116836759207222
0.000118632522780291
0.000120521996866943
0.000122453532181706
0.000124486093975296
0.00012656996160844
0.000128762934781766
0.000131017526620557
0.000133390101156984
0.000135836798547185
0.000138411857756083
0.000141075856115933
0.000143879772669906
0.000146789873433419
0.000149852824562827
0.000153043157829342
0.000156401370346331
0.000159909849204085
0.000163598320372481
0.00016746104697228
0.000171514776165033
0.000175768376224972
0.000180220347152336
0.000184904201300525
0.000189794000424103
0.000194943107063057
0.000200281740177721
0.000205900976294186
0.00021168336097708
0.000217769672869719
0.000223972335581482
0.000230498635169145
0.000237063326742969
0.000243961696155075
0.000250786730122818
0.000257958627247331
0.000264927365207444
0.000272274095393523
0.000279274696547156
0.0002867026850584
0.000293648057943459
0.000301105490121588
0.000307971353554048
0.000315469085392117
0.000322298872618984
0.000329902410042579
0.000336789259894282
0.000344582298585251
0.000351615069302941
0.0003596644366029
0.000366886135236098
0.000375215714532189
0.000382674145766695
0.00039130311690434
0.000399002923314525
0.000407972125581595
0.000416033291580574
0.000425418652031312
0.000433854497975353
0.000443483882051499
0.000452078526292322
0.000461738158699284
0.00046976764907812
0.000477966360510831
0.000484655092964734
0.000491103510787017
0.000496751451502899
0.000501470524315932
0.000506504833609102
0.000509383675239159
0.000514501866532484
0.000515219613179813
0.000522026764001708
0.000519084977701516
0.000530906078677085
0.000519740150898445
0.000546005475578445
0.00051106042061967
0.000624992752418493
0.000414242855671125
0.000886255774662387
)
;

boundaryField
{
    electrode
    {
        type            calculated;
        value           uniform 0.000886134396803563;
    }
    ground
    {
        type            calculated;
        value           uniform 0.000886255774662387;
    }
    otherfaces
    {
        type            empty;
    }
}


// ************************************************************************* //
