/*--------------------------------*- C++ -*----------------------------------*\
| =========                 |                                                 |
| \\      /  F ield         | foam-extend: Open Source CFD                    |
|  \\    /   O peration     | Version:     4.1                                |
|   \\  /    A nd           | Web:         http://www.foam-extend.org         |
|    \\/     M anipulation  |                                                 |
\*---------------------------------------------------------------------------*/
FoamFile
{
    version     2.0;
    format      ascii;
    class       volScalarField;
    location    "1.50099999934947e-05";
    object      powerDissipatedElectronMean;
}
// * * * * * * * * * * * * * * * * * * * * * * * * * * * * * * * * * * * * * //

dimensions      [1 -1 -3 0 0 0 0];

internalField   nonuniform List<scalar> 
500
(
-93742828.9124148
-317119932.218885
-199119368.010586
-243149316.518157
-212867272.155915
-212860896.386757
-194265579.729684
-186909331.584141
-172313513.677247
-162348417.816444
-149478720.439722
-138630539.303574
-126810316.440548
-115915060.335129
-105025963.623409
-94508048.3307928
-84554970.1241797
-74653739.0127673
-65695186.9498048
-56642927.21054
-48595029.8523018
-40028288.8435318
-32180547.2475383
-23792092.6960387
-16095976.5663194
-7846176.62816474
-307859.316552166
7697990.76745568
14946801.5754201
22543966.7939949
29340275.1134175
36359411.8956356
42531266.7037323
48790964.5704926
54157549.2152052
59479625.0598932
63878127.1240744
68116857.2725387
71438198.0070365
74521392.4404805
76745222.2028471
78702746.2024675
79909138.8810224
80866850.1998638
81215044.5716636
81362851.4938833
81047989.9926605
80585241.9139111
79789697.9340658
78902187.3325486
77800418.7060171
76657045.7756431
75387791.4336687
74103355.5101853
72744760.423571
71397938.5595881
70038290.728954
68716548.4179466
67408614.6617216
66132733.5393534
64876962.3189602
63652846.8097866
62463202.4436476
61310130.0765341
60202216.0882946
59130440.1602232
58103486.6149884
57104168.0430434
56147196.3587653
55214125.4032084
54323416.4158702
53453384.9375128
52624929.4548688
51814407.0463454
51044220.6943059
50288066.2815833
49569276.3316081
48861552.8969396
48190381.1161717
47528514.0984535
46901734.7841013
46282195.746605
45696184.260902
45115583.9604425
44567025.4482894
44022304.4847291
43508187.1689387
42996506.6157271
42514115.4795732
42032934.5136926
41579426.5331879
41125770.5043267
40698861.9267762
40271566.2838616
39870291.4750168
39467949.6331087
39090529.9659846
38711361.6408757
38356083.9634647
37998487.9678305
37663817.2583673
37326349.4234018
37010897.0039917
36692243.0014539
36394741.9742033
36093696.6331927
35812984.4011646
35528438.1616532
35263444.8950393
34994374.0222066
34744113.1468391
34489571.0675409
34253130.8996033
34012240.7972271
33788777.433201
33560725.9246051
33349457.1350068
33133488.7180417
32933688.4599945
32729100.4621974
32540093.925352
32346232.022274
32167391.262527
31983645.4692605
31814385.4765043
31640186.5485405
31479961.7520856
31314778.0041757
31163079.1665934
31006413.5582053
30862764.8289947
30714152.1498413
30578108.2846972
30437112.623083
30308256.5972611
30174469.1581263
30052410.0255688
29925447.1366927
29809818.0978302
29689319.4071979
29579776.0469308
29465402.8618803
29361621.5040895
29253055.2391349
29154731.4591908
29051672.2496836
28958519.5076961
28860684.9146971
28772433.3079354
28679557.1459674
28595952.2694813
28507783.5152557
28428585.3859384
28344887.179846
28269869.3018981
28190418.0433353
28119366.5039341
28043950.9890567
27976663.6310881
27905084.264651
27841369.8998999
27773437.9281218
27713115.6573925
27648652.5713057
27591551.1742995
27530388.1049511
27476345.4948436
27418322.6631479
27367185.321717
27312151.5387417
27263774.0671812
27211586.253591
27165830.8113287
27116353.3265321
27073089.0393227
27026193.410868
26985296.2645254
26940860.8637491
26902213.1633617
26860122.6928811
26823612.8255498
26783758.3604015
26749280.7337272
26711559.2160687
26679013.5627527
26643327.2833395
26612618.3672938
26578874.7476976
26549912.1683127
26518023.5492217
26490721.5178096
26460604.9189867
26434882.031106
26406458.9483704
26382237.9853861
26355434.1552265
26332641.9002923
26307387.1248787
26285954.1585179
26262182.1266649
26242042.6700988
26219690.7609458
26200782.5123466
26179791.6505504
26162055.621683
26142370.1023527
26125750.4826615
26107317.8265471
26091761.8430834
26074532.6741231
26059990.4915535
26043918.4152864
26030343.0410972
26015384.5754535
26002731.7912779
25988846.3299414
25977074.7771067
25964224.7706254
25953296.1842283
25941447.3350186
25931326.8820955
25920448.8757612
25911106.4695989
25901175.0212906
25892582.7558796
25883489.3885454
25875517.269882
25867334.7411945
25860170.0145902
25852909.4453359
25846365.9490833
25839922.0355088
25834008.2673649
25828366.6594145
25823054.0411584
25818208.8780057
25813491.4410988
25809432.8631104
25805297.4005257
25802014.8239221
25798449.0047611
25795932.8749252
25792925.4306853
25791166.5839896
25788706.5547807
25787694.0041595
25785768.7038614
25785494.4521025
25784061.9090847
25784122.1732796
25784147.9158452
25784112.0797276
25785593.9813471
25785910.0822373
25787874.6754439
25788929.3474191
25791428.143091
25793229.3844558
25796275.2499255
25798834.0935915
25802438.0293863
25805763.6671242
25809936.9562412
25814038.9579166
25818793.9509139
25823682.926633
25829032.8689248
25834718.7437028
25840669.8026687
25847158.0610437
25853738.0866338
25861043.5159436
25868244.6046091
25876472.085855
25884481.6577014
25893621.6463191
25902250.2249578
25912228.0586801
25921606.502682
25932531.34756
25942687.6230568
25954583.7388155
25965547.9221398
25978445.6185406
25990252.5616231
26004186.1406501
26016874.0959803
26031881.1075518
26045491.4321505
26061612.4763034
26076189.3951466
26093467.9655655
26109058.476014
26127540.9704974
26144194.9132342
26163930.7086805
26181700.8596297
26202742.4358943
26221684.6078376
26244087.674129
26264260.8608566
26288084.499953
26309551.0147165
26334857.8433236
26357683.47522
26384539.816783
26408793.9825128
26437270.0370822
26463025.9591957
26493195.9874587
26520530.892408
26552473.4063671
26581468.7041182
26615266.6917863
26646008.1863474
26681749.3156471
26714327.4204895
26752104.2797639
26786614.2451434
26826524.5563507
26863066.6678584
26905213.4982874
26943893.3594401
26988385.6470709
27029314.8892533
27076267.9458044
27119564.278456
27169099.7402025
27214887.1942359
27267133.5501182
27315543.0195498
27370635.9294982
27421805.2789387
27479887.8345864
27533962.480733
27595185.8887085
27652319.3748291
27716843.4408709
27777197.8905937
27845191.5078967
27908938.1583487
27980579.8563143
28047899.6465505
28123378.2172355
28194462.3878658
28273977.4773318
28349028.2187878
28432791.0451736
28512022.3093964
28600256.540735
28683894.9170435
28776837.4845156
28865123.0021358
28963024.9652374
29056212.0835488
29159339.6920502
29257698.4004588
29366334.1783825
29470151.0928966
29584594.9659911
29694174.5866801
29814745.2299662
29930411.3518385
30057447.5821986
30179544.7384101
30313407.0056539
30442302.1060321
30583374.219595
30719458.3887541
30868149.3327552
31011839.7681735
31168585.5899088
31320327.6851394
31485593.7853702
31645863.6178812
31820147.2609828
31989454.293643
32173287.3885954
32352177.4459039
32546129.5266044
32735187.9333514
32939869.2877492
33139724.2995298
33355789.5923498
33567116.4208323
33795268.7684927
34018793.9136708
34259789.2381217
34496295.3393733
34750947.4580728
35001278.9227983
35270465.2225676
35535534.3898761
35820202.1717293
36100996.4241508
36402170.2341014
36699760.144458
37018550.1896621
37334099.0442998
37671711.3647446
38006487.2151219
38364237.4615097
38719630.300205
39098963.7599403
39476509.5404833
39879028.2677746
40280441.2054722
40707927.0578864
41134988.3410832
41588851.478587
42042530.755475
42523939.2692702
43006521.702486
43518450.1378912
44032780.1450711
44577773.0056179
45126569.9803165
45707470.6235119
46293750.3050562
46913621.3893711
47540701.2777032
48202935.5552085
48874445.7582182
49582580.0997264
50301756.9530149
51058377.198151
51829006.3328938
52640051.8807271
53469007.8898641
54339628.8604841
55230911.8529166
56164657.3340692
57122292.9980601
58122385.854596
59150105.8196355
60222766.8597439
61331556.8027486
62485639.3608857
63676299.1641817
64901593.52964
66158562.3391435
67435831.1053451
68745177.9333116
70068539.6616585
71429823.6514077
72778516.6907422
74139029.8589702
75425686.6656081
76697221.2952049
77843199.0449586
78947627.6996093
79838157.334566
80636750.131963
81102917.8674178
81421178.7061744
81277126.3637053
80932568.8426203
79978762.2172496
78775966.7323501
76822141.3841588
74601472.6440026
71521350.4832171
68202294.2484142
63965534.120704
59567978.5210608
54246382.0730297
48879216.9584961
42618532.0582929
36444782.0001574
29423463.4215964
22624228.43541
15024106.5836392
7771861.34951624
-237144.086056056
-7778977.26682946
-16031716.2555357
-23731216.2207095
-32122395.2249241
-39973052.5308669
-48542252.995342
-56592706.0547745
-65647778.9102585
-74609268.5222782
-84513187.6005614
-94468970.7174838
-104989451.402411
-115880791.420661
-126778517.964961
-138599969.438343
-149450228.427382
-162320776.588158
-172287757.831829
-186883687.091384
-194241873.465781
-212835985.406949
-212845557.280319
-243123359.282227
-199104772.721274
-317083556.903889
-93735723.7826938
)
;

boundaryField
{
    electrode
    {
        type            calculated;
        value           uniform -277918182.584069;
    }
    ground
    {
        type            calculated;
        value           uniform -277893422.705422;
    }
    otherfaces
    {
        type            empty;
    }
}


// ************************************************************************* //
