/*--------------------------------*- C++ -*----------------------------------*\
| =========                 |                                                 |
| \\      /  F ield         | foam-extend: Open Source CFD                    |
|  \\    /   O peration     | Version:     4.1                                |
|   \\  /    A nd           | Web:         http://www.foam-extend.org         |
|    \\/     M anipulation  |                                                 |
\*---------------------------------------------------------------------------*/
FoamFile
{
    version     2.0;
    format      ascii;
    class       volVectorField;
    location    "1.50099999934947e-05";
    object      totalElectronFlux;
}
// * * * * * * * * * * * * * * * * * * * * * * * * * * * * * * * * * * * * * //

dimensions      [0 -2 0 0 0 1 0];

internalField   nonuniform List<vector> 
500
(
(883.746701163067 0 0)
(3634.87747575231 0 0)
(2179.07519037968 0 0)
(3012.09033676596 0 0)
(2770.20310381405 0 0)
(3019.46518898222 0 0)
(2929.43792087029 0 0)
(3100.30652229465 0 0)
(3078.99273036082 0 0)
(3263.96869740305 0 0)
(3304.80074912462 0 0)
(3409.98291279366 0 0)
(3360.78692317856 0 0)
(3545.96343220761 0 0)
(3811.65971091687 0 0)
(4074.04192899107 0 0)
(3826.59221062148 0 0)
(3566.23533267248 0 0)
(3737.26848302361 0 0)
(4560.27501820298 0 0)
(5004.33722312183 0 0)
(4564.75582318034 0 0)
(3596.26354216747 0 0)
(3528.19484382857 0 0)
(4580.48019070545 0 0)
(5752.77911600406 0 0)
(5587.89612720086 0 0)
(4339.16820963871 0 0)
(3293.16035110918 0 0)
(3803.52838175743 0 0)
(5213.75210927791 0 0)
(6114.9000740087 0 0)
(5529.86671249192 0 0)
(4219.96916608385 0 0)
(3487.32815968905 0 0)
(4132.44806374496 0 0)
(5318.33492806231 0 0)
(5899.58297791194 0 0)
(5314.59382632193 0 0)
(4295.561146544 0 0)
(3812.46219259756 0 0)
(4300.31950121025 0 0)
(5109.52458414427 0 0)
(5424.38342338178 0 0)
(4943.35571080357 0 0)
(4225.95688749618 0 0)
(3932.55785081873 0 0)
(4300.81329492352 0 0)
(4856.78618409212 0 0)
(5067.61392957203 0 0)
(4754.83868340663 0 0)
(4296.50584691688 0 0)
(4116.96494185144 0 0)
(4356.65073961517 0 0)
(4709.51376777637 0 0)
(4819.50472087834 0 0)
(4574.93343141619 0 0)
(4234.71982196479 0 0)
(4116.17596014062 0 0)
(4333.94061583911 0 0)
(4668.2577598558 0 0)
(4813.40117852032 0 0)
(4628.6259146955 0 0)
(4276.38584434254 0 0)
(4048.51852194005 0 0)
(4126.99842477181 0 0)
(4427.2157976485 0 0)
(4692.39697063434 0 0)
(4710.20011365966 0 0)
(4482.42912202438 0 0)
(4199.4193895123 0 0)
(4080.79482418722 0 0)
(4197.12161943727 0 0)
(4436.55820176028 0 0)
(4603.82174238819 0 0)
(4578.01693566503 0 0)
(4393.26095558015 0 0)
(4195.79750060973 0 0)
(4125.06467936917 0 0)
(4215.48873083584 0 0)
(4385.22892770751 0 0)
(4504.89719479701 0 0)
(4498.62890784878 0 0)
(4381.42894377855 0 0)
(4244.30015446626 0 0)
(4174.84592199017 0 0)
(4208.17179330493 0 0)
(4305.71887820105 0 0)
(4396.1593410925 0 0)
(4420.1472273691 0 0)
(4372.00442856682 0 0)
(4287.41413006703 0 0)
(4221.404211193 0 0)
(4206.07528801052 0 0)
(4241.27384930546 0 0)
(4295.19229892139 0 0)
(4333.74656863599 0 0)
(4334.5109291118 0 0)
(4303.82209994723 0 0)
(4261.06367762316 0 0)
(4231.31262535432 0 0)
(4225.48754218764 0 0)
(4241.49010030649 0 0)
(4263.75358848358 0 0)
(4278.9739680193 0 0)
(4277.20951867578 0 0)
(4262.82671046195 0 0)
(4242.29699677978 0 0)
(4227.36203978901 0 0)
(4221.0797299328 0 0)
(4224.665790921 0 0)
(4231.07718904975 0 0)
(4236.48886852729 0 0)
(4235.5792461446 0 0)
(4230.10257285883 0 0)
(4221.0733078364 0 0)
(4213.16085450357 0 0)
(4207.26028680228 0 0)
(4204.92149151638 0 0)
(4203.91501909547 0 0)
(4203.74617053723 0 0)
(4202.151476628 0 0)
(4199.7442881531 0 0)
(4195.85076499575 0 0)
(4191.9809452505 0 0)
(4187.74841350364 0 0)
(4184.26765750844 0 0)
(4180.67155870832 0 0)
(4177.67954524888 0 0)
(4174.41161344236 0 0)
(4171.57533357477 0 0)
(4168.5228137166 0 0)
(4165.8253603289 0 0)
(4162.8606654139 0 0)
(4160.01891346723 0 0)
(4156.74881447066 0 0)
(4153.50782355875 0 0)
(4149.94521793129 0 0)
(4146.57290121183 0 0)
(4143.14501917622 0 0)
(4140.00914175024 0 0)
(4136.93611638069 0 0)
(4134.0126224277 0 0)
(4131.07592508795 0 0)
(4128.04099680397 0 0)
(4124.94745106387 0 0)
(4121.66257221822 0 0)
(4118.44622482516 0 0)
(4115.05920320392 0 0)
(4111.87702229886 0 0)
(4108.51920471051 0 0)
(4105.44332816609 0 0)
(4102.12387713783 0 0)
(4099.12629465116 0 0)
(4095.7934154692 0 0)
(4092.79509342627 0 0)
(4089.38507750638 0 0)
(4086.3745167118 0 0)
(4082.91796530832 0 0)
(4079.93289015658 0 0)
(4076.43668995596 0 0)
(4073.46385877024 0 0)
(4069.92539343598 0 0)
(4066.98642584945 0 0)
(4063.42699590521 0 0)
(4060.52174007019 0 0)
(4056.91785805532 0 0)
(4054.02878371914 0 0)
(4050.38809038678 0 0)
(4047.5331660363 0 0)
(4043.85736820501 0 0)
(4041.01723655822 0 0)
(4037.28770070049 0 0)
(4034.46739744661 0 0)
(4030.71021225154 0 0)
(4027.92806328607 0 0)
(4024.13360012573 0 0)
(4021.36302649803 0 0)
(4017.51938769393 0 0)
(4014.77561232406 0 0)
(4010.9084243061 0 0)
(4008.19770841115 0 0)
(4004.28662051862 0 0)
(4001.58533032084 0 0)
(3997.63111842727 0 0)
(3994.96285040535 0 0)
(3990.98675559871 0 0)
(3988.34588689963 0 0)
(3984.32275421309 0 0)
(3981.69099751597 0 0)
(3977.6327934985 0 0)
(3975.03660536841 0 0)
(3970.95802216242 0 0)
(3968.38177515601 0 0)
(3964.25766630876 0 0)
(3961.69016548547 0 0)
(3957.53963583519 0 0)
(3955.00670289156 0 0)
(3950.83827807864 0 0)
(3948.3188537635 0 0)
(3944.10804268143 0 0)
(3941.59706277088 0 0)
(3937.36714571287 0 0)
(3934.88893741922 0 0)
(3930.64295671305 0 0)
(3928.17303000097 0 0)
(3923.8899623895 0 0)
(3921.42645241328 0 0)
(3917.1322483411 0 0)
(3914.69660491092 0 0)
(3910.39334638818 0 0)
(3907.95861987377 0 0)
(3903.62695614132 0 0)
(3901.19268728965 0 0)
(3896.86002291422 0 0)
(3894.44633554701 0 0)
(3890.1122262707 0 0)
(3887.69356968545 0 0)
(3883.33844835451 0 0)
(3880.91368737521 0 0)
(3876.56417235353 0 0)
(3874.15587407597 0 0)
(3869.81492604641 0 0)
(3867.398324362 0 0)
(3863.0461170472 0 0)
(3860.61490391996 0 0)
(3856.27568496672 0 0)
(3853.85071525314 0 0)
(3849.53028652985 0 0)
(3847.09008605678 0 0)
(3842.76805118745 0 0)
(3840.30209441103 0 0)
(3836.00070444386 0 0)
(3833.53221040619 0 0)
(3829.26833229123 0 0)
(3826.78206807875 0 0)
(3822.53635164814 0 0)
(3820.01363823262 0 0)
(3815.79322382952 0 0)
(3813.25185460509 0 0)
(3809.06937089729 0 0)
(3806.50317529845 0 0)
(3802.34923220579 0 0)
(3799.74242353167 0 0)
(3795.63430375147 0 0)
(3793.00764220072 0 0)
(3788.96457746149 0 0)
(3786.31079077726 0 0)
(3782.29329295876 0 0)
(3779.46288518736 0 0)
(3775.71048452805 0 0)
(3772.71046225833 0 0)
(3769.02096385001 0 0)
(3766.02552131827 0 0)
(3762.41807573156 0 0)
(3759.41493250183 0 0)
(3755.83886527992 0 0)
(3752.77336747389 0 0)
(3749.18906596442 0 0)
(3746.06336472275 0 0)
(3742.50032010302 0 0)
(3739.38535508895 0 0)
(3735.917279415 0 0)
(3732.86111448099 0 0)
(3729.46613414829 0 0)
(3726.39492444497 0 0)
(3722.95502822302 0 0)
(3719.77323328158 0 0)
(3716.268124141 0 0)
(3713.07108592065 0 0)
(3709.66109350929 0 0)
(3706.61884155615 0 0)
(3703.35944609204 0 0)
(3700.3754041453 0 0)
(3697.04574946904 0 0)
(3693.88797250848 0 0)
(3690.38313065578 0 0)
(3687.16493955455 0 0)
(3683.76339124677 0 0)
(3680.79939011789 0 0)
(3677.64527612168 0 0)
(3674.8081406119 0 0)
(3671.53688838474 0 0)
(3668.43019006843 0 0)
(3664.85475069855 0 0)
(3661.65898538867 0 0)
(3658.25489560446 0 0)
(3655.48467398023 0 0)
(3652.47165279186 0 0)
(3649.87373137069 0 0)
(3646.61948511547 0 0)
(3643.54706608744 0 0)
(3639.79978874486 0 0)
(3636.621282215 0 0)
(3633.18945119234 0 0)
(3630.69695235204 0 0)
(3627.82996630611 0 0)
(3625.52705022434 0 0)
(3622.24272245262 0 0)
(3619.26465288336 0 0)
(3615.38720079045 0 0)
(3612.4025010727 0 0)
(3609.02414981263 0 0)
(3606.83566775624 0 0)
(3603.90992361581 0 0)
(3601.63635213364 0 0)
(3598.05847819184 0 0)
(3595.16635786993 0 0)
(3591.37537320826 0 0)
(3588.99507639168 0 0)
(3585.97685535561 0 0)
(3584.19962758944 0 0)
(3581.04724831593 0 0)
(3578.60679744241 0 0)
(3574.65192459235 0 0)
(3572.00747952373 0 0)
(3568.49079399773 0 0)
(3566.72793175928 0 0)
(3563.73588711143 0 0)
(3561.89067222838 0 0)
(3558.22982741976 0 0)
(3555.86500684976 0 0)
(3552.19393082305 0 0)
(3550.45053776555 0 0)
(3547.31862420009 0 0)
(3545.60784854109 0 0)
(3541.83638410958 0 0)
(3539.56882118047 0 0)
(3535.90320840728 0 0)
(3534.6548037883 0 0)
(3532.00570150702 0 0)
(3530.87430258251 0 0)
(3526.99063726814 0 0)
(3524.26126730292 0 0)
(3519.79777613027 0 0)
(3518.45166240195 0 0)
(3516.37584264399 0 0)
(3516.57463493787 0 0)
(3513.56460664922 0 0)
(3510.88469185717 0 0)
(3505.33311764214 0 0)
(3502.92530964347 0 0)
(3500.53317114696 0 0)
(3501.81639056099 0 0)
(3500.30436560703 0 0)
(3498.6301381972 0 0)
(3492.64798607355 0 0)
(3489.02605396257 0 0)
(3485.61439873458 0 0)
(3487.19380805142 0 0)
(3486.95712174846 0 0)
(3486.64160753462 0 0)
(3480.95507720988 0 0)
(3476.62608255588 0 0)
(3472.30260141241 0 0)
(3473.77595623909 0 0)
(3474.32621299611 0 0)
(3474.99939578167 0 0)
(3469.72502767513 0 0)
(3465.09578021076 0 0)
(3460.39462312644 0 0)
(3461.85451416949 0 0)
(3462.8396478316 0 0)
(3463.79695168601 0 0)
(3458.63289809334 0 0)
(3454.01041886466 0 0)
(3449.81745630261 0 0)
(3451.83444723111 0 0)
(3453.18663586075 0 0)
(3453.71974930097 0 0)
(3448.31185263528 0 0)
(3444.00191006767 0 0)
(3441.13517218749 0 0)
(3443.90304768599 0 0)
(3445.01301569416 0 0)
(3444.1137290249 0 0)
(3438.33823745883 0 0)
(3435.06777632751 0 0)
(3434.41137692109 0 0)
(3437.70732633543 0 0)
(3437.72762002425 0 0)
(3434.93963795893 0 0)
(3429.72079832622 0 0)
(3428.62005129715 0 0)
(3430.23037567262 0 0)
(3432.5932002033 0 0)
(3430.51622738257 0 0)
(3426.55369985803 0 0)
(3423.85516836035 0 0)
(3425.47928621917 0 0)
(3427.8200053212 0 0)
(3427.315777506 0 0)
(3423.68237469943 0 0)
(3420.96515149283 0 0)
(3422.18265389387 0 0)
(3424.65663127441 0 0)
(3425.05936447533 0 0)
(3421.77111789826 0 0)
(3419.89355196501 0 0)
(3420.56384730773 0 0)
(3423.83139523677 0 0)
(3423.49994963382 0 0)
(3421.82192554078 0 0)
(3419.48839142862 0 0)
(3422.09925393319 0 0)
(3423.77503227272 0 0)
(3424.94973719209 0 0)
(3421.82654443577 0 0)
(3422.65608473846 0 0)
(3423.83212011739 0 0)
(3427.73032265086 0 0)
(3426.02954952895 0 0)
(3426.35574309773 0 0)
(3425.71003917975 0 0)
(3430.63835183378 0 0)
(3430.76859084932 0 0)
(3432.32486195689 0 0)
(3430.36076040489 0 0)
(3435.14973538478 0 0)
(3436.3127760766 0 0)
(3439.83654282521 0 0)
(3437.59557271562 0 0)
(3442.05592623547 0 0)
(3443.44016986837 0 0)
(3448.88044549041 0 0)
(3447.18450546526 0 0)
(3451.6761770985 0 0)
(3452.83670847926 0 0)
(3459.71740729964 0 0)
(3458.88151262796 0 0)
(3463.82404576758 0 0)
(3464.66619589399 0 0)
(3472.35855168034 0 0)
(3472.09254302562 0 0)
(3477.39080854284 0 0)
(3477.64542017326 0 0)
(3485.17173544807 0 0)
(3484.36977766318 0 0)
(3488.77668436769 0 0)
(3487.01246927683 0 0)
(3492.00003072933 0 0)
(3487.68960482476 0 0)
(3487.47596129139 0 0)
(3479.32529811714 0 0)
(3475.83907517127 0 0)
(3460.73768984852 0 0)
(3446.86623124136 0 0)
(3421.71923241208 0 0)
(3396.54281514942 0 0)
(3355.19200283623 0 0)
(3309.40059409185 0 0)
(3246.59287141332 0 0)
(3175.90198985789 0 0)
(3082.57929929856 0 0)
(2977.26994956986 0 0)
(2848.89610849792 0 0)
(2705.21977735002 0 0)
(2536.35082502318 0 0)
(2353.61437275745 0 0)
(2151.00718129286 0 0)
(1937.65593475662 0 0)
(1712.62971107887 0 0)
(1488.81656545966 0 0)
(1266.25250986589 0 0)
(1054.6205802109 0 0)
(857.798281266884 0 0)
(683.035687756496 0 0)
(529.495165218592 0 0)
(401.270964073846 0 0)
(297.073808533456 0 0)
(214.34210637839 0 0)
(150.560971843693 0 0)
(104.478075815144 0 0)
(70.4344784300236 0 0)
(45.8405543008961 0 0)
(29.7904619120444 0 0)
(18.9167738123398 0 0)
(11.5064016916846 0 0)
(7.55734530341758 0 0)
(4.36334639075244 0 0)
(1.84793771840875 0 0)
(1.39432645225794 0 0)
(1.13546438088426 0 0)
(0.554478631545861 0 0)
(0.241835948636047 0 0)
(-0.114559333906036 0 0)
(0.0656245184253309 0 0)
(0.186957574335392 0 0)
(-0.124365386973885 0 0)
(0.0515608542336863 0 0)
(0.0714272197459606 0 0)
(-0.0699585000045144 0 0)
(0.0151427767633164 0 0)
(0.0138430858049212 0 0)
(-0.00991484901614099 0 0)
(-0.0110454555601128 0 0)
(0.0127933702547936 0 0)
(-0.00257929902412723 0 0)
(-0.00154660341881294 0 0)
(-4.0112289734013e-05 0 0)
)
;

boundaryField
{
    electrode
    {
        type            calculated;
        value           uniform (2831.97849274512 0 0);
    }
    ground
    {
        type            calculated;
        value           uniform (-0.0009324275043414 0 0);
    }
    otherfaces
    {
        type            empty;
    }
}


// ************************************************************************* //
