/*--------------------------------*- C++ -*----------------------------------*\
| =========                 |                                                 |
| \\      /  F ield         | foam-extend: Open Source CFD                    |
|  \\    /   O peration     | Version:     4.1                                |
|   \\  /    A nd           | Web:         http://www.foam-extend.org         |
|    \\/     M anipulation  |                                                 |
\*---------------------------------------------------------------------------*/
FoamFile
{
    version     2.0;
    format      ascii;
    class       volVectorField;
    location    "3.00005000349568e-06";
    object      Flux_Ar2p;
}
// * * * * * * * * * * * * * * * * * * * * * * * * * * * * * * * * * * * * * //

dimensions      [0 -2 -1 0 0 0 0];

internalField   nonuniform List<vector> 
500
(
(-1.887013631033e+20 -0 -0)
(-1.91377318240555e+20 -0 -0)
(-1.90313515397271e+20 -0 -0)
(-1.90830786138158e+20 -0 -0)
(-1.90071461114161e+20 -0 -0)
(-1.90170488552382e+20 -0 -0)
(-1.89205449574199e+20 -0 -0)
(-1.89740315996536e+20 -0 -0)
(-1.89351747501733e+20 -0 -0)
(-1.8930667063585e+20 -0 -0)
(-1.88964590974542e+20 -0 -0)
(-1.88817890272409e+20 -0 -0)
(-1.88125141913823e+20 -0 -0)
(-1.87999775607656e+20 -0 -0)
(-1.87960199498301e+20 -0 -0)
(-1.87695038514281e+20 -0 -0)
(-1.87368450212606e+20 -0 -0)
(-1.86808539342625e+20 -0 -0)
(-1.86335694109621e+20 -0 -0)
(-1.86371373023531e+20 -0 -0)
(-1.85974066946206e+20 -0 -0)
(-1.85481653006044e+20 -0 -0)
(-1.84467814463317e+20 -0 -0)
(-1.84684116872483e+20 -0 -0)
(-1.84253049693111e+20 -0 -0)
(-1.83553933200084e+20 -0 -0)
(-1.82558893276094e+20 -0 -0)
(-1.82634331295271e+20 -0 -0)
(-1.82102288538822e+20 -0 -0)
(-1.81223091209666e+20 -0 -0)
(-1.80096063994617e+20 -0 -0)
(-1.80239898179427e+20 -0 -0)
(-1.79580490207452e+20 -0 -0)
(-1.78536034043615e+20 -0 -0)
(-1.77301686329855e+20 -0 -0)
(-1.77459141872632e+20 -0 -0)
(-1.76812813988646e+20 -0 -0)
(-1.75685798299086e+20 -0 -0)
(-1.74397591896554e+20 -0 -0)
(-1.74285467483944e+20 -0 -0)
(-1.73835776268116e+20 -0 -0)
(-1.72846066742378e+20 -0 -0)
(-1.71545100426842e+20 -0 -0)
(-1.70620398377151e+20 -0 -0)
(-1.70484545803354e+20 -0 -0)
(-1.69874433408476e+20 -0 -0)
(-1.68916851541469e+20 -0 -0)
(-1.67631289955591e+20 -0 -0)
(-1.66557490186982e+20 -0 -0)
(-1.66338000106448e+20 -0 -0)
(-1.65770761890426e+20 -0 -0)
(-1.64989550119099e+20 -0 -0)
(-1.63989298003307e+20 -0 -0)
(-1.62743443262846e+20 -0 -0)
(-1.61889351770857e+20 -0 -0)
(-1.61461310584625e+20 -0 -0)
(-1.60823929728633e+20 -0 -0)
(-1.60050866412528e+20 -0 -0)
(-1.59159234170753e+20 -0 -0)
(-1.58151790548594e+20 -0 -0)
(-1.56976665690405e+20 -0 -0)
(-1.56345447131854e+20 -0 -0)
(-1.55720725016753e+20 -0 -0)
(-1.54981920719161e+20 -0 -0)
(-1.54156899459346e+20 -0 -0)
(-1.53259194887926e+20 -0 -0)
(-1.52299561805948e+20 -0 -0)
(-1.512779407055e+20 -0 -0)
(-1.50165120251128e+20 -0 -0)
(-1.496913684527e+20 -0 -0)
(-1.48977931717391e+20 -0 -0)
(-1.48126962671347e+20 -0 -0)
(-1.47216765771223e+20 -0 -0)
(-1.46263645795352e+20 -0 -0)
(-1.45271849856405e+20 -0 -0)
(-1.44247099719771e+20 -0 -0)
(-1.43184346550071e+20 -0 -0)
(-1.42231344817312e+20 -0 -0)
(-1.41642723678697e+20 -0 -0)
(-1.40921580158441e+20 -0 -0)
(-1.40082172424529e+20 -0 -0)
(-1.39125358353586e+20 -0 -0)
(-1.38088920306684e+20 -0 -0)
(-1.37021921340476e+20 -0 -0)
(-1.35939224356928e+20 -0 -0)
(-1.34840204143808e+20 -0 -0)
(-1.33712516324649e+20 -0 -0)
(-1.32852034463605e+20 -0 -0)
(-1.32107947200481e+20 -0 -0)
(-1.31287404906104e+20 -0 -0)
(-1.30403706451838e+20 -0 -0)
(-1.2946247529227e+20 -0 -0)
(-1.2846642178993e+20 -0 -0)
(-1.27413761831101e+20 -0 -0)
(-1.26297850609003e+20 -0 -0)
(-1.25128113730315e+20 -0 -0)
(-1.23933368525467e+20 -0 -0)
(-1.22791616711141e+20 -0 -0)
(-1.21936525868982e+20 -0 -0)
(-1.21022260260604e+20 -0 -0)
(-1.20063233858602e+20 -0 -0)
(-1.19065598499732e+20 -0 -0)
(-1.18033737398878e+20 -0 -0)
(-1.1697109664409e+20 -0 -0)
(-1.15880623857167e+20 -0 -0)
(-1.14764624101711e+20 -0 -0)
(-1.13625102893658e+20 -0 -0)
(-1.12458472107341e+20 -0 -0)
(-1.11321006715073e+20 -0 -0)
(-1.10343282765705e+20 -0 -0)
(-1.09299121538718e+20 -0 -0)
(-1.08204347701841e+20 -0 -0)
(-1.07081554855331e+20 -0 -0)
(-1.05941096255055e+20 -0 -0)
(-1.04783450267329e+20 -0 -0)
(-1.03610251913228e+20 -0 -0)
(-1.02423484011213e+20 -0 -0)
(-1.01224655298885e+20 -0 -0)
(-1.000119332302e+20 -0 -0)
(-9.88250811573363e+19 -0 -0)
(-9.77181380051313e+19 -0 -0)
(-9.65861048813046e+19 -0 -0)
(-9.54325815885333e+19 -0 -0)
(-9.42594978596538e+19 -0 -0)
(-9.30680979408039e+19 -0 -0)
(-9.18590668574985e+19 -0 -0)
(-9.06324552751475e+19 -0 -0)
(-8.93869808704485e+19 -0 -0)
(-8.81184164514811e+19 -0 -0)
(-8.68282327036118e+19 -0 -0)
(-8.55228528964905e+19 -0 -0)
(-8.42082124254862e+19 -0 -0)
(-8.28943926718578e+19 -0 -0)
(-8.1580991765079e+19 -0 -0)
(-8.02678787909926e+19 -0 -0)
(-7.89549546241022e+19 -0 -0)
(-7.7642187037421e+19 -0 -0)
(-7.63295531658438e+19 -0 -0)
(-7.50170139899743e+19 -0 -0)
(-7.37052104311263e+19 -0 -0)
(-7.23962984356147e+19 -0 -0)
(-7.10312218130222e+19 -0 -0)
(-6.966499124262e+19 -0 -0)
(-6.83042874456862e+19 -0 -0)
(-6.69482761822484e+19 -0 -0)
(-6.55962654666064e+19 -0 -0)
(-6.42475920276187e+19 -0 -0)
(-6.29014470360943e+19 -0 -0)
(-6.15567982449671e+19 -0 -0)
(-6.0211353705404e+19 -0 -0)
(-5.88625021264513e+19 -0 -0)
(-5.75127901500343e+19 -0 -0)
(-5.61683546857459e+19 -0 -0)
(-5.48313151430449e+19 -0 -0)
(-5.35007953051591e+19 -0 -0)
(-5.21763639006066e+19 -0 -0)
(-5.08577023754191e+19 -0 -0)
(-4.95445057142112e+19 -0 -0)
(-4.82365048876576e+19 -0 -0)
(-4.69333937822328e+19 -0 -0)
(-4.56349157801372e+19 -0 -0)
(-4.43408421653325e+19 -0 -0)
(-4.3050913274255e+19 -0 -0)
(-4.17649365061436e+19 -0 -0)
(-4.04826997888985e+19 -0 -0)
(-3.92039696898475e+19 -0 -0)
(-3.79285614728516e+19 -0 -0)
(-3.66562907639198e+19 -0 -0)
(-3.53869431802618e+19 -0 -0)
(-3.41202933727882e+19 -0 -0)
(-3.28560937587513e+19 -0 -0)
(-3.15940747887284e+19 -0 -0)
(-3.03338704972441e+19 -0 -0)
(-2.90745237847858e+19 -0 -0)
(-2.78148917299995e+19 -0 -0)
(-2.65559340133575e+19 -0 -0)
(-2.53001843403588e+19 -0 -0)
(-2.40485340349422e+19 -0 -0)
(-2.28006319981407e+19 -0 -0)
(-2.15563174253751e+19 -0 -0)
(-2.03154650879243e+19 -0 -0)
(-1.90779602995471e+19 -0 -0)
(-1.78436875171398e+19 -0 -0)
(-1.6612527028467e+19 -0 -0)
(-1.53843875164161e+19 -0 -0)
(-1.41591640738918e+19 -0 -0)
(-1.29367733874263e+19 -0 -0)
(-1.17171277818776e+19 -0 -0)
(-1.05001258736474e+19 -0 -0)
(-9.28570705400349e+18 -0 -0)
(-8.07379644367368e+18 -0 -0)
(-6.86432298118835e+18 -0 -0)
(-5.65722751887431e+18 -0 -0)
(-4.45243704100993e+18 -0 -0)
(-3.24990669216092e+18 -0 -0)
(-2.04955567091557e+18 -0 -0)
(-8.51331162929571e+17 -0 -0)
(3.4477272925047e+17 -0 -0)
(1.53292623312317e+18 -0 -0)
(2.71178884580712e+18 -0 -0)
(3.88178138253498e+18 -0 -0)
(5.0433753417582e+18 -0 -0)
(6.19687077671474e+18 -0 -0)
(7.34249096414895e+18 -0 -0)
(8.48040754013371e+18 -0 -0)
(9.61085108420024e+18 -0 -0)
(1.07340511121994e+19 -0 -0)
(1.1850171418296e+19 -0 -0)
(1.29593666295947e+19 -0 -0)
(1.40618017911948e+19 -0 -0)
(1.51576169527158e+19 -0 -0)
(1.62469487947578e+19 -0 -0)
(1.73299388772204e+19 -0 -0)
(1.84067115673835e+19 -0 -0)
(1.94773776857531e+19 -0 -0)
(2.05420415764719e+19 -0 -0)
(2.16007652440765e+19 -0 -0)
(2.26536488100468e+19 -0 -0)
(2.37007418119343e+19 -0 -0)
(2.47420086842752e+19 -0 -0)
(2.57771698401831e+19 -0 -0)
(2.68060488460685e+19 -0 -0)
(2.7829370925984e+19 -0 -0)
(2.88480919343728e+19 -0 -0)
(2.98624105372772e+19 -0 -0)
(3.08722740152434e+19 -0 -0)
(3.18778467410052e+19 -0 -0)
(3.28791675941644e+19 -0 -0)
(3.38761865924945e+19 -0 -0)
(3.4869064528114e+19 -0 -0)
(3.58578449781455e+19 -0 -0)
(3.68424787315486e+19 -0 -0)
(3.78230909983229e+19 -0 -0)
(3.87997428180079e+19 -0 -0)
(3.97724495504556e+19 -0 -0)
(4.07412907753359e+19 -0 -0)
(4.17062569895188e+19 -0 -0)
(4.26673468441931e+19 -0 -0)
(4.36246460393624e+19 -0 -0)
(4.45782377276142e+19 -0 -0)
(4.55281233275303e+19 -0 -0)
(4.64742982604068e+19 -0 -0)
(4.74168017080956e+19 -0 -0)
(4.83556520642184e+19 -0 -0)
(4.92908864732472e+19 -0 -0)
(5.02225916055039e+19 -0 -0)
(5.11507695388262e+19 -0 -0)
(5.20754228527763e+19 -0 -0)
(5.29968126344159e+19 -0 -0)
(5.39145807834524e+19 -0 -0)
(5.48286018804376e+19 -0 -0)
(5.57394670670202e+19 -0 -0)
(5.66470064365992e+19 -0 -0)
(5.75510558333764e+19 -0 -0)
(5.84517506181413e+19 -0 -0)
(5.93491600058152e+19 -0 -0)
(6.02432921558518e+19 -0 -0)
(6.11340607070976e+19 -0 -0)
(6.2021544841056e+19 -0 -0)
(6.29057812581264e+19 -0 -0)
(6.3786758506696e+19 -0 -0)
(6.46645092918025e+19 -0 -0)
(6.55390890315631e+19 -0 -0)
(6.64104431441978e+19 -0 -0)
(6.72785729168634e+19 -0 -0)
(6.81435436998133e+19 -0 -0)
(6.90053123005918e+19 -0 -0)
(6.98639198416805e+19 -0 -0)
(7.07194646924006e+19 -0 -0)
(7.15718700627812e+19 -0 -0)
(7.24211243093195e+19 -0 -0)
(7.32673140966971e+19 -0 -0)
(7.41103834205062e+19 -0 -0)
(7.49503540660546e+19 -0 -0)
(7.57873048795757e+19 -0 -0)
(7.66211717230484e+19 -0 -0)
(7.74519612471964e+19 -0 -0)
(7.82797302688209e+19 -0 -0)
(7.91044711018594e+19 -0 -0)
(7.99268154502451e+19 -0 -0)
(8.07313424677089e+19 -0 -0)
(8.15098361860753e+19 -0 -0)
(8.2284913653433e+19 -0 -0)
(8.30564786662138e+19 -0 -0)
(8.38244865035704e+19 -0 -0)
(8.45889264908508e+19 -0 -0)
(8.53497636650963e+19 -0 -0)
(8.61069756522316e+19 -0 -0)
(8.68605132916753e+19 -0 -0)
(8.7610411290501e+19 -0 -0)
(8.83566645341448e+19 -0 -0)
(8.9099240546017e+19 -0 -0)
(8.98381616098481e+19 -0 -0)
(9.05733927530804e+19 -0 -0)
(9.13049392303031e+19 -0 -0)
(9.20328077843322e+19 -0 -0)
(9.27570127295457e+19 -0 -0)
(9.34775404334477e+19 -0 -0)
(9.4194396006458e+19 -0 -0)
(9.49076249557133e+19 -0 -0)
(9.56172183110887e+19 -0 -0)
(9.6323289886494e+19 -0 -0)
(9.70254843994965e+19 -0 -0)
(9.77163494195503e+19 -0 -0)
(9.84039032291352e+19 -0 -0)
(9.908813440653e+19 -0 -0)
(9.97689668367371e+19 -0 -0)
(1.00446329388042e+20 -0 -0)
(1.01120122324051e+20 -0 -0)
(1.01790246181187e+20 -0 -0)
(1.02456627998147e+20 -0 -0)
(1.03119164086077e+20 -0 -0)
(1.03777757285114e+20 -0 -0)
(1.04432320007501e+20 -0 -0)
(1.05082735180838e+20 -0 -0)
(1.0572892692084e+20 -0 -0)
(1.06370766507214e+20 -0 -0)
(1.07008158869337e+20 -0 -0)
(1.07640981509176e+20 -0 -0)
(1.08269121533482e+20 -0 -0)
(1.08892447026731e+20 -0 -0)
(1.09510856044089e+20 -0 -0)
(1.10124187360372e+20 -0 -0)
(1.10732352344215e+20 -0 -0)
(1.11335342612039e+20 -0 -0)
(1.11932480818143e+20 -0 -0)
(1.12522163322232e+20 -0 -0)
(1.13178614602688e+20 -0 -0)
(1.13835057490347e+20 -0 -0)
(1.1448654163938e+20 -0 -0)
(1.15133078375531e+20 -0 -0)
(1.15774646520255e+20 -0 -0)
(1.16411217306844e+20 -0 -0)
(1.1704271075458e+20 -0 -0)
(1.17668996989042e+20 -0 -0)
(1.18289979786267e+20 -0 -0)
(1.18905572582313e+20 -0 -0)
(1.19515628601304e+20 -0 -0)
(1.20119997759005e+20 -0 -0)
(1.20718552821149e+20 -0 -0)
(1.21311135446643e+20 -0 -0)
(1.21897578354336e+20 -0 -0)
(1.22477708430606e+20 -0 -0)
(1.23051328323254e+20 -0 -0)
(1.23618266123649e+20 -0 -0)
(1.24178297112596e+20 -0 -0)
(1.24731155754661e+20 -0 -0)
(1.25276697984878e+20 -0 -0)
(1.25815043144888e+20 -0 -0)
(1.26344672460911e+20 -0 -0)
(1.2688110733717e+20 -0 -0)
(1.27548786401215e+20 -0 -0)
(1.28209078339359e+20 -0 -0)
(1.28863015251936e+20 -0 -0)
(1.29510897139411e+20 -0 -0)
(1.30152817946546e+20 -0 -0)
(1.30788846936907e+20 -0 -0)
(1.31418989990998e+20 -0 -0)
(1.32043358102098e+20 -0 -0)
(1.32662663186522e+20 -0 -0)
(1.33277387365313e+20 -0 -0)
(1.33886320824193e+20 -0 -0)
(1.34487754435701e+20 -0 -0)
(1.35081039115954e+20 -0 -0)
(1.35665882053569e+20 -0 -0)
(1.36241912229989e+20 -0 -0)
(1.3680872907128e+20 -0 -0)
(1.37365921846199e+20 -0 -0)
(1.37912988546308e+20 -0 -0)
(1.38449685354183e+20 -0 -0)
(1.38975917932282e+20 -0 -0)
(1.39485979174243e+20 -0 -0)
(1.40158653489461e+20 -0 -0)
(1.40894260217129e+20 -0 -0)
(1.4161808623874e+20 -0 -0)
(1.42331029395729e+20 -0 -0)
(1.43033107458767e+20 -0 -0)
(1.43723905333366e+20 -0 -0)
(1.44402669754618e+20 -0 -0)
(1.45068227236525e+20 -0 -0)
(1.45718169054629e+20 -0 -0)
(1.46349461417439e+20 -0 -0)
(1.46962977199891e+20 -0 -0)
(1.47562330798924e+20 -0 -0)
(1.48148248482591e+20 -0 -0)
(1.48719254987303e+20 -0 -0)
(1.49273786214725e+20 -0 -0)
(1.49810596674266e+20 -0 -0)
(1.50329276402056e+20 -0 -0)
(1.50822157401402e+20 -0 -0)
(1.51443689448662e+20 -0 -0)
(1.52235813711097e+20 -0 -0)
(1.52989641644177e+20 -0 -0)
(1.5371512478642e+20 -0 -0)
(1.54422600799863e+20 -0 -0)
(1.55114313174099e+20 -0 -0)
(1.55788847022459e+20 -0 -0)
(1.56444748181222e+20 -0 -0)
(1.57080164038929e+20 -0 -0)
(1.57692890022132e+20 -0 -0)
(1.58280025210339e+20 -0 -0)
(1.58837135363163e+20 -0 -0)
(1.59352742848352e+20 -0 -0)
(1.59820151900396e+20 -0 -0)
(1.60252221827362e+20 -0 -0)
(1.60645946318727e+20 -0 -0)
(1.6136109966216e+20 -0 -0)
(1.62165955190351e+20 -0 -0)
(1.62936843267187e+20 -0 -0)
(1.63676142573344e+20 -0 -0)
(1.64382565026007e+20 -0 -0)
(1.65052260354707e+20 -0 -0)
(1.65674227536988e+20 -0 -0)
(1.66231476886069e+20 -0 -0)
(1.66730182550357e+20 -0 -0)
(1.67193283240681e+20 -0 -0)
(1.67626569895788e+20 -0 -0)
(1.68027914931472e+20 -0 -0)
(1.68382849215026e+20 -0 -0)
(1.68941311366594e+20 -0 -0)
(1.69803295700706e+20 -0 -0)
(1.70591369326436e+20 -0 -0)
(1.71291765999488e+20 -0 -0)
(1.71896494289278e+20 -0 -0)
(1.72435858633589e+20 -0 -0)
(1.7293480703836e+20 -0 -0)
(1.73394173774565e+20 -0 -0)
(1.73807406215982e+20 -0 -0)
(1.74169990556957e+20 -0 -0)
(1.7446577050035e+20 -0 -0)
(1.74886462012173e+20 -0 -0)
(1.75724823161415e+20 -0 -0)
(1.76399958407335e+20 -0 -0)
(1.76988009880493e+20 -0 -0)
(1.77520807292746e+20 -0 -0)
(1.77996109120516e+20 -0 -0)
(1.78404386332864e+20 -0 -0)
(1.78734658144828e+20 -0 -0)
(1.7896109830044e+20 -0 -0)
(1.78999335980144e+20 -0 -0)
(1.79793256461863e+20 -0 -0)
(1.8044896656673e+20 -0 -0)
(1.81012837194885e+20 -0 -0)
(1.81484523861446e+20 -0 -0)
(1.81852692100188e+20 -0 -0)
(1.82051014950174e+20 -0 -0)
(1.82010312029632e+20 -0 -0)
(1.82123295906597e+20 -0 -0)
(1.82875039403924e+20 -0 -0)
(1.83466699211102e+20 -0 -0)
(1.839151906431e+20 -0 -0)
(1.84100229735944e+20 -0 -0)
(1.84020548886547e+20 -0 -0)
(1.83681553622833e+20 -0 -0)
(1.84340098227421e+20 -0 -0)
(1.84992155534518e+20 -0 -0)
(1.85312043345842e+20 -0 -0)
(1.85246767650282e+20 -0 -0)
(1.84986436352993e+20 -0 -0)
(1.84902860820121e+20 -0 -0)
(1.85705357246978e+20 -0 -0)
(1.85980388506466e+20 -0 -0)
(1.85849985189225e+20 -0 -0)
(1.85565188467688e+20 -0 -0)
(1.85597439337507e+20 -0 -0)
(1.86227731963161e+20 -0 -0)
(1.86247866726894e+20 -0 -0)
(1.86133497605046e+20 -0 -0)
(1.85693667660468e+20 -0 -0)
(1.86333301697906e+20 -0 -0)
(1.86520657195254e+20 -0 -0)
(1.8654540541962e+20 -0 -0)
(1.86321096066755e+20 -0 -0)
(1.86490370293052e+20 -0 -0)
(1.86848358926389e+20 -0 -0)
(1.87000621987943e+20 -0 -0)
(1.8698938742033e+20 -0 -0)
(1.86688873116082e+20 -0 -0)
(1.87335483759841e+20 -0 -0)
(1.87529727844279e+20 -0 -0)
(1.87711104464369e+20 -0 -0)
(1.87531784629248e+20 -0 -0)
(1.87740245051299e+20 -0 -0)
(1.88165028321081e+20 -0 -0)
(1.88405625058188e+20 -0 -0)
(1.8862780307694e+20 -0 -0)
(1.88664660440224e+20 -0 -0)
(1.88479987710957e+20 -0 -0)
(1.89148585234192e+20 -0 -0)
(1.89290209756612e+20 -0 -0)
(1.89647424844951e+20 -0 -0)
(1.89717155970588e+20 -0 -0)
(1.90145715272122e+20 -0 -0)
(1.89658002412976e+20 -0 -0)
(1.90322230430008e+20 -0 -0)
(1.90237394458621e+20 -0 -0)
(1.91019950263426e+20 -0 -0)
(1.90529232427448e+20 -0 -0)
(1.91621344403078e+20 -0 -0)
(1.88969742660654e+20 -0 -0)
)
;

boundaryField
{
    electrode
    {
        type            calculated;
        value           uniform (-1.91141216395059e+20 -0 -0);
    }
    ground
    {
        type            calculated;
        value           uniform (1.91419892790102e+20 -0 -0);
    }
    otherfaces
    {
        type            empty;
    }
}


// ************************************************************************* //
