/*--------------------------------*- C++ -*----------------------------------*\
| =========                 |                                                 |
| \\      /  F ield         | foam-extend: Open Source CFD                    |
|  \\    /   O peration     | Version:     4.1                                |
|   \\  /    A nd           | Web:         http://www.foam-extend.org         |
|    \\/     M anipulation  |                                                 |
\*---------------------------------------------------------------------------*/
FoamFile
{
    version     2.0;
    format      ascii;
    class       volScalarField;
    location    "2.50010000204314e-05";
    object      eCollisionFrequencyMean;
}
// * * * * * * * * * * * * * * * * * * * * * * * * * * * * * * * * * * * * * //

dimensions      [0 0 -1 0 0 0 0];

internalField   nonuniform List<scalar> 
500
(
12474047302.3723
12165957414.9541
12058016149.0177
11957079350.792
11924441686.0172
11985688481.2991
12085294464.7472
12181169545.2077
12261231039.4146
12326495095.4894
12380885490.8779
12427522930.5047
12468435427.1103
12504726161.288
12537100237.2328
12566070380.0945
12592027187.2195
12615337216.3817
12636347305.1365
12655348787.8741
12672586746.6972
12688275094.7726
12702611971.2228
12715762490.5634
12727866756.8988
12739043087.6599
12749392897.9295
12759001444.4792
12767940348.4194
12776272503.7558
12784055706.3427
12791342477.2873
12798173014.1596
12804582432.5267
12810600948.4561
12816253782.3857
12821564204.5975
12826557128.7092
12831253317.8274
12835671655.2377
12839829756.0495
12843743815.5375
12847433461.5884
12850917772.4392
12854209354.6117
12857318470.2464
12860255701.4524
12863031170.1556
12865654056.0666
12868132676.9339
12870474816.5977
12872687987.8904
12874777787.1297
12876750429.836
12878612137.4283
12880369529.4812
12882027877.2483
12883591325.291
12885064694.8989
12886452468.2782
12887759117.7735
12888988831.5924
12890145872.3798
12891234617.7425
12892257666.6279
12893217840.1575
12894118140.2415
12894960834.0801
12895747126.7978
12896479541.9211
12897160584.9394
12897792564.0838
12898377740.8942
12898918218.8165
12899416047.7795
12899873138.0056
12900291342.4858
12900672401.4983
12901018014.2932
12901329762.5905
12901609191.5236
12901857743.8333
12902076829.6577
12902267773.1378
12902431850.2911
12902570265.0256
12902684176.2105
12902774669.0538
12902842791.3058
12902889530.9009
12902915842.742
12902922630.6085
12902910768.4285
12902881089.0808
12902834394.0025
12902771456.8017
12902693004.7102
12902599750.7286
12902492374.0571
12902371530.6059
12902237841.9159
12902091919.1506
12901934334.3392
12901765650.3052
12901586390.4625
12901397082.8711
12901198215.4926
12900990273.6781
12900773698.8745
12900548939.384
12900316410.9745
12900076535.0386
12899829691.204
12899576266.9343
12899316608.2015
12899051076.4212
12898779994.8799
12898503699.3509
12898222488.2987
12897936666.0173
12897646507.8195
12897352300.0717
12897054290.8925
12896752745.9187
12896447889.8966
12896139964.9752
12895829168.7099
12895515715.6638
12895199748.0728
12894881199.4619
12894560117.6063
12894236860.5847
12893911613.7163
12893584911.0502
12893257170.5734
12892928573.9865
12892599264.8918
12892269413.5394
12891939154.8112
12891608644.2427
12891278008.8961
12890947396.6808
12890616924.3649
12890286732.6529
12889956928.9718
12889627645.7611
12889298983.0798
12888971064.1997
12888643982.7181
12888317855.388
12887992769.5456
12887668836.3528
12887346134.9425
12887024771.6392
12886704818.1662
12886386374.4104
12886069508.9694
12885754316.0987
12885440860.7479
12885129231.3643
12884819487.8397
12884511713.938
12884205963.4282
12883902316.3306
12883600824.4169
12883301562.1128
12883004577.6469
12882709942.2973
12882417699.8395
12882127917.1247
12881840637.5569
12881555923.4912
12881273813.7026
12880994370.4107
12880717627.4314
12880443641.1934
12880172447.6794
12879904099.2464
12879638627.3693
12879376083.3396
12879116495.857
12878859914.0263
12878606365.2288
12878355894.8596
12878108528.7581
12877864310.2835
12877623263.4861
12877385428.9269
12877150828.8265
12876919502.5134
12876691470.6819
12876466768.428
12876245416.7646
12876027463.0069
12875812937.6657
12875601857.9054
12875394227.9026
12875190078.4955
12874989447.6767
12874792408.8444
12874598797.7437
12874408606.0114
12874222052.8682
12874039162.6817
12873859900.1347
12873684290.5853
12873512347.0407
12873344105.8193
12873179576.479
12873018766.153
12872861682.5006
12872708346.2154
12872558766.1996
12872412963.4114
12872270946.6157
12872132733.0199
12871998332.2154
12871867761.3623
12871741027.6887
12871618147.3868
12871499127.7748
12871383985.7268
12871272735.0405
12871165397.3572
12871061942.1125
12870962361.7196
12870866679.2313
12870774754.0824
12870686776.4892
12870602923.9147
12870523032.9924
12870447126.1666
12870375188.47
12870307202.3955
12870243176.8526
12870183126.3553
12870127055.461
12870074972.4324
12870026879.489
12869982783.1196
12869942684.7668
12869906590.1546
12869874500.4119
12869846419.6907
12869822348.8486
12869802291.3101
12869786247.0608
12869774217.3042
12869766253.9562
12869762298.6191
12869762322.1826
12869766324.497
12869774335.3214
12869786412.3865
12869802503.7612
12869822608.325
12869846726.2244
12869874854.1868
12869906991.0034
12869943132.8232
12869983278.2404
12870027422.0275
12870075562.2356
12870127692.7198
12870183810.4809
12870243908.2636
12870307981.1973
12870376014.4387
12870447999.2415
12870523953.6117
12870603891.8761
12870687791.9432
12870775816.9531
12870867789.4318
12870963519.2096
12871063147.0469
12871166649.7155
12871274034.6607
12871385332.8718
12871500522.8004
12871619589.5722
12871742517.3212
12871869298.723
12871999917.0062
12872134365.4992
12872272626.7518
12872414691.2599
12872560541.6201
12872710169.2249
12872863553.2371
12873020684.9592
12873181543.2722
12873346120.3692
12873514409.4641
12873686400.6145
12873862058.08
12874041368.8573
12874224306.9418
12874410908.0735
12874601148.0113
12874794807.3225
12874991894.2615
12875192573.3733
12875396771.0296
12875604449.2557
12875815577.3237
12876030151.1538
12876248153.3037
12876469553.4823
12876694304.2615
12876922384.4587
12877153759.4878
12877388408.2658
12877626291.5838
12877867386.9454
12878111654.3661
12878359069.1614
12878609588.6286
12878863186.0473
12879119817.0727
12879379453.5188
12879642046.4521
12879907567.5463
12880175965.2271
12880447208.2494
12880721243.6162
12880998035.8366
12881277528.637
12881559687.761
12881844451.4651
12882131780.7965
12882421612.9552
12882713905.2276
12883008590.4804
12883305624.4589
12883604936.4357
12883906478.4714
12884210175.7866
12884515976.0854
12884823800.2944
12885133593.988
12885445273.5031
12885758779.2062
12886074022.6442
12886390938.5757
12886709432.4801
12887029436.4885
12887350850.5604
12887673602.5739
12887997586.6864
12888322723.3539
12888648901.352
12888976033.9284
12889304003.7255
12889632717.6553
12889962052.3471
12890291906.7796
12890622149.9398
12890952673.8888
12891283337.1091
12891614024.1824
12891944586.3748
12892274896.6151
12892604799.7043
12892934160.5007
12893262809.2144
12893590601.6846
12893917355.7946
12894242655.8441
12894565965.5159
12894887100.3972
12895205702.7335
12895521722.7559
12895835228.8578
12896146078.0417
12896454056.5918
12896758965.1349
12897060563.0069
12897358625.7866
12897652886.5009
12897943098.1286
12898228973.0779
12898510238.2612
12898786587.2361
12899057721.9298
12899323307.6674
12899583019.9198
12899836498.2662
12900083395.8567
12900323326.1284
12900555908.2259
12900780722.6201
12900997350.6197
12901205347.0865
12901404269.3581
12901593631.1076
12901772944.9263
12901941683.5544
12902099323.6509
12902245301.3914
12902379044.9654
12902499943.5322
12902607375.6804
12902700684.4248
12902779191.3305
12902842185.0602
12902888934.7818
12902918669.5743
12902930588.2959
12902923854.8525
12902897599.6108
12902850915.8914
12902782849.9373
12902692413.6941
12902578560.3825
12902440201.3883
12902276181.6418
12902085295.3301
12901866267.0956
12901617771.015
12901338399.6299
12901026707.4885
12900681155.8677
12900300155.269
12899882007.8426
12899424976.2339
12898927206.4613
12898386787.5954
12897801668.5059
12897169748.7908
12896488769.3378
12895756414.1453
12894970183.1463
12894127552.325
12893227317.2042
12892267204.5758
12891244218.1193
12890155537.4606
12888998564.4611
12887768926.2333
12886462359.4502
12885074651.5142
12883601349.0993
12882037970.8285
12880379693.7848
12878622455.4062
12876760821.8431
12874788245.6502
12872698522.1028
12870485475.2102
12868143473.3574
12865664959.4362
12863042206.7264
12860266879.3389
12857329794.6386
12854220811.8608
12850929344.1298
12847445213.7163
12843755722.4293
12839841834.6118
12835683838.606
12831265646.4261
12826569519.9886
12821576727.4128
12816266380.2907
12810613598.8772
12804595144.5311
12798185724.1325
12791355233.2534
12784068469.5329
12776285255.0333
12767953086.2665
12759014180.0413
12749405579.0189
12739055777.7518
12727879370.3702
12715775055.8642
12702624513.6131
12688287636.3421
12672599234.0265
12655361169.1402
12636359450.8509
12615349162.4872
12592039093.5285
12566082393.1082
12537112498.0456
12504738666.9843
12468448058.8157
12427535478.1492
12380897752.448
12326506803.0594
12261242033.5502
12181179757.1867
12085303870.3489
11985697019.1959
11924449113.9012
11957085248.6308
12058020544.0428
12165961021.9066
12474050165.3135
)
;

boundaryField
{
    electrode
    {
        type            calculated;
        value           uniform 12474047302.3723;
    }
    ground
    {
        type            calculated;
        value           uniform 12474050165.3135;
    }
    otherfaces
    {
        type            empty;
    }
}


// ************************************************************************* //
