/*--------------------------------*- C++ -*----------------------------------*\
| =========                 |                                                 |
| \\      /  F ield         | foam-extend: Open Source CFD                    |
|  \\    /   O peration     | Version:     4.1                                |
|   \\  /    A nd           | Web:         http://www.foam-extend.org         |
|    \\/     M anipulation  |                                                 |
\*---------------------------------------------------------------------------*/
FoamFile
{
    version     2.0;
    format      ascii;
    class       volVectorField;
    location    "2.50010000204314e-05";
    object      term1;
}
// * * * * * * * * * * * * * * * * * * * * * * * * * * * * * * * * * * * * * //

dimensions      [0 -2 -2 0 0 0 0];

internalField   nonuniform List<vector> 
500
(
(-1.83114277577484e+26 0 0)
(-2.67598054928548e+26 0 0)
(-2.86818205524782e+26 0 0)
(-3.01810763601074e+26 0 0)
(-3.04440176272915e+26 0 0)
(-2.84724854107636e+26 0 0)
(-2.49056927314899e+26 0 0)
(-2.05618916342382e+26 0 0)
(-1.64760777245596e+26 0 0)
(-1.29751781567986e+26 0 0)
(-1.02574826997692e+26 0 0)
(-8.25007262586898e+25 0 0)
(-6.77332112459601e+25 0 0)
(-5.66440509404958e+25 0 0)
(-4.82199651209188e+25 0 0)
(-4.15365305891022e+25 0 0)
(-3.6281256916275e+25 0 0)
(-3.20061781038233e+25 0 0)
(-2.8517671868274e+25 0 0)
(-2.55595078137694e+25 0 0)
(-2.31003699090313e+25 0 0)
(-2.09670158691594e+25 0 0)
(-1.91629579423317e+25 0 0)
(-1.75670839035797e+25 0 0)
(-1.62004380849696e+25 0 0)
(-1.49709734061987e+25 0 0)
(-1.39083379507756e+25 0 0)
(-1.29378997096892e+25 0 0)
(-1.20936259138972e+25 0 0)
(-1.13118886175909e+25 0 0)
(-1.0628816436035e+25 0 0)
(-9.98804816185569e+24 0 0)
(-9.42675695970838e+24 0 0)
(-8.89357530890388e+24 0 0)
(-8.42612970849447e+24 0 0)
(-7.97658862907932e+24 0 0)
(-7.58271564748009e+24 0 0)
(-7.19925661688295e+24 0 0)
(-6.86394597722555e+24 0 0)
(-6.53345022894816e+24 0 0)
(-6.24538851209859e+24 0 0)
(-5.95788890563615e+24 0 0)
(-5.70841162078846e+24 0 0)
(-5.45621022920218e+24 0 0)
(-5.2385816679215e+24 0 0)
(-5.01567263824271e+24 0 0)
(-4.82460600239929e+24 0 0)
(-4.62623258409276e+24 0 0)
(-4.45750958758974e+24 0 0)
(-4.27986849488055e+24 0 0)
(-4.1300981266942e+24 0 0)
(-3.9701010009574e+24 0 0)
(-3.83651698666606e+24 0 0)
(-3.69164993604411e+24 0 0)
(-3.57199144387678e+24 0 0)
(-3.44019322744635e+24 0 0)
(-3.33259574737543e+24 0 0)
(-3.21216256623415e+24 0 0)
(-3.11507602155129e+24 0 0)
(-3.00458919717724e+24 0 0)
(-2.91671528732254e+24 0 0)
(-2.8149853509187e+24 0 0)
(-2.73522872253657e+24 0 0)
(-2.6412517572565e+24 0 0)
(-2.56868204637241e+24 0 0)
(-2.48160550051692e+24 0 0)
(-2.41542693108935e+24 0 0)
(-2.33452226897883e+24 0 0)
(-2.27405003261068e+24 0 0)
(-2.19869187192131e+24 0 0)
(-2.14333295045486e+24 0 0)
(-2.07298134612427e+24 0 0)
(-2.02221917534805e+24 0 0)
(-1.95640561768108e+24 0 0)
(-1.9097876900193e+24 0 0)
(-1.84810389002256e+24 0 0)
(-1.80523182018047e+24 0 0)
(-1.74732032089806e+24 0 0)
(-1.70784163002514e+24 0 0)
(-1.65338820408293e+24 0 0)
(-1.61698960056718e+24 0 0)
(-1.56571675060785e+24 0 0)
(-1.53211873280771e+24 0 0)
(-1.48378033365741e+24 0 0)
(-1.45273266144087e+24 0 0)
(-1.40710950089158e+24 0 0)
(-1.37838748896935e+24 0 0)
(-1.33528337157116e+24 0 0)
(-1.30868473373097e+24 0 0)
(-1.26792332903619e+24 0 0)
(-1.24326563340034e+24 0 0)
(-1.20468771349606e+24 0 0)
(-1.18180606527837e+24 0 0)
(-1.14526726795007e+24 0 0)
(-1.12401242256634e+24 0 0)
(-1.08938129642017e+24 0 0)
(-1.06961798776416e+24 0 0)
(-1.03677433936972e+24 0 0)
(-1.01837979476455e+24 0 0)
(-9.87213409703554e+23 0 0)
(-9.70076106373715e+23 0 0)
(-9.40485504756972e+23 0 0)
(-9.24503960840472e+23 0 0)
(-8.96395480212767e+23 0 0)
(-8.81477294587229e+23 0 0)
(-8.54764242561479e+23 0 0)
(-8.40825160282241e+23 0 0)
(-8.15427108915897e+23 0 0)
(-8.02390240091836e+23 0 0)
(-7.78232439877123e+23 0 0)
(-7.66027469104804e+23 0 0)
(-7.43040293161352e+23 0 0)
(-7.31602929800598e+23 0 0)
(-7.09721441527766e+23 0 0)
(-6.98992780434074e+23 0 0)
(-6.78156325787442e+23 0 0)
(-6.68082390863636e+23 0 0)
(-6.48234195078982e+23 0 0)
(-6.38765466145836e+23 0 0)
(-6.19852346260278e+23 0 0)
(-6.10943340345178e+23 0 0)
(-5.92915424433741e+23 0 0)
(-5.84524378103902e+23 0 0)
(-5.67334800609888e+23 0 0)
(-5.59423328731971e+23 0 0)
(-5.43028037405316e+23 0 0)
(-5.35560820129765e+23 0 0)
(-5.19918347173408e+23 0 0)
(-5.12862903035101e+23 0 0)
(-4.97934185316949e+23 0 0)
(-4.91260606291433e+23 0 0)
(-4.77008823171605e+23 0 0)
(-4.70689529556295e+23 0 0)
(-4.57079912737037e+23 0 0)
(-4.51089506566064e+23 0 0)
(-4.38089272008161e+23 0 0)
(-4.32404304884167e+23 0 0)
(-4.19982489953655e+23 0 0)
(-4.14581311179939e+23 0 0)
(-4.02708653466977e+23 0 0)
(-3.97571256734577e+23 0 0)
(-3.86220120952021e+23 0 0)
(-3.81327987065399e+23 0 0)
(-3.70472242788918e+23 0 0)
(-3.65808240435301e+23 0 0)
(-3.55423185707877e+23 0 0)
(-3.50971421684755e+23 0 0)
(-3.41033684511764e+23 0 0)
(-3.36779445659308e+23 0 0)
(-3.27266913488096e+23 0 0)
(-3.23196536222181e+23 0 0)
(-3.14088272077915e+23 0 0)
(-3.10189078015705e+23 0 0)
(-3.01465246656006e+23 0 0)
(-2.977254751049e+23 0 0)
(-2.89367275866515e+23 0 0)
(-2.85775983105909e+23 0 0)
(-2.77765602784891e+23 0 0)
(-2.74312630716982e+23 0 0)
(-2.66633158361601e+23 0 0)
(-2.6330906168086e+23 0 0)
(-2.55944447589085e+23 0 0)
(-2.52740437559896e+23 0 0)
(-2.4567544121017e+23 0 0)
(-2.42583350858227e+23 0 0)
(-2.35803493914237e+23 0 0)
(-2.32815703308352e+23 0 0)
(-2.26307230078809e+23 0 0)
(-2.23416647889413e+23 0 0)
(-2.17166470430651e+23 0 0)
(-2.14366492774606e+23 0 0)
(-2.08362158727501e+23 0 0)
(-2.05646617253114e+23 0 0)
(-1.99876288008306e+23 0 0)
(-1.97239425318918e+23 0 0)
(-1.9169182549574e+23 0 0)
(-1.89128251327722e+23 0 0)
(-1.83792646864228e+23 0 0)
(-1.81297326963565e+23 0 0)
(-1.76163495506819e+23 0 0)
(-1.73731704535412e+23 0 0)
(-1.68789911045438e+23 0 0)
(-1.66417205061798e+23 0 0)
(-1.61658179444833e+23 0 0)
(-1.59340374596416e+23 0 0)
(-1.54755295935783e+23 0 0)
(-1.52488440439854e+23 0 0)
(-1.48068903583846e+23 0 0)
(-1.45849262810249e+23 0 0)
(-1.41587263923662e+23 0 0)
(-1.39411288598778e+23 0 0)
(-1.35299173857352e+23 0 0)
(-1.33163453112228e+23 0 0)
(-1.2919639802153e+23 0 0)
(-1.27097582798848e+23 0 0)
(-1.232629857029e+23 0 0)
(-1.21197998368978e+23 0 0)
(-1.17492102297169e+23 0 0)
(-1.15466834803031e+23 0 0)
(-1.11878395631756e+23 0 0)
(-1.09859766555913e+23 0 0)
(-1.06406293073951e+23 0 0)
(-1.04430069894774e+23 0 0)
(-1.01077520423084e+23 0 0)
(-9.91233498790786e+22 0 0)
(-9.58764808103115e+22 0 0)
(-9.39452180152694e+22 0 0)
(-9.07985329451655e+22 0 0)
(-8.88851407958827e+22 0 0)
(-8.58312680106519e+22 0 0)
(-8.39360170292574e+22 0 0)
(-8.0971283078275e+22 0 0)
(-7.90915064204377e+22 0 0)
(-7.62108856946162e+22 0 0)
(-7.43443865501335e+22 0 0)
(-7.1543571326751e+22 0 0)
(-6.96884415595668e+22 0 0)
(-6.69632660687004e+22 0 0)
(-6.5117582352425e+22 0 0)
(-6.24635741909834e+22 0 0)
(-6.06252647932557e+22 0 0)
(-5.80389101407663e+22 0 0)
(-5.62061392619902e+22 0 0)
(-5.36833555702309e+22 0 0)
(-5.18542027839746e+22 0 0)
(-4.93914381761303e+22 0 0)
(-4.75640921089946e+22 0 0)
(-4.51577903514369e+22 0 0)
(-4.33304302270344e+22 0 0)
(-4.09772023143064e+22 0 0)
(-3.91479435790902e+22 0 0)
(-3.6844568972843e+22 0 0)
(-3.5011441790824e+22 0 0)
(-3.275490509111e+22 0 0)
(-3.09159801713488e+22 0 0)
(-2.87032795262147e+22 0 0)
(-2.68567246878869e+22 0 0)
(-2.46849628126874e+22 0 0)
(-2.28288443740269e+22 0 0)
(-2.06952936201811e+22 0 0)
(-1.88276285144781e+22 0 0)
(-1.67298197223815e+22 0 0)
(-1.48487346342428e+22 0 0)
(-1.27843636366898e+22 0 0)
(-1.08884124475224e+22 0 0)
(-8.85639888345791e+21 0 0)
(-6.94713459031744e+21 0 0)
(-4.95881409322669e+21 0 0)
(-3.1459902165565e+21 0 0)
(-5.38657823473925e+20 0 0)
(4.70884488852862e+20 0 0)
(3.07523294701067e+21 0 0)
(4.89195300973146e+21 0 0)
(6.8789373984354e+21 0 0)
(8.78837900056869e+21 0 0)
(1.08198698651901e+22 0 0)
(1.27161185593462e+22 0 0)
(1.47800009275719e+22 0 0)
(1.66613904185863e+22 0 0)
(1.8758698248001e+22 0 0)
(2.06266970262044e+22 0 0)
(2.27596349844438e+22 0 0)
(2.46161086133428e+22 0 0)
(2.67873045427092e+22 0 0)
(2.86341070014742e+22 0 0)
(3.08462882196185e+22 0 0)
(3.26853854906003e+22 0 0)
(3.49413370286272e+22 0 0)
(3.67747165063412e+22 0 0)
(3.90773805991083e+22 0 0)
(4.09069383046995e+22 0 0)
(4.32594594575305e+22 0 0)
(4.50870270620149e+22 0 0)
(4.74926662141556e+22 0 0)
(4.93200547639292e+22 0 0)
(5.1782333051119e+22 0 0)
(5.361149350745e+22 0 0)
(5.61335313183743e+22 0 0)
(5.79664115450107e+22 0 0)
(6.05522004478378e+22 0 0)
(6.23906461946491e+22 0 0)
(6.50434569676909e+22 0 0)
(6.68894179690038e+22 0 0)
(6.96140299652522e+22 0 0)
(7.14692208588882e+22 0 0)
(7.42689360876378e+22 0 0)
(7.61354678077547e+22 0 0)
(7.90151689077223e+22 0 0)
(8.08951838717511e+22 0 0)
(8.38593119518521e+22 0 0)
(8.57549410937283e+22 0 0)
(8.88086533425681e+22 0 0)
(9.07219907897197e+22 0 0)
(9.38694500038031e+22 0 0)
(9.58016489851612e+22 0 0)
(9.90467430023349e+22 0 0)
(1.01000348752995e+23 0 0)
(1.04351499332061e+23 0 0)
(1.06327173675166e+23 0 0)
(1.09774766731009e+23 0 0)
(1.11787597330547e+23 0 0)
(1.15379527402445e+23 0 0)
(1.17405138129967e+23 0 0)
(1.21109871637577e+23 0 0)
(1.23175069832392e+23 0 0)
(1.27009226265667e+23 0 0)
(1.29109019959141e+23 0 0)
(1.33075268318751e+23 0 0)
(1.3521063535915e+23 0 0)
(1.39321385012749e+23 0 0)
(1.41497138088904e+23 0 0)
(1.45757701294464e+23 0 0)
(1.47977085564501e+23 0 0)
(1.52395131355576e+23 0 0)
(1.54661693482975e+23 0 0)
(1.59245223986513e+23 0 0)
(1.61562713533884e+23 0 0)
(1.66320126273816e+23 0 0)
(1.68692491577957e+23 0 0)
(1.73632611600936e+23 0 0)
(1.7606402904144e+23 0 0)
(1.81196123704889e+23 0 0)
(1.83691032092143e+23 0 0)
(1.89024834997823e+23 0 0)
(1.91587959706931e+23 0 0)
(1.97133691502111e+23 0 0)
(1.99770069745331e+23 0 0)
(2.05538459677805e+23 0 0)
(2.08253475455412e+23 0 0)
(2.14255794988928e+23 0 0)
(2.17055202864615e+23 0 0)
(2.23303295987065e+23 0 0)
(2.26193263104071e+23 0 0)
(2.32699569154245e+23 0 0)
(2.35686699767767e+23 0 0)
(2.42464303214194e+23 0 0)
(2.45555691897799e+23 0 0)
(2.52618348278037e+23 0 0)
(2.55821594847745e+23 0 0)
(2.6318378458452e+23 0 0)
(2.66507068025308e+23 0 0)
(2.74184020791022e+23 0 0)
(2.77636122565372e+23 0 0)
(2.85643882898545e+23 0 0)
(2.89234249425974e+23 0 0)
(2.97589718265207e+23 0 0)
(3.01328502721524e+23 0 0)
(3.10049506318374e+23 0 0)
(3.13947635058393e+23 0 0)
(3.23052958797926e+23 0 0)
(3.27122206879234e+23 0 0)
(3.36631678962852e+23 0 0)
(3.4088471186514e+23 0 0)
(3.50819269661354e+23 0 0)
(3.55269748345949e+23 0 0)
(3.65651492800415e+23 0 0)
(3.70314127864955e+23 0 0)
(3.81166434662543e+23 0 0)
(3.86057095783618e+23 0 0)
(3.97404662554825e+23 0 0)
(4.02540494877232e+23 0 0)
(4.14409430987899e+23 0 0)
(4.19808943497852e+23 0 0)
(4.32226883216699e+23 0 0)
(4.37910083915043e+23 0 0)
(4.50906276452292e+23 0 0)
(4.56894804397733e+23 0 0)
(4.70500206778156e+23 0 0)
(4.76817505557314e+23 0 0)
(4.91064913404617e+23 0 0)
(4.97736367713902e+23 0 0)
(5.12660529437916e+23 0 0)
(5.19713715396456e+23 0 0)
(5.35351420362564e+23 0 0)
(5.42816220932803e+23 0 0)
(5.59206539210219e+23 0 0)
(5.67115438078241e+23 0 0)
(5.84299825149973e+23 0 0)
(5.92688132115088e+23 0 0)
(6.10710625001939e+23 0 0)
(6.19616717464304e+23 0 0)
(6.38524173378289e+23 0 0)
(6.47989785717408e+23 0 0)
(6.67832086942338e+23 0 0)
(6.7790268870198e+23 0 0)
(6.98732985040808e+23 0 0)
(7.09458093934752e+23 0 0)
(7.31333130239183e+23 0 0)
(7.42766702058799e+23 0 0)
(7.65747133198928e+23 0 0)
(7.77948065708022e+23 0 0)
(8.02098795129308e+23 0 0)
(8.15131373952156e+23 0 0)
(8.40522021702346e+23 0 0)
(8.5445650491848e+23 0 0)
(8.81161808326386e+23 0 0)
(8.96075069891618e+23 0 0)
(9.24175438794622e+23 0 0)
(9.40151719266426e+23 0 0)
(9.69733812500549e+23 0 0)
(9.86865506598537e+23 0 0)
(1.01802294504822e+24 0 0)
(1.03641147185592e+24 0 0)
(1.06924572965255e+24 0 0)
(1.08900259660198e+24 0 0)
(1.12362387804124e+24 0 0)
(1.14487183256516e+24 0 0)
(1.18140025461195e+24 0 0)
(1.20427450435582e+24 0 0)
(1.24284153192496e+24 0 0)
(1.26749127369061e+24 0 0)
(1.30824121230864e+24 0 0)
(1.33483130664552e+24 0 0)
(1.37792333695476e+24 0 0)
(1.40663621533968e+24 0 0)
(1.45224660328752e+24 0 0)
(1.48328444877321e+24 0 0)
(1.53160936443284e+24 0 0)
(1.56519679641714e+24 0 0)
(1.616455396344e+24 0 0)
(1.65284262901972e+24 0 0)
(1.70728095017234e+24 0 0)
(1.74674740175284e+24 0 0)
(1.80464287372838e+24 0 0)
(1.84750171907467e+24 0 0)
(1.90916853839352e+24 0 0)
(1.95577222357485e+24 0 0)
(2.02156767687923e+24 0 0)
(2.07231450375958e+24 0 0)
(2.14264684016289e+24 0 0)
(2.19798911931444e+24 0 0)
(2.27332673284896e+24 0 0)
(2.33378094556712e+24 0 0)
(2.41466362685607e+24 0 0)
(2.48082261969394e+24 0 0)
(2.56787550474752e+24 0 0)
(2.6404239065324e+24 0 0)
(2.73437548098335e+24 0 0)
(2.8141091221016e+24 0 0)
(2.91581187389346e+24 0 0)
(3.00366079057147e+24 0 0)
(3.11411836815436e+24 0 0)
(3.21117771069182e+24 0 0)
(3.33157931538678e+24 0 0)
(3.43914721927917e+24 0 0)
(3.57091133550471e+24 0 0)
(3.69053759576105e+24 0 0)
(3.83536779372408e+24 0 0)
(3.96891664471603e+24 0 0)
(4.12887395035227e+24 0 0)
(4.27860601249618e+24 0 0)
(4.45620390147966e+24 0 0)
(4.62488512719504e+24 0 0)
(4.82321180293517e+24 0 0)
(5.01423285062429e+24 0 0)
(5.23709114589507e+24 0 0)
(5.45466991990352e+24 0 0)
(5.70681652467247e+24 0 0)
(5.95623968535473e+24 0 0)
(6.24367992442338e+24 0 0)
(6.53168243700008e+24 0 0)
(6.8621133143422e+24 0 0)
(7.19735858649779e+24 0 0)
(7.58074597830938e+24 0 0)
(7.97454623709126e+24 0 0)
(8.42400710131642e+24 0 0)
(8.89137025585916e+24 0 0)
(9.4244607288507e+24 0 0)
(9.98565699119161e+24 0 0)
(1.06263196502198e+25 0 0)
(1.13092799773554e+25 0 0)
(1.2090891524591e+25 0 0)
(1.29350296170139e+25 0 0)
(1.39053139832717e+25 0 0)
(1.49677809971957e+25 0 0)
(1.61970520659828e+25 0 0)
(1.75634819654806e+25 0 0)
(1.91591052913072e+25 0 0)
(2.09628813134867e+25 0 0)
(2.30959093192385e+25 0 0)
(2.55546888288817e+25 0 0)
(2.85124671221772e+25 0 0)
(3.20009421661558e+25 0 0)
(3.62767132400855e+25 0 0)
(4.1532797142638e+25 0 0)
(4.82188560413105e+25 0 0)
(5.66490815202006e+25 0 0)
(6.77491211723725e+25 0 0)
(8.25357788052726e+25 0 0)
(1.02645164298555e+26 0 0)
(1.29879559064119e+26 0 0)
(1.64974706330884e+26 0 0)
(2.05931886886237e+26 0 0)
(2.49445108478594e+26 0 0)
(2.85107662898009e+26 0 0)
(3.04723463445577e+26 0 0)
(3.01993369099858e+26 0 0)
(2.86892228933164e+26 0 0)
(2.67538181093253e+26 0 0)
(1.83219314102769e+26 0 0)
)
;

boundaryField
{
    electrode
    {
        type            calculated;
        value           uniform (-1.83114277577484e+26 0 0);
    }
    ground
    {
        type            calculated;
        value           uniform (1.83219314102769e+26 0 0);
    }
    otherfaces
    {
        type            empty;
    }
}


// ************************************************************************* //
