/*--------------------------------*- C++ -*----------------------------------*\
| =========                 |                                                 |
| \\      /  F ield         | foam-extend: Open Source CFD                    |
|  \\    /   O peration     | Version:     4.1                                |
|   \\  /    A nd           | Web:         http://www.foam-extend.org         |
|    \\/     M anipulation  |                                                 |
\*---------------------------------------------------------------------------*/
FoamFile
{
    version     2.0;
    format      ascii;
    class       volVectorField;
    location    "2.50010000204314e-05";
    object      totalIonFlux;
}
// * * * * * * * * * * * * * * * * * * * * * * * * * * * * * * * * * * * * * //

dimensions      [0 -2 0 0 0 1 0];

internalField   nonuniform List<vector> 
500
(
(-121.422139903286 0 0)
(-121.007320894229 0 0)
(-121.391409278815 0 0)
(-120.818136859787 0 0)
(-121.083883569463 0 0)
(-120.568419037995 0 0)
(-120.826027163376 0 0)
(-120.576917728517 0 0)
(-120.901631132405 0 0)
(-120.806955107019 0 0)
(-121.088721920126 0 0)
(-121.003667268678 0 0)
(-121.186961713573 0 0)
(-121.083098070063 0 0)
(-121.203244719937 0 0)
(-121.088215561075 0 0)
(-121.168323255453 0 0)
(-121.045329854987 0 0)
(-121.094773173362 0 0)
(-120.965357290334 0 0)
(-120.990110933152 0 0)
(-120.853306656626 0 0)
(-120.855985994768 0 0)
(-120.71070503775 0 0)
(-120.69269167737 0 0)
(-120.537757856329 0 0)
(-120.499798334342 0 0)
(-120.334104129702 0 0)
(-120.276610620379 0 0)
(-120.099180199798 0 0)
(-120.022397928291 0 0)
(-119.832410668582 0 0)
(-119.736515314403 0 0)
(-119.533310703185 0 0)
(-119.418465468687 0 0)
(-119.201538611762 0 0)
(-119.067927480689 0 0)
(-118.836919640662 0 0)
(-118.684765522554 0 0)
(-118.439451448913 0 0)
(-118.269023094344 0 0)
(-118.009295948354 0 0)
(-117.820909423622 0 0)
(-117.546765887912 0 0)
(-117.340779814868 0 0)
(-117.052297420381 0 0)
(-116.829094716667 0 0)
(-116.526416166234 0 0)
(-116.286413931158 0 0)
(-115.969748510994 0 0)
(-115.713394564623 0 0)
(-115.38301771123 0 0)
(-115.110812803156 0 0)
(-114.767070501812 0 0)
(-114.479550874552 0 0)
(-114.122838428817 0 0)
(-113.820565050686 0 0)
(-113.451314441118 0 0)
(-113.134863532354 0 0)
(-112.753532241487 0 0)
(-112.423486880442 0 0)
(-112.030548094774 0 0)
(-111.68749103219 0 0)
(-111.283425575465 0 0)
(-110.927933305699 0 0)
(-110.513223070874 0 0)
(-110.145861001462 0 0)
(-109.720983117864 0 0)
(-109.342301326924 0 0)
(-108.907723784345 0 0)
(-108.518254432903 0 0)
(-108.074432983423 0 0)
(-107.674687900106 0 0)
(-107.222063136747 0 0)
(-106.812532283561 0 0)
(-106.351527769833 0 0)
(-105.932678038881 0 0)
(-105.463698789128 0 0)
(-105.035973401648 0 0)
(-104.559404897036 0 0)
(-104.123223019769 0 0)
(-103.639430722783 0 0)
(-103.195187593719 0 0)
(-102.704516665613 0 0)
(-102.252583951631 0 0)
(-101.755359380813 0 0)
(-101.296085511286 0 0)
(-100.792612336678 0 0)
(-100.32632338877 0 0)
(-99.816887240831 0 0)
(-99.3438876405296 0 0)
(-98.8287552547569 0 0)
(-98.3493287266648 0 0)
(-97.8287487699386 0 0)
(-97.3431593167297 0 0)
(-96.8173631155159 0 0)
(-96.3258560232689 0 0)
(-95.7950584588414 0 0)
(-95.2978614725418 0 0)
(-94.762261905656 0 0)
(-94.2595861292655 0 0)
(-93.7193692050975 0 0)
(-93.2114103100738 0 0)
(-92.6667470128165 0 0)
(-92.1536862315922 0 0)
(-91.6047346817731 0 0)
(-91.0867398449456 0 0)
(-90.5336462833475 0 0)
(-90.0108728120632 0 0)
(-89.4537723321995 0 0)
(-88.9263641811995 0 0)
(-88.3653817748983 0 0)
(-87.8334724313505 0 0)
(-87.2687236167761 0 0)
(-86.7324368982509 0 0)
(-86.1640286191968 0 0)
(-85.6234795092648 0 0)
(-85.0515107537982 0 0)
(-84.5068062476868 0 0)
(-83.9313688055451 0 0)
(-83.3826086393228 0 0)
(-82.8037878299407 0 0)
(-82.2510651113824 0 0)
(-81.6689402866736 0 0)
(-81.1123422490572 0 0)
(-80.5269874248103 0 0)
(-79.9665959348854 0 0)
(-79.3780803854752 0 0)
(-78.8139725868699 0 0)
(-78.2223612465047 0 0)
(-77.6546100071359 0 0)
(-77.0599639472305 0 0)
(-76.4886383958699 0 0)
(-75.891015430468 0 0)
(-75.3161815497963 0 0)
(-74.7156365021491 0 0)
(-74.1373572854604 0 0)
(-73.5339423687757 0 0)
(-72.9522783067513 0 0)
(-72.3460434592511 0 0)
(-71.7610529552992 0 0)
(-71.1520461572541 0 0)
(-70.5637857282057 0 0)
(-69.9520533416739 0 0)
(-69.3605779848364 0 0)
(-68.7461649382502 0 0)
(-68.1515283502092 0 0)
(-67.5344784815867 0 0)
(-66.93673336258 0 0)
(-66.3170895314366 0 0)
(-65.716287722601 0 0)
(-65.0940920904557 0 0)
(-64.4902848195813 0 0)
(-63.8655790096412 0 0)
(-63.2588170557692 0 0)
(-62.6316422515832 0 0)
(-62.0219761184869 0 0)
(-61.3923733323949 0 0)
(-60.7798533245317 0 0)
(-60.1478634290184 0 0)
(-59.5325398447318 0 0)
(-58.8982037101874 0 0)
(-58.2801269397454 0 0)
(-57.6434855894153 0 0)
(-57.0227062076928 0 0)
(-56.383800807218 0 0)
(-55.7603696341557 0 0)
(-55.1192417143281 0 0)
(-54.4932098895242 0 0)
(-53.8499013125268 0 0)
(-53.2213204178567 0 0)
(-52.5758734282063 0 0)
(-51.9447955169514 0 0)
(-51.2972528805827 0 0)
(-50.6637304680435 0 0)
(-50.0141354111524 0 0)
(-49.3782215907898 0 0)
(-48.7266179686056 0 0)
(-48.0883664239634 0 0)
(-47.4347986087993 0 0)
(-46.79426362757 0 0)
(-46.1387765927688 0 0)
(-45.4960130825121 0 0)
(-44.8386524739115 0 0)
(-44.1937160172806 0 0)
(-43.5345281164289 0 0)
(-42.8874748994378 0 0)
(-42.2265066028838 0 0)
(-41.5773935279455 0 0)
(-40.9146923053903 0 0)
(-40.2635769871143 0 0)
(-39.599190942491 0 0)
(-38.9461315218043 0 0)
(-38.2801039104764 0 0)
(-37.6251253451371 0 0)
(-36.9574972840577 0 0)
(-36.3007120016898 0 0)
(-35.6315539199443 0 0)
(-34.9730072719958 0 0)
(-34.3022580706348 0 0)
(-33.6421004523482 0 0)
(-32.9701969960013 0 0)
(-32.3083024538953 0 0)
(-31.6348822121969 0 0)
(-30.9714464615004 0 0)
(-30.2967027183766 0 0)
(-29.6317471359407 0 0)
(-28.9557120907962 0 0)
(-28.2892753254114 0 0)
(-27.6120334340879 0 0)
(-26.9442167423905 0 0)
(-26.2658103813405 0 0)
(-25.5966660547689 0 0)
(-24.9171483771228 0 0)
(-24.2467434453866 0 0)
(-23.5661732847229 0 0)
(-22.8945725840561 0 0)
(-22.2130044644712 0 0)
(-21.5402698624961 0 0)
(-20.8577571546784 0 0)
(-20.1839603801634 0 0)
(-19.5005644335771 0 0)
(-18.8257658248693 0 0)
(-18.1415412357723 0 0)
(-17.4658111924875 0 0)
(-16.780817421112 0 0)
(-16.1042229186327 0 0)
(-15.4185167462645 0 0)
(-14.7411261498686 0 0)
(-14.0547642233062 0 0)
(-13.3766456758917 0 0)
(-12.6896859333714 0 0)
(-12.0109080592989 0 0)
(-11.3234112748313 0 0)
(-10.6440413680595 0 0)
(-9.95606829960157 0 0)
(-9.27617577252382 0 0)
(-8.58778360496754 0 0)
(-7.90743808237991 0 0)
(-7.21868484342314 0 0)
(-6.53795786986635 0 0)
(-5.84890494369541 0 0)
(-5.16786189353196 0 0)
(-4.47856894584165 0 0)
(-3.79728079185308 0 0)
(-3.10780851402404 0 0)
(-2.42634559063336 0 0)
(-1.73675209038769 0 0)
(-1.05518332445261 0 0)
(-0.365509538050009 0 0)
(0.31604921777127 0 0)
(1.00572225631634 0 0)
(1.6872928114681 0 0)
(2.37688587266572 0 0)
(3.05834914138852 0 0)
(3.7478238855118 0 0)
(4.42911260102833 0 0)
(5.11840611762543 0 0)
(5.79945110047791 0 0)
(6.48850356213577 0 0)
(7.16923618932231 0 0)
(7.85798862151294 0 0)
(8.53833655272034 0 0)
(9.22673238421223 0 0)
(9.90662700956658 0 0)
(10.5946047015063 0 0)
(11.2739782327896 0 0)
(11.961476723325 0 0)
(12.6402599357672 0 0)
(13.3272208361933 0 0)
(14.0053440932852 0 0)
(14.6917099091299 0 0)
(15.3691037894898 0 0)
(16.0548166223473 0 0)
(16.7314116211626 0 0)
(17.4164128339375 0 0)
(18.0921482225503 0 0)
(18.7763773914899 0 0)
(19.451179871983 0 0)
(20.1345818773787 0 0)
(20.8083916804208 0 0)
(21.4909057315103 0 0)
(22.1636442868742 0 0)
(22.8452209887223 0 0)
(23.5168341601115 0 0)
(24.1974106321995 0 0)
(24.8678229463027 0 0)
(25.5473461118079 0 0)
(26.2165002117695 0 0)
(26.8949227019684 0 0)
(27.5627565567389 0 0)
(28.2400330472943 0 0)
(28.9064989049599 0 0)
(29.5825883358998 0 0)
(30.247617463008 0 0)
(30.9224085001524 0 0)
(31.5858938050554 0 0)
(32.2593518866621 0 0)
(32.921286255002 0 0)
(33.5932038801793 0 0)
(34.253254698569 0 0)
(34.9239510060853 0 0)
(35.5824654254926 0 0)
(36.251593000191 0 0)
(36.9083547698821 0 0)
(37.5759649794188 0 0)
(38.2309424714009 0 0)
(38.896977286748 0 0)
(39.5500456086767 0 0)
(40.2144386513778 0 0)
(40.8655633583849 0 0)
(41.528271892945 0 0)
(42.1773946700923 0 0)
(42.8383705487411 0 0)
(43.4854337291248 0 0)
(44.1446293357716 0 0)
(44.7895760725203 0 0)
(45.4469445358685 0 0)
(46.0897186391832 0 0)
(46.7452137517542 0 0)
(47.3857596588724 0 0)
(48.0393358007354 0 0)
(48.6775985931094 0 0)
(49.3292107626203 0 0)
(49.9651361544723 0 0)
(50.6147399674117 0 0)
(51.2482743034549 0 0)
(51.895825951119 0 0)
(52.5269161491472 0 0)
(53.1723723962422 0 0)
(53.8009659106251 0 0)
(54.4442840056806 0 0)
(55.0703288530756 0 0)
(55.711466539453 0 0)
(56.3349111306675 0 0)
(56.9738265433252 0 0)
(57.5946197455199 0 0)
(58.2312714239896 0 0)
(58.8493623933903 0 0)
(59.4837091277625 0 0)
(60.0990473495413 0 0)
(60.7310481486616 0 0)
(61.3435832524675 0 0)
(61.9731972380376 0 0)
(62.5828789431725 0 0)
(63.2100652555275 0 0)
(63.8168432189575 0 0)
(64.4415609007525 0 0)
(65.045384677169 0 0)
(65.6675924887851 0 0)
(66.2684113125085 0 0)
(66.8880676866324 0 0)
(67.4858303335674 0 0)
(68.1028931088474 0 0)
(68.6975477777259 0 0)
(69.3119741198414 0 0)
(69.9034681023375 0 0)
(70.5152142192913 0 0)
(71.1034938276596 0 0)
(71.7125147545493 0 0)
(72.2975250539263 0 0)
(72.9037744596463 0 0)
(73.4854589341372 0 0)
(74.0888888306547 0 0)
(74.6671891264558 0 0)
(75.2677496228136 0 0)
(75.8426052575521 0 0)
(76.4402441550996 0 0)
(77.0115921470471 0 0)
(77.6062547145108 0 0)
(78.1740291844858 0 0)
(78.7656576413552 0 0)
(79.329789552036 0 0)
(79.9183228503147 0 0)
(80.4787392416108 0 0)
(81.0641123903896 0 0)
(81.6207361641276 0 0)
(82.2028799236003 0 0)
(82.7556292420967 0 0)
(83.3344696249545 0 0)
(83.8832572885308 0 0)
(84.4587150049541 0 0)
(85.0034478992742 0 0)
(85.5754376637699 0 0)
(86.1160161548615 0 0)
(86.6844461922063 0 0)
(87.2207633374762 0 0)
(87.7855346868598 0 0)
(88.3174755120098 0 0)
(88.8784812691701 0 0)
(89.4059220308893 0 0)
(89.963046710973 0 0)
(90.4858539746109 0 0)
(91.0389727051771 0 0)
(91.5570025688942 0 0)
(92.1059802636641 0 0)
(92.6190773418132 0 0)
(93.1637678300921 0 0)
(93.6717643869786 0 0)
(94.2120095776946 0 0)
(94.7147244953817 0 0)
(95.2503535130561 0 0)
(95.7475911415851 0 0)
(96.2784193749379 0 0)
(96.7699686747485 0 0)
(97.2957968740622 0 0)
(97.7814302633245 0 0)
(98.3020436529832 0 0)
(98.7815158560572 0 0)
(99.2966831882319 0 0)
(99.7697303641615 0 0)
(100.27920306369 0 0)
(100.745541593676 0 0)
(101.249052995658 0 0)
(101.708378628134 0 0)
(102.205643277477 0 0)
(102.657630048991 0 0)
(103.148343044704 0 0)
(103.592642636084 0 0)
(104.076479113325 0 0)
(104.512720077575 0 0)
(104.989335040581 0 0)
(105.417122304867 0 0)
(105.886150483101 0 0)
(106.305065026671 0 0)
(106.766121084056 0 0)
(107.175719994532 0 0)
(107.628399151402 0 0)
(108.028215716831 0 0)
(108.47209471373 0 0)
(108.861639247602 0 0)
(109.296277681655 0 0)
(109.675038635642 0 0)
(110.099981026622 0 0)
(110.467426541992 0 0)
(110.882205096754 0 0)
(111.237785239444 0 0)
(111.641923043848 0 0)
(111.985072929078 0 0)
(112.378088825371 0 0)
(112.708232639834 0 0)
(113.089646376155 0 0)
(113.406202025956 0 0)
(113.775541020042 0 0)
(114.077926145153 0 0)
(114.434733742272 0 0)
(114.722372990567 0 0)
(115.066218150329 0 0)
(115.338551630259 0 0)
(115.669040198698 0 0)
(115.925533051803 0 0)
(116.242320441372 0 0)
(116.482473416833 0 0)
(116.785285915639 0 0)
(117.008653147226 0 0)
(117.297283492667 0 0)
(117.503450065752 0 0)
(117.777758005819 0 0)
(117.966343939702 0 0)
(118.226255076705 0 0)
(118.396905052039 0 0)
(118.642425950205 0 0)
(118.794827309108 0 0)
(119.026068060159 0 0)
(119.159955411287 0 0)
(119.377144568319 0 0)
(119.492298267873 0 0)
(119.695797702182 0 0)
(119.792037052461 0 0)
(119.982354855525 0 0)
(120.059519885797 0 0)
(120.237319451598 0 0)
(120.295237259342 0 0)
(120.461341620766 0 0)
(120.499769745179 0 0)
(120.655157439439 0 0)
(120.673686630563 0 0)
(120.819468057109 0 0)
(120.817355952415 0 0)
(120.954713441384 0 0)
(120.930589666524 0 0)
(121.060632182072 0 0)
(121.011923668983 0 0)
(121.135915688625 0 0)
(121.057112187752 0 0)
(121.173830694455 0 0)
(121.056290072606 0 0)
(121.164012272103 0 0)
(120.986222785093 0 0)
(121.079358424623 0 0)
(120.808827424737 0 0)
(120.918683397121 0 0)
(120.61198238695 0 0)
(120.879552467338 0 0)
(120.636092822074 0 0)
(121.158613459169 0 0)
(120.892668217468 0 0)
(121.466178360146 0 0)
(121.072114228399 0 0)
(121.487119511695 0 0)
)
;

boundaryField
{
    electrode
    {
        type            calculated;
        value           uniform (-121.422139903286 0 0);
    }
    ground
    {
        type            calculated;
        value           uniform (121.487119511695 0 0);
    }
    otherfaces
    {
        type            empty;
    }
}


// ************************************************************************* //
