/*--------------------------------*- C++ -*----------------------------------*\
| =========                 |                                                 |
| \\      /  F ield         | foam-extend: Open Source CFD                    |
|  \\    /   O peration     | Version:     4.1                                |
|   \\  /    A nd           | Web:         http://www.foam-extend.org         |
|    \\/     M anipulation  |                                                 |
\*---------------------------------------------------------------------------*/
FoamFile
{
    version     2.0;
    format      ascii;
    class       volVectorField;
    location    "1.50099999934947e-05";
    object      EFieldMean;
}
// * * * * * * * * * * * * * * * * * * * * * * * * * * * * * * * * * * * * * //

dimensions      [1 1 -3 0 0 -1 0];

internalField   nonuniform List<vector> 
500
(
(-1129100.59541742 0 0)
(-1107796.34050146 0 0)
(-1086300.63638757 0 0)
(-1064664.2000231 0 0)
(-1042888.01315985 0 0)
(-1020982.07110419 0 0)
(-998956.486299232 0 0)
(-976823.711953532 0 0)
(-954598.022505478 0 0)
(-932294.629329587 0 0)
(-909929.473978974 0 0)
(-887519.773071499 0 0)
(-865083.702489946 0 0)
(-842639.118426073 0 0)
(-820202.977695738 0 0)
(-797791.499215665 0 0)
(-775420.055873628 0 0)
(-753102.8188974 0 0)
(-730852.955458197 0 0)
(-708683.215005181 0 0)
(-686605.423749078 0 0)
(-664630.109439693 0 0)
(-642767.106501566 0 0)
(-621025.991709736 0 0)
(-599415.69978688 0 0)
(-577944.236810397 0 0)
(-556618.920607146 0 0)
(-535446.001491756 0 0)
(-514430.608613327 0 0)
(-493577.927449838 0 0)
(-472894.547814474 0 0)
(-452389.294681773 0 0)
(-432074.147771923 0 0)
(-411964.875079573 0 0)
(-392081.131889706 0 0)
(-372445.400843772 0 0)
(-353083.439605304 0 0)
(-334027.866095806 0 0)
(-315320.526633908 0 0)
(-297011.522417646 0 0)
(-279156.08819818 0 0)
(-261811.002414876 0 0)
(-245037.084266484 0 0)
(-228899.694969724 0 0)
(-213459.748793383 0 0)
(-198769.105360462 0 0)
(-184873.803179066 0 0)
(-171808.421419752 0 0)
(-159590.756470579 0 0)
(-148227.709449449 0 0)
(-137710.562528341 0 0)
(-128016.829414106 0 0)
(-119117.201643439 0 0)
(-110973.36934112 0 0)
(-103545.181395238 0 0)
(-96785.5157118254 0 0)
(-90643.3793645464 0 0)
(-85065.9095809523 0 0)
(-79997.4099069412 0 0)
(-75387.1787136021 0 0)
(-71185.2976557234 0 0)
(-67353.5390648162 0 0)
(-63864.0943935978 0 0)
(-60688.1874774649 0 0)
(-57801.5090889675 0 0)
(-55176.7397786151 0 0)
(-52771.7738804901 0 0)
(-50544.4403403755 0 0)
(-48471.5502344073 0 0)
(-46548.6684921676 0 0)
(-44776.1300923946 0 0)
(-43143.8659367732 0 0)
(-41635.6831291711 0 0)
(-40237.5350307462 0 0)
(-38936.6427846808 0 0)
(-37720.7103376782 0 0)
(-36578.6732267584 0 0)
(-35502.9416379146 0 0)
(-34490.3079513983 0 0)
(-33538.2001945105 0 0)
(-32641.6901056855 0 0)
(-31794.9121740902 0 0)
(-30992.9354406538 0 0)
(-30232.46237629 0 0)
(-29511.563153717 0 0)
(-28827.8852911815 0 0)
(-28177.9516738412 0 0)
(-27558.4280474514 0 0)
(-26966.8229185237 0 0)
(-26400.9726081473 0 0)
(-25858.7757378254 0 0)
(-25338.3039430663 0 0)
(-24837.9924410608 0 0)
(-24356.4696655507 0 0)
(-23892.5150508948 0 0)
(-23445.0081309741 0 0)
(-23012.9532664023 0 0)
(-22595.4185841351 0 0)
(-22191.5540677426 0 0)
(-21800.5801457495 0 0)
(-21421.8411088785 0 0)
(-21054.6915308878 0 0)
(-20698.4614509839 0 0)
(-20352.6180632797 0 0)
(-20016.9730244479 0 0)
(-19691.1614898993 0 0)
(-19374.312068055 0 0)
(-19065.5850423186 0 0)
(-18764.5082981731 0 0)
(-18470.7125928089 0 0)
(-18183.8767855621 0 0)
(-17903.6866358727 0 0)
(-17629.8620837996 0 0)
(-17362.1257244794 0 0)
(-17100.2305977098 0 0)
(-16843.9299993278 0 0)
(-16593.0050304721 0 0)
(-16347.23528724 0 0)
(-16106.4259430822 0 0)
(-15870.3792304838 0 0)
(-15638.9210697273 0 0)
(-15411.8733203378 0 0)
(-15189.0798681158 0 0)
(-14970.3796678441 0 0)
(-14755.6324045635 0 0)
(-14544.6920577467 0 0)
(-14337.4320600498 0 0)
(-14133.7195924214 0 0)
(-13933.4402348358 0 0)
(-13736.4728467904 0 0)
(-13542.7136579937 0 0)
(-13352.0517362205 0 0)
(-13164.3926024944 0 0)
(-12979.6343465343 0 0)
(-12797.6908779865 0 0)
(-12618.4684909871 0 0)
(-12441.8886114285 0 0)
(-12267.8649322226 0 0)
(-12096.3257177527 0 0)
(-11927.1913572421 0 0)
(-11760.3961332396 0 0)
(-11595.8662919813 0 0)
(-11433.5414886426 0 0)
(-11273.3533017215 0 0)
(-11115.246232944 0 0)
(-10959.1566586396 0 0)
(-10805.0334382121 0 0)
(-10652.8173132839 0 0)
(-10502.4611006265 0 0)
(-10353.9094650058 0 0)
(-10207.1187316101 0 0)
(-10062.0371076518 0 0)
(-9918.62413944098 0 0)
(-9776.83134757147 0 0)
(-9636.62131702904 0 0)
(-9497.94844459722 0 0)
(-9360.77775113006 0 0)
(-9225.06647032164 0 0)
(-9090.78228352476 0 0)
(-8957.8847043812 0 0)
(-8826.34343676082 0 0)
(-8696.12050524773 0 0)
(-8567.18773308646 0 0)
(-8439.50904386514 0 0)
(-8313.05819486267 0 0)
(-8187.80111037453 0 0)
(-8063.71321115742 0 0)
(-7940.76219123953 0 0)
(-7818.92504463304 0 0)
(-7698.17111797873 0 0)
(-7578.47877129861 0 0)
(-7459.81902248254 0 0)
(-7342.17154659822 0 0)
(-7225.50853697213 0 0)
(-7109.81101388171 0 0)
(-6995.05255773461 0 0)
(-6881.21513333044 0 0)
(-6768.27362367708 0 0)
(-6656.21104987273 0 0)
(-6545.00345040612 0 0)
(-6434.63466612911 0 0)
(-6325.08192848085 0 0)
(-6216.32980094364 0 0)
(-6108.35674333539 0 0)
(-6001.1478461156 0 0)
(-5894.68280530005 0 0)
(-5788.94696928043 0 0)
(-5683.92153869066 0 0)
(-5579.59191496561 0 0)
(-5475.94079088531 0 0)
(-5372.95333011576 0 0)
(-5270.61416004696 0 0)
(-5168.90781201339 0 0)
(-5067.82079176943 0 0)
(-4967.33682160177 0 0)
(-4867.44478411766 0 0)
(-4768.12684644526 0 0)
(-4669.37495248766 0 0)
(-4571.16912761826 0 0)
(-4473.50467584807 0 0)
(-4376.35897920599 0 0)
(-4279.73122404616 0 0)
(-4183.59586907001 0 0)
(-4087.95610623897 0 0)
(-3992.7827241899 0 0)
(-3898.08395628005 0 0)
(-3803.82639140087 0 0)
(-3710.02328015803 0 0)
(-3616.63669694083 0 0)
(-3523.68555461553 0 0)
(-3431.12676934853 0 0)
(-3338.98519611816 0 0)
(-3247.21222701387 0 0)
(-3155.83852439095 0 0)
(-3064.8102949237 0 0)
(-2974.1663516239 0 0)
(-2883.84862298272 0 0)
(-2793.89996304988 0 0)
(-2704.25446703041 0 0)
(-2614.96243036218 0 0)
(-2525.95200716196 0 0)
(-2437.2411888511 0 0)
(-2348.47999878847 0 0)
(-2259.65111425825 0 0)
(-2172.06367749076 0 0)
(-2084.87567286104 0 0)
(-1997.86001729239 0 0)
(-1911.22065813864 0 0)
(-1824.79149948896 0 0)
(-1738.55999330266 0 0)
(-1652.525372817 0 0)
(-1566.68780642741 0 0)
(-1481.03128652456 0 0)
(-1395.55167030828 0 0)
(-1310.23129027135 0 0)
(-1225.06643835601 0 0)
(-1140.0391602228 0 0)
(-1055.14652898773 0 0)
(-970.370439992633 0 0)
(-885.708694615607 0 0)
(-801.143169587541 0 0)
(-716.672237779375 0 0)
(-632.277819494103 0 0)
(-547.958824203685 0 0)
(-463.697430505198 0 0)
(-379.493631805961 0 0)
(-295.332463625867 0 0)
(-211.217611337243 0 0)
(-127.086811485702 0 0)
(-42.8199324397612 0 0)
(40.9615567064109 0 0)
(125.225044013784 0 0)
(209.357634451559 0 0)
(293.472475175594 0 0)
(377.633104520739 0 0)
(461.836624003683 0 0)
(546.097413549351 0 0)
(630.416027038953 0 0)
(714.809718095922 0 0)
(799.280133599019 0 0)
(883.844804921823 0 0)
(968.505891115429 0 0)
(1053.2809906837 0 0)
(1138.17283196801 0 0)
(1223.19899880036 0 0)
(1308.36290840703 0 0)
(1393.68205195936 0 0)
(1479.16060481766 0 0)
(1564.81577481158 0 0)
(1650.6521586612 0 0)
(1736.68535058797 0 0)
(1822.91577541777 0 0)
(1909.3436358284 0 0)
(1995.97789188549 0 0)
(2082.99216513624 0 0)
(2170.17887231194 0 0)
(2257.76129823375 0 0)
(2346.58959294911 0 0)
(2435.35016090096 0 0)
(2524.05933969624 0 0)
(2613.06771700924 0 0)
(2702.35785466138 0 0)
(2792.00130834993 0 0)
(2881.94790815421 0 0)
(2972.26330830621 0 0)
(3062.90499184707 0 0)
(3153.93098851699 0 0)
(3245.30275416897 0 0)
(3337.0735425351 0 0)
(3429.21302400419 0 0)
(3521.76959659135 0 0)
(3614.71858706534 0 0)
(3708.10296712523 0 0)
(3801.90394024449 0 0)
(3896.15938169549 0 0)
(3990.85600075405 0 0)
(4086.02715277964 0 0)
(4181.66472073538 0 0)
(4277.79787118447 0 0)
(4374.42354338206 0 0)
(4471.56704342906 0 0)
(4569.22932273383 0 0)
(4667.43297999012 0 0)
(4766.18270176573 0 0)
(4865.49842350907 0 0)
(4965.38826169875 0 0)
(5065.8700590576 0 0)
(5166.95493722969 0 0)
(5268.6591865379 0 0)
(5370.99619334781 0 0)
(5473.98150322698 0 0)
(5577.63048077277 0 0)
(5681.95792200663 0 0)
(5786.98125185627 0 0)
(5892.71504790405 0 0)
(5999.17801780265 0 0)
(6106.38485461773 0 0)
(6214.3558422253 0 0)
(6323.10588654489 0 0)
(6432.65655688747 0 0)
(6543.02329827545 0 0)
(6654.22886959509 0 0)
(6766.28942411771 0 0)
(6879.22893720165 0 0)
(6993.06442992724 0 0)
(7107.82101293237 0 0)
(7223.51660287673 0 0)
(7340.1776821681 0 0)
(7457.82329954833 0 0)
(7576.48111786137 0 0)
(7696.17145381861 0 0)
(7816.92337616392 0 0)
(7938.75850281143 0 0)
(8061.7074396252 0 0)
(8185.79321263494 0 0)
(8311.04811549086 0 0)
(8437.49673647846 0 0)
(8565.1731304195 0 0)
(8694.10359978133 0 0)
(8824.32413054128 0 0)
(8955.86280929822 0 0)
(9088.75782411058 0 0)
(9223.03945569667 0 0)
(9358.74797111766 0 0)
(9495.91575712476 0 0)
(9634.58576801857 0 0)
(9774.79291488012 0 0)
(9916.58265377708 0 0)
(10059.9924199534 0 0)
(10205.0707599208 0 0)
(10351.8581233835 0 0)
(10500.4062631494 0 0)
(10650.7588246612 0 0)
(10802.9711599973 0 0)
(10957.090488588 0 0)
(11113.1761180698 0 0)
(11271.2791165867 0 0)
(11431.4629564816 0 0)
(11593.7831033063 0 0)
(11758.3079918123 0 0)
(11925.0979456859 0 0)
(12094.2266639137 0 0)
(12265.7598538058 0 0)
(12439.7771526004 0 0)
(12616.3503136819 0 0)
(12795.5656323755 0 0)
(12977.5016725398 0 0)
(13162.2521532644 0 0)
(13349.9031822736 0 0)
(13540.5566221042 0 0)
(13734.3069230373 0 0)
(13931.2650413371 0 0)
(14131.5347029221 0 0)
(14335.2369859264 0 0)
(14542.4862561361 0 0)
(14753.415297682 0 0)
(14968.1506547503 0 0)
(15186.8383078896 0 0)
(15409.618563382 0 0)
(15636.6524003587 0 0)
(15868.0958645183 0 0)
(16104.1271255593 0 0)
(16344.9202879735 0 0)
(16590.6730826066 0 0)
(16841.5802932302 0 0)
(17097.8622689384 0 0)
(17359.7378312458 0 0)
(17627.4535958756 0 0)
(17901.2564661569 0 0)
(18181.4238175945 0 0)
(18468.2356530756 0 0)
(18762.0061213353 0 0)
(19063.0562896606 0 0)
(19371.7552998988 0 0)
(19688.5746695437 0 0)
(20014.3539200884 0 0)
(20349.9655836068 0 0)
(20695.7750853195 0 0)
(21051.9702017029 0 0)
(21419.0834744378 0 0)
(21797.7850022574 0 0)
(22188.7201827733 0 0)
(22592.5445152164 0 0)
(23010.0373789175 0 0)
(23442.0486731466 0 0)
(23889.5101922161 0 0)
(24353.4174738666 0 0)
(24834.8909226133 0 0)
(25335.1510635174 0 0)
(25855.5693725519 0 0)
(26397.7102570165 0 0)
(26963.5018360627 0 0)
(27555.0457045011 0 0)
(28174.5054774155 0 0)
(28824.3719328254 0 0)
(29507.9788570922 0 0)
(30228.804295627 0 0)
(30989.2015322151 0 0)
(31791.0994895729 0 0)
(32637.7942343576 0 0)
(33534.2159060023 0 0)
(34486.2300183768 0 0)
(35498.7682511231 0 0)
(36574.404341473 0 0)
(37716.3414277269 0 0)
(38932.1647621797 0 0)
(40232.9374394858 0 0)
(41630.9560582335 0 0)
(43138.9998651067 0 0)
(44771.1148227388 0 0)
(46543.4966827898 0 0)
(48466.2242903843 0 0)
(50538.9646685938 0 0)
(52766.1392188656 0 0)
(55170.9204835623 0 0)
(57795.4743506634 0 0)
(60681.9199858679 0 0)
(63857.5885703684 0 0)
(67346.782789655 0 0)
(71178.2804967068 0 0)
(75379.8927826593 0 0)
(79989.836841602 0 0)
(85058.032795472 0 0)
(90635.1834753197 0 0)
(96776.9904740266 0 0)
(103536.325534114 0 0)
(110964.185433859 0 0)
(119107.701441317 0 0)
(128007.029476671 0 0)
(137700.491974507 0 0)
(148217.411329989 0 0)
(159580.287495286 0 0)
(171797.855264982 0 0)
(184863.222180124 0 0)
(198758.603675803 0 0)
(213449.431992644 0 0)
(228889.671148285 0 0)
(245027.463676169 0 0)
(261801.896211595 0 0)
(279147.601988297 0 0)
(297003.753133142 0 0)
(315313.563615858 0 0)
(334021.790848807 0 0)
(353078.32437416 0 0)
(372441.308430382 0 0)
(392078.116474179 0 0)
(411962.984041507 0 0)
(432073.422824131 0 0)
(452389.772258566 0 0)
(472896.259745905 0 0)
(493580.901694202 0 0)
(514434.869904865 0 0)
(535451.571578961 0 0)
(556625.818586246 0 0)
(577952.479547856 0 0)
(599425.302096549 0 0)
(621036.966425513 0 0)
(642779.464149017 0 0)
(664643.858127835 0 0)
(686620.56958864 0 0)
(708699.762255541 0 0)
(730870.906000308 0 0)
(753122.172040011 0 0)
(775440.808817653 0 0)
(797813.64713034 0 0)
(820226.513146673 0 0)
(842664.031222973 0 0)
(865109.980053346 0 0)
(887547.400411769 0 0)
(909958.433606656 0 0)
(932324.902032982 0 0)
(954629.588279128 0 0)
(976856.550050488 0 0)
(998990.574924575 0 0)
(1021017.38799702 0 0)
(1042924.53628691 0 0)
(1064701.90767698 0 0)
(1086339.50681505 0 0)
(1107836.35273577 0 0)
(1129141.72637922 0 0)
)
;

boundaryField
{
    electrode
    {
        type            calculated;
        value           uniform (-1139691.71430785 0 0);
    }
    ground
    {
        type            calculated;
        value           uniform (1139733.39818991 0 0);
    }
    otherfaces
    {
        type            empty;
    }
}


// ************************************************************************* //
