/*--------------------------------*- C++ -*----------------------------------*\
| =========                 |                                                 |
| \\      /  F ield         | foam-extend: Open Source CFD                    |
|  \\    /   O peration     | Version:     4.1                                |
|   \\  /    A nd           | Web:         http://www.foam-extend.org         |
|    \\/     M anipulation  |                                                 |
\*---------------------------------------------------------------------------*/
FoamFile
{
    version     2.0;
    format      ascii;
    class       volScalarField;
    location    "1.50099999934947e-05";
    object      electronMean;
}
// * * * * * * * * * * * * * * * * * * * * * * * * * * * * * * * * * * * * * //

dimensions      [0 -3 0 0 0 0 0];

internalField   nonuniform List<scalar> 
500
(
4.19616062016876e+15
5.58668712483283e+15
7.31758180810908e+15
9.44326930274845e+15
1.20203787982994e+16
1.51063787906726e+16
1.87581847841394e+16
2.30307069711529e+16
2.79754931508866e+16
3.3639567098478e+16
4.00645341570358e+16
4.72860749111876e+16
5.53338629586409e+16
6.42318888876052e+16
7.3999183089058e+16
8.46509066700023e+16
9.61997139601908e+16
1.08657317245188e+17
1.22036211473716e+17
1.3635149501451e+17
1.51622701986924e+17
1.6787563156206e+17
1.85144191544383e+17
2.03472241935179e+17
2.22915485817382e+17
2.43543380434229e+17
2.65441183100379e+17
2.88712060513853e+17
3.13479234561749e+17
3.39888372958015e+17
3.68110360399118e+17
3.98344213034868e+17
4.30819767854655e+17
4.65799830067562e+17
5.03580805832829e+17
5.44490605270248e+17
5.88882497483547e+17
6.37124360547575e+17
6.895828581496e+17
7.46601923743489e+17
8.08475357252045e+17
8.75415073799593e+17
9.47519557900431e+17
1.02474876379547e+18
1.10690805528565e+18
1.19364325923039e+18
1.28445210070742e+18
1.37871109563254e+18
1.47571144267318e+18
1.57470212314473e+18
1.6749336454788e+18
1.7756949738283e+18
1.87634451779362e+18
1.97633142767577e+18
2.07520760610627e+18
2.17262940915137e+18
2.26834885689594e+18
2.36220057585753e+18
2.4540845744618e+18
2.54395136545458e+18
2.63178914738859e+18
2.7176176220023e+18
2.8014900399043e+18
2.88348778432037e+18
2.96371363071176e+18
3.04228318820868e+18
3.1193005000972e+18
3.19483793406993e+18
3.26894595641181e+18
3.34168073059506e+18
3.41312055520912e+18
3.48335716981398e+18
3.55247829475715e+18
3.62056162928755e+18
3.68767524000683e+18
3.75387654438646e+18
3.81921182685298e+18
3.88371958013682e+18
3.94743760646682e+18
4.01040685871733e+18
4.07266805039479e+18
4.13425726373394e+18
4.19520548946519e+18
4.25554105329612e+18
4.31529242928752e+18
4.37448822376393e+18
4.43315445112824e+18
4.49131321590451e+18
4.5489837092883e+18
4.6061831111815e+18
4.6629266019906e+18
4.71922733507522e+18
4.77509686820411e+18
4.83054560418209e+18
4.88558298295631e+18
4.94021760480412e+18
4.99445734077752e+18
5.04830940632812e+18
5.10178039650783e+18
5.15487636736834e+18
5.20760299153722e+18
5.25996559360543e+18
5.31196898691097e+18
5.3636176421471e+18
5.41491641041752e+18
5.4658704533404e+18
5.51648394683993e+18
5.56675954064437e+18
5.6166990448209e+18
5.66630398044779e+18
5.71557569839002e+18
5.76451540098458e+18
5.81312415294592e+18
5.86140289139946e+18
5.90935243449376e+18
5.95697348983647e+18
6.00426666177502e+18
6.05123245868645e+18
6.09787129924862e+18
6.14418351876531e+18
6.19016937446285e+18
6.23582905101014e+18
6.28116266512216e+18
6.32617027030846e+18
6.37085186084892e+18
6.41520737607425e+18
6.45923670383521e+18
6.50293968421466e+18
6.54631611259444e+18
6.58936574300038e+18
6.63208829066139e+18
6.67448343491943e+18
6.71655082157411e+18
6.75829006567098e+18
6.79970075354345e+18
6.84078244513593e+18
6.88153467585782e+18
6.92195695865623e+18
6.96204878561123e+18
7.00180962983488e+18
7.04123894688139e+18
7.08033617642992e+18
7.11910074352368e+18
7.15753206011729e+18
7.19562952612613e+18
7.23339253089303e+18
7.27082045407438e+18
7.30791266695479e+18
7.34466853327076e+18
7.38108741039421e+18
7.41716865003711e+18
7.45291159935823e+18
7.48831560157835e+18
7.52337999699553e+18
7.55810412357342e+18
7.59248731778287e+18
7.62652891516222e+18
7.66022825111745e+18
7.69358466143071e+18
7.72659748296893e+18
7.75926605412877e+18
7.79158971554182e+18
7.82356781044024e+18
7.85519968533588e+18
7.88648469027906e+18
7.91742217938795e+18
7.94801151118297e+18
7.97825204908662e+18
8.00814316157661e+18
8.03768422269409e+18
8.06687461222294e+18
8.09571371620005e+18
8.12420092708999e+18
8.15233564424783e+18
8.18011727402137e+18
8.20754523024333e+18
8.23461893423308e+18
8.26133781537458e+18
8.28770131100424e+18
8.31370886711658e+18
8.33935993799235e+18
8.36465398712872e+18
8.38959048659992e+18
8.41416891826304e+18
8.43838877274647e+18
8.46224955103343e+18
8.48575076297486e+18
8.50889192940497e+18
8.53167258004618e+18
8.55409225623552e+18
8.57615050811295e+18
8.59784689816437e+18
8.61918099744789e+18
8.64015239015701e+18
8.66076066873769e+18
8.68100543962586e+18
8.70088631708054e+18
8.72040293023726e+18
8.73955491554702e+18
8.75834192528537e+18
8.77676361847807e+18
8.79481967092885e+18
8.81250976459776e+18
8.82983359913999e+18
8.84679087971458e+18
8.86338133002474e+18
8.87960467874748e+18
8.89546067398814e+18
8.91094906841826e+18
8.92606963490354e+18
8.94082215057272e+18
8.95520641340879e+18
8.96922222552292e+18
8.98286941021487e+18
8.99614779473278e+18
9.00905722770674e+18
9.02159756206632e+18
9.03376867224845e+18
9.04557043754401e+18
9.0570027606573e+18
9.06806554767318e+18
9.0787585878656e+18
9.08908061738494e+18
9.09902975242506e+18
9.10860832119955e+18
9.11781938745338e+18
9.12666273416827e+18
9.13513810320698e+18
9.14324545144154e+18
9.1509846911303e+18
9.15835576050938e+18
9.16535861819299e+18
9.17199322818634e+18
9.17825955547695e+18
9.18415756432292e+18
9.18968721858803e+18
9.1948484816362e+18
9.1996413171982e+18
9.20406568939046e+18
9.20812156362188e+18
9.21180890669174e+18
9.21512768749998e+18
9.21807787724367e+18
9.22065945026303e+18
9.22287238449504e+18
9.22471666373229e+18
9.22619228371395e+18
9.22729926037729e+18
9.22803752647367e+18
9.2284066067541e+18
9.22840733334793e+18
9.22803970786364e+18
9.22730289751792e+18
9.22619737483509e+18
9.22472320843779e+18
9.22288038221892e+18
9.2206689003314e+18
9.21808877879839e+18
9.21514003954383e+18
9.21182270810565e+18
9.2081368131363e+18
9.20408238560787e+18
9.1996594586121e+18
9.19486806662181e+18
9.18970824535982e+18
9.18418003099716e+18
9.17828346003288e+18
9.17201856848438e+18
9.16538539194179e+18
9.15838396532455e+18
9.15101432449236e+18
9.14327651048369e+18
9.13517058474921e+18
9.12669663741178e+18
9.11785471116898e+18
9.10864506133256e+18
9.09906791135945e+18
9.0891201984717e+18
9.07879958446735e+18
9.06810795170401e+18
9.05704656757445e+18
9.0456156432025e+18
9.03381527232886e+18
9.02164555206073e+18
9.00910660291599e+18
8.99619855029334e+18
8.98292154105809e+18
8.96927572637985e+18
8.95526127882378e+18
8.94087837491912e+18
8.92612721236035e+18
8.91100799298446e+18
8.8955209394792e+18
8.87966627879178e+18
8.86344425806585e+18
8.8468551290127e+18
8.82989916277026e+18
8.8125766354441e+18
8.79488784170567e+18
8.77683308169424e+18
8.75841267326891e+18
8.7396269404527e+18
8.7204762240266e+18
8.70096087152368e+18
8.68108124631563e+18
8.66083771908251e+18
8.64023067537678e+18
8.61926050857838e+18
8.59792762605549e+18
8.57623244342802e+18
8.55417538945563e+18
8.53175690146348e+18
8.50897742913547e+18
8.48583743094019e+18
8.4623373769742e+18
8.43847774623646e+18
8.41425902866139e+18
8.38968172309874e+18
8.36474633873858e+18
8.33945339354418e+18
8.31380341524379e+18
8.28779694017835e+18
8.26143451386253e+18
8.2347166901355e+18
8.20764403147929e+18
8.18021710832203e+18
8.15243649916661e+18
8.12430279000305e+18
8.0958165743027e+18
8.06697845252179e+18
8.03778903204122e+18
8.00824892662961e+18
7.97835875632447e+18
7.94811914691437e+18
7.9175307297441e+18
7.88659414121437e+18
7.85531002263599e+18
7.82367901969985e+18
7.79170178220615e+18
7.75937896345484e+18
7.72671122004791e+18
7.69369921118122e+18
7.66034359829321e+18
7.62664504433998e+18
7.59260421338159e+18
7.55822176984459e+18
7.52349837801833e+18
7.48843470127062e+18
7.4530314014795e+18
7.41728913817779e+18
7.38120856799058e+18
7.34479034360031e+18
7.30803511313231e+18
7.27094351906174e+18
7.23351619749479e+18
7.19575377699914e+18
7.15765687775361e+18
7.11922611028642e+18
7.08046207452058e+18
7.0413653583547e+18
7.0019365366049e+18
6.96217616944574e+18
6.92208480118984e+18
6.88166295858439e+18
6.8409111494013e+18
6.79982986056511e+18
6.75841955655333e+18
6.71668067726459e+18
6.67461363624929e+18
6.63221881834716e+18
6.58949657762404e+18
6.54644723462521e+18
6.50307107399355e+18
6.45936834161034e+18
6.41533924196092e+18
6.37098393486217e+18
6.32630253235024e+18
6.28129509501667e+18
6.23596162845582e+18
6.19030207907727e+18
6.14431633006941e+18
6.09800419668154e+18
6.05136542159578e+18
6.00439966943328e+18
5.95710652143646e+18
5.90948546916904e+18
5.86153590820265e+18
5.81325713087654e+18
5.764648318982e+18
5.71570853536037e+18
5.66643671523205e+18
5.61683165623911e+18
5.56689200749715e+18
5.51661624796824e+18
5.46600256826044e+18
5.41504832026143e+18
5.36374932919905e+18
5.31210043273085e+18
5.26009677870282e+18
5.20773389629346e+18
5.15500697236788e+18
5.10191068225865e+18
5.04843935325387e+18
4.99458692937442e+18
4.94034681570869e+18
4.88571179693892e+18
4.83067400213363e+18
4.7752248312428e+18
4.71935484457379e+18
4.66305363963775e+18
4.60630965929381e+18
4.54910975116686e+18
4.49143873575628e+18
4.43327943372425e+18
4.37461265467513e+18
4.31541629564952e+18
4.25566434339913e+18
4.19532819080622e+18
4.13437936238653e+18
4.07278953255126e+18
4.01052771233328e+18
3.94755782165866e+18
3.88383914629737e+18
3.81933072838449e+18
3.75399476203407e+18
3.68779275678797e+18
3.62067843407323e+18
3.55259438193321e+18
3.48347253748173e+18
3.41323520412688e+18
3.34179466255276e+18
3.26905916615352e+18
3.19495039984151e+18
3.11941218817222e+18
3.04239406903652e+18
2.96382369038876e+18
2.88359701824257e+18
2.8015984344274e+18
2.71772514665892e+18
2.63189575426802e+18
2.54405698441688e+18
2.45418911430943e+18
2.36230392535216e+18
2.26845087784308e+18
2.17272992907791e+18
2.07530641169084e+18
1.97642826221974e+18
1.87643908247338e+18
1.775786932474e+18
1.67502263392831e+18
1.57478776184567e+18
1.47579335443361e+18
1.37878892677581e+18
1.28452554445765e+18
1.19371207772991e+18
1.10697209528843e+18
1.02480796620979e+18
9.47573959300947e+17
8.75464798626983e+17
8.08520603768356e+17
7.4664294631143e+17
6.89619947519232e+17
6.37157824761169e+17
5.88912645882308e+17
5.44517736550997e+17
5.03605199995845e+17
4.65821743759683e+17
4.30839432482508e+17
3.98361835041908e+17
3.68126122899765e+17
3.39902438114089e+17
3.13491746202011e+17
2.887231467972e+17
2.65450959051895e+17
2.43551950224093e+17
2.22922944750792e+17
2.034786781696e+17
1.85149687617352e+17
1.67880265695271e+17
1.51626549122618e+17
1.36354627571485e+17
1.22038699883682e+17
1.08659230301282e+17
9.62011189279635e+16
8.46518691637217e+16
7.3999766774759e+16
6.42321550447125e+16
5.53338699176147e+16
4.72858773983223e+16
4.00641826345014e+16
3.36391071408463e+16
2.79749649324298e+16
2.30301449037169e+16
1.87576173416211e+16
1.51058285475707e+16
1.20198626834991e+16
9.44279902372825e+15
7.31716443281834e+15
5.58632577691022e+15
4.19585526709934e+15
)
;

boundaryField
{
    electrode
    {
        type            calculated;
        value           uniform 3.64489282624127e+15;
    }
    ground
    {
        type            calculated;
        value           uniform 3.6446141569451e+15;
    }
    otherfaces
    {
        type            empty;
    }
}


// ************************************************************************* //
