/*--------------------------------*- C++ -*----------------------------------*\
| =========                 |                                                 |
| \\      /  F ield         | foam-extend: Open Source CFD                    |
|  \\    /   O peration     | Version:     4.1                                |
|   \\  /    A nd           | Web:         http://www.foam-extend.org         |
|    \\/     M anipulation  |                                                 |
\*---------------------------------------------------------------------------*/
FoamFile
{
    version     2.0;
    format      ascii;
    class       volScalarField;
    location    "1.50099999934947e-05";
    object      powerDissipatedIonMean;
}
// * * * * * * * * * * * * * * * * * * * * * * * * * * * * * * * * * * * * * //

dimensions      [1 -1 -3 0 0 0 0];

internalField   nonuniform List<scalar> 
500
(
481862231.471031
472719788.081016
463595981.720683
454260790.356146
444989786.390425
435548899.146313
426178026.601538
416649522.957032
407177020.20629
397567110.695817
388040929.131372
378398347.277791
368822958.334773
359152250.957514
349584028.62719
339945087.896479
330393327.188543
320788691.022532
311290920.976961
301755037.840616
292318565.571676
282863196.210164
273519057.380693
264169170.077849
254924128.009943
245683494.889068
236554365.390291
227450782.276127
218457231.825867
209491730.861563
200635083.090403
191820411.797
183117810.317393
174470998.667993
165948727.48149
157511318.726983
149215680.204725
141030017.686099
133011219.203816
125146229.803191
117495488.83787
110052182.673343
102866851.293648
95946096.5782035
89338936.9493198
83047327.8343271
77108350.9299535
71522777.594128
66310461.0990657
61463373.4960035
56986705.689203
52862673.6052046
49084610.494726
45630000.9880353
42485925.6896134
39627043.6438374
37035519.7817506
34683825.9388382
32551930.4093955
30613770.6890121
28851323.9951055
27244862.4930489
25784875.6476839
24456644.4821882
23251711.7305774
22156189.2316183
21153989.0862632
20225429.4746657
19362165.2967449
18560810.4593613
17822799.762664
17142571.8228506
16514481.2538924
15931368.385827
15388958.873731
14880986.1633114
14403846.2520798
13953372.9642591
13529173.300101
13129247.6166112
12752430.4562723
12395433.0921814
12057036.1767999
11735081.745862
11429533.2541348
11138676.5697353
10861803.363258
10596852.8632658
10343479.1288663
10100149.3272096
9866643.63267411
9641570.94644815
9424896.42564579
9215494.12088754
9013437.50196872
8817737.57946545
8628528.16447257
8444927.88967413
8267100.21631729
8094253.78025241
7926601.55549583
7763432.45504588
7604929.71160532
7450451.79311434
7300342.73294569
7154049.55820894
7011636.08697031
6872393.94337524
6736520.93130058
6603511.12050823
6473600.56096465
6346323.67910631
6221913.16447072
6099935.7130975
5980618.88191755
5863558.38628284
5748975.71769396
5636492.94554478
5526324.91087308
5418117.75457879
5312079.26717838
5207877.66161679
5105713.44495025
5005275.16684532
4906755.9390513
4809863.09427406
4714782.29138895
4621238.26856083
4529409.27827012
4439036.23868742
4350290.0449238
4262926.64620153
4177109.68457447
4092609.14963273
4009581.59143185
3927810.15764445
3847444.48794088
3768280.06633034
3690459.79592551
3613790.72930888
3538409.2032797
3464133.12555559
3391092.45294899
3319115.30706371
3248325.46248745
3178560.66078942
3109938.6947673
3042306.38236553
2975775.73607866
2910202.14353714
2845692.03500838
2782108.89736355
2719553.7773918
2657897.82961339
2597236.92010177
2537449.45802075
2478626.3033448
2420652.74978029
2363614.86162975
2307404.44699522
2252102.93736297
2197608.34106777
2143997.64946908
2091174.73754498
2039212.32890897
1988019.88099752
1937666.01416253
1888065.48681056
1839282.98276681
1791238.30042924
1743992.34125927
1697469.70261906
1651727.66311104
1606695.36709287
1562426.62387241
1518854.91934707
1476030.72194249
1433891.65162533
1392484.98094806
1351752.26679033
1311737.707482
1272386.62091032
1233740.2507018
1195747.51191453
1158446.80063102
1121790.47726156
1085814.18312601
1050473.59683247
1015801.69338938
981757.34124762
948370.923579695
915604.403660621
883485.636105328
851979.567893006
821111.590994457
790849.56325121
761216.445679478
732182.949159234
703769.641259106
675950.01181619
648742.275969519
622122.639798494
596107.023317134
570674.261703723
545838.013555708
521579.704304584
497910.791001047
474815.183477839
452302.211898514
430358.193764386
408990.398228408
388187.442913268
367954.628074624
348282.725886937
329175.211268883
310625.028163234
292634.047414979
275196.964461151
258313.915184729
241981.426665862
226198.161668234
210958.906941414
196238.544974368
182032.267012517
168448.862316667
155412.219168454
142906.663287816
130944.477827024
119513.793847535
108610.388796157
98235.9438950758
88387.7351090036
79065.9283062225
70268.0333578631
61993.8675197902
54241.474194346
47010.4756475463
40299.4039788032
34107.7494153655
28434.4613575035
23278.9560040708
18640.5256433779
14518.5670030881
10912.6459307412
7822.19558461506
5246.99223615432
3186.57608074336
1640.84413178547
609.228308230506
91.7036565942466
88.7465609064444
600.364376894272
1626.07455084428
3165.90772858502
5220.41925447147
7789.7313994372
10874.285664726
14474.3288217375
18590.4037537647
23222.9729192833
28372.6108031862
34040.0578436813
40225.8646140134
46931.1191513453
54156.2937288229
61902.8964746384
70171.2656639629
78963.4011038959
88279.4425113301
98121.9264162695
108490.64333118
119388.378569387
130813.393555509
142769.637286345
155269.550857874
168300.599647005
181878.117658047
196078.904461242
210793.799008217
226027.544719247
241805.288498908
258132.313363021
275009.910432368
292441.589450473
310427.172351179
328972.015484174
348074.220449521
367740.887209183
387968.480107335
408766.275927028
430128.936773875
452067.882124622
474575.813962451
497666.445514074
521330.423350431
545583.857633397
570415.269937975
595843.262761924
621854.156498362
648469.144188656
675672.275014268
703487.37090663
731896.199094394
760925.287759769
790554.051787414
820811.80173743
851675.561203843
883177.49149128
915292.184736448
948054.707572128
981437.193011407
1015477.69729088
1050145.81751229
1085482.71240386
1121455.38696553
1158108.18039142
1195405.43361774
1233394.80877305
1272037.88829731
1311385.78367254
1351397.22840238
1392126.93089717
1433530.66829318
1475666.9119557
1518488.36553311
1562057.43822179
1606323.62906142
1651353.4866696
1697093.17640055
1743613.57960835
1790857.38769295
1838900.04198108
1887680.60747309
1937279.32032089
1987631.46347292
2038822.31616849
2090783.22184969
2143604.76289857
2197214.1794074
2251707.63528756
2307008.09418721
2363217.60198827
2420254.68251904
2478227.56468785
2537050.14191643
2596837.17886143
2657497.76356179
2719153.53220831
2781708.56962102
2845291.78014154
2909802.06237047
2975375.98582776
3041907.06223291
3109539.96680526
3178162.62796493
3247928.29397984
3318719.10558367
3390697.38266286
3463739.28121781
3538016.75289786
3613399.76821367
3690070.49162185
3767892.51053363
3847058.85301577
3927426.53712493
4009200.16133819
4092230.00102839
4176732.99689023
4262552.51194065
4349918.64937192
4438667.67241021
4529043.72878189
4620875.82492197
4714423.14221545
4809507.32207046
4906403.73105358
5004926.60012126
5105368.70925598
5207536.82925131
5311742.52643635
5417785.16869809
5525996.67232144
5636169.11872594
5748656.50292474
5863243.843913
5980309.20951255
6099630.95603639
6221613.51643509
6346029.17651826
6473311.39605775
6603227.31466803
6736242.66443332
6872121.21005631
7011369.02682807
7153787.89427656
7300086.29889063
7450200.66124144
7604684.39121827
7763193.02622001
7926368.21232665
8094026.5467906
8266879.38224868
8444713.45324017
8628320.35034246
8817536.3418593
9013243.07159978
9215306.42408391
9424715.68302405
9641397.05219432
9866476.79119601
10099989.2639702
10343325.8830149
10596706.2076447
10861663.5031286
11138543.0491043
11429405.9714622
11734960.5556154
12056921.8003631
12395325.391817
12752329.2983159
13129152.0309447
13529083.020959
13953288.6099477
14403769.8719984
14880917.3338386
15388896.0457421
15931308.8206893
16514423.373146
17142513.5475629
17822739.776624
18560747.9753306
19362104.7597186
20225375.1136602
21153940.5776741
22156138.3954834
23251650.0049123
24456568.2686191
25784787.7257939
27244762.0416501
28851212.9723451
30613650.2339905
32551800.1825232
34683684.7917303
37035369.3103355
39626887.5805069
42485772.3307269
45629861.5997094
49084499.9548968
52862610.2469616
56986713.4939518
61463482.1093985
66310708.0158464
71523205.4245752
77109008.370069
83048265.7772606
89340214.446116
95947768.668823
102868976.342924
110054817.501845
117498688.248283
125150039.39089
133015686.285036
141035181.876807
149221579.857606
157517981.678961
165956183.757827
174479268.783377
183126920.28382
191830375.687389
200645921.572543
209503454.030226
218469857.947478
227464317.496178
236568828.548262
245698889.704442
254940469.432305
264186456.727057
273537303.004318
282882402.066013
292338747.302196
301776185.940028
311313044.757481
320811788.218618
330417412.172535
339970142.03724
349610059.202501
359179253.719316
368850941.537589
378427279.960579
388070815.764821
397597942.109896
407208804.44679
416682223.614296
426211644.294895
435583419.581751
445025220.730919
454297103.156811
463633166.666092
472757826.012988
481901139.270673
)
;

boundaryField
{
    electrode
    {
        type            calculated;
        value           uniform 486400837.170734;
    }
    ground
    {
        type            calculated;
        value           uniform 486440165.73122;
    }
    otherfaces
    {
        type            empty;
    }
}


// ************************************************************************* //
