/*--------------------------------*- C++ -*----------------------------------*\
| =========                 |                                                 |
| \\      /  F ield         | foam-extend: Open Source CFD                    |
|  \\    /   O peration     | Version:     4.1                                |
|   \\  /    A nd           | Web:         http://www.foam-extend.org         |
|    \\/     M anipulation  |                                                 |
\*---------------------------------------------------------------------------*/
FoamFile
{
    version     2.0;
    format      ascii;
    class       volVectorField;
    location    "1.50099999934947e-05";
    object      term4;
}
// * * * * * * * * * * * * * * * * * * * * * * * * * * * * * * * * * * * * * //

dimensions      [0 -2 -2 0 0 0 0];

internalField   nonuniform List<vector> 
500
(
(6.1663858658242e+23 0 0)
(1.04690768865919e+24 0 0)
(8.61338820818251e+23 0 0)
(9.30021371056273e+23 0 0)
(9.57553060782927e+23 0 0)
(9.95246255965466e+23 0 0)
(1.03140566951388e+24 0 0)
(1.07042428952577e+24 0 0)
(1.1135237337372e+24 0 0)
(1.1590589749074e+24 0 0)
(1.20538031830135e+24 0 0)
(1.25558379737733e+24 0 0)
(1.3120290541418e+24 0 0)
(1.37328172582851e+24 0 0)
(1.43886845457826e+24 0 0)
(1.51154257629974e+24 0 0)
(1.59151410388522e+24 0 0)
(1.67673670629805e+24 0 0)
(1.76655328637446e+24 0 0)
(1.86438065575857e+24 0 0)
(1.97097008500932e+24 0 0)
(2.0846819423344e+24 0 0)
(2.20604125249873e+24 0 0)
(2.3385795798287e+24 0 0)
(2.48407942808357e+24 0 0)
(2.64253719731126e+24 0 0)
(2.81603283396361e+24 0 0)
(3.00745384145496e+24 0 0)
(3.21642954609841e+24 0 0)
(3.44114889301058e+24 0 0)
(3.6815804249531e+24 0 0)
(3.93870599999714e+24 0 0)
(4.21415296737791e+24 0 0)
(4.51051002882139e+24 0 0)
(4.83228962426003e+24 0 0)
(5.18038045493342e+24 0 0)
(5.54600197357086e+24 0 0)
(5.92328338483017e+24 0 0)
(6.31235965145463e+24 0 0)
(6.71671831262553e+24 0 0)
(7.13747231864926e+24 0 0)
(7.55722771510758e+24 0 0)
(7.96082998101301e+24 0 0)
(8.35862196404639e+24 0 0)
(8.74333134115267e+24 0 0)
(9.09051333503361e+24 0 0)
(9.40467643369711e+24 0 0)
(9.68584381201885e+24 0 0)
(9.9106990216185e+24 0 0)
(1.00965530124633e+25 0 0)
(1.02338674183756e+25 0 0)
(1.03147287201138e+25 0 0)
(1.03523659084936e+25 0 0)
(1.03386452157106e+25 0 0)
(1.0303437315352e+25 0 0)
(1.02420796137869e+25 0 0)
(1.0164642875737e+25 0 0)
(1.00749136054495e+25 0 0)
(9.95978848957648e+24 0 0)
(9.83450814774399e+24 0 0)
(9.67094355115029e+24 0 0)
(9.50009517005026e+24 0 0)
(9.34396181346989e+24 0 0)
(9.18548387358892e+24 0 0)
(9.05811438370219e+24 0 0)
(8.9699542627405e+24 0 0)
(8.86661573178129e+24 0 0)
(8.71482098609839e+24 0 0)
(8.53354685175532e+24 0 0)
(8.37122826968844e+24 0 0)
(8.24855561300291e+24 0 0)
(8.14133479517268e+24 0 0)
(8.03595792117523e+24 0 0)
(7.93635302052065e+24 0 0)
(7.84139362218386e+24 0 0)
(7.74656799999986e+24 0 0)
(7.64557133561129e+24 0 0)
(7.54102321465729e+24 0 0)
(7.44649713921464e+24 0 0)
(7.3635318846123e+24 0 0)
(7.28309694676616e+24 0 0)
(7.20301486745401e+24 0 0)
(7.12237798751356e+24 0 0)
(7.04501357049835e+24 0 0)
(6.97566413085243e+24 0 0)
(6.91072422106615e+24 0 0)
(6.84553015879048e+24 0 0)
(6.78198558743474e+24 0 0)
(6.72053858136463e+24 0 0)
(6.66112668028241e+24 0 0)
(6.60259778327177e+24 0 0)
(6.54508087168889e+24 0 0)
(6.48871873256957e+24 0 0)
(6.43354458711424e+24 0 0)
(6.37928984658712e+24 0 0)
(6.3260896519354e+24 0 0)
(6.27375275501639e+24 0 0)
(6.22233736029013e+24 0 0)
(6.17148793745642e+24 0 0)
(6.12143180195159e+24 0 0)
(6.07230183107175e+24 0 0)
(6.02398699554484e+24 0 0)
(5.97548756623584e+24 0 0)
(5.9278205165843e+24 0 0)
(5.88305925002066e+24 0 0)
(5.83896977445005e+24 0 0)
(5.79365472990636e+24 0 0)
(5.74888364954141e+24 0 0)
(5.70438029869961e+24 0 0)
(5.66025388498649e+24 0 0)
(5.6163266227256e+24 0 0)
(5.57273794576162e+24 0 0)
(5.52931902679228e+24 0 0)
(5.48620776742233e+24 0 0)
(5.44324029951517e+24 0 0)
(5.40055245880773e+24 0 0)
(5.35798505390013e+24 0 0)
(5.31567263585806e+24 0 0)
(5.27345987722845e+24 0 0)
(5.23147986450891e+24 0 0)
(5.18958107298642e+24 0 0)
(5.14789493323198e+24 0 0)
(5.1062736592238e+24 0 0)
(5.06484690676498e+24 0 0)
(5.02347050913511e+24 0 0)
(4.9822719536897e+24 0 0)
(4.94111056645454e+24 0 0)
(4.90011164160813e+24 0 0)
(4.85913782425179e+24 0 0)
(4.81831404619156e+24 0 0)
(4.7775127621631e+24 0 0)
(4.73685691077251e+24 0 0)
(4.69621228812511e+24 0 0)
(4.6556942902581e+24 0 0)
(4.61517560585895e+24 0 0)
(4.57477175839477e+24 0 0)
(4.53435987788657e+24 0 0)
(4.49405313259618e+24 0 0)
(4.45373220867136e+24 0 0)
(4.41350752321094e+24 0 0)
(4.37326345207232e+24 0 0)
(4.33310742304174e+24 0 0)
(4.29292756129789e+24 0 0)
(4.25282820886667e+24 0 0)
(4.21270119322597e+24 0 0)
(4.17264783351937e+24 0 0)
(4.132563643049e+24 0 0)
(4.09254676082782e+24 0 0)
(4.05249645261524e+24 0 0)
(4.01250755211365e+24 0 0)
(3.97248327071095e+24 0 0)
(3.93251492669394e+24 0 0)
(3.89250963410554e+24 0 0)
(3.85255531760681e+24 0 0)
(3.81256298494401e+24 0 0)
(3.77261692459752e+24 0 0)
(3.73263221952469e+24 0 0)
(3.69268942425932e+24 0 0)
(3.6527078145095e+24 0 0)
(3.61276403141239e+24 0 0)
(3.57278157490388e+24 0 0)
(3.53283326028552e+24 0 0)
(3.49284670130353e+24 0 0)
(3.45289076405389e+24 0 0)
(3.41289765762165e+24 0 0)
(3.37293200505416e+24 0 0)
(3.33293019319293e+24 0 0)
(3.29295264760465e+24 0 0)
(3.25294030132356e+24 0 0)
(3.21294918029083e+24 0 0)
(3.17292497580928e+24 0 0)
(3.13291924951902e+24 0 0)
(3.09288237930509e+24 0 0)
(3.05286132007361e+24 0 0)
(3.0128114187603e+24 0 0)
(2.97277470026778e+24 0 0)
(2.93271175773404e+24 0 0)
(2.89265937987757e+24 0 0)
(2.85258375952614e+24 0 0)
(2.81251598184449e+24 0 0)
(2.77242842086306e+24 0 0)
(2.73234577598583e+24 0 0)
(2.69224746190178e+24 0 0)
(2.65215065490615e+24 0 0)
(2.61204310404414e+24 0 0)
(2.57193302861592e+24 0 0)
(2.53181831666795e+24 0 0)
(2.49169593981462e+24 0 0)
(2.45157655278894e+24 0 0)
(2.41144291501602e+24 0 0)
(2.37132200063095e+24 0 0)
(2.33117797488423e+24 0 0)
(2.29105923326846e+24 0 0)
(2.25090576070515e+24 0 0)
(2.21079374629677e+24 0 0)
(2.17063145254375e+24 0 0)
(2.13053176683736e+24 0 0)
(2.09036140245699e+24 0 0)
(2.050280976374e+24 0 0)
(2.01010239262697e+24 0 0)
(1.97004990801023e+24 0 0)
(1.92986253997373e+24 0 0)
(1.88984554139944e+24 0 0)
(1.84965065150556e+24 0 0)
(1.80969194517607e+24 0 0)
(1.76949012067417e+24 0 0)
(1.72959674200142e+24 0 0)
(1.68937282673941e+24 0 0)
(1.64956128101189e+24 0 0)
(1.60929861922768e+24 0 0)
(1.56958019055163e+24 0 0)
(1.52926592345763e+24 0 0)
(1.48966845061291e+24 0 0)
(1.44926379237839e+24 0 0)
(1.40980761036816e+24 0 0)
(1.36931013730413e+24 0 0)
(1.33000260030312e+24 0 0)
(1.28934061325644e+24 0 0)
(1.25024859487032e+24 0 0)
(1.20931529145114e+24 0 0)
(1.17086098650478e+24 0 0)
(1.13476077965496e+24 0 0)
(1.08634567312134e+24 0 0)
(1.04664633081156e+24 0 0)
(1.01286712016797e+24 0 0)
(9.70508767568777e+23 0 0)
(9.31525120532878e+23 0 0)
(8.90780892133083e+23 0 0)
(8.51969093380147e+23 0 0)
(8.11155906757124e+23 0 0)
(7.72490257705985e+23 0 0)
(7.31707204690322e+23 0 0)
(6.93160655156845e+23 0 0)
(6.52332636692458e+23 0 0)
(6.13912622042353e+23 0 0)
(5.73013984994149e+23 0 0)
(5.34685648111872e+23 0 0)
(4.93787551500152e+23 0 0)
(4.55509163531238e+23 0 0)
(4.14623945394554e+23 0 0)
(3.76362958410264e+23 0 0)
(3.35507577750161e+23 0 0)
(2.97261942874782e+23 0 0)
(2.56454129677804e+23 0 0)
(2.18185269199553e+23 0 0)
(1.77568123225857e+23 0 0)
(1.38828425695721e+23 0 0)
(9.95921415030216e+22 0 0)
(6.42525502785729e+22 0 0)
(4.50730389123567e+21 0 0)
(-4.48165973083645e+21 0 0)
(-6.42258614593166e+22 0 0)
(-9.95635105384033e+22 0 0)
(-1.38802670025167e+23 0 0)
(-1.77541059138559e+23 0 0)
(-2.18162291407562e+23 0 0)
(-2.56428393700027e+23 0 0)
(-2.97229577608209e+23 0 0)
(-3.35483203549709e+23 0 0)
(-3.76338613940353e+23 0 0)
(-4.14593043656354e+23 0 0)
(-4.55486086570767e+23 0 0)
(-4.93767167833139e+23 0 0)
(-5.34652595033971e+23 0 0)
(-5.72987164412202e+23 0 0)
(-6.13889988922002e+23 0 0)
(-6.52306750670213e+23 0 0)
(-6.9314583188701e+23 0 0)
(-7.31670344540774e+23 0 0)
(-7.72449067625086e+23 0 0)
(-8.11156576847618e+23 0 0)
(-8.51921440317722e+23 0 0)
(-8.90772092208675e+23 0 0)
(-9.31514346846396e+23 0 0)
(-9.70429745098416e+23 0 0)
(-1.01289284777529e+24 0 0)
(-1.04666505261247e+24 0 0)
(-1.08621370347307e+24 0 0)
(-1.1347349069509e+24 0 0)
(-1.17090060847758e+24 0 0)
(-1.20927647683846e+24 0 0)
(-1.25019392498865e+24 0 0)
(-1.28933482166393e+24 0 0)
(-1.32998980307519e+24 0 0)
(-1.36926418775086e+24 0 0)
(-1.4097899547875e+24 0 0)
(-1.44924457950682e+24 0 0)
(-1.48964078248438e+24 0 0)
(-1.52923806387791e+24 0 0)
(-1.56956209256777e+24 0 0)
(-1.60927321056252e+24 0 0)
(-1.6495370130443e+24 0 0)
(-1.68934894195973e+24 0 0)
(-1.7295764629089e+24 0 0)
(-1.76946536826845e+24 0 0)
(-1.80967008309794e+24 0 0)
(-1.84962815750012e+24 0 0)
(-1.88982426388223e+24 0 0)
(-1.92983958042818e+24 0 0)
(-1.97002887527299e+24 0 0)
(-2.01008051664751e+24 0 0)
(-2.05025998948197e+24 0 0)
(-2.09033974800725e+24 0 0)
(-2.13051115305527e+24 0 0)
(-2.17061038655058e+24 0 0)
(-2.21077327550245e+24 0 0)
(-2.25088507591075e+24 0 0)
(-2.2910391594042e+24 0 0)
(-2.33115779910914e+24 0 0)
(-2.37130230344436e+24 0 0)
(-2.41142324494645e+24 0 0)
(-2.45155735586225e+24 0 0)
(-2.49167685160339e+24 0 0)
(-2.53179963715279e+24 0 0)
(-2.57191455066836e+24 0 0)
(-2.61202504571667e+24 0 0)
(-2.65213283606413e+24 0 0)
(-2.69223003546961e+24 0 0)
(-2.73232866191819e+24 0 0)
(-2.77241171107442e+24 0 0)
(-2.81249957827622e+24 0 0)
(-2.85256772978853e+24 0 0)
(-2.89264371629107e+24 0 0)
(-2.93269649026387e+24 0 0)
(-2.97275977127719e+24 0 0)
(-3.01279686685163e+24 0 0)
(-3.05284714154486e+24 0 0)
(-3.09286858809842e+24 0 0)
(-3.13290582852291e+24 0 0)
(-3.1729119530997e+24 0 0)
(-3.21293651872609e+24 0 0)
(-3.25292802713688e+24 0 0)
(-3.29294076845317e+24 0 0)
(-3.3329187312257e+24 0 0)
(-3.37292090898895e+24 0 0)
(-3.41288699918258e+24 0 0)
(-3.45288051280612e+24 0 0)
(-3.49283683945051e+24 0 0)
(-3.53282380405411e+24 0 0)
(-3.57277259539001e+24 0 0)
(-3.61275544658365e+24 0 0)
(-3.6526996603178e+24 0 0)
(-3.69268174143482e+24 0 0)
(-3.73262499138168e+24 0 0)
(-3.77261011189241e+24 0 0)
(-3.81255665070032e+24 0 0)
(-3.85254943806481e+24 0 0)
(-3.89250427898908e+24 0 0)
(-3.93251000383856e+24 0 0)
(-3.97247881384645e+24 0 0)
(-4.01250361613023e+24 0 0)
(-4.05249301385234e+24 0 0)
(-4.09254378865271e+24 0 0)
(-4.13256118242643e+24 0 0)
(-4.17264584426232e+24 0 0)
(-4.21269974587678e+24 0 0)
(-4.25282725180034e+24 0 0)
(-4.2929270875528e+24 0 0)
(-4.33310747604782e+24 0 0)
(-4.3732640203616e+24 0 0)
(-4.41350859381579e+24 0 0)
(-4.45373381229678e+24 0 0)
(-4.49405519780108e+24 0 0)
(-4.53436250554353e+24 0 0)
(-4.57477490295965e+24 0 0)
(-4.61517925841909e+24 0 0)
(-4.65569844160964e+24 0 0)
(-4.69621699459453e+24 0 0)
(-4.73686211066008e+24 0 0)
(-4.77751844493031e+24 0 0)
(-4.8183202299034e+24 0 0)
(-4.85914453934241e+24 0 0)
(-4.90011885541913e+24 0 0)
(-4.94111826397282e+24 0 0)
(-4.98228020544147e+24 0 0)
(-5.02347922257959e+24 0 0)
(-5.0648560947621e+24 0 0)
(-5.10628330419208e+24 0 0)
(-5.14790506021721e+24 0 0)
(-5.18959162739348e+24 0 0)
(-5.23149086338239e+24 0 0)
(-5.2734713111555e+24 0 0)
(-5.31568449151912e+24 0 0)
(-5.35799728268317e+24 0 0)
(-5.40056503194255e+24 0 0)
(-5.44325332157961e+24 0 0)
(-5.48622120107512e+24 0 0)
(-5.52933286547064e+24 0 0)
(-5.5727521723753e+24 0 0)
(-5.61634129165002e+24 0 0)
(-5.66026899218962e+24 0 0)
(-5.70439598680239e+24 0 0)
(-5.74889974324907e+24 0 0)
(-5.79367049569375e+24 0 0)
(-5.83898976343299e+24 0 0)
(-5.8830850964093e+24 0 0)
(-5.92784427999406e+24 0 0)
(-5.97550953889993e+24 0 0)
(-6.02400707567201e+24 0 0)
(-6.07232014985375e+24 0 0)
(-6.12145209769124e+24 0 0)
(-6.17150763210138e+24 0 0)
(-6.22235695513766e+24 0 0)
(-6.27377341676523e+24 0 0)
(-6.32611019866933e+24 0 0)
(-6.37930797019453e+24 0 0)
(-6.43356097661675e+24 0 0)
(-6.48873330888814e+24 0 0)
(-6.54509151759304e+24 0 0)
(-6.60260546190746e+24 0 0)
(-6.66113354230046e+24 0 0)
(-6.72054368853006e+24 0 0)
(-6.78198505243516e+24 0 0)
(-6.84552553424609e+24 0 0)
(-6.9107142802578e+24 0 0)
(-6.97564248667911e+24 0 0)
(-7.04498169385851e+24 0 0)
(-7.12234001560933e+24 0 0)
(-7.20296618766344e+24 0 0)
(-7.28303459467966e+24 0 0)
(-7.36345409779511e+24 0 0)
(-7.44638552913964e+24 0 0)
(-7.54085186883676e+24 0 0)
(-7.64534366820949e+24 0 0)
(-7.74629077192905e+24 0 0)
(-7.84105753024691e+24 0 0)
(-7.93596302689087e+24 0 0)
(-8.03552566833994e+24 0 0)
(-8.14089332022265e+24 0 0)
(-8.24803290468647e+24 0 0)
(-8.37035483413195e+24 0 0)
(-8.53233443195035e+24 0 0)
(-8.71361489323299e+24 0 0)
(-8.86555819427806e+24 0 0)
(-8.96866930534731e+24 0 0)
(-9.05601218466779e+24 0 0)
(-9.1830077282299e+24 0 0)
(-9.34185784085244e+24 0 0)
(-9.49754058042261e+24 0 0)
(-9.66771224066136e+24 0 0)
(-9.83125619899897e+24 0 0)
(-9.95594485059762e+24 0 0)
(-1.00708821893003e+25 0 0)
(-1.0160546747811e+25 0 0)
(-1.02377707130141e+25 0 0)
(-1.02994680086363e+25 0 0)
(-1.03346618962138e+25 0 0)
(-1.03490086400777e+25 0 0)
(-1.03118266549251e+25 0 0)
(-1.02316230258499e+25 0 0)
(-1.00952943673648e+25 0 0)
(-9.90988936836995e+24 0 0)
(-9.68674800892725e+24 0 0)
(-9.40644291105652e+24 0 0)
(-9.09275281329827e+24 0 0)
(-8.74742644758939e+24 0 0)
(-8.3628510551886e+24 0 0)
(-7.96463077309743e+24 0 0)
(-7.56275014300333e+24 0 0)
(-7.14363558106929e+24 0 0)
(-6.72100195821263e+24 0 0)
(-6.31593815323723e+24 0 0)
(-5.92792190899428e+24 0 0)
(-5.55129808578034e+24 0 0)
(-5.18494055978871e+24 0 0)
(-4.83483338921361e+24 0 0)
(-4.51173692318698e+24 0 0)
(-4.21580971384874e+24 0 0)
(-3.94089866956748e+24 0 0)
(-3.68359553299479e+24 0 0)
(-3.44293318545897e+24 0 0)
(-3.21841558718755e+24 0 0)
(-3.00898252126161e+24 0 0)
(-2.81574999014627e+24 0 0)
(-2.64120738263016e+24 0 0)
(-2.48355534864952e+24 0 0)
(-2.33931324159474e+24 0 0)
(-2.2070586244347e+24 0 0)
(-2.08483870252558e+24 0 0)
(-1.97073414943952e+24 0 0)
(-1.86516899959139e+24 0 0)
(-1.76788150468377e+24 0 0)
(-1.67691447686691e+24 0 0)
(-1.59131833347702e+24 0 0)
(-1.51287095435262e+24 0 0)
(-1.43993441095783e+24 0 0)
(-1.37162798515331e+24 0 0)
(-1.31014106897226e+24 0 0)
(-1.25647241844959e+24 0 0)
(-1.20686070415414e+24 0 0)
(-1.15831308236601e+24 0 0)
(-1.11238329649007e+24 0 0)
(-1.07148502772666e+24 0 0)
(-1.03307408012987e+24 0 0)
(-9.9522513947012e+23 0 0)
(-9.56014775191203e+23 0 0)
(-9.28399992512153e+23 0 0)
(-8.65111065052962e+23 0 0)
(-1.04973618593566e+24 0 0)
(-6.15113544691581e+23 0 0)
)
;

boundaryField
{
    electrode
    {
        type            calculated;
        value           uniform (0 0 0);
    }
    ground
    {
        type            calculated;
        value           uniform (0 0 0);
    }
    otherfaces
    {
        type            empty;
    }
}


// ************************************************************************* //
