/*--------------------------------*- C++ -*----------------------------------*\
| =========                 |                                                 |
| \\      /  F ield         | foam-extend: Open Source CFD                    |
|  \\    /   O peration     | Version:     4.1                                |
|   \\  /    A nd           | Web:         http://www.foam-extend.org         |
|    \\/     M anipulation  |                                                 |
\*---------------------------------------------------------------------------*/
FoamFile
{
    version     2.0;
    format      ascii;
    class       volVectorField;
    location    "1.50099999934947e-05";
    object      velocityArp1;
}
// * * * * * * * * * * * * * * * * * * * * * * * * * * * * * * * * * * * * * //

dimensions      [0 1 -1 0 0 0 0];

internalField   nonuniform List<vector> 
500
(
(-4506.50154282513 0 0)
(-4444.52016662154 0 0)
(-4404.01302780835 0 0)
(-4360.13201397815 0 0)
(-4316.29994285842 0 0)
(-4271.59274880051 0 0)
(-4226.1489234521 0 0)
(-4180.08588888943 0 0)
(-4133.82589072556 0 0)
(-4086.95957507686 0 0)
(-4039.27979901219 0 0)
(-3990.9770353084 0 0)
(-3942.46679192463 0 0)
(-3893.24771815737 0 0)
(-3842.86629356954 0 0)
(-3791.34949375074 0 0)
(-3738.98083724416 0 0)
(-3685.38689482906 0 0)
(-3630.44078248447 0 0)
(-3574.3583938821 0 0)
(-3517.16108203828 0 0)
(-3458.62741764565 0 0)
(-3398.69290159336 0 0)
(-3337.5070723026 0 0)
(-3275.04791162815 0 0)
(-3211.2073710605 0 0)
(-3145.79098685135 0 0)
(-3078.48617967768 0 0)
(-3009.328530786 0 0)
(-2938.40400652167 0 0)
(-2865.78558014032 0 0)
(-2791.59706372027 0 0)
(-2716.04760113914 0 0)
(-2639.30246651685 0 0)
(-2561.36613591528 0 0)
(-2482.08764144036 0 0)
(-2401.70751119807 0 0)
(-2320.74554070914 0 0)
(-2239.68120889631 0 0)
(-2158.82911611499 0 0)
(-2078.25956018048 0 0)
(-1998.25433626226 0 0)
(-1919.63859553031 0 0)
(-1842.77455451239 0 0)
(-1767.74421765845 0 0)
(-1695.06185336476 0 0)
(-1625.22257432699 0 0)
(-1558.18378746515 0 0)
(-1494.30807205325 0 0)
(-1433.81871284116 0 0)
(-1376.48768612098 0 0)
(-1322.63625699101 0 0)
(-1272.0413778384 0 0)
(-1224.77025536157 0 0)
(-1180.70693028792 0 0)
(-1139.46006948998 0 0)
(-1101.02399423113 0 0)
(-1064.92677499029 0 0)
(-1031.19971013651 0 0)
(-999.551290957678 0 0)
(-969.899564787832 0 0)
(-942.291777250908 0 0)
(-916.405494816522 0 0)
(-892.125817260487 0 0)
(-869.303886883936 0 0)
(-847.595326696723 0 0)
(-826.834525151563 0 0)
(-807.102679502171 0 0)
(-788.495999325469 0 0)
(-770.975720503824 0 0)
(-754.333087821772 0 0)
(-738.423458620833 0 0)
(-723.202950874191 0 0)
(-708.618293995404 0 0)
(-694.617811817432 0 0)
(-681.156511317934 0 0)
(-668.211116479019 0 0)
(-655.775932513466 0 0)
(-643.825072113696 0 0)
(-632.297056815239 0 0)
(-621.161507338532 0 0)
(-610.396032102146 0 0)
(-599.986204680704 0 0)
(-589.917638463738 0 0)
(-580.165470694384 0 0)
(-570.694887335635 0 0)
(-561.496901366534 0 0)
(-552.55930276878 0 0)
(-543.869120986963 0 0)
(-535.412270870405 0 0)
(-527.177285886542 0 0)
(-519.15437720626 0 0)
(-511.334150006271 0 0)
(-503.707041115154 0 0)
(-496.264433458264 0 0)
(-488.997830166203 0 0)
(-481.89960925268 0 0)
(-474.962127675613 0 0)
(-468.178804856753 0 0)
(-461.543299730304 0 0)
(-455.049610518324 0 0)
(-448.691066893282 0 0)
(-442.462800184336 0 0)
(-436.361544922645 0 0)
(-430.381820375779 0 0)
(-424.514579036697 0 0)
(-418.758217980165 0 0)
(-413.108915066934 0 0)
(-407.562991888596 0 0)
(-402.116681580333 0 0)
(-396.76668032822 0 0)
(-391.509560972495 0 0)
(-386.342327655002 0 0)
(-381.261855808214 0 0)
(-376.265422817629 0 0)
(-371.350171190215 0 0)
(-366.513619588533 0 0)
(-361.75314938394 0 0)
(-357.066492845739 0 0)
(-352.451244345492 0 0)
(-347.905326754369 0 0)
(-343.426525031563 0 0)
(-339.012932542185 0 0)
(-334.662505153843 0 0)
(-330.373489131426 0 0)
(-326.143993715995 0 0)
(-321.972402776147 0 0)
(-317.856964089842 0 0)
(-313.796184774646 0 0)
(-309.788438249588 0 0)
(-305.832342823364 0 0)
(-301.926382881975 0 0)
(-298.06928102472 0 0)
(-294.259627699284 0 0)
(-290.496236497392 0 0)
(-286.777792006709 0 0)
(-283.103191026595 0 0)
(-279.471203787396 0 0)
(-275.880803122889 0 0)
(-272.330837198914 0 0)
(-268.820348089758 0 0)
(-265.348255425333 0 0)
(-261.91366450653 0 0)
(-258.515560376573 0 0)
(-255.153106313743 0 0)
(-251.825347278093 0 0)
(-248.531499642309 0 0)
(-245.270663492921 0 0)
(-242.042103876085 0 0)
(-238.844971772234 0 0)
(-235.678576934711 0 0)
(-232.542117194284 0 0)
(-229.43494349046 0 0)
(-226.356296860579 0 0)
(-223.305566198198 0 0)
(-220.282032550475 0 0)
(-217.285119820654 0 0)
(-214.314146069598 0 0)
(-211.368567491805 0 0)
(-208.447736510703 0 0)
(-205.551139118967 0 0)
(-202.678159658465 0 0)
(-199.828311792016 0 0)
(-197.00100946682 0 0)
(-194.195791994108 0 0)
(-191.412100977124 0 0)
(-188.649499319092 0 0)
(-185.907454274362 0 0)
(-183.185550931077 0 0)
(-180.483280634127 0 0)
(-177.80024892473 0 0)
(-175.135969507096 0 0)
(-172.490066930974 0 0)
(-169.862075809151 0 0)
(-167.251638458194 0 0)
(-164.658308791396 0 0)
(-162.08174589812 0 0)
(-159.521521600173 0 0)
(-156.977310788908 0 0)
(-154.448701658928 0 0)
(-151.935384409642 0 0)
(-149.436961907606 0 0)
(-146.953139394617 0 0)
(-144.483532502584 0 0)
(-142.027861856619 0 0)
(-139.585753410268 0 0)
(-137.156944107594 0 0)
(-134.741067262697 0 0)
(-132.337877960594 0 0)
(-129.947012784178 0 0)
(-127.568247932567 0 0)
(-125.201218301062 0 0)
(-122.845725420705 0 0)
(-120.501396046035 0 0)
(-118.168062937027 0 0)
(-115.845336960769 0 0)
(-113.533090265655 0 0)
(-111.230907371623 0 0)
(-108.938709577566 0 0)
(-106.656043120924 0 0)
(-104.382890842788 0 0)
(-102.118744861793 0 0)
(-99.8636644660941 0 0)
(-97.6170687038405 0 0)
(-95.3791095079988 0 0)
(-93.1491176627157 0 0)
(-90.9273638247084 0 0)
(-88.7130717877509 0 0)
(-86.5066435706147 0 0)
(-84.3071645219713 0 0)
(-82.1152122197518 0 0)
(-79.9297041866602 0 0)
(-77.7513856336866 0 0)
(-75.578991890444 0 0)
(-73.4135013521352 0 0)
(-71.2533859472964 0 0)
(-69.099853586551 0 0)
(-66.9512325713286 0 0)
(-64.8089679928665 0 0)
(-62.6710111158634 0 0)
(-60.5393000311781 0 0)
(-58.4109158442417 0 0)
(-56.2908043576133 0 0)
(-54.1715473594289 0 0)
(-52.0580845054761 0 0)
(-49.9474855827724 0 0)
(-47.8420497674404 0 0)
(-45.7398296016722 0 0)
(-43.6418670225733 0 0)
(-41.5466654442339 0 0)
(-39.4554059119787 0 0)
(-37.3667541242759 0 0)
(-35.2816365517718 0 0)
(-33.1987807005073 0 0)
(-31.1191914834308 0 0)
(-29.0414026656497 0 0)
(-26.9666165603876 0 0)
(-24.893328504942 0 0)
(-22.8226780757612 0 0)
(-20.7532313483573 0 0)
(-18.686117796791 0 0)
(-16.6198187320715 0 0)
(-14.5555867170985 0 0)
(-12.4918438080647 0 0)
(-10.429824480302 0 0)
(-8.36800314558503 0 0)
(-6.30758952248561 0 0)
(-4.2470272294624 0 0)
(-2.18751937796823 0 0)
(-0.127712914629387 0 0)
(1.9313722336817 0 0)
(3.99118190497168 0 0)
(6.05064320154309 0 0)
(8.11114988528979 0 0)
(10.1715002575398 0 0)
(12.2332687184391 0 0)
(14.2952186904067 0 0)
(16.3589088350922 0 0)
(18.4230940382379 0 0)
(20.4893361205472 0 0)
(22.5564255309716 0 0)
(24.6258690160771 0 0)
(26.6965044212837 0 0)
(28.7698088148755 0 0)
(30.8446384672394 0 0)
(32.9224967865882 0 0)
(35.0021914087111 0 0)
(37.0851933437978 0 0)
(39.1704718965996 0 0)
(41.2594185161991 0 0)
(43.350911114783 0 0)
(45.4463586945583 0 0)
(47.5447883295704 0 0)
(49.6473787135747 0 0)
(51.7533229254165 0 0)
(53.8644748105991 0 0)
(55.9778248109293 0 0)
(58.0983420456465 0 0)
(60.2215782410349 0 0)
(62.3514608619797 0 0)
(64.4846667691854 0 0)
(66.6240685458666 0 0)
(68.7679693462066 0 0)
(70.9183407773701 0 0)
(73.0736092160109 0 0)
(75.2355846563827 0 0)
(77.4030393243042 0 0)
(79.5774532903889 0 0)
(81.7578686127425 0 0)
(83.9455786040358 0 0)
(86.1398076535426 0 0)
(88.3416439166061 0 0)
(90.5505145340079 0 0)
(92.7673440484717 0 0)
(94.9917125175831 0 0)
(97.2244092806446 0 0)
(99.4651610621781 0 0)
(101.714640732572 0 0)
(103.972690357273 0 0)
(106.23989923131 0 0)
(108.516204014113 0 0)
(110.802116640968 0 0)
(113.097651853788 0 0)
(115.403267946685 0 0)
(117.71904167071 0 0)
(120.045391547359 0 0)
(122.382444478998 0 0)
(124.73059254903 0 0)
(127.090002368999 0 0)
(129.461049341489 0 0)
(131.843932064387 0 0)
(134.23901753887 0 0)
(136.646529935211 0 0)
(139.066834354609 0 0)
(141.50017631678 0 0)
(143.946924202163 0 0)
(146.407341871803 0 0)
(148.881804831563 0 0)
(151.370593570144 0 0)
(153.874093978184 0 0)
(156.392602000899 0 0)
(158.926516308866 0 0)
(161.476147986119 0 0)
(164.041910442756 0 0)
(166.624130245869 0 0)
(169.223237147408 0 0)
(171.839573634857 0 0)
(174.473587440366 0 0)
(177.125637869211 0 0)
(179.796192148216 0 0)
(182.485627350612 0 0)
(185.194431590138 0 0)
(187.923001124795 0 0)
(190.671846456076 0 0)
(193.4413844606 0 0)
(196.232149734106 0 0)
(199.044581397496 0 0)
(201.879239945074 0 0)
(204.736588134204 0 0)
(207.617214113905 0 0)
(210.521606372143 0 0)
(213.450382842958 0 0)
(216.404059827029 0 0)
(219.383287189705 0 0)
(222.38861110703 0 0)
(225.420716048223 0 0)
(228.480180651587 0 0)
(231.567726492449 0 0)
(234.683967301045 0 0)
(237.829664762872 0 0)
(241.00547064243 0 0)
(244.21219000657 0 0)
(247.450515949645 0 0)
(250.721300671679 0 0)
(254.025282028703 0 0)
(257.363363126463 0 0)
(260.736330695643 0 0)
(264.145143120981 0 0)
(267.590640426303 0 0)
(271.07384114983 0 0)
(274.595643302765 0 0)
(278.157130931247 0 0)
(281.759265610803 0 0)
(285.40320293555 0 0)
(289.089973886542 0 0)
(292.820812114266 0 0)
(296.596824845062 0 0)
(300.419331536085 0 0)
(304.289522816033 0 0)
(308.208812468343 0 0)
(312.178482105917 0 0)
(316.200052027076 0 0)
(320.274908537369 0 0)
(324.404682762236 0 0)
(328.590872498116 0 0)
(332.835234466838 0 0)
(337.139390067978 0 0)
(341.505234810185 0 0)
(345.934527558669 0 0)
(350.429317730598 0 0)
(354.991517343349 0 0)
(359.623346903724 0 0)
(364.326889028314 0 0)
(369.104554967664 0 0)
(373.958618374886 0 0)
(378.891703608297 0 0)
(383.906298090415 0 0)
(389.005265145558 0 0)
(394.191334249805 0 0)
(399.467635867592 0 0)
(404.837172513603 0 0)
(410.303378609308 0 0)
(415.869564162364 0 0)
(421.539503813022 0 0)
(427.316879532576 0 0)
(433.205336409797 0 0)
(439.205132343464 0 0)
(445.3257784224 0 0)
(451.572924867656 0 0)
(457.949868816519 0 0)
(464.461471887406 0 0)
(471.114364776123 0 0)
(477.914488531727 0 0)
(484.868111343883 0 0)
(491.981724087715 0 0)
(499.263021801707 0 0)
(506.719898183649 0 0)
(514.360785072647 0 0)
(522.194213835946 0 0)
(530.22984444366 0 0)
(538.47753287807 0 0)
(546.946650541335 0 0)
(555.648642290028 0 0)
(564.597840665299 0 0)
(573.807503818272 0 0)
(583.290595638112 0 0)
(593.057906163292 0 0)
(603.140419700087 0 0)
(613.562442209667 0 0)
(624.338175318821 0 0)
(635.481608687146 0 0)
(647.014787254515 0 0)
(658.969322344651 0 0)
(671.41669225523 0 0)
(684.380307453582 0 0)
(697.866214494828 0 0)
(711.896215782477 0 0)
(726.508600485869 0 0)
(741.752944770933 0 0)
(757.680922101 0 0)
(774.330356145416 0 0)
(791.878010693786 0 0)
(810.535565948076 0 0)
(830.292672489593 0 0)
(851.065802749605 0 0)
(872.776582163153 0 0)
(895.63522606752 0 0)
(919.959659759676 0 0)
(945.859345054727 0 0)
(973.456298409526 0 0)
(1003.09311041763 0 0)
(1034.70549283561 0 0)
(1068.40701105489 0 0)
(1104.46988829832 0 0)
(1142.8585560132 0 0)
(1184.06333921716 0 0)
(1228.04655020181 0 0)
(1275.19810944737 0 0)
(1325.63206135739 0 0)
(1379.30992084766 0 0)
(1436.46608706456 0 0)
(1496.75688564111 0 0)
(1560.45352875724 0 0)
(1627.2702269441 0 0)
(1696.90248068922 0 0)
(1769.39708597664 0 0)
(1844.20207214143 0 0)
(1920.89503663857 0 0)
(1999.38933547318 0 0)
(2079.18071857887 0 0)
(2159.6217657807 0 0)
(2240.45756601115 0 0)
(2321.50538291901 0 0)
(2402.39168787475 0 0)
(2482.71220045267 0 0)
(2562.03594553646 0 0)
(2640.15668664724 0 0)
(2717.15162214067 0 0)
(2792.86046144913 0 0)
(2867.20836768787 0 0)
(2940.04834990639 0 0)
(3011.22973378559 0 0)
(3080.59886217029 0 0)
(3148.15466982045 0 0)
(3214.05090054972 0 0)
(3278.43174234491 0 0)
(3341.26938670383 0 0)
(3402.67176739858 0 0)
(3462.81960840568 0 0)
(3521.7799935141 0 0)
(3579.42595729031 0 0)
(3635.71011622875 0 0)
(3690.7963783778 0 0)
(3744.81651391694 0 0)
(3797.60685818374 0 0)
(3849.15654162244 0 0)
(3899.70309426709 0 0)
(3949.61693201725 0 0)
(3998.68370195079 0 0)
(4046.94866257314 0 0)
(4094.68299951786 0 0)
(4142.02965455194 0 0)
(4188.73805992485 0 0)
(4234.75523866747 0 0)
(4280.2587369326 0 0)
(4325.32715984812 0 0)
(4369.67381293165 0 0)
(4414.06746065247 0 0)
(4454.13360410299 0 0)
(4515.56678060941 0 0)
)
;

boundaryField
{
    electrode
    {
        type            zeroGradient;
    }
    ground
    {
        type            zeroGradient;
    }
    otherfaces
    {
        type            empty;
    }
}


// ************************************************************************* //
