/*--------------------------------*- C++ -*----------------------------------*\
| =========                 |                                                 |
| \\      /  F ield         | foam-extend: Open Source CFD                    |
|  \\    /   O peration     | Version:     4.1                                |
|   \\  /    A nd           | Web:         http://www.foam-extend.org         |
|    \\/     M anipulation  |                                                 |
\*---------------------------------------------------------------------------*/
FoamFile
{
    version     2.0;
    format      ascii;
    class       volScalarField;
    location    "1.50099999934947e-05";
    object      Arp1;
}
// * * * * * * * * * * * * * * * * * * * * * * * * * * * * * * * * * * * * * //

dimensions      [0 -3 0 0 0 0 0];

internalField   nonuniform List<scalar> 
500
(
4.91525296720468e+17
5.02574278595811e+17
5.06377289855588e+17
5.13616884222611e+17
5.18334763622626e+17
5.25630879485743e+17
5.31320769932876e+17
5.38953345650027e+17
5.45619200874834e+17
5.53644901130628e+17
5.61106870948581e+17
5.69689891767599e+17
5.78035209986127e+17
5.87169822568042e+17
5.96295858311171e+17
6.0626156489179e+17
6.1656349971258e+17
6.27676148998796e+17
6.39171649739505e+17
6.51374036684182e+17
6.64202093014585e+17
6.77814266865728e+17
6.92048419167061e+17
7.06934709768826e+17
7.22387888434657e+17
7.38500563590505e+17
7.55605477515183e+17
7.73691799985058e+17
7.92798868807262e+17
8.13068935106501e+17
8.34476699459584e+17
8.56950079990135e+17
8.80051257813903e+17
9.04318551390347e+17
9.30275336320339e+17
9.57754517941567e+17
9.86647288137644e+17
1.01627558608287e+18
1.04733680655223e+18
1.08055341831612e+18
1.11534479923231e+18
1.15087173141929e+18
1.18791236591071e+18
1.2271164254782e+18
1.26692406915732e+18
1.30778294518519e+18
1.35058516169058e+18
1.39388648922013e+18
1.43795411322178e+18
1.48364784205989e+18
1.52939705206949e+18
1.57573586758408e+18
1.62319340684846e+18
1.67042270465566e+18
1.71821167249248e+18
1.76662392254781e+18
1.81464684980666e+18
1.86288870272632e+18
1.91119007063485e+18
1.95870612918439e+18
2.0060867357495e+18
2.0537955054536e+18
2.10092179155882e+18
2.14733922576777e+18
2.19382160209849e+18
2.2404300603403e+18
2.28682157322706e+18
2.33248546085196e+18
2.37732624252476e+18
2.42178546865623e+18
2.46600179388853e+18
2.50994504597463e+18
2.55359120821648e+18
2.59692313882106e+18
2.63995291500843e+18
2.68268071778274e+18
2.72501811824731e+18
2.76695639543305e+18
2.80858237454904e+18
2.84992128879647e+18
2.89097277632694e+18
2.93173723767916e+18
2.97220838022587e+18
3.0123580327477e+18
3.05222665133917e+18
3.09186760738519e+18
3.13126663555773e+18
3.17041899362019e+18
3.20932773521723e+18
3.24799952919005e+18
3.28643624578714e+18
3.32463947842729e+18
3.36261021528974e+18
3.40034704489511e+18
3.43785187495309e+18
3.47512672023568e+18
3.51217352106246e+18
3.54899407619892e+18
3.58559005037968e+18
3.62196299608649e+18
3.6581143457332e+18
3.69404533557795e+18
3.72975662522238e+18
3.76524767460685e+18
3.80052138413138e+18
3.83559361059897e+18
3.87046455268273e+18
3.90512227639555e+18
3.93956734331189e+18
3.9737999837262e+18
4.00782010286539e+18
4.04162755435555e+18
4.07522216026023e+18
4.10860371069167e+18
4.14177196140566e+18
4.17472663921881e+18
4.20746744267383e+18
4.23999404330993e+18
4.2723060895214e+18
4.3044032058222e+18
4.33628499488915e+18
4.36795103980123e+18
4.39940090523084e+18
4.43063413803828e+18
4.46165026948559e+18
4.49244881555285e+18
4.52302927749928e+18
4.55339114447146e+18
4.58353389411731e+18
4.61345699304018e+18
4.64315989701252e+18
4.67264205348023e+18
4.70190290189573e+18
4.73094187333473e+18
4.7597583928058e+18
4.78835187924727e+18
4.81672174620917e+18
4.84486740264122e+18
4.87278825352158e+18
4.90048370050115e+18
4.92795314247806e+18
4.9551959755557e+18
4.982211594671e+18
5.00899939358643e+18
5.03555876506854e+18
5.06188910156496e+18
5.08798979566124e+18
5.11386024099021e+18
5.13949983131387e+18
5.16490796284295e+18
5.19008403278413e+18
5.21502744027252e+18
5.23973758792045e+18
5.26421388005779e+18
5.28845572412471e+18
5.31246253174111e+18
5.33623371781254e+18
5.35976870055426e+18
5.38306690325982e+18
5.40612775333055e+18
5.42895068251715e+18
5.45153512791969e+18
5.47388053161791e+18
5.49598634118757e+18
5.51785200951305e+18
5.53947699500008e+18
5.56086076268574e+18
5.582002783259e+18
5.60290253338974e+18
5.62355949689762e+18
5.64397316368275e+18
5.66414303036117e+18
5.68406860090396e+18
5.70374938574178e+18
5.72318490277101e+18
5.74237467692202e+18
5.76131824123968e+18
5.78001513573773e+18
5.79846490760162e+18
5.81666711273904e+18
5.83462131448799e+18
5.85232708406357e+18
5.86978400083758e+18
5.88699165244254e+18
5.90394963457269e+18
5.92065755077401e+18
5.93711501326121e+18
5.95332164289163e+18
5.96927706812192e+18
5.98498092638275e+18
6.00043286454164e+18
6.0156325373099e+18
6.03057960826323e+18
6.04527375029763e+18
6.05971464467042e+18
6.07390198172899e+18
6.08783546113357e+18
6.10151479130172e+18
6.11493968973612e+18
6.12810988339071e+18
6.14102510796372e+18
6.1536851088194e+18
6.16608964019111e+18
6.17823846605725e+18
6.19013135958242e+18
6.20176810290127e+18
6.21314848818629e+18
6.22427231684947e+18
6.23513939964748e+18
6.2457495570075e+18
6.25610261879123e+18
6.26619842448916e+18
6.27603682333656e+18
6.28561767394475e+18
6.29494084503223e+18
6.30400621487689e+18
6.31281367150908e+18
6.3213631131842e+18
6.32965444877598e+18
6.33768759709899e+18
6.34546244944407e+18
6.35297889428754e+18
6.36023865073793e+18
6.3672373881491e+18
6.37397736884194e+18
6.38046188017445e+18
6.3866871614784e+18
6.39265398459513e+18
6.39836227029634e+18
6.40381190539572e+18
6.4090027927772e+18
6.41393484122551e+18
6.41860796229301e+18
6.42302207024943e+18
6.42717708536613e+18
6.4310729305939e+18
6.43470953187293e+18
6.43808682260547e+18
6.4412047388595e+18
6.44406321933958e+18
6.44666220941985e+18
6.44900165908454e+18
6.45108152299873e+18
6.45290176039387e+18
6.45446233661785e+18
6.45576317010019e+18
6.45680432620163e+18
6.45758563511947e+18
6.45810758393457e+18
6.45836880713126e+18
6.45837004761298e+18
6.45811381238603e+18
6.45759498821403e+18
6.45681738880411e+18
6.45577992402762e+18
6.4544826359378e+18
6.45292557527954e+18
6.45110877456525e+18
6.44903226321088e+18
6.44669608450309e+18
6.444100282051e+18
6.44124490584125e+18
6.4381300100364e+18
6.43475565202809e+18
6.43112189266368e+18
6.4272287967471e+18
6.42307643331121e+18
6.41866487462828e+18
6.41399419628642e+18
6.40906447722561e+18
6.4038757978875e+18
6.39842824001475e+18
6.39272188863619e+18
6.38675684318303e+18
6.38053318887592e+18
6.37405058121288e+18
6.36731052768868e+18
6.36031188461526e+18
6.35305381936301e+18
6.34553802871479e+18
6.33776384794322e+18
6.3297313767414e+18
6.32144072015147e+18
6.31289196010949e+18
6.30408518885416e+18
6.29502050977183e+18
6.28569803455851e+18
6.27611788518326e+18
6.26628019344458e+18
6.25618510023958e+18
6.24583275682649e+18
6.23522332360176e+18
6.2243569703997e+18
6.21323387678768e+18
6.20185423234073e+18
6.19021823536033e+18
6.1783260939575e+18
6.16617802588419e+18
6.15377425787284e+18
6.14111502629828e+18
6.12820057685622e+18
6.11503116446804e+18
6.1016070532721e+18
6.08792851653815e+18
6.07399583675649e+18
6.05980930579448e+18
6.04536922436348e+18
6.03067590177947e+18
6.01572965698785e+18
6.00053081790596e+18
5.9850797204467e+18
5.96937670977442e+18
5.95342214057065e+18
5.93721637530588e+18
5.92075978477339e+18
5.90405274925771e+18
5.88709565698814e+18
5.86988890470708e+18
5.85243289638642e+18
5.83472804443471e+18
5.81677476995754e+18
5.79857350126139e+18
5.78012467515632e+18
5.76142873664262e+18
5.742486138376e+18
5.72329734078031e+18
5.70386281166411e+18
5.68418302600588e+18
5.66425846665713e+18
5.64408962286319e+18
5.62367699201687e+18
5.60302107766702e+18
5.58212238987248e+18
5.56098144615026e+18
5.53959876944855e+18
5.51797488978304e+18
5.49611034325634e+18
5.47400567170591e+18
5.4516614224968e+18
5.42907814914462e+18
5.40625641007482e+18
5.38319676852137e+18
5.35989979340536e+18
5.33636605878193e+18
5.31259614187637e+18
5.28859062457566e+18
5.26435009352893e+18
5.23987513788376e+18
5.21516635057659e+18
5.19022432852658e+18
5.16504967087281e+18
5.13964297868974e+18
5.11400485539419e+18
5.08813590684229e+18
5.06203674022275e+18
5.03570796324416e+18
5.00915018414111e+18
4.9823640121701e+18
4.95535005587383e+18
4.92810892277774e+18
4.90064121983039e+18
4.87294755261288e+18
4.84502852401788e+18
4.81688473331459e+18
4.78851677811409e+18
4.75992525181627e+18
4.7311107420575e+18
4.70207383196661e+18
4.67281509960309e+18
4.64333511601025e+18
4.61363444346896e+18
4.58371363781014e+18
4.55357324614537e+18
4.52321380366342e+18
4.49263583705769e+18
4.46183985974077e+18
4.43082637289697e+18
4.39959586477687e+18
4.36814880769774e+18
4.33648565881463e+18
4.30460685761756e+18
4.27251282555812e+18
4.24020396437789e+18
4.207680656026e+18
4.17494325851414e+18
4.14199210550309e+18
4.10882750667311e+18
4.07544974440857e+18
4.04185907089115e+18
4.00805570880254e+18
3.97403985020808e+18
3.93981165637957e+18
3.90537124070261e+18
3.8707184365292e+18
3.83585278751668e+18
3.80080004721134e+18
3.7655574573975e+18
3.73009258054336e+18
3.69440399025524e+18
3.65849476233838e+18
3.62236508100134e+18
3.58601416823644e+18
3.54944091466379e+18
3.51264401699482e+18
3.47562145233661e+18
3.43836819513531e+18
3.40088230957262e+18
3.36316503883606e+18
3.32521482464106e+18
3.28702945125095e+18
3.24860655585771e+18
3.2099515698709e+18
3.17106392549079e+18
3.13193164957977e+18
3.09255015535363e+18
3.05292218243102e+18
3.01305568414721e+18
2.97292114252547e+18
2.93248744172701e+18
2.89176359560097e+18
2.85075567315796e+18
2.80946394743162e+18
2.76788776611757e+18
2.72598524022017e+18
2.68361458464618e+18
2.64081819740312e+18
2.59773918122321e+18
2.55439310694688e+18
2.51078932703892e+18
2.46691550530478e+18
2.42277661310674e+18
2.37840588456723e+18
2.33359178675588e+18
2.28776963724272e+18
2.24133217343955e+18
2.19490681639148e+18
2.14856865389853e+18
2.10217368460985e+18
2.05495495727067e+18
2.00722253183387e+18
1.95991888588586e+18
1.91239215276811e+18
1.86407608498931e+18
1.8159415342605e+18
1.76803733209404e+18
1.71964067309231e+18
1.6718259039465e+18
1.62460591221264e+18
1.57713410952736e+18
1.53076320984692e+18
1.48500253441196e+18
1.4392836889587e+18
1.39518202683815e+18
1.35185022593807e+18
1.30899696683663e+18
1.26808778827813e+18
1.2282381794156e+18
1.18899534587686e+18
1.15188137012895e+18
1.11629320141855e+18
1.08146457991532e+18
1.04815779701284e+18
1.01698109297919e+18
9.87284113350641e+17
9.58357074197394e+17
9.3081145981341e+17
9.04766885611198e+17
8.80401006738044e+17
8.57250132778763e+17
8.34755630654745e+17
8.13296247110321e+17
7.92971088053953e+17
7.73816149971283e+17
7.55681759005364e+17
7.38493163117239e+17
7.22325993702686e+17
7.06879160847118e+17
6.92006796572888e+17
6.77745258458387e+17
6.64074949800097e+17
6.51225811432257e+17
6.39039175272429e+17
6.27524102938818e+17
6.16353869464782e+17
6.06031451848023e+17
5.96094438198923e+17
5.86963021710562e+17
5.77792056662297e+17
5.69445500711783e+17
5.60898933016521e+17
5.53483761002353e+17
5.45461558245847e+17
5.38744820018721e+17
5.31104121309116e+17
5.25433527971708e+17
5.18178782667998e+17
5.13482900788776e+17
5.06231802416035e+17
5.02442473852858e+17
4.91476087635999e+17
)
;

boundaryField
{
    electrode
    {
        type            zeroGradient;
    }
    ground
    {
        type            zeroGradient;
    }
    otherfaces
    {
        type            empty;
    }
}


// ************************************************************************* //
