/*--------------------------------*- C++ -*----------------------------------*\
| =========                 |                                                 |
| \\      /  F ield         | foam-extend: Open Source CFD                    |
|  \\    /   O peration     | Version:     4.1                                |
|   \\  /    A nd           | Web:         http://www.foam-extend.org         |
|    \\/     M anipulation  |                                                 |
\*---------------------------------------------------------------------------*/
FoamFile
{
    version     2.0;
    format      ascii;
    class       volVectorField;
    location    "1.50099999934947e-05";
    object      Flux_Ar2p;
}
// * * * * * * * * * * * * * * * * * * * * * * * * * * * * * * * * * * * * * //

dimensions      [0 -2 -1 0 0 0 0];

internalField   nonuniform List<vector> 
500
(
(-4.67668878782462e+18 -0 -0)
(-4.67769623110051e+18 -0 -0)
(-4.60110861230366e+18 -0 -0)
(-4.57279001248514e+18 -0 -0)
(-4.52299686438618e+18 -0 -0)
(-4.48373072153566e+18 -0 -0)
(-4.42003341438623e+18 -0 -0)
(-4.36106413450928e+18 -0 -0)
(-4.28812005829781e+18 -0 -0)
(-4.2512378256101e+18 -0 -0)
(-4.19641424212461e+18 -0 -0)
(-4.13684786524304e+18 -0 -0)
(-4.06344923788262e+18 -0 -0)
(-4.00131228608882e+18 -0 -0)
(-3.95289112990575e+18 -0 -0)
(-3.89641902157655e+18 -0 -0)
(-3.83004731476583e+18 -0 -0)
(-3.76221272146328e+18 -0 -0)
(-3.72420889439269e+18 -0 -0)
(-3.67763975348702e+18 -0 -0)
(-3.6240757267788e+18 -0 -0)
(-3.56629705675271e+18 -0 -0)
(-3.53870846857244e+18 -0 -0)
(-3.50812144627155e+18 -0 -0)
(-3.47280310328781e+18 -0 -0)
(-3.43580393419534e+18 -0 -0)
(-3.41432800848216e+18 -0 -0)
(-3.40968162354732e+18 -0 -0)
(-3.40552853059574e+18 -0 -0)
(-3.40406491831767e+18 -0 -0)
(-3.40629055935756e+18 -0 -0)
(-3.41264163332395e+18 -0 -0)
(-3.44029763892704e+18 -0 -0)
(-3.47580309965297e+18 -0 -0)
(-3.51861993041447e+18 -0 -0)
(-3.56782495266032e+18 -0 -0)
(-3.62269511810992e+18 -0 -0)
(-3.68181679753866e+18 -0 -0)
(-3.74920896036784e+18 -0 -0)
(-3.82568608082416e+18 -0 -0)
(-3.9068907512494e+18 -0 -0)
(-3.99088430223684e+18 -0 -0)
(-4.08144119308429e+18 -0 -0)
(-4.1841973128284e+18 -0 -0)
(-4.28741913746006e+18 -0 -0)
(-4.39341230708532e+18 -0 -0)
(-4.50246051422713e+18 -0 -0)
(-4.60840937913586e+18 -0 -0)
(-4.71408394908953e+18 -0 -0)
(-4.8195623687292e+18 -0 -0)
(-4.9187932757749e+18 -0 -0)
(-5.01544499028499e+18 -0 -0)
(-5.1084983329227e+18 -0 -0)
(-5.19357692055805e+18 -0 -0)
(-5.27445791349656e+18 -0 -0)
(-5.34870339068435e+18 -0 -0)
(-5.41364077134358e+18 -0 -0)
(-5.47212867392004e+18 -0 -0)
(-5.53192648647188e+18 -0 -0)
(-5.58693223420414e+18 -0 -0)
(-5.63647439631002e+18 -0 -0)
(-5.6799167542027e+18 -0 -0)
(-5.71415189542226e+18 -0 -0)
(-5.74187890342129e+18 -0 -0)
(-5.76594422538078e+18 -0 -0)
(-5.78463113619598e+18 -0 -0)
(-5.79589015702888e+18 -0 -0)
(-5.79935940934563e+18 -0 -0)
(-5.80429002536198e+18 -0 -0)
(-5.80961516421804e+18 -0 -0)
(-5.81202106074786e+18 -0 -0)
(-5.81139735586294e+18 -0 -0)
(-5.80787188518804e+18 -0 -0)
(-5.80165527326879e+18 -0 -0)
(-5.79298250245221e+18 -0 -0)
(-5.7818810822571e+18 -0 -0)
(-5.76845873373727e+18 -0 -0)
(-5.75342130537954e+18 -0 -0)
(-5.7370023541264e+18 -0 -0)
(-5.71903200321444e+18 -0 -0)
(-5.70026884704412e+18 -0 -0)
(-5.68078925636143e+18 -0 -0)
(-5.66066288707184e+18 -0 -0)
(-5.64011509174506e+18 -0 -0)
(-5.61954046588991e+18 -0 -0)
(-5.5989771022952e+18 -0 -0)
(-5.57823885014069e+18 -0 -0)
(-5.5573081978238e+18 -0 -0)
(-5.53620035248152e+18 -0 -0)
(-5.51491180990579e+18 -0 -0)
(-5.493414872709e+18 -0 -0)
(-5.46892300481412e+18 -0 -0)
(-5.44328227388088e+18 -0 -0)
(-5.41754901081662e+18 -0 -0)
(-5.39174541257659e+18 -0 -0)
(-5.3658756877979e+18 -0 -0)
(-5.33994268207859e+18 -0 -0)
(-5.31394934172432e+18 -0 -0)
(-5.28789794707215e+18 -0 -0)
(-5.26179055713852e+18 -0 -0)
(-5.23563150120107e+18 -0 -0)
(-5.20942458505081e+18 -0 -0)
(-5.18317767153327e+18 -0 -0)
(-5.15691391824089e+18 -0 -0)
(-5.13067877802935e+18 -0 -0)
(-5.10444902744265e+18 -0 -0)
(-5.0780936422493e+18 -0 -0)
(-5.05154689843852e+18 -0 -0)
(-5.02482176110695e+18 -0 -0)
(-4.99791646324445e+18 -0 -0)
(-4.97082798306561e+18 -0 -0)
(-4.94355571195709e+18 -0 -0)
(-4.91609809459774e+18 -0 -0)
(-4.8884543709253e+18 -0 -0)
(-4.86062484007264e+18 -0 -0)
(-4.83260960990486e+18 -0 -0)
(-4.8044085256937e+18 -0 -0)
(-4.77602262716436e+18 -0 -0)
(-4.74745183022651e+18 -0 -0)
(-4.7186971358652e+18 -0 -0)
(-4.68975982864272e+18 -0 -0)
(-4.66064035396646e+18 -0 -0)
(-4.631339406436e+18 -0 -0)
(-4.60185860821926e+18 -0 -0)
(-4.57219868989491e+18 -0 -0)
(-4.54236056194939e+18 -0 -0)
(-4.51234599541034e+18 -0 -0)
(-4.48215550571089e+18 -0 -0)
(-4.45179044821782e+18 -0 -0)
(-4.42125194454149e+18 -0 -0)
(-4.39054123516643e+18 -0 -0)
(-4.35965967761881e+18 -0 -0)
(-4.32860804886964e+18 -0 -0)
(-4.2973882224671e+18 -0 -0)
(-4.26600116097531e+18 -0 -0)
(-4.23444791195717e+18 -0 -0)
(-4.2027299301255e+18 -0 -0)
(-4.17084810064006e+18 -0 -0)
(-4.13880433739749e+18 -0 -0)
(-4.10659965254561e+18 -0 -0)
(-4.0742351281388e+18 -0 -0)
(-4.04171221884379e+18 -0 -0)
(-4.00903242901036e+18 -0 -0)
(-3.97619670092371e+18 -0 -0)
(-3.94320633481479e+18 -0 -0)
(-3.91006297571048e+18 -0 -0)
(-3.87676771074866e+18 -0 -0)
(-3.84332196591699e+18 -0 -0)
(-3.80972691753159e+18 -0 -0)
(-3.77598378010692e+18 -0 -0)
(-3.74209408561943e+18 -0 -0)
(-3.70805939854806e+18 -0 -0)
(-3.67388074686168e+18 -0 -0)
(-3.63955947000589e+18 -0 -0)
(-3.60509667463829e+18 -0 -0)
(-3.57049430719724e+18 -0 -0)
(-3.53575323947476e+18 -0 -0)
(-3.50087518460069e+18 -0 -0)
(-3.46586108625293e+18 -0 -0)
(-3.43071243320598e+18 -0 -0)
(-3.39543072941455e+18 -0 -0)
(-3.36001724332238e+18 -0 -0)
(-3.32447326676022e+18 -0 -0)
(-3.28880035515939e+18 -0 -0)
(-3.25299958275143e+18 -0 -0)
(-3.21707253512666e+18 -0 -0)
(-3.18102033202886e+18 -0 -0)
(-3.14484458546579e+18 -0 -0)
(-3.10854644016372e+18 -0 -0)
(-3.07212752578677e+18 -0 -0)
(-3.03558902141202e+18 -0 -0)
(-2.99893257004926e+18 -0 -0)
(-2.96215893451064e+18 -0 -0)
(-2.92527022117473e+18 -0 -0)
(-2.88826721649095e+18 -0 -0)
(-2.85115160107103e+18 -0 -0)
(-2.81392463215786e+18 -0 -0)
(-2.77658777760293e+18 -0 -0)
(-2.73914230844855e+18 -0 -0)
(-2.70158971429985e+18 -0 -0)
(-2.66393128597871e+18 -0 -0)
(-2.62616832082692e+18 -0 -0)
(-2.5883023179729e+18 -0 -0)
(-2.55033477474462e+18 -0 -0)
(-2.5122666267228e+18 -0 -0)
(-2.47409975313587e+18 -0 -0)
(-2.43583511280043e+18 -0 -0)
(-2.39747422428567e+18 -0 -0)
(-2.35901859646432e+18 -0 -0)
(-2.32046939958536e+18 -0 -0)
(-2.281828159712e+18 -0 -0)
(-2.24309622781237e+18 -0 -0)
(-2.20427480046039e+18 -0 -0)
(-2.1653654022859e+18 -0 -0)
(-2.1263693956925e+18 -0 -0)
(-2.08728815631583e+18 -0 -0)
(-2.04812305963437e+18 -0 -0)
(-2.00887547771912e+18 -0 -0)
(-1.96954678787038e+18 -0 -0)
(-1.93013823006364e+18 -0 -0)
(-1.89065133388221e+18 -0 -0)
(-1.85108748426179e+18 -0 -0)
(-1.81144806287779e+18 -0 -0)
(-1.77173432711574e+18 -0 -0)
(-1.73194767722137e+18 -0 -0)
(-1.69208963121437e+18 -0 -0)
(-1.65216133705532e+18 -0 -0)
(-1.61216443548099e+18 -0 -0)
(-1.57210009067823e+18 -0 -0)
(-1.53196971779576e+18 -0 -0)
(-1.49177483712399e+18 -0 -0)
(-1.45151675504994e+18 -0 -0)
(-1.41119679714416e+18 -0 -0)
(-1.37081650868917e+18 -0 -0)
(-1.33037724260376e+18 -0 -0)
(-1.28988047454969e+18 -0 -0)
(-1.2493276168838e+18 -0 -0)
(-1.2087202975512e+18 -0 -0)
(-1.16806000558796e+18 -0 -0)
(-1.12734834874233e+18 -0 -0)
(-1.08658708728172e+18 -0 -0)
(-1.04577995814676e+18 -0 -0)
(-1.00491401812093e+18 -0 -0)
(-9.63997476896535e+17 -0 -0)
(-9.23059267195093e+17 -0 -0)
(-8.82076678350991e+17 -0 -0)
(-8.41031409010875e+17 -0 -0)
(-7.99932065041671e+17 -0 -0)
(-7.58777295157032e+17 -0 -0)
(-7.17566676524784e+17 -0 -0)
(-6.76300070384707e+17 -0 -0)
(-6.34977412199126e+17 -0 -0)
(-5.93598814226607e+17 -0 -0)
(-5.52164378876008e+17 -0 -0)
(-5.10674309085513e+17 -0 -0)
(-4.69128833552215e+17 -0 -0)
(-4.27528185666719e+17 -0 -0)
(-3.8587262651934e+17 -0 -0)
(-3.44162493069289e+17 -0 -0)
(-3.0239802092177e+17 -0 -0)
(-2.605795322333e+17 -0 -0)
(-2.18707277036336e+17 -0 -0)
(-1.76781478747493e+17 -0 -0)
(-1.34802336396934e+17 -0 -0)
(-9.27699388719225e+16 -0 -0)
(-5.06847127411059e+16 -0 -0)
(-8.69884333883952e+15 -0 -0)
(3.36140986281971e+16 -0 -0)
(7.57499606916082e+16 -0 -0)
(1.17857125063312e+17 -0 -0)
(1.5992370788713e+17 -0 -0)
(2.01970862336493e+17 -0 -0)
(2.43993672249378e+17 -0 -0)
(2.85976102458673e+17 -0 -0)
(3.27928018802865e+17 -0 -0)
(3.6984761360195e+17 -0 -0)
(4.11734265832223e+17 -0 -0)
(4.53587529274337e+17 -0 -0)
(4.95406921705144e+17 -0 -0)
(5.37191991829325e+17 -0 -0)
(5.78942294439833e+17 -0 -0)
(6.20657398390318e+17 -0 -0)
(6.62336946270334e+17 -0 -0)
(7.03980567462107e+17 -0 -0)
(7.45587909892424e+17 -0 -0)
(7.87158684950749e+17 -0 -0)
(8.28692532898497e+17 -0 -0)
(8.70189257662274e+17 -0 -0)
(9.11648628418166e+17 -0 -0)
(9.53070516212578e+17 -0 -0)
(9.94454995194247e+17 -0 -0)
(1.03580206229689e+18 -0 -0)
(1.07711202237128e+18 -0 -0)
(1.11838512337727e+18 -0 -0)
(1.15962242470965e+18 -0 -0)
(1.20082029784647e+18 -0 -0)
(1.24198465549721e+18 -0 -0)
(1.28312396050842e+18 -0 -0)
(1.32422789961204e+18 -0 -0)
(1.36529356442855e+18 -0 -0)
(1.40632547108107e+18 -0 -0)
(1.44732128032671e+18 -0 -0)
(1.48827984758271e+18 -0 -0)
(1.52919970126942e+18 -0 -0)
(1.57007957714416e+18 -0 -0)
(1.61091817279739e+18 -0 -0)
(1.65171391730086e+18 -0 -0)
(1.69246543753913e+18 -0 -0)
(1.73317134905339e+18 -0 -0)
(1.77382986921563e+18 -0 -0)
(1.81443971337219e+18 -0 -0)
(1.85499934304195e+18 -0 -0)
(1.89550720072564e+18 -0 -0)
(1.93596172035602e+18 -0 -0)
(1.97636133776582e+18 -0 -0)
(2.01670448265298e+18 -0 -0)
(2.05698972693288e+18 -0 -0)
(2.09721534551394e+18 -0 -0)
(2.1373799115537e+18 -0 -0)
(2.17748168939138e+18 -0 -0)
(2.21751941684818e+18 -0 -0)
(2.25749118902608e+18 -0 -0)
(2.29739558625254e+18 -0 -0)
(2.33723102513626e+18 -0 -0)
(2.37699574150428e+18 -0 -0)
(2.41668849719095e+18 -0 -0)
(2.456307360704e+18 -0 -0)
(2.49585074009572e+18 -0 -0)
(2.53531741340452e+18 -0 -0)
(2.57470523977158e+18 -0 -0)
(2.61401300607035e+18 -0 -0)
(2.65323893889622e+18 -0 -0)
(2.69238145788113e+18 -0 -0)
(2.7314389891809e+18 -0 -0)
(2.77040975380969e+18 -0 -0)
(2.80929217235756e+18 -0 -0)
(2.84808468305005e+18 -0 -0)
(2.88678551587526e+18 -0 -0)
(2.92539332371199e+18 -0 -0)
(2.96390611134431e+18 -0 -0)
(3.00232253660362e+18 -0 -0)
(3.04064059657563e+18 -0 -0)
(3.07885895329771e+18 -0 -0)
(3.11697582745754e+18 -0 -0)
(3.15498920290015e+18 -0 -0)
(3.19289800873385e+18 -0 -0)
(3.23070000975827e+18 -0 -0)
(3.26839391719273e+18 -0 -0)
(3.3059777251594e+18 -0 -0)
(3.34344992229395e+18 -0 -0)
(3.38080876488899e+18 -0 -0)
(3.4180525141276e+18 -0 -0)
(3.45517943531367e+18 -0 -0)
(3.49218779938941e+18 -0 -0)
(3.52907615052816e+18 -0 -0)
(3.5658422553252e+18 -0 -0)
(3.60248467738431e+18 -0 -0)
(3.63900173145879e+18 -0 -0)
(3.67539174911264e+18 -0 -0)
(3.7116525342904e+18 -0 -0)
(3.74778271988089e+18 -0 -0)
(3.78378035576901e+18 -0 -0)
(3.81964382998236e+18 -0 -0)
(3.85537130954724e+18 -0 -0)
(3.89096095241034e+18 -0 -0)
(3.9264109168226e+18 -0 -0)
(3.96171998491944e+18 -0 -0)
(3.99688576745112e+18 -0 -0)
(4.03190647888069e+18 -0 -0)
(4.0667806706968e+18 -0 -0)
(4.10150631681765e+18 -0 -0)
(4.1360817269156e+18 -0 -0)
(4.17050491568459e+18 -0 -0)
(4.20477424129218e+18 -0 -0)
(4.23888779031371e+18 -0 -0)
(4.2728436839839e+18 -0 -0)
(4.30664006904109e+18 -0 -0)
(4.34027513053792e+18 -0 -0)
(4.37374710646538e+18 -0 -0)
(4.40705394329596e+18 -0 -0)
(4.4401939626272e+18 -0 -0)
(4.47316520431874e+18 -0 -0)
(4.50596576635411e+18 -0 -0)
(4.53859414359286e+18 -0 -0)
(4.57104749151223e+18 -0 -0)
(4.60332478522905e+18 -0 -0)
(4.63542402085261e+18 -0 -0)
(4.66734289356876e+18 -0 -0)
(4.69907952850679e+18 -0 -0)
(4.7306321439435e+18 -0 -0)
(4.76199866955461e+18 -0 -0)
(4.79317711673556e+18 -0 -0)
(4.82416598165655e+18 -0 -0)
(4.85496234703604e+18 -0 -0)
(4.88556489947938e+18 -0 -0)
(4.91597169670076e+18 -0 -0)
(4.94617973695268e+18 -0 -0)
(4.9761880614643e+18 -0 -0)
(5.00599390472849e+18 -0 -0)
(5.03559500009664e+18 -0 -0)
(5.06498959768968e+18 -0 -0)
(5.09417488130146e+18 -0 -0)
(5.12314895290843e+18 -0 -0)
(5.15190882623003e+18 -0 -0)
(5.18045243017059e+18 -0 -0)
(5.20877655735916e+18 -0 -0)
(5.23687847251685e+18 -0 -0)
(5.26475549964799e+18 -0 -0)
(5.29240328970722e+18 -0 -0)
(5.31981910959777e+18 -0 -0)
(5.34699843918223e+18 -0 -0)
(5.3739365915662e+18 -0 -0)
(5.40062836662989e+18 -0 -0)
(5.42706746040841e+18 -0 -0)
(5.45321929498909e+18 -0 -0)
(5.4792194987907e+18 -0 -0)
(5.50531752874889e+18 -0 -0)
(5.5315215127237e+18 -0 -0)
(5.55772765789242e+18 -0 -0)
(5.58389719924571e+18 -0 -0)
(5.61002359036952e+18 -0 -0)
(5.63610958275483e+18 -0 -0)
(5.66216519464712e+18 -0 -0)
(5.68820453084749e+18 -0 -0)
(5.71423547806425e+18 -0 -0)
(5.73823921917033e+18 -0 -0)
(5.76029117206391e+18 -0 -0)
(5.78218552206358e+18 -0 -0)
(5.80395483734088e+18 -0 -0)
(5.82563458634392e+18 -0 -0)
(5.84725857217041e+18 -0 -0)
(5.86891424507387e+18 -0 -0)
(5.89073826512767e+18 -0 -0)
(5.91282147276601e+18 -0 -0)
(5.93523245698567e+18 -0 -0)
(5.95808809056079e+18 -0 -0)
(5.98162813293391e+18 -0 -0)
(6.00600487684394e+18 -0 -0)
(6.030834503657e+18 -0 -0)
(6.0556039714205e+18 -0 -0)
(6.08123886795034e+18 -0 -0)
(6.10791990117419e+18 -0 -0)
(6.13588429941233e+18 -0 -0)
(6.16529530123206e+18 -0 -0)
(6.19548253154335e+18 -0 -0)
(6.22581586999787e+18 -0 -0)
(6.25660358335223e+18 -0 -0)
(6.28988464248711e+18 -0 -0)
(6.33790099158062e+18 -0 -0)
(6.38880063294072e+18 -0 -0)
(6.44246021336811e+18 -0 -0)
(6.49879033815806e+18 -0 -0)
(6.55662527669041e+18 -0 -0)
(6.61099889510252e+18 -0 -0)
(6.69762523434237e+18 -0 -0)
(6.78575497732636e+18 -0 -0)
(6.87335585394153e+18 -0 -0)
(6.95739905324747e+18 -0 -0)
(7.06138780866515e+18 -0 -0)
(7.19136109045758e+18 -0 -0)
(7.31290013912881e+18 -0 -0)
(7.41644606249181e+18 -0 -0)
(7.57950057369256e+18 -0 -0)
(7.73311591165773e+18 -0 -0)
(7.85650174161025e+18 -0 -0)
(8.03441965686196e+18 -0 -0)
(8.2053726610896e+18 -0 -0)
(8.3306671847313e+18 -0 -0)
(8.5343707626635e+18 -0 -0)
(8.70178604763552e+18 -0 -0)
(8.8344715288042e+18 -0 -0)
(9.03211555068291e+18 -0 -0)
(9.1732991661707e+18 -0 -0)
(9.30656558561773e+18 -0 -0)
(9.47098507592148e+18 -0 -0)
(9.57524073222049e+18 -0 -0)
(9.68007079561569e+18 -0 -0)
(9.80452104418772e+18 -0 -0)
(9.87442972709706e+18 -0 -0)
(9.90911063192667e+18 -0 -0)
(1.0000956162249e+19 -0 -0)
(1.00441250497457e+19 -0 -0)
(1.00464537372947e+19 -0 -0)
(1.00358277812752e+19 -0 -0)
(1.00674644890255e+19 -0 -0)
(1.00656353553918e+19 -0 -0)
(1.00351795180774e+19 -0 -0)
(9.98212334450282e+18 -0 -0)
(9.91790500769659e+18 -0 -0)
(9.89973016324407e+18 -0 -0)
(9.86292274561019e+18 -0 -0)
(9.81170762788743e+18 -0 -0)
(9.7494902646218e+18 -0 -0)
(9.67711562522284e+18 -0 -0)
(9.5959787698759e+18 -0 -0)
(9.50934832717106e+18 -0 -0)
(9.45428149502933e+18 -0 -0)
(9.40551118621302e+18 -0 -0)
(9.35039872297054e+18 -0 -0)
(9.28995617822638e+18 -0 -0)
(9.22866000718667e+18 -0 -0)
(9.16560241610118e+18 -0 -0)
(9.10193625434826e+18 -0 -0)
(9.03383345349464e+18 -0 -0)
(8.96936644844072e+18 -0 -0)
(8.90277573156335e+18 -0 -0)
(8.84083526667604e+18 -0 -0)
(8.7731837823603e+18 -0 -0)
(8.74069614211222e+18 -0 -0)
(8.69928669079498e+18 -0 -0)
(8.66930661815512e+18 -0 -0)
(8.62501891896569e+18 -0 -0)
(8.59561252933017e+18 -0 -0)
(8.54753464305104e+18 -0 -0)
(8.52567006380613e+18 -0 -0)
(8.47534215142803e+18 -0 -0)
(8.46133901535405e+18 -0 -0)
(8.40364464178877e+18 -0 -0)
(8.39808554431236e+18 -0 -0)
(8.27171822012779e+18 -0 -0)
)
;

boundaryField
{
    electrode
    {
        type            calculated;
        value           uniform (-4.76179478319688e+18 -0 -0);
    }
    ground
    {
        type            calculated;
        value           uniform (8.32181780057891e+18 -0 -0);
    }
    otherfaces
    {
        type            empty;
    }
}


// ************************************************************************* //
