/*--------------------------------*- C++ -*----------------------------------*\
| =========                 |                                                 |
| \\      /  F ield         | foam-extend: Open Source CFD                    |
|  \\    /   O peration     | Version:     4.1                                |
|   \\  /    A nd           | Web:         http://www.foam-extend.org         |
|    \\/     M anipulation  |                                                 |
\*---------------------------------------------------------------------------*/
FoamFile
{
    version     2.0;
    format      ascii;
    class       volVectorField;
    location    "1.50099999934947e-05";
    object      velocityelectronMean;
}
// * * * * * * * * * * * * * * * * * * * * * * * * * * * * * * * * * * * * * //

dimensions      [0 1 -1 0 0 0 0];

internalField   nonuniform List<vector> 
500
(
(-1197506.53279801 0 0)
(-903010.441073043 0 0)
(-730692.43688094 0 0)
(-615654.678243153 0 0)
(-536196.913373611 0 0)
(-478988.695393456 0 0)
(-436063.43288661 0 0)
(-402441.042351774 0 0)
(-374977.063463756 0 0)
(-351600.204377642 0 0)
(-330977.675192183 0 0)
(-312179.534053868 0 0)
(-294657.812694148 0 0)
(-277986.425501447 0 0)
(-261924.559531641 0 0)
(-246239.920520799 0 0)
(-230841.391136298 0 0)
(-215695.806161823 0 0)
(-200785.032725144 0 0)
(-186072.258896872 0 0)
(-171593.425524922 0 0)
(-157409.028181234 0 0)
(-143570.857133582 0 0)
(-130135.414932807 0 0)
(-117167.215186746 0 0)
(-104716.286294284 0 0)
(-92845.8433414808 0 0)
(-81623.7403108704 0 0)
(-71096.1514427235 0 0)
(-61313.2069711278 0 0)
(-52323.8437261568 0 0)
(-44178.1309047642 0 0)
(-36872.2533280628 0 0)
(-30364.8766348627 0 0)
(-24663.116120896 0 0)
(-19768.0665794813 0 0)
(-15669.9359539789 0 0)
(-12291.9508104148 0 0)
(-9505.87951485667 0 0)
(-7277.8940053913 0 0)
(-5606.93198067894 0 0)
(-4376.98275401332 0 0)
(-3435.58199894025 0 0)
(-2785.8242564817 0 0)
(-2397.15191695304 0 0)
(-2118.08164437631 0 0)
(-1943.30709010017 0 0)
(-1881.54277536163 0 0)
(-1821.69081382943 0 0)
(-1787.14118858524 0 0)
(-1796.17451389408 0 0)
(-1757.65481105437 0 0)
(-1727.91530673299 0 0)
(-1715.92350487354 0 0)
(-1649.28881841274 0 0)
(-1597.87151861877 0 0)
(-1564.88630889941 0 0)
(-1493.85279227634 0 0)
(-1446.75706815868 0 0)
(-1422.25477509897 0 0)
(-1351.73044402271 0 0)
(-1280.96896222352 0 0)
(-1254.71681713623 0 0)
(-1220.74765188786 0 0)
(-1151.30691780464 0 0)
(-1078.74771718785 0 0)
(-1035.22446438854 0 0)
(-1024.34632492258 0 0)
(-1015.40758153277 0 0)
(-985.868992584793 0 0)
(-948.312174487335 0 0)
(-914.342164536278 0 0)
(-884.004320844677 0 0)
(-856.121763776172 0 0)
(-829.527101115521 0 0)
(-806.659749056304 0 0)
(-790.650263967949 0 0)
(-776.962942700676 0 0)
(-760.000299917541 0 0)
(-741.51670478793 0 0)
(-724.132366728968 0 0)
(-708.106204755125 0 0)
(-693.88159171481 0 0)
(-681.185287776155 0 0)
(-668.10374889435 0 0)
(-654.016476836553 0 0)
(-640.469548513895 0 0)
(-628.090851257711 0 0)
(-616.281199640005 0 0)
(-604.748305179926 0 0)
(-593.771045017883 0 0)
(-583.478054756482 0 0)
(-573.660122140386 0 0)
(-564.194660143194 0 0)
(-555.05200500848 0 0)
(-546.211530792099 0 0)
(-537.654215382022 0 0)
(-529.362844812561 0 0)
(-521.321947673954 0 0)
(-513.519508836365 0 0)
(-505.949675527959 0 0)
(-498.621527235198 0 0)
(-491.583515832777 0 0)
(-484.885826266277 0 0)
(-478.124781647209 0 0)
(-470.715204328171 0 0)
(-463.156581223543 0 0)
(-456.28617527491 0 0)
(-449.95361720414 0 0)
(-443.793884985571 0 0)
(-437.758953006331 0 0)
(-431.844296810528 0 0)
(-426.043853935617 0 0)
(-420.35203194743 0 0)
(-414.764241992041 0 0)
(-409.27625508121 0 0)
(-403.884155480458 0 0)
(-398.584292636562 0 0)
(-393.373089512641 0 0)
(-388.247331952327 0 0)
(-383.204020190444 0 0)
(-378.240222813295 0 0)
(-373.353322131923 0 0)
(-368.540748453856 0 0)
(-363.799977887768 0 0)
(-359.128710042902 0 0)
(-354.524607083182 0 0)
(-349.985544465598 0 0)
(-345.509603654799 0 0)
(-341.094716614686 0 0)
(-336.73897767521 0 0)
(-332.440578234069 0 0)
(-328.1977886547 0 0)
(-324.008960837318 0 0)
(-319.872546925695 0 0)
(-315.787087394517 0 0)
(-311.751225626618 0 0)
(-307.763518000352 0 0)
(-303.822631914291 0 0)
(-299.927272157292 0 0)
(-296.076126901835 0 0)
(-292.267976810898 0 0)
(-288.50164165613 0 0)
(-284.776002104711 0 0)
(-281.089956494606 0 0)
(-277.442520351725 0 0)
(-273.832550843657 0 0)
(-270.259139642286 0 0)
(-266.721378265995 0 0)
(-263.218316686033 0 0)
(-259.749064331249 0 0)
(-256.312794870236 0 0)
(-252.908653764238 0 0)
(-249.535881528312 0 0)
(-246.193699897645 0 0)
(-242.881334860538 0 0)
(-239.598069635774 0 0)
(-236.343182491426 0 0)
(-233.116058238366 0 0)
(-229.915944865294 0 0)
(-226.742215928113 0 0)
(-223.594241034351 0 0)
(-220.471385019468 0 0)
(-217.373098467437 0 0)
(-214.298775104978 0 0)
(-211.247848666065 0 0)
(-208.219749885158 0 0)
(-205.213966262988 0 0)
(-202.229970656212 0 0)
(-199.267259379453 0 0)
(-196.325345847445 0 0)
(-193.40369440625 0 0)
(-190.501867273629 0 0)
(-187.619400118532 0 0)
(-184.755848644583 0 0)
(-181.9107878116 0 0)
(-179.083774755203 0 0)
(-176.274389911596 0 0)
(-173.482246195683 0 0)
(-170.706911605619 0 0)
(-167.948021711467 0 0)
(-165.205186538518 0 0)
(-162.477990452951 0 0)
(-159.766102335322 0 0)
(-157.06917632673 0 0)
(-154.386851062109 0 0)
(-151.718784327801 0 0)
(-149.064636594664 0 0)
(-146.424084267775 0 0)
(-143.796797463045 0 0)
(-141.182475474274 0 0)
(-138.580787315869 0 0)
(-135.991436635745 0 0)
(-133.414135242125 0 0)
(-130.848559769052 0 0)
(-128.294454818013 0 0)
(-125.751510227319 0 0)
(-123.219448116059 0 0)
(-120.697995701715 0 0)
(-118.186887631514 0 0)
(-115.685853986562 0 0)
(-113.194635597691 0 0)
(-110.71297772516 0 0)
(-108.240624327108 0 0)
(-105.777318580424 0 0)
(-103.322818070707 0 0)
(-100.876886109278 0 0)
(-98.4392722241867 0 0)
(-96.009751873013 0 0)
(-93.5880747522211 0 0)
(-91.17400682697 0 0)
(-88.7673180376956 0 0)
(-86.3677875873768 0 0)
(-83.9752175890531 0 0)
(-81.5893536416725 0 0)
(-79.209878287229 0 0)
(-76.8366074432831 0 0)
(-74.4693923055699 0 0)
(-72.1080561524299 0 0)
(-69.752638769071 0 0)
(-67.4024988814989 0 0)
(-65.0473343219798 0 0)
(-62.7022350438547 0 0)
(-60.3871603794919 0 0)
(-58.0554872372776 0 0)
(-55.699778669188 0 0)
(-53.3572626860145 0 0)
(-51.0215070017216 0 0)
(-48.6942911886259 0 0)
(-46.3776191435147 0 0)
(-44.0636981797228 0 0)
(-41.75373357228 0 0)
(-39.447610495592 0 0)
(-37.145009081413 0 0)
(-34.8456984143776 0 0)
(-32.5494204235725 0 0)
(-30.2558809115018 0 0)
(-27.9649422731719 0 0)
(-25.6763760194484 0 0)
(-23.3899787570096 0 0)
(-21.1055418793226 0 0)
(-18.8228701762919 0 0)
(-16.5417776827435 0 0)
(-14.2620515472238 0 0)
(-11.9835287274656 0 0)
(-9.70677044131252 0 0)
(-7.43049163687222 0 0)
(-5.12423137354853 0 0)
(-2.82525246107479 0 0)
(-0.579630107186131 0 0)
(1.65049311549378 0 0)
(3.89533796326705 0 0)
(6.19271154081127 0 0)
(8.49969868949201 0 0)
(10.7762155011811 0 0)
(13.0528419401792 0 0)
(15.331188722215 0 0)
(17.6107156498577 0 0)
(19.8915925281509 0 0)
(22.1740159922008 0 0)
(24.4581753116861 0 0)
(26.744275061077 0 0)
(29.0325131936675 0 0)
(31.3230936310454 0 0)
(33.6162541596688 0 0)
(35.9121230793629 0 0)
(38.2109968627202 0 0)
(40.5131297193634 0 0)
(42.8187540779883 0 0)
(45.1281949582297 0 0)
(47.4415581673295 0 0)
(49.7576300220628 0 0)
(52.0841523137918 0 0)
(54.4192583808006 0 0)
(56.7611846956449 0 0)
(59.116295380337 0 0)
(61.4473403564633 0 0)
(63.7615764626901 0 0)
(66.1058537831005 0 0)
(68.4602652314861 0 0)
(70.8095714670688 0 0)
(73.1641236141737 0 0)
(75.5245711559904 0 0)
(77.8908475567611 0 0)
(80.2631590791526 0 0)
(82.6416437364359 0 0)
(85.0264911387139 0 0)
(87.4180073350575 0 0)
(89.8164508281611 0 0)
(92.2220368814933 0 0)
(94.6349632505588 0 0)
(97.0554596308886 0 0)
(99.4837786030181 0 0)
(101.920141269585 0 0)
(104.364787024332 0 0)
(106.817964078758 0 0)
(109.279916756754 0 0)
(111.750883208751 0 0)
(114.231130217001 0 0)
(116.720897520919 0 0)
(119.220437312886 0 0)
(121.730014516465 0 0)
(124.249889544893 0 0)
(126.780336670583 0 0)
(129.321631366187 0 0)
(131.874057962364 0 0)
(134.437897724628 0 0)
(137.013433773207 0 0)
(139.600971598143 0 0)
(142.200805723089 0 0)
(144.813249189788 0 0)
(147.438610417875 0 0)
(150.077182557273 0 0)
(152.729306006343 0 0)
(155.395309862504 0 0)
(158.075514247037 0 0)
(160.770284271219 0 0)
(163.479979829744 0 0)
(166.204921937576 0 0)
(168.945459396298 0 0)
(171.701996857502 0 0)
(174.474924020059 0 0)
(177.264631803437 0 0)
(180.071514990609 0 0)
(182.895968958003 0 0)
(185.738427239021 0 0)
(188.599281891632 0 0)
(191.479019458897 0 0)
(194.378069449065 0 0)
(197.296890875351 0 0)
(200.235949500694 0 0)
(203.195730371108 0 0)
(206.176721671371 0 0)
(209.179425980323 0 0)
(212.204395267525 0 0)
(215.252147244174 0 0)
(218.323201157241 0 0)
(221.418157405954 0 0)
(224.537579541445 0 0)
(227.682052564094 0 0)
(230.852231834677 0 0)
(234.048700689252 0 0)
(237.272126190901 0 0)
(240.523210326895 0 0)
(243.802605431323 0 0)
(247.1109957784 0 0)
(250.449155025555 0 0)
(253.817809451051 0 0)
(257.217676206568 0 0)
(260.649637191954 0 0)
(264.114486119214 0 0)
(267.613049558503 0 0)
(271.146240922552 0 0)
(274.714939708152 0 0)
(278.320076405214 0 0)
(281.962679534575 0 0)
(285.643717302379 0 0)
(289.364199289499 0 0)
(293.125251807109 0 0)
(296.927968952228 0 0)
(300.773620809493 0 0)
(304.6633460298 0 0)
(308.598431460975 0 0)
(312.580201446484 0 0)
(316.610035114342 0 0)
(320.689266217912 0 0)
(324.819371541108 0 0)
(329.001772325844 0 0)
(333.237897234149 0 0)
(337.529526195013 0 0)
(341.878274625645 0 0)
(346.285947688187 0 0)
(350.754611745999 0 0)
(355.286187808396 0 0)
(359.882641718922 0 0)
(364.546071882908 0 0)
(369.278676731744 0 0)
(374.082951025416 0 0)
(378.961318292948 0 0)
(383.916297979839 0 0)
(388.950603015784 0 0)
(394.067020071853 0 0)
(399.268673189578 0 0)
(404.558845712351 0 0)
(409.941003103245 0 0)
(415.418714980933 0 0)
(420.995866906911 0 0)
(426.676821310004 0 0)
(432.466142676054 0 0)
(438.369248051014 0 0)
(444.392235104903 0 0)
(450.539796033852 0 0)
(456.859476507129 0 0)
(463.716017954688 0 0)
(471.261491308211 0 0)
(478.659004647448 0 0)
(485.406703732987 0 0)
(492.089532687818 0 0)
(499.11240299833 0 0)
(506.425035871872 0 0)
(513.978835743314 0 0)
(521.764701505165 0 0)
(529.788509824203 0 0)
(538.062170028268 0 0)
(546.601251309576 0 0)
(555.422911110983 0 0)
(564.545927952676 0 0)
(573.991340359235 0 0)
(583.788763946789 0 0)
(594.060002185252 0 0)
(605.014639123581 0 0)
(616.52446815925 0 0)
(628.310280058412 0 0)
(640.663593559801 0 0)
(654.184090954554 0 0)
(668.245372614932 0 0)
(681.30062280856 0 0)
(693.967982574684 0 0)
(708.161540611094 0 0)
(724.155692952569 0 0)
(741.5070932856 0 0)
(759.95749806025 0 0)
(776.889592745766 0 0)
(790.54255475739 0 0)
(806.50704433004 0 0)
(829.329467752566 0 0)
(855.882111115396 0 0)
(883.72117357477 0 0)
(914.012288548725 0 0)
(947.933555078775 0 0)
(985.440994832831 0 0)
(1014.94650184135 0 0)
(1023.84672090399 0 0)
(1034.64334737609 0 0)
(1078.0798549902 0 0)
(1150.57194620526 0 0)
(1219.9760876733 0 0)
(1253.90856711599 0 0)
(1280.0623540715 0 0)
(1350.72409634865 0 0)
(1421.20168915163 0 0)
(1445.64048457703 0 0)
(1492.61455744554 0 0)
(1563.57122791279 0 0)
(1596.5045179921 0 0)
(1647.80248559243 0 0)
(1714.34203760271 0 0)
(1726.24560900558 0 0)
(1755.86112027727 0 0)
(1794.28551007587 0 0)
(1785.10846185991 0 0)
(1819.50144425085 0 0)
(1879.23758835603 0 0)
(1940.79517196591 0 0)
(2115.34039289613 0 0)
(2394.22046767369 0 0)
(2782.604485346 0 0)
(3432.03407205321 0 0)
(4373.14139796136 0 0)
(5602.74183171019 0 0)
(7273.29909057982 0 0)
(9500.89610994468 0 0)
(12286.6088312011 0 0)
(15664.226498998 0 0)
(19761.9968087841 0 0)
(24656.7380877892 0 0)
(30358.2530762097 0 0)
(36865.4551138978 0 0)
(44171.2283755777 0 0)
(52316.9117393378 0 0)
(61306.3295257133 0 0)
(71089.4207744391 0 0)
(81617.2450143058 0 0)
(92839.6719395666 0 0)
(104710.523342954 0 0)
(117161.932971581 0 0)
(130130.675992581 0 0)
(143566.720991591 0 0)
(157405.551642294 0 0)
(171590.635601874 0 0)
(186070.182330948 0 0)
(200783.678718686 0 0)
(215695.182430344 0 0)
(230841.475696935 0 0)
(246240.690832343 0 0)
(261925.985179287 0 0)
(277988.466754293 0 0)
(294660.429543322 0 0)
(312182.676657285 0 0)
(330981.286686419 0 0)
(351604.243288956 0 0)
(374981.513014227 0 0)
(402445.918224737 0 0)
(436068.819273866 0 0)
(478994.796548655 0 0)
(536204.153520593 0 0)
(615663.881371961 0 0)
(730705.11074063 0 0)
(903029.319886392 0 0)
(1197538.28355385 0 0)
)
;

boundaryField
{
    electrode
    {
        type            calculated;
        value           uniform (-865620.936496839 0 0);
    }
    ground
    {
        type            calculated;
        value           uniform (865627.715936582 0 0);
    }
    otherfaces
    {
        type            empty;
    }
}


// ************************************************************************* //
