/*--------------------------------*- C++ -*----------------------------------*\
| =========                 |                                                 |
| \\      /  F ield         | foam-extend: Open Source CFD                    |
|  \\    /   O peration     | Version:     4.1                                |
|   \\  /    A nd           | Web:         http://www.foam-extend.org         |
|    \\/     M anipulation  |                                                 |
\*---------------------------------------------------------------------------*/
FoamFile
{
    version     2.0;
    format      ascii;
    class       volScalarField;
    location    "1.50100000171593e-05";
    object      Arm;
}
// * * * * * * * * * * * * * * * * * * * * * * * * * * * * * * * * * * * * * //

dimensions      [0 -3 0 0 0 0 0];

internalField   nonuniform List<scalar> 
500
(
1.43868021676828e+19
1.43889319160597e+19
1.4393190726353e+19
1.43995771520226e+19
1.44080888350201e+19
1.44187224416953e+19
1.44314736123913e+19
1.444633690365e+19
1.44633057296167e+19
1.44823722997381e+19
1.45035275462454e+19
1.45267610227394e+19
1.4552060847124e+19
1.45794137047886e+19
1.46088048269205e+19
1.4640217973986e+19
1.46736354253765e+19
1.4709037938043e+19
1.47464046721721e+19
1.47857131577588e+19
1.48269392282642e+19
1.48700570761196e+19
1.49150393520618e+19
1.4961857193266e+19
1.50104802367244e+19
1.5060876554585e+19
1.51130123996315e+19
1.51668522259172e+19
1.5222358714954e+19
1.52794927603923e+19
1.53382134257027e+19
1.539847788962e+19
1.54602413665801e+19
1.5523456979691e+19
1.55880756121869e+19
1.56540453780355e+19
1.57213111329648e+19
1.57898144701474e+19
1.58594938084824e+19
1.5930284185796e+19
1.60021170617854e+19
1.60749202506025e+19
1.61486179242867e+19
1.62231307605038e+19
1.62983763545758e+19
1.63742697612644e+19
1.64507242341733e+19
1.65276521946714e+19
1.66049661844196e+19
1.66825793723339e+19
1.67604063016941e+19
1.68383637881496e+19
1.69163715659493e+19
1.69943527254874e+19
1.7072233986102e+19
1.71499458152287e+19
1.72274224370619e+19
1.73046017412315e+19
1.73814251101311e+19
1.74578372033886e+19
1.75337862152824e+19
1.76092238042329e+19
1.76841049215412e+19
1.77583875747475e+19
1.78320327605184e+19
1.7905004362923e+19
1.79772688828801e+19
1.80487952139365e+19
1.81195545728934e+19
1.81895205205428e+19
1.8258668941066e+19
1.83269778994617e+19
1.83944274623221e+19
1.84609995760582e+19
1.85266779826405e+19
1.85914481374574e+19
1.86552971265099e+19
1.87182135870819e+19
1.87801876477018e+19
1.88412108849749e+19
1.89012762629907e+19
1.89603780504263e+19
1.90185117461604e+19
1.90756740212894e+19
1.91318626655077e+19
1.91870765315756e+19
1.92413154724037e+19
1.92945802834938e+19
1.93468726551043e+19
1.9398195126866e+19
1.94485510425321e+19
1.94979445040104e+19
1.95463803268754e+19
1.95938639997792e+19
1.96404016447391e+19
1.96859999785058e+19
1.97306662742327e+19
1.97744083244375e+19
1.98172344048753e+19
1.98591532394206e+19
1.99001739661293e+19
1.99403061046193e+19
1.99795595247995e+19
2.00179444149215e+19
2.00554711900882e+19
2.00921504323759e+19
2.01279929225003e+19
2.01630096227753e+19
2.019721166472e+19
2.0230610342649e+19
2.02632171083212e+19
2.02950435600378e+19
2.03261014280648e+19
2.03564025584785e+19
2.03859588964168e+19
2.04147824694644e+19
2.04428853712938e+19
2.04702797463292e+19
2.04969777746509e+19
2.05229916581444e+19
2.05483336069987e+19
2.05730158268073e+19
2.05970505064891e+19
2.06204498071031e+19
2.06432258508314e+19
2.06653907105619e+19
2.06869564005841e+19
2.07079348672536e+19
2.07283379806987e+19
2.07481775267421e+19
2.07674651993033e+19
2.07862125934694e+19
2.08044311992542e+19
2.0822132395205e+19
2.08393274431175e+19
2.0856027482719e+19
2.08722435268167e+19
2.08879864574278e+19
2.0903267021319e+19
2.091809582664e+19
2.0932483339646e+19
2.09464398818568e+19
2.0959975627551e+19
2.09731006010936e+19
2.09858246755467e+19
2.09981575705657e+19
2.10101088511158e+19
2.10216879261852e+19
2.10329040480767e+19
2.10437663115969e+19
2.10542836536537e+19
2.10644648528803e+19
2.10743185297368e+19
2.10838531465201e+19
2.10930770076529e+19
2.11019982602903e+19
2.11106248948172e+19
2.1118964745829e+19
2.1127025492795e+19
2.11348146613686e+19
2.11423396243953e+19
2.11496076031629e+19
2.11566256689272e+19
2.1163400744121e+19
2.11699396045004e+19
2.11762488803177e+19
2.11823350580118e+19
2.11882044823669e+19
2.11938633581093e+19
2.11993177520205e+19
2.12045735948854e+19
2.12096366834757e+19
2.12145126825126e+19
2.12192071270039e+19
2.1223725424216e+19
2.1228072856086e+19
2.12322545811935e+19
2.1236275637009e+19
2.12401409419911e+19
2.12438552983069e+19
2.12474233935131e+19
2.12508498031029e+19
2.12541389928031e+19
2.12572953206731e+19
2.12603230393038e+19
2.12632262982833e+19
2.12660091461593e+19
2.12686755328534e+19
2.12712293115732e+19
2.12736742413466e+19
2.12760139888016e+19
2.12782521304909e+19
2.12803921549388e+19
2.12824374646556e+19
2.12843913780402e+19
2.12862571316816e+19
2.12880378818776e+19
2.12897367067276e+19
2.12913566083237e+19
2.12929005137075e+19
2.12943712773927e+19
2.12957716826162e+19
2.12971044433593e+19
2.12983722053207e+19
2.12995775479571e+19
2.13007229858361e+19
2.13018109695268e+19
2.13028438876247e+19
2.13038240673056e+19
2.13047537755841e+19
2.13056352204592e+19
2.1306470551655e+19
2.13072618614649e+19
2.13080111851346e+19
2.13087205017433e+19
2.13093917340565e+19
2.13100267489804e+19
2.13106273573817e+19
2.13111953137619e+19
2.13117323158741e+19
2.13122400037023e+19
2.13127199581447e+19
2.13131736995956e+19
2.13136026859358e+19
2.13140083094425e+19
2.13143918929855e+19
2.13147546852215e+19
2.13150978544073e+19
2.13154224797802e+19
2.1315729539503e+19
2.13160198969413e+19
2.13162942837429e+19
2.1316553286352e+19
2.13167973388219e+19
2.13170267277359e+19
2.13172416080704e+19
2.13174420149606e+19
2.13176278806075e+19
2.13177992242972e+19
2.13179561020623e+19
2.13180985752063e+19
2.13182267018349e+19
2.13183405350752e+19
2.13184401218609e+19
2.13185255040329e+19
2.13185967169721e+19
2.13186537905245e+19
2.13186967486563e+19
2.13187256092252e+19
2.13187403840084e+19
2.13187410788741e+19
2.13187276938869e+19
2.13187002236221e+19
2.131865865682e+19
2.13186029759364e+19
2.13185331573496e+19
2.13184491717693e+19
2.13183509839211e+19
2.13182385525734e+19
2.13181118309604e+19
2.13179707664481e+19
2.13178153011491e+19
2.13176453742617e+19
2.13174609292995e+19
2.1317261965368e+19
2.13170485834811e+19
2.13168207226521e+19
2.13165782228363e+19
2.13163207950497e+19
2.13160480032051e+19
2.13157592530417e+19
2.13154538095778e+19
2.1315130810018e+19
2.13147892765589e+19
2.13144281304139e+19
2.13140462040748e+19
2.13136422490154e+19
2.13132149430608e+19
2.13127628945042e+19
2.13122846457799e+19
2.13117786769154e+19
2.13112434076342e+19
2.13106771983536e+19
2.13100783518525e+19
2.13094451141464e+19
2.13087756748339e+19
2.13080681675971e+19
2.13073206700282e+19
2.13065312035486e+19
2.13056977334889e+19
2.13048181681017e+19
2.13038903581351e+19
2.13029120962034e+19
2.13018811156639e+19
2.13007950898769e+19
2.12996516311347e+19
2.12984482890884e+19
2.12971825498065e+19
2.12958518345416e+19
2.12944534979705e+19
2.12929848270452e+19
2.12914430388146e+19
2.12898252795124e+19
2.12881286224229e+19
2.12863500665557e+19
2.12844865341621e+19
2.12825348696285e+19
2.12804918371715e+19
2.12783541190244e+19
2.12761183131629e+19
2.12737809320529e+19
2.12713383997914e+19
2.12687870503981e+19
2.1266123125638e+19
2.12633427730872e+19
2.12604420435807e+19
2.12574168892559e+19
2.12542631614496e+19
2.12509766085533e+19
2.12475528730309e+19
2.12439874903028e+19
2.12402758854165e+19
2.12364133718178e+19
2.12323951486297e+19
2.12282162979395e+19
2.1223871783231e+19
2.12193564469551e+19
2.12146650082673e+19
2.12097920609332e+19
2.12047320708346e+19
2.11994793742874e+19
2.11940281757752e+19
2.11883725453788e+19
2.11825064175361e+19
2.11764235886657e+19
2.11701177152282e+19
2.11635823119581e+19
2.11568107497217e+19
2.11497962541553e+19
2.11425319040637e+19
2.11350106294319e+19
2.11272252102531e+19
2.11191682751654e+19
2.11108322997154e+19
2.11022096059598e+19
2.10932923607613e+19
2.10840725751074e+19
2.10745421032428e+19
2.10646926422868e+19
2.10545157315413e+19
2.10440027521976e+19
2.10331449270952e+19
2.1021933320977e+19
2.10103588407654e+19
2.09984122358135e+19
2.09860840987166e+19
2.097336486627e+19
2.09602448205156e+19
2.09467140904382e+19
2.0932762653114e+19
2.09183803363089e+19
2.09035568203442e+19
2.08882816407063e+19
2.08725441912419e+19
2.08563337270596e+19
2.08396393681013e+19
2.08224501035757e+19
2.08047547955668e+19
2.07865421844023e+19
2.07678008936154e+19
2.07485194352075e+19
2.07286862160326e+19
2.0708289544253e+19
2.06873176360745e+19
2.0665758623721e+19
2.06436005625789e+19
2.0620831440539e+19
2.05974391867158e+19
2.05734116811294e+19
2.05487367648884e+19
2.05234022510828e+19
2.04973959361944e+19
2.04707056120951e+19
2.04433190789781e+19
2.04152241588062e+19
2.03864087091548e+19
2.03568606383523e+19
2.03265679206682e+19
2.0295518613042e+19
2.0263700871143e+19
2.02311029665524e+19
2.01977133028519e+19
2.0163520429968e+19
2.01285130553528e+19
2.00926800494231e+19
2.00560104518554e+19
2.00184934843557e+19
1.99801185679943e+19
1.99408752837158e+19
1.99007534456247e+19
1.98597431846976e+19
1.98178349824272e+19
1.97750197016642e+19
1.97312886193067e+19
1.96866334603775e+19
1.9641046432973e+19
1.95945202641385e+19
1.95470482373581e+19
1.94986242305915e+19
1.94492427550088e+19
1.93988989945222e+19
1.93475888465513e+19
1.92953089664199e+19
1.9242056813316e+19
1.91878306955567e+19
1.913262981604e+19
1.90764543196792e+19
1.90193053513592e+19
1.89611851185821e+19
1.89020969474659e+19
1.88420453358008e+19
1.87810360113094e+19
1.87190760058605e+19
1.86561737389483e+19
1.85923390782643e+19
1.85275833819768e+19
1.84619195590991e+19
1.83953621488205e+19
1.83279274035176e+19
1.82596333709989e+19
1.81904999788619e+19
1.81205491561297e+19
1.80498050133532e+19
1.79782939846771e+19
1.79060448483447e+19
1.7833088707404e+19
1.77594590588813e+19
1.76851920219539e+19
1.76103266034639e+19
1.753490479814e+19
1.74589716621644e+19
1.73825755432836e+19
1.73057682499058e+19
1.72286050873544e+19
1.71511447071468e+19
1.70734492479852e+19
1.69955845090858e+19
1.69176200453771e+19
1.68396291592514e+19
1.67616887802483e+19
1.66838791920602e+19
1.66062835955163e+19
1.65289874775123e+19
1.645207766079e+19
1.63756415131131e+19
1.62997665949272e+19
1.62245396285714e+19
1.61500455344149e+19
1.60763666879907e+19
1.60035823787795e+19
1.59317684032636e+19
1.58609969223818e+19
1.57913364468476e+19
1.57228518968433e+19
1.56556048248417e+19
1.55896535987928e+19
1.55250533774699e+19
1.54618560068932e+19
1.54001105228779e+19
1.53398637809472e+19
1.52811605496934e+19
1.52240436295145e+19
1.51685539342991e+19
1.51147305487791e+19
1.50626107698507e+19
1.50122301263519e+19
1.49636223508778e+19
1.49168193135587e+19
1.48718513489031e+19
1.48287472989577e+19
1.47875344934969e+19
1.47482387318115e+19
1.47108841696657e+19
1.46754932443502e+19
1.46420867721371e+19
1.46106839679059e+19
1.45813025315111e+19
1.45539586897526e+19
1.45286672012433e+19
1.45054413731254e+19
1.44842930883163e+19
1.44652327889451e+19
1.44482695346411e+19
1.44334111155096e+19
1.44206641205012e+19
1.44100339977262e+19
1.44015251138232e+19
1.43951408111678e+19
1.43908834545585e+19
1.43887544945616e+19
)
;

boundaryField
{
    electrode
    {
        type            zeroGradient;
    }
    ground
    {
        type            zeroGradient;
    }
    otherfaces
    {
        type            empty;
    }
}


// ************************************************************************* //
