/*--------------------------------*- C++ -*----------------------------------*\
| =========                 |                                                 |
| \\      /  F ield         | foam-extend: Open Source CFD                    |
|  \\    /   O peration     | Version:     4.1                                |
|   \\  /    A nd           | Web:         http://www.foam-extend.org         |
|    \\/     M anipulation  |                                                 |
\*---------------------------------------------------------------------------*/
FoamFile
{
    version     2.0;
    format      ascii;
    class       volScalarField;
    location    "1.49999999935008e-05";
    object      Arp1Mean;
}
// * * * * * * * * * * * * * * * * * * * * * * * * * * * * * * * * * * * * * //

dimensions      [0 -3 0 0 0 0 0];

internalField   nonuniform List<scalar> 
500
(
9.09974980146298e+17
9.39069702432752e+17
9.49069506352727e+17
9.69224789103016e+17
9.82075093933927e+17
1.00320837274958e+18
1.01960168526993e+18
1.0424460323394e+18
1.06181048412088e+18
1.08632366496342e+18
1.10935008474448e+18
1.13674807753374e+18
1.16396125415112e+18
1.19554768353768e+18
1.22760269249891e+18
1.26336919573384e+18
1.30095458701099e+18
1.34106252141039e+18
1.38331431342659e+18
1.4299877508217e+18
1.48011465995724e+18
1.53422351244437e+18
1.59141752534191e+18
1.65248076693569e+18
1.71891887382709e+18
1.7906405114988e+18
1.86557115461427e+18
1.94564254296426e+18
2.03222378604779e+18
2.12215154417685e+18
2.21757437272587e+18
2.31800665090943e+18
2.4222541421845e+18
2.53090681007418e+18
2.64210066579324e+18
2.75626202711534e+18
2.87235362800456e+18
2.99013485338428e+18
3.10889745989414e+18
3.22877885646868e+18
3.34890113418571e+18
3.46949472141124e+18
3.58862425230012e+18
3.7061346701678e+18
3.82399447780099e+18
3.93915335701776e+18
4.05343932561585e+18
4.16862684746798e+18
4.28204945400495e+18
4.39215115219106e+18
4.50040180328179e+18
4.60800010049792e+18
4.71480176562777e+18
4.82079501478408e+18
4.92564782750472e+18
5.02877989342871e+18
5.1301893861434e+18
5.23043785770198e+18
5.32972742796386e+18
5.42804814432626e+18
5.52541987264891e+18
5.6218980535051e+18
5.71753785284222e+18
5.81238106098156e+18
5.90635864424994e+18
5.99936914813285e+18
6.09152763232501e+18
6.18295320063854e+18
6.27365036554152e+18
6.36360003830824e+18
6.45285444411267e+18
6.54149478741038e+18
6.62952482839357e+18
6.71694990393952e+18
6.80378420605648e+18
6.89004005113278e+18
6.97572800929101e+18
7.06086958101293e+18
7.14547898173682e+18
7.22955699636725e+18
7.3131113541273e+18
7.39615048615027e+18
7.47868173951054e+18
7.56071190234582e+18
7.64224727057289e+18
7.72329368272955e+18
7.80385655944919e+18
7.88394093829939e+18
7.96355150319646e+18
8.04269265214009e+18
8.12136862104563e+18
8.19958244714761e+18
8.27733084471583e+18
8.35462694591882e+18
8.43149770673363e+18
8.50793749064219e+18
8.58393254828696e+18
8.65948520316187e+18
8.7345964604882e+18
8.80926670063717e+18
8.88349625686141e+18
8.95728536690801e+18
9.03063417146411e+18
9.10354272198301e+18
9.17601098642931e+18
9.24803885447208e+18
9.3196261426008e+18
9.39077259868756e+18
9.4614779061736e+18
9.53174168832402e+18
9.60156351213482e+18
9.67094289173774e+18
9.73987929193364e+18
9.80837213136126e+18
9.87642078542221e+18
9.94402458927773e+18
1.0011182840502e+19
1.00778948016466e+19
1.01441597026501e+19
1.02099767429845e+19
1.02753450939838e+19
1.03402639009094e+19
1.04047322848282e+19
1.04687493443536e+19
1.05323141573887e+19
1.0595425782693e+19
1.06580832616087e+19
1.07202856196497e+19
1.07820318678145e+19
1.08433210038649e+19
1.09041520137476e+19
1.09645238727016e+19
1.10244355464212e+19
1.10838859921898e+19
1.11428741598526e+19
1.12013989928181e+19
1.12594594291309e+19
1.13170544021903e+19
1.13741828416863e+19
1.14308436744543e+19
1.14870358252225e+19
1.15427582174166e+19
1.15980097737775e+19
1.16527894170689e+19
1.17070960708033e+19
1.17609286598196e+19
1.18142861110328e+19
1.18671673539253e+19
1.19195713210377e+19
1.19714969485806e+19
1.20229431769266e+19
1.20739089512354e+19
1.21243932213765e+19
1.21743949428474e+19
1.2223913077123e+19
1.22729465921194e+19
1.23214944624073e+19
1.23695556696542e+19
1.24171292029796e+19
1.24642140588891e+19
1.25108092429302e+19
1.25569137695814e+19
1.26025266623393e+19
1.26476469541577e+19
1.26922736877334e+19
1.27364059157899e+19
1.27800427013486e+19
1.28231831180597e+19
1.28658262504173e+19
1.29079711940449e+19
1.29496170558935e+19
1.29907629545765e+19
1.30314080204924e+19
1.30715513961158e+19
1.31111922362246e+19
1.31503297080163e+19
1.31889629914304e+19
1.32270912792629e+19
1.32647137773782e+19
1.33018297049274e+19
1.33384382944343e+19
1.33745387921144e+19
1.34101304578736e+19
1.34452125655779e+19
1.3479784403199e+19
1.35138452729302e+19
1.35473944913591e+19
1.35804313895788e+19
1.36129553134071e+19
1.36449656234009e+19
1.36764616951144e+19
1.37074429191282e+19
1.3737908701185e+19
1.37678584623337e+19
1.37972916390633e+19
1.38262076833728e+19
1.38546060629483e+19
1.38824862611649e+19
1.39098477772903e+19
1.39366901265133e+19
1.39630128400887e+19
1.39888154654361e+19
1.40140975661518e+19
1.40388587222512e+19
1.40630985301411e+19
1.40868166027278e+19
1.41100125696332e+19
1.41326860772349e+19
1.41548367886434e+19
1.41764643838681e+19
1.41975685594519e+19
1.42181490289708e+19
1.42382055343166e+19
1.42577378020488e+19
1.42767453353604e+19
1.42952293718202e+19
1.43131876055593e+19
1.4330619387013e+19
1.43475275686244e+19
1.4363910621923e+19
1.43797677698683e+19
1.43950991256413e+19
1.4409904397558e+19
1.44241833560203e+19
1.44379357510548e+19
1.4451161331176e+19
1.44638598687754e+19
1.44760311340565e+19
1.44876749042842e+19
1.44987909638836e+19
1.45093791047112e+19
1.45194391260639e+19
1.45289708360428e+19
1.45379740508416e+19
1.45464485956321e+19
1.45543943048332e+19
1.45618110219036e+19
1.45686986002696e+19
1.45750569028694e+19
1.45808858024775e+19
1.45861851823173e+19
1.45909549355671e+19
1.45951949657746e+19
1.45989051867195e+19
1.46020855218928e+19
1.46047359241669e+19
1.46068563104698e+19
1.46084461830651e+19
1.46095079064512e+19
1.46100362559871e+19
1.46100363022178e+19
1.46095080461364e+19
1.46084464161189e+19
1.4606856636379e+19
1.46047363433455e+19
1.4602086034262e+19
1.45989057923241e+19
1.45951956646288e+19
1.4590955727721e+19
1.45861860678089e+19
1.45808867813468e+19
1.45750579751829e+19
1.45686997660783e+19
1.45618122812784e+19
1.45543956578272e+19
1.45464500423332e+19
1.45379755913228e+19
1.45289724703758e+19
1.45194408543436e+19
1.45093809270189e+19
1.44987928803218e+19
1.4487676914948e+19
1.44760332390384e+19
1.44638620681966e+19
1.4451163625128e+19
1.443793813966e+19
1.44241858394159e+19
1.44099069758037e+19
1.43951017989029e+19
1.43797705383166e+19
1.43639134856571e+19
1.43475305277336e+19
1.43306224414982e+19
1.43131907559936e+19
1.42952326182704e+19
1.42767486776767e+19
1.42577412406104e+19
1.42382090692343e+19
1.42181526604069e+19
1.41975722875514e+19
1.41764682087788e+19
1.41548407105102e+19
1.41326900962169e+19
1.4110016685855e+19
1.40868208163375e+19
1.40631028412859e+19
1.40388631310545e+19
1.40141020727379e+19
1.39888200699213e+19
1.39630175426171e+19
1.39366949271771e+19
1.39098526761978e+19
1.38824912584439e+19
1.38546111586706e+19
1.3826212877633e+19
1.37972969319312e+19
1.37678638539022e+19
1.37379141915196e+19
1.3707448508282e+19
1.36764673831489e+19
1.36449714103539e+19
1.36129611992869e+19
1.35804373744405e+19
1.35474005751863e+19
1.35138514557472e+19
1.34797906849809e+19
1.34452189463174e+19
1.34101369375182e+19
1.3374545370632e+19
1.33384449717745e+19
1.33018364809965e+19
1.32647206521115e+19
1.32270982525536e+19
1.3188970063161e+19
1.31503368780644e+19
1.3111199504437e+19
1.30715587623582e+19
1.3031415484563e+19
1.29907705162973e+19
1.29496247150491e+19
1.29079789503973e+19
1.28658341037398e+19
1.28231910680766e+19
1.2780050747781e+19
1.27364140583274e+19
1.26922819260746e+19
1.26476552879505e+19
1.26025350912292e+19
1.2556922293186e+19
1.25108178608469e+19
1.24642227706775e+19
1.24171380082075e+19
1.23695645678425e+19
1.23215034530721e+19
1.22729556747176e+19
1.22239222511361e+19
1.21744042077039e+19
1.21244025764811e+19
1.20739183959653e+19
1.20229527106627e+19
1.19715065706445e+19
1.19195810307398e+19
1.18671771505453e+19
1.18142959938199e+19
1.1760938627988e+19
1.17071061235685e+19
1.16527995535993e+19
1.15980199932056e+19
1.15427685188813e+19
1.14870462077976e+19
1.14308541371637e+19
1.13741933835733e+19
1.13170650222684e+19
1.12594701263633e+19
1.12014097661389e+19
1.11428850081538e+19
1.10838969143574e+19
1.10244465413076e+19
1.09645349390946e+19
1.09041631504375e+19
1.08433322096103e+19
1.07820431413262e+19
1.07202969596229e+19
1.06580946666802e+19
1.05954372514909e+19
1.05323256885032e+19
1.04687609363347e+19
1.04047439361906e+19
1.03402756101652e+19
1.02753568595814e+19
1.02099885633495e+19
1.01441715761821e+19
1.0077906726724e+19
1.00111948154184e+19
9.94403661233744e+18
9.87643285489918e+18
9.80838424545783e+18
9.73989144888582e+18
9.67095508965439e+18
9.60157574918581e+18
9.53175396261839e+18
9.4614902157543e+18
9.39078494159476e+18
9.31963851684205e+18
9.24805125802063e+18
9.17602341720292e+18
9.10355517789792e+18
9.03064665041421e+18
8.95729786671589e+18
8.88350877534999e+18
8.80927923560411e+18
8.73460900968015e+18
8.65949776431755e+18
8.58394511908655e+18
8.50795006898568e+18
8.43151028943967e+18
8.35463952922389e+18
8.27734342816921e+18
8.1995950302854e+18
8.1213812010332e+18
8.0427052264726e+18
7.96356406947756e+18
7.88395349414305e+18
7.80386910243343e+18
7.72330621035732e+18
7.64225978039809e+18
7.56072439187766e+18
7.47869420615544e+18
7.3961629273809e+18
7.31312376740939e+18
7.22956937906654e+18
7.14549133125945e+18
7.06088189419075e+18
6.97574028348294e+18
6.89005228439434e+18
6.80379639584963e+18
6.71696204739983e+18
6.62953692277451e+18
6.54150682982095e+18
6.45286643054617e+18
6.36361196800354e+18
6.27366223805004e+18
6.1829650117924e+18
6.09153937820706e+18
5.99938082626113e+18
5.906370259757e+18
5.81239260776343e+18
5.71754931743663e+18
5.62190943310493e+18
5.52543116488707e+18
5.42805934671562e+18
5.32973853699904e+18
5.23044886891572e+18
5.13020029280788e+18
5.02879071490046e+18
4.92565856336532e+18
4.82080563646614e+18
4.71481225597497e+18
4.60801044867128e+18
4.50041200743091e+18
4.39216119975874e+18
4.2820594098853e+18
4.16863670353583e+18
4.05344897510233e+18
3.93916277490364e+18
3.82400375400601e+18
3.7061437766164e+18
3.58863313469166e+18
3.46950341855875e+18
3.34890954493541e+18
3.22878703406786e+18
3.10890537454185e+18
2.99014249641171e+18
2.8723609848598e+18
2.75626908375071e+18
2.64210741368686e+18
2.53091323385912e+18
2.42226024730675e+18
2.31801242329893e+18
2.21757984623594e+18
2.12215668535521e+18
2.0322286412476e+18
1.9456470962038e+18
1.86557542847531e+18
1.79064453902282e+18
1.71892265184864e+18
1.65248431198767e+18
1.59142086574074e+18
1.53422667237396e+18
1.48011764114124e+18
1.42999056780353e+18
1.38331698790771e+18
1.341065066989e+18
1.30095700625756e+18
1.26337150172792e+18
1.22760489699182e+18
1.19554979702071e+18
1.16396327956902e+18
1.13675003473136e+18
1.1093519718731e+18
1.08632548942205e+18
1.06181224647169e+18
1.04244774209865e+18
1.01960333047724e+18
1.00320998328958e+18
9.82076659809997e+17
9.69226326062687e+17
9.49070991407933e+17
9.3907117193117e+17
9.09976404966383e+17
)
;

boundaryField
{
    electrode
    {
        type            calculated;
        value           uniform 9.09974980146298e+17;
    }
    ground
    {
        type            calculated;
        value           uniform 9.09976404966383e+17;
    }
    otherfaces
    {
        type            empty;
    }
}


// ************************************************************************* //
